time_s,ice_torque_nm,em1_speed_rpm,em1_torque_nm,em1_torque_ist_nm,em1_power_kw,em1_power_ist_kw,em1_elpower_kw,em1_elpower_ist_kw,em2_speed_rpm,em2_torque_nm,em2_torque_ist_nm,em2_power_kw,em2_power_ist_kw,em2_elpower_kw,em2_elpower_ist_kw,soc_1,ice_speed_soll_rpm,brake_perc,car_speed_kmph,car_acc_mpsh2,grade_perc,sun_speed_rpm,carrier_speed_rpm,ring_speed_rpm,brake_trq_nm,brake_pwr_kw
0.0,12.210652,554.28296,101.30508,101.30508,5.8802066,5.8802066,9.179153,9.179153,-0.045794897,-275.6471,-275.6471,0.0013219016,0.0013219016,0.0039982805,0.0039982805,0.39033842,3344.3862,88.00398,-0.002384342,-0.00072797545,0.0,554.28296,230.6145,-0.045794897,203.33707,0.00039005175
0.5,12.210652,4401.91499,273.224783,44.4364838,132.0573621,17.8851715,139.6340687,19.1005108,-0.0295759841,-275.6471,-52.0613759,0.000853731403,0.000174922873,0.00258226292,0.000529076049,0.390202203,3344.3862,88.00398,-0.00153989356,0.000463191702,0.0,4401.91499,1831.652043,-0.0295759841,44.7449824,5.9684671e-05
1.0,12.210652,8050.59474,205.7603174,21.5790145,166.3244503,17.9837196,176.032476,19.096677,-0.0280262291,-275.6471,-40.3751221,0.00080899666,0.000125427386,0.00244700144,0.000379376745,0.389946068,3344.3862,88.00398,-0.00145920452,-0.000462329957,0.0,8050.59474,3349.89555,-0.0280262291,29.5911373,3.6411131e-05
1.5,12.210652,8611.588249999999,-17.4127619,-17.4127619,-15.89021712,-15.89021712,-14.75344824,-14.75344824,-0.0417304856,-275.6471,-275.6471,0.00120457954,0.00120457954,0.0036434509,0.0036434509,0.389877125,3344.3862,88.00398,-0.00217272578,1.9038285e-05,0.0,8611.588249999999,3583.32104,-0.0417304856,163.594366,0.000285990958
2.0,12.210652,8074.065799999999,-5.10576264,-5.10576264,-4.31701864,-4.31701864,-3.46261412,-3.46261412,-0.0421530829,-275.6471,-275.6471,0.00121677815,0.00121677815,0.00368034464,0.00368034464,0.389934518,3357.97189,88.00398,-0.00219472871,-2.021286e-06,0.0,8074.065799999999,3359.65377,-0.0421530829,167.726622,0.000296155857
2.5,12.210652,8123.97647,-4.48762912,-4.48762912,-3.81779406,-3.81779406,-3.00213419,-3.00213419,-0.0421742862,-275.6471,-275.6471,0.00121739018,0.00121739018,0.0036821957,0.0036821957,0.389958943,3384.8703,88.00398,-0.00219583264,2.29559e-06,0.0,8123.97647,3380.42194,-0.0421742862,167.93395,0.00029667084
3.0,14.47841925,8193.49222,-5.29831667,-5.29831667,-4.54809169,-4.54809169,-3.65217845,-3.65217845,-0.0420943718,-275.6471,-275.6471,0.00121508338,0.00121508338,0.00367521894,0.00367521894,0.389983727,3411.76875,88.00398,-0.00219167179,1.023853e-05,0.0,8193.49222,3409.34809,-0.0420943718,167.152521,0.000294733355
3.5,23.229583,8256.8351,-9.40842252,-9.40842252,-8.13611957,-8.13611957,-7.17380797,-7.17380797,-0.0417517272,-275.6471,-275.6471,0.00120519274,0.00120519274,0.00364530541,0.00364530541,0.390024016,3433.37085,88.00398,-0.00217383181,8.150177e-06,0.0,8256.8351,3435.70565,-0.0417517272,163.802076,0.00028647701
4.0,32.3816569,8260.227,-13.488288,-13.488288,-11.6674493,-11.6674493,-10.69372175,-10.69372175,-0.0414009611,-275.6471,-275.6471,0.00119506761,0.00119506761,0.00361468271,0.00361468271,0.390091096,3435.2197,88.00398,-0.00215556892,1.1551936e-05,0.0,8260.227,3437.11733,-0.0414009611,160.372206,0.000278121301
4.5,41.5337316,8259.826,-17.2831254,-17.2831254,-14.94933195,-14.94933195,-13.950584,-13.950584,-0.0410599,-275.6471,-275.6471,0.00118522266,0.00118522266,0.00358490727,0.00358490727,0.390180008,3435.2197,88.00398,-0.00213781139,1.0158305e-05,0.0,8259.826,3436.9506,-0.0410599,157.037241,0.000270094341
5.0,50.685806,8259.8168,-21.0906646,-21.0906646,-18.2427082,-18.2427082,-17.184074,-17.184074,-0.0407185252,-275.6471,-275.6471,0.0011753686,0.0011753686,0.00355510427,0.00355510427,0.390289452,3435.2197,88.00398,-0.00212003743,1.1543995e-05,0.0,8259.8168,3436.94713,-0.0407185252,153.699187,0.000262155365
5.5,59.8378805,8259.8172,-24.8989327,-24.8989327,-21.5367325,-21.5367325,-20.4287378,-20.4287378,-0.0403988452,-275.989888,-275.989888,0.00116758828,0.00116758828,0.00353157395,0.00353157395,0.390418415,3435.2197,88.00398,-0.00210339315,8.373602e-06,0.0,8259.8172,3436.94744,-0.0403988452,150.573297,0.00025480587
6.0,68.9899545,8259.8155,-28.7073119,-28.7073119,-24.8308459,-24.8308459,-23.6484727,-23.6484727,-0.0401904708,-278.074043,-278.074043,0.00117033644,0.00117033644,0.00353989028,0.00353989028,0.390566055,3435.2197,88.00398,-0.00209254396,4.892873e-06,0.0,8259.8155,3436.94696,-0.0401904708,148.535764,0.0002500604
6.5,78.1420286,8259.8163,-32.5159394,-32.5159394,-28.1251816,-28.1251816,-26.8702181,-26.8702181,-0.0399973002,-280.395296,-280.395296,0.00117443389,0.00117443389,0.00355228809,0.00355228809,0.390731627,3435.2197,88.00398,-0.00208248639,5.467719e-06,0.0,8259.8163,3436.94745,-0.0399973002,146.646898,0.000245693914
7.0,87.2941041,8259.8151,-36.3240143,-36.3240143,-31.419032,-31.419032,-30.0748137,-30.0748137,-0.0398041951,-282.716275,-282.716275,0.00117843831,0.00117843831,0.00356440438,0.00356440438,0.39091444,3435.2197,88.00398,-0.00207243221,4.759657e-06,0.0,8259.8151,3436.94702,-0.0398041951,144.758679,0.000241359463
7.5,92.603185,8251.6905,-38.6672253,-38.6672253,-33.4129335,-33.4129335,-32.0179227,-32.0179227,-0.0397496181,-285.037455,-285.037455,0.00118649136,0.00118649136,0.0035887657,0.0035887657,0.391112106,3435.2197,88.00398,-0.00206959074,-3.540216e-06,0.0,8251.6905,3433.56611,-0.0397496181,144.225016,0.000240139442
8.0,92.63379,8244.81205,-38.5539364,-38.5539364,-33.2872644,-33.2872644,-31.8975218,-31.8975218,-0.039901016,-287.358445,-287.358445,0.0012007086,0.0012007086,0.00363177043,0.00363177043,0.391313018,3435.2197,88.00398,-0.00207747327,-6.871617e-06,0.0,8244.81205,3430.70387,-0.039901016,145.705413,0.000243528386
8.5,92.033301,8243.1742,-38.353121,-38.353121,-33.1073622,-33.1073622,-31.7230234,-31.7230234,-0.040070078,-289.67938,-289.67938,0.00121553668,0.00121553668,0.00367662281,0.00367662281,0.391513487,3435.2197,88.00398,-0.00208627564,-6.997036e-06,0.0,8243.1742,3430.02227,-0.040070078,147.358541,0.000247336085
9.0,87.5098038,8236.5739,-36.43748,-36.43748,-31.4285358,-31.4285358,-30.0881712,-30.0881712,-0.0403883969,-292.000587,-292.000587,0.00123501265,0.00123501265,0.00373553269,0.00373553269,0.391709526,3435.2197,88.00398,-0.00210284911,-8.885542e-06,0.0,8236.5739,3427.2757,-0.0403883969,150.471129,0.000254568882
9.5,82.2791285,8235.8924,-34.2375387,-34.2375387,-29.5285303,-29.5285303,-28.2386966,-28.2386966,-0.0408144484,-294.321603,-294.321603,0.00125796869,0.00125796869,0.00380496805,0.00380496805,0.391895963,3435.2197,87.5569195,-0.00212503171,-3.1615923e-05,0.0,8235.8924,3426.99181,-0.0408144484,153.832994,0.000263006337
10.0,77.048454,8235.8805,-32.0604482,-32.0604482,-27.6508347,-27.6508347,-26.4143068,-26.4143068,-0.0429913526,-296.570709,-296.570709,0.0013352263,0.0013352263,0.00403863673,0.00403863673,0.392072708,3435.2197,78.7639996,-0.00223837376,-8.4201007e-05,0.0,8235.8805,3426.9855,-0.0429913526,157.132583,0.000283000345
10.5,71.8177788,8235.884699999999,-29.8837066,-29.8837066,-25.7734955,-25.7734955,-24.5773951,-24.5773951,-0.0465237234,-297.2151,-297.2151,0.00144801784,0.00144801784,0.00437977027,0.00437977027,0.392239584,3435.2197,66.8412652,-0.002422289,-0.000126980086,0.0,8235.884699999999,3426.98508,-0.0465237234,159.429668,0.000310720427
11.0,66.5871008,8235.89325,-27.7073572,-27.7073572,-23.8965069,-23.8965069,-22.7386722,-22.7386722,-0.0515400403,-297.2151,-297.2151,0.00160414713,0.00160414713,0.0048519681,0.0048519681,0.392396323,3435.2197,54.9185281,-0.00268346699,-0.000174013958,0.0,8235.89325,3426.98578,-0.0515400403,161.318328,0.000348310409
11.5,61.3564268,8235.9019,-25.5308624,-25.5308624,-22.0193895,-22.0193895,-20.9075003,-20.9075003,-0.0587940364,-297.2151,-297.2151,0.00182992262,0.00182992262,0.00553478981,0.00553478981,0.392542751,3435.2197,43.6247407,-0.0030611511,-0.000186524152,0.0,8235.9019,3426.98532,-0.0587940364,163.209825,0.000401994684
12.0,56.1257497,8235.905999999999,-23.3542773,-23.3542773,-20.1421792,-20.1421792,-19.0637471,-19.0637471,-0.0613230095,-297.2151,-297.2151,0.00190863512,0.00190863512,0.00577284003,0.00577284003,0.392678634,3435.2197,40.91933,-0.0031928238,-1.1817257e-05,0.0,8235.905999999999,3426.9856,-0.0613230095,165.145916,0.000424211789
12.5,50.9570566,8236.004799999999,-21.1881818,-21.1881818,-18.2742137,-18.2742137,-17.2192844,-17.2192844,-0.0617388712,-297.2151,-297.2151,0.00192157854,0.00192157854,0.00581198451,0.00581198451,0.392803625,3435.2197,40.91933,-0.00321447596,-1.04424e-05,0.0,8236.004799999999,3427.02636,-0.0617388712,167.036667,0.000431978027
13.0,49.112713,8242.4908,-20.3729608,-20.3729608,-17.5849639,-17.5849639,-16.5405694,-16.5405694,-0.0618908137,-297.2151,-297.2151,0.00192630761,0.00192630761,0.00582628659,0.00582628659,0.392920102,3435.2197,40.91933,-0.00322238694,1.552883e-06,0.0,8242.4908,3429.72518,-0.0618908137,167.727489,0.00043482955
13.5,49.112713,8244.564,-20.4343283,-20.4343283,-17.6423601,-17.6423601,-16.5963452,-16.5963452,-0.0618862792,-297.2151,-297.2151,0.00192616647,0.00192616647,0.00582585973,0.00582585973,0.393035745,3435.2197,40.91933,-0.00322215084,3.3807e-07,0.0,8244.564,3430.58778,-0.0618862792,167.706869,0.000434744232
14.0,49.112713,8244.6124,-20.4361273,-20.4361273,-17.6440175,-17.6440175,-16.5979586,-16.5979586,-0.0618861605,-297.2151,-297.2151,0.00192616279,0.00192616279,0.00582584856,0.00582584856,0.393151494,3435.2197,40.91933,-0.00322214467,-1.075182e-06,0.0,8244.6124,3430.60813,-0.0618861605,167.706331,0.000434742011
14.5,49.112713,8244.6138,-20.4361609,-20.4361609,-17.6440488,-17.6440488,-16.5979894,-16.5979894,-0.061886133,-297.2151,-297.2151,0.00192616195,0.00192616195,0.00582584597,0.00582584597,0.393267234,3435.2197,40.91933,-0.00322214322,-1.627e-07,0.0,8244.6138,3430.60856,-0.061886133,167.706206,0.000434741485
15.0,49.112713,8244.614,-20.436161,-20.436161,-17.644049,-17.644049,-16.59799,-16.59799,-0.0618861448,-297.2151,-297.2151,0.00192616231,0.00192616231,0.00582584706,0.00582584706,0.393382981,3435.2197,40.91933,-0.00322214382,-3.4198e-08,0.0,8244.614,3430.6086,-0.0618861448,167.706257,0.000434741709
15.5,49.112713,8244.614,-20.436161,-20.436161,-17.644049,-17.644049,-16.59799,-16.59799,-0.0618861406,-297.2151,-297.2151,0.00192616214,0.00192616214,0.0058258466,0.0058258466,0.393498718,3435.2197,40.91933,-0.00322214357,1.344541e-06,0.0,8244.614,3430.6086,-0.0618861406,167.706239,0.000434741622
16.0,46.0385812,8237.7354,-19.2999344,-19.2999344,-16.6497885,-16.6497885,-15.6289766,-15.6289766,-0.0621214406,-297.2151,-297.2151,0.00193348571,0.00193348571,0.00584799506,0.00584799506,0.39361307,3435.2197,40.91933,-0.00323439467,-1.9632929e-05,0.0,8237.7354,3427.7462,-0.0621214406,168.776052,0.000439186552
16.5,36.0917081,8228.0761,-15.0340709,-15.0340709,-12.9540392,-12.9540392,-11.9734207,-11.9734207,-0.0629286478,-297.2151,-297.2151,0.00195860943,0.00195860943,0.00592397596,0.00592397596,0.393711723,3435.2197,40.91933,-0.00327642243,-2.3251931e-05,0.0,8228.0761,3423.72641,-0.0629286478,172.446096,0.000454569728
17.0,25.8935518,8227.6502,-10.7746441,-10.7746441,-9.28340735,-9.28340735,-8.35002953,-8.35002953,-0.0637479694,-297.2151,-297.2151,0.00198411025,0.00198411025,0.00600109703,0.00600109703,0.39378642,3435.2197,40.91933,-0.00331908101,-2.4414115e-05,0.0,8227.6502,3423.54882,-0.0637479694,176.171216,0.000470435008
17.5,15.6953968,8227.63695,-6.53093498,-6.53093498,-5.62702906,-5.62702906,-4.66154611,-4.66154611,-0.058004541,-249.333064,-249.333064,0.00152677145,0.00152677145,0.00461777694,0.00461777694,0.393835743,3435.2197,40.91933,-0.00302004553,0.000396464795,0.0,8227.63695,3423.54651,-0.058004541,150.058187,0.000367485496
18.0,5.49724083,8227.615300000001,-2.287751488,-2.287751488,-1.97111336,-1.97111336,-1.510755034,-1.510755034,-0.0444423649,-144.676387,-144.676387,0.000685587202,0.000685587202,0.00207354715,0.00207354715,0.393859588,3435.2197,40.91933,-0.00231392174,0.000387958234,0.0,8227.615300000001,3423.54554,-0.0444423649,88.3965078,0.000167448964
18.5,-3.204348435,8231.1553,1.45095738,1.45095738,1.2508739517,1.2508739517,1.6400720133,1.6400720133,-0.02972273795,-40.01852528,-40.01852528,0.000142363227,0.000142363227,0.000433337745,0.000433337745,0.393858616,3435.2197,40.91933,-0.00154753439,0.001836458096,0.0,8231.1553,3425.02702,-0.02972273795,26.50694008,3.7168409e-05
19.0,-4.257321,8243.4182,1.80829934,1.80829934,1.5610083,1.5610083,2.04774053,2.04774053,0.0335105985,64.6542155,64.6542155,0.000239896614,0.000239896614,0.000725577796,0.000725577796,0.393841275,3435.2197,40.91933,0.00174475187,0.000411759827,0.0,8243.4182,3430.16666,0.0335105985,-38.6942215,5.7567506e-05
19.5,-4.257321,8244.438400000001,1.77218063,1.77218063,1.53002204,1.53002204,2.00718958,2.00718958,0.0478944345,169.3200815,169.3200815,0.000862228195,0.000862228195,0.00260779662,0.00260779662,0.393824291,3435.2197,40.91933,0.00249365601,0.000415597132,0.0,8244.438400000001,3430.59977,0.0478944345,-104.0916569,0.000212077906
20.0,-4.257321,8244.4393,1.7714019,1.7714019,1.52934994,1.52934994,2.00630794,2.00630794,0.062275709,273.988948,273.988948,0.00179982829,0.00179982829,0.00544367661,0.00544367661,0.393807383,3435.2197,40.91933,0.0032424268,0.000423999364,0.0,8244.4393,3430.60852,0.062275709,-169.477453,0.000445349211
20.5,-4.257321,8244.4242,1.77146258,1.77146258,1.5293994,1.5293994,2.00637135,2.00637135,0.0734243796,355.036199,355.036199,0.00273123545,0.00273123545,0.00826099013,0.00826099013,0.393790454,3435.2197,40.91933,0.00382288989,0.000124925787,0.0,8244.4242,3430.60852,0.0734243796,-220.165912,0.000677484455
21.0,-4.257321,8244.423,1.77150508,1.77150508,1.52943595,1.52943595,2.00641923,2.00641923,0.0741964146,360.61743,360.61743,0.00280193618,0.00280193618,0.0084748511,0.0084748511,0.3937735,3435.2197,40.91933,0.00386308636,4.53726e-07,0.0,8244.423,3430.6086,0.0741964146,-223.676037,0.000695169944
21.5,-4.257321,8244.423,1.77150274,1.77150274,1.52943401,1.52943401,2.00641664,2.00641664,0.0741964096,360.61743,360.61743,0.00280193605,0.00280193605,0.00847485095,0.00847485095,0.393756544,3435.2197,40.91933,0.00386308616,-1.035138e-06,0.0,8244.423,3430.6086,0.0741964096,-223.676021,0.000695169857
22.0,-4.257321,8244.423,1.7715027,1.7715027,1.529434,1.529434,2.0064166,2.0064166,0.0741964106,360.61743,360.61743,0.00280193606,0.00280193606,0.0084748505,0.0084748505,0.393739602,3435.2197,40.91933,0.00386308613,1.25106e-07,0.0,8244.423,3430.6086,0.0741964106,-223.676021,0.000695169879
22.5,-4.257321,8244.423,1.7715027,1.7715027,1.529434,1.529434,2.0064166,2.0064166,0.0741964169,360.61743,360.61743,0.00280193635,0.00280193635,0.0084748515,0.0084748515,0.393722654,3435.2197,40.91933,0.00386308651,7.22635e-07,0.0,8244.423,3430.6086,0.0741964169,-223.676051,0.000695170022
23.0,-4.257321,8244.423,1.7715027,1.7715027,1.529434,1.529434,2.0064166,2.0064166,0.0741964159,360.61743,360.61743,0.00280193627,0.00280193627,0.0084748514,0.0084748514,0.393705703,3435.2197,40.91933,0.00386308646,-5.929e-09,0.0,8244.423,3430.6086,0.0741964159,-223.676048,0.00069516999
23.5,-4.257321,8244.423,1.7715027,1.7715027,1.529434,1.529434,2.0064166,2.0064166,0.0741963796,360.61743,360.61743,0.00280193489,0.00280193489,0.0084748471,0.0084748471,0.393688751,3435.2197,40.91933,0.00386308461,-2.744e-09,0.0,8244.423,3430.6086,0.0741963796,-223.675881,0.000695169152
24.0,-4.257321,8244.423,1.7715027,1.7715027,1.529434,1.529434,2.0064166,2.0064166,0.0741964079,360.61743,360.61743,0.00280193591,0.00280193591,0.00847485035,0.00847485035,0.393671805,3435.2197,40.91933,0.0038630859,-6.29274e-07,0.0,8244.423,3430.6086,0.0741964079,-223.676002,0.000695169774
24.5,-4.257321,8244.423,1.7715027,1.7715027,1.529434,1.529434,2.0064166,2.0064166,0.0741963812,360.61743,360.61743,0.00280193497,0.00280193497,0.00847484735,0.00847484735,0.393654855,3435.2197,40.91933,0.00386308468,-1.355437e-06,0.0,8244.423,3430.6086,0.0741963812,-223.675891,0.000695169185
25.0,-4.257321,8244.423,1.7715027,1.7715027,1.529434,1.529434,2.0064166,2.0064166,0.0741964355,360.61743,360.61743,0.00280193698,0.00280193698,0.0084748535,0.0084748535,0.393637901,3435.2197,40.91933,0.00386308744,5.09476e-07,0.0,8244.423,3430.6086,0.0741964355,-223.676134,0.000695170445
25.5,-4.257321,8244.423,1.7715027,1.7715027,1.529434,1.529434,2.0064166,2.0064166,0.074196414,360.61743,360.61743,0.00280193619,0.00280193619,0.00847485105,0.00847485105,0.393620951,3435.2197,40.91933,0.00386308632,-1.43846e-07,0.0,8244.423,3430.6086,0.074196414,-223.676034,0.000695169925
26.0,3.127722749,8260.52695,-1.014901158,-1.014901158,-0.880693086,-0.880693086,-0.420469457,-0.420469457,0.0747660224,360.61743,360.61743,0.00282344663,0.00282344663,0.0085399069,0.0085399069,0.393609595,3435.2197,40.91933,0.00389274325,4.0701568e-05,0.0,8260.52695,3437.30991,0.0747660224,-226.265805,0.000708655585
26.5,23.320391,8277.7107,-9.68054361,-9.68054361,-8.39163327,-8.39163327,-7.41824582,-7.41824582,0.0764012248,360.588014,360.588014,0.00288496063,0.00288496063,0.0087259477,0.0087259477,0.393638872,3435.2197,40.91933,0.00397788132,4.5413851e-05,0.0,8277.7107,3444.46102,0.0764012248,-233.700411,0.000747949657
27.0,43.7120857,8278.343700000001,-18.1892997,-18.1892997,-15.7684187,-15.7684187,-14.74408345,-14.74408345,0.0776712694,357.907156,357.907156,0.00291107609,0.00291107609,0.00880491035,0.00880491035,0.393719328,3435.2197,40.91933,0.00404400699,2.9759413e-05,0.0,8278.343700000001,3444.72522,0.0776712694,-239.47478,0.000779144719
27.5,64.1037778,8278.3578,-26.6737005,-26.6737005,-23.1236331,-23.1236331,-21.9750824,-21.9750824,0.0787038812,353.516024,353.516024,0.00291358725,0.00291358725,0.0088124715,0.0088124715,0.393845256,3435.2197,40.91933,0.00409777067,2.9005777e-05,0.0,8278.3578,3444.73182,0.0787038812,-244.169657,0.000804980737
28.0,84.4954675,8278.3561,-35.1594743,-35.1594743,-30.4800092,-30.4800092,-29.1581568,-29.1581568,0.0797363516,349.123669,349.123669,0.00291513343,0.00291513343,0.0088171134,0.0088171134,0.394012156,3435.2197,40.91933,0.00415152689,3.0869466e-05,0.0,8278.3561,3444.73173,0.0797363516,-248.863879,0.000831219249
28.5,104.887162,8278.35505,-43.644816,-43.644816,-37.8360095,-37.8360095,-36.2919224,-36.2919224,0.080768917,344.73159,344.73159,0.00291573542,0.00291573542,0.0088188988,0.0088188988,0.394216673,3435.2197,40.91933,0.00420528795,3.0240554e-05,0.0,8278.35505,3444.73182,0.080768917,-253.558519,0.00085786619
29.0,125.278857,8278.3539,-52.1294215,-52.1294215,-45.1913706,-45.1913706,-43.3779124,-43.3779124,0.0819961987,341.761557,341.761557,0.00293457162,0.00293457162,0.00887583915,0.00887583915,0.394456052,3435.2197,40.91933,0.00426918725,4.3506131e-05,0.0,8278.3539,3444.73207,0.0819961987,-259.138464,0.000890088681
29.5,145.670556,8278.350900000001,-60.6137119,-60.6137119,-52.5464409,-52.5464409,-50.4328089,-50.4328089,0.0836204748,341.6778,341.6778,0.00299197538,0.00299197538,0.0090494417,0.0090494417,0.394728117,3435.2197,40.91933,0.00435375653,4.6017764e-05,0.0,8278.350900000001,3444.73156,0.0836204748,-266.523401,0.000933589928
30.0,166.062248,8356.2101,-65.9013685,-65.9013685,-57.6600399,-57.6600399,-55.3373296,-55.3373296,0.0850207132,341.6778,341.6778,0.00304207652,0.00304207652,0.0092009589,0.0092009589,0.395028909,3475.65813,40.91933,0.00442666077,3.4706394e-05,0.0,8356.2101,3477.13033,0.0850207132,-272.889712,0.000971866193
30.5,185.524293,8981.940200000001,-70.700081,-70.700081,-66.5475585,-66.5475585,-63.8750039,-63.8750039,0.0863384092,341.6778,341.6778,0.00308922421,0.00308922421,0.009343544,0.009343544,0.395351446,3731.84587,40.91933,0.00449526754,3.564289e-05,0.0,8981.940200000001,3737.50201,0.0863384092,-278.880735,0.001008613
31.0,190.4922,9651.6923,-72.990647,-72.990647,-73.770613,-73.770613,-70.8213769,-70.8213769,0.0867549737,341.6778,341.6778,0.00310412909,0.00310412909,0.0093886196,0.0093886196,0.395711797,4019.51172,40.91933,0.00451695628,-1.606321e-06,0.0,9651.6923,4016.19106,0.0867549737,-280.774685,0.00102033067
31.5,190.313165,10336.9308,-72.8026037,-72.8026037,-78.8063891,-78.8063891,-75.6496501,-75.6496501,0.0867323875,341.6778,341.6778,0.00310332089,0.00310332089,0.0093861755,0.0093861755,0.396092387,4307.17743,40.91933,0.00451578017,-5.566779e-06,0.0,10336.9308,4301.32399,0.0867323875,-280.671995,0.00101969215
32.0,180.200856,10777.3659,-74.1671695,-74.1671695,-83.7092069,-83.7092069,-80.376944,-80.376944,0.086333143,341.6778,341.6778,0.00308903566,0.00308903566,0.00934297415,0.00934297415,0.396492567,4488.98746,40.91933,0.00449499313,-1.5709316e-05,0.0,10777.3659,4484.59192,0.086333143,-278.856784,0.00100844594
32.5,164.540568,10755.6935,-68.5383445,-68.5383445,-77.1974113,-77.1974113,-74.0448654,-74.0448654,0.0851432346,341.6778,341.6778,0.00304646033,0.00304646033,0.0092142168,0.0092142168,0.396890622,4491.609,40.91933,0.0044330399,-3.7699722e-05,0.0,10755.6935,4475.57321,0.0851432346,-273.446767,0.000975265574
33.0,148.880282,10753.7186,-61.9514162,-61.9514162,-69.765155,-69.765155,-66.8265355,-66.8265355,0.0838816218,341.6778,341.6778,0.00300131925,0.00300131925,0.0090776997,0.0090776997,0.397260462,4491.609,40.91933,0.00436735302,-3.7378209e-05,0.0,10753.7186,4474.75071,0.0838816218,-267.710719,0.000940659936
33.5,133.219994,10753.6804,-55.4339649,-55.4339649,-62.4254492,-62.4254492,-59.706983,-59.706983,0.0826251225,341.6778,341.6778,0.00295636119,0.00295636119,0.0089417356,0.0089417356,0.397602075,4491.609,40.91933,0.00430193266,-3.6097075e-05,0.0,10753.6804,4474.734,0.0826251225,-261.997935,0.000906797806
34.0,117.5597075,10753.6826,-48.9177152,-48.9177152,-55.0873628,-55.0873628,-52.5943243,-52.5943243,0.0813687326,341.6778,341.6778,0.00291140707,0.00291140707,0.008805783,0.008805783,0.397914356,4491.609,40.91933,0.00423651794,-3.5003219e-05,0.0,10753.6826,4474.73414,0.0813687326,-256.285638,0.00087353994
34.5,101.8994214,10753.68425,-42.4008042,-42.4008042,-47.7485271,-47.7485271,-45.4805669,-45.4805669,0.0801123196,341.6778,341.6778,0.0028664521,0.0028664521,0.0086698276,0.0086698276,0.398195907,4491.609,40.91933,0.00417110192,-3.620551e-05,0.0,10753.68425,4474.73415,0.0801123196,-250.573248,0.000840882706
35.0,86.2391311,10753.6899,-35.8847708,-35.8847708,-40.4106929,-40.4106929,-38.3478615,-38.3478615,0.077484261,331.657352,331.657352,0.00269286499,0.00269286499,0.00814477783,0.00814477783,0.398445068,4491.609,40.91933,0.0040342703,-0.000160578966,0.0,10753.6899,4474.73502,0.077484261,-238.62454,0.000775044244
35.5,70.5788464,10753.6973,-29.3683938,-29.3683938,-33.072469,-33.072469,-31.1767169,-31.1767169,0.0705114814,290.039376,290.039376,0.00214440034,0.00214440034,0.00648580655,0.00648580655,0.398659776,4491.609,40.91933,0.0036712278,-0.000209082459,0.0,10753.6973,4474.734200000001,0.0705114814,-206.922152,0.000611995723
36.0,54.9185583,10753.7073,-22.8518285,-22.8518285,-25.7340288,-25.7340288,-23.9712873,-23.9712873,0.0632219505,246.127975,246.127975,0.00163227793,0.00163227793,0.00493681173,0.00493681173,0.398837493,4491.609,40.91933,0.00329169351,-0.000217650089,0.0,10753.7073,4474.73404,0.0632219505,-173.779628,0.000461044327
36.5,42.7263407,10761.7572,-17.5734638,-17.5734638,-19.8043736,-19.8043736,-18.1497174,-18.1497174,0.0561942219,202.219796,202.219796,0.00119241384,0.00119241384,0.00360641224,0.00360641224,0.398976822,4491.609,40.91933,0.00292579,-0.000185839771,0.0,10761.7572,4478.0794,0.0561942219,-141.827407,0.00033448329
37.0,41.863613,10778.7682,-17.3831869,-17.3831869,-19.6212755,-19.6212755,-17.9815769,-17.9815769,0.050103685,158.309737,158.309737,0.000832912304,0.000832912304,0.00251909657,0.00251909657,0.399100129,4491.609,40.91933,0.00260868211,-0.00017333116,0.0,10778.7682,4485.15441,0.050103685,-114.1362189,0.000240112365
37.5,41.863613,10779.77735,-17.4190074,-17.4190074,-19.6635449,-19.6635449,-18.0243599,-18.0243599,0.0459680407,128.233951,128.233951,0.000617352193,0.000617352193,0.00186714645,0.00186714645,0.399224286,4491.609,40.91933,0.00239335703,-3.4603064e-05,0.0,10779.77735,4485.57162,0.0459680407,-95.3331288,0.000183580652
38.0,41.863613,10779.7969,-17.4197461,-17.4197461,-19.6644141,-19.6644141,-18.0251965,-18.0251965,0.0458385157,127.30149,127.30149,0.000611072397,0.000611072397,0.0018481537,0.0018481537,0.399348506,4491.609,40.91933,0.00238661328,3.65092e-07,0.0,10779.7969,4485.57984,0.0458385157,-94.7442339,0.000181916439
38.5,41.863613,10779.797,-17.4197594,-17.4197594,-19.664429,-19.664429,-18.025211,-18.025211,0.0458385294,127.30149,127.30149,0.000611072574,0.000611072574,0.00184815423,0.00184815423,0.399472725,4491.609,40.91933,0.00238661397,-5.16365e-07,0.0,10779.797,4485.58,0.0458385294,-94.744297,0.000181916612
39.0,41.863613,10779.797,-17.41976,-17.41976,-19.664429,-19.664429,-18.025211,-18.025211,0.0458385414,127.30149,127.30149,0.000611072738,0.000611072738,0.00184815475,0.00184815475,0.399596942,4491.609,40.91933,0.00238661459,5.81936e-07,0.0,10779.797,4485.58,0.0458385414,-94.7443542,0.000181916772
39.5,41.863613,10779.797,-17.41976,-17.41976,-19.664429,-19.664429,-18.025211,-18.025211,0.0458385197,127.30149,127.30149,0.000611072447,0.000611072447,0.00184815386,0.00184815386,0.399721152,4491.609,40.91933,0.00238661345,3.007e-09,0.0,10779.797,4485.58,0.0458385197,-94.7442535,0.00018191649
40.0,41.863613,10779.797,-17.41976,-17.41976,-19.664429,-19.664429,-18.025211,-18.025211,0.0458385245,127.30149,127.30149,0.000611072516,0.000611072516,0.00184815405,0.00184815405,0.399845359,4491.609,40.91933,0.00238661371,1.274994e-06,0.0,10779.797,4485.58,0.0458385245,-94.7442756,0.000181916556
40.5,41.863613,10779.797,-17.41976,-17.41976,-19.664429,-19.664429,-18.025211,-18.025211,0.0458385372,127.30149,127.30149,0.000611072677,0.000611072677,0.00184815455,0.00184815455,0.399969569,4491.609,40.91933,0.00238661433,-9.2632e-08,0.0,10779.797,4485.58,0.0458385372,-94.7443324,0.000181916712
41.0,41.863613,10779.797,-17.41976,-17.41976,-19.664429,-19.664429,-18.025211,-18.025211,0.045838538,127.30149,127.30149,0.000611072686,0.000611072686,0.00184815457,0.00184815457,0.400093773,4491.609,40.91933,0.00238661437,4.2599e-08,0.0,10779.797,4485.58,0.045838538,-94.7443355,0.000181916723
41.5,41.863613,10779.797,-17.41976,-17.41976,-19.664429,-19.664429,-18.025211,-18.025211,0.0458385424,127.30149,127.30149,0.000611072754,0.000611072754,0.00184815474,0.00184815474,0.40021797,4491.609,40.91933,0.00238661462,-1.041841e-06,0.0,10779.797,4485.58,0.0458385424,-94.7443574,0.000181916781
42.0,41.863613,10779.797,-17.41976,-17.41976,-19.664429,-19.664429,-18.025211,-18.025211,0.0458385306,127.30149,127.30149,0.000611072585,0.000611072585,0.00184815427,0.00184815427,0.400342176,4491.609,40.91933,0.00238661397,2.23325e-07,0.0,10779.797,4485.58,0.0458385306,-94.744305,0.000181916632
42.5,41.863613,10779.797,-17.41976,-17.41976,-19.664429,-19.664429,-18.025211,-18.025211,0.0458385163,127.30149,127.30149,0.000611072407,0.000611072407,0.00184815371,0.00184815371,0.400466365,4491.609,40.91933,0.00238661327,-6.4383e-07,0.0,10779.797,4485.58,0.0458385163,-94.7442356,0.000181916446
43.0,41.863613,10779.7973,-17.419747,-17.419747,-19.664415,-19.664415,-18.0251976,-18.0251976,0.045579077,125.3963755,125.3963755,0.00059876479,0.00059876479,0.0018109303,0.0018109303,0.400590564,4491.609,40.91933,0.00237310536,-5.5841808e-05,0.0,10779.7973,4485.57992,0.045579077,-93.5646711,0.00017869534
43.5,41.863613,10779.80735,-17.4196748,-17.4196748,-19.6643522,-19.6643522,-18.0251362,-18.0251362,0.0386245719,74.7128792,74.7128792,0.000308309961,0.000308309961,0.000932481203,0.000932481203,0.400714754,4491.609,40.91933,0.00201101439,-0.00028273822,0.0,10779.80735,4485.57988,0.0386245719,-61.9453735,0.000101749514
44.0,41.863613,10779.8222,-17.4195497,-17.4195497,-19.6642389,-19.6642389,-18.0250256,-18.0250256,0.0268976931,2.944484395,2.944484395,2.0710959e-05,2.0710959e-05,0.000100846376,0.000100846376,0.400838951,4491.609,40.91933,0.001400446516,-0.001868868697,0.0,10779.8222,4485.57947,0.0268976931,-17.41560732,2.2453937e-05
44.5,41.863613,10779.906,-17.4194265,-17.4194265,-19.664253,-19.664253,-18.025032,-18.025032,-0.0310753959,-68.8315103,-68.8315103,0.000230106789,0.000230106789,0.00069597467,0.00069597467,0.400963142,4491.609,40.91933,-0.00161796143,-0.000287217739,0.0,10779.906,4485.58037,-0.0310753959,27.62234747,3.7483519e-05
45.0,41.863613,10779.914200000005,-17.4197527,-17.4197527,-19.6646368,-19.6646368,-18.0254008,-18.0254008,-0.0374771671,-115.353058,-115.353058,0.000452795937,0.000452795937,0.00136948862,0.00136948862,0.401087333,4491.609,40.91933,-0.00195127395,-5.5647111e-05,0.0,10779.914200000005,4485.58,-0.0374771671,56.7285929,8.9075353e-05
45.5,41.863613,10779.914,-17.4197606,-17.4197606,-19.6646436,-19.6646436,-18.0254082,-18.0254082,-0.0375986532,-116.22004,-116.22004,0.000457595695,0.000457595695,0.00138400526,0.00138400526,0.401211514,4491.609,40.91933,-0.00195759923,-1.24306e-07,0.0,10779.914,4485.58,-0.0375986532,57.2809395,9.0213395e-05
46.0,41.9303985,10780.0727,-17.4420479,-17.4420479,-19.6900935,-19.6900935,-18.0499323,-18.0499323,-0.0375937438,-116.22004,-116.22004,0.00045753595,0.00045753595,0.00138382455,0.00138382455,0.40133572,4491.609,40.91933,-0.00195734357,4.17218e-07,0.0,10780.0727,4485.64595,-0.0375937438,57.2586167,9.0166471e-05
46.5,42.3536344,10813.6188,-16.642038,-16.642038,-18.8436927,-18.8436927,-17.1811356,-17.1811356,-0.0376317909,-116.22004,-116.22004,0.000457998997,0.000457998997,0.00138522485,0.00138522485,0.40145854,4507.4157,40.91933,-0.00195932453,-1.079645e-06,0.0,10813.6188,4499.6046,-0.0376317909,57.4316012,9.0530721e-05
47.0,42.8289013,10963.1991,-16.3806314,-16.3806314,-18.8063719,-18.8063719,-17.1164995,-17.1164995,-0.0376276831,-116.22004,-116.22004,0.000457949011,0.000457949011,0.00138507375,0.00138507375,0.40157616,4567.95287,40.91933,-0.00195911074,1.422941e-06,0.0,10963.1991,4561.846149999999,-0.0376276831,57.4129281,9.0491115e-05
47.5,43.3041683,11040.1412,-18.0559849,-18.0559849,-20.8748689,-20.8748689,-19.1710254,-19.1710254,-0.0374804882,-116.22004,-116.22004,0.00045615756,0.00045615756,0.00137965617,0.00137965617,0.401701022,4597.457,40.91933,-0.00195144685,3.20221e-06,0.0,11040.1412,4593.86237,-0.0374804882,56.7436893,8.9086486e-05
48.0,43.7794344,11034.94955,-18.224531,-18.224531,-21.0598512,-21.0598512,-19.350418,-19.350418,-0.0374444035,-116.22004,-116.22004,0.0004557184,0.0004557184,0.00137832808,0.00137832808,0.401832647,4597.457,40.91933,-0.00194956812,5.33956e-07,0.0,11034.94955,4591.70211,-0.0374444035,56.5796294,8.8743332e-05
48.5,44.2547019,11034.7446,-18.4148581,-18.4148581,-21.2793954,-21.2793954,-19.5631599,-19.5631599,-0.0374068365,-116.22004,-116.22004,0.000455261186,0.000455261186,0.00137694539,0.00137694539,0.40196523,4597.457,40.91933,-0.00194761213,6.28432e-07,0.0,11034.7446,4591.61671,-0.0374068365,56.4088272,8.838667e-05
49.0,44.6177946,11034.4825,-18.5722192,-18.5722192,-21.4607243,-21.4607243,-19.7390408,-19.7390408,-0.0373772277,-116.22004,-116.22004,0.000454900838,0.000454900838,0.00137585565,0.00137585565,0.402099053,4597.457,40.91933,-0.00194607059,5.85184e-07,0.0,11034.4825,4591.50777,-0.0373772277,56.2742103,8.8105928e-05
49.5,44.64101,11033.97825,-18.5764794,-18.5764794,-21.4646666,-21.4646666,-19.7429143,-19.7429143,-0.0373757429,-116.22004,-116.22004,0.000454882771,0.000454882771,0.00137580102,0.00137580102,0.402233344,4597.457,40.91933,-0.00194599327,9.4641e-08,0.0,11033.97825,4591.297860000001,-0.0373757429,56.2674604,8.8091859e-05
50.0,44.64101,11033.9498,-18.5754749,-18.5754749,-21.4634514,-21.4634514,-19.7417374,-19.7417374,-0.0373758357,-116.22004,-116.22004,0.000454883899,0.000454883899,0.00137580444,0.00137580444,0.402367609,4597.457,40.91933,-0.00194599811,2.40905e-07,0.0,11033.9498,4591.28612,-0.0373758357,56.2678829,8.8092736e-05
50.5,44.64101,11033.949,-18.575455,-18.575455,-21.4634271,-21.4634271,-19.7417139,-19.7417139,-0.0373757983,-116.22004,-116.22004,0.000454883448,0.000454883448,0.00137580306,0.00137580306,0.402501869,4597.457,40.91933,-0.00194599617,-5.6013e-07,0.0,11033.949,4591.286,-0.0373757983,56.2677131,8.8092384e-05
51.0,44.64101,11033.949,-18.575455,-18.575455,-21.463427,-21.463427,-19.741713,-19.741713,-0.0373758454,-116.22004,-116.22004,0.000454884002,0.000454884002,0.00137580477,0.00137580477,0.402636108,4597.457,40.91933,-0.00194599859,-1.055736e-06,0.0,11033.949,4591.286,-0.0373758454,56.2679236,8.8092821e-05
51.5,44.64101,11033.949,-18.575455,-18.575455,-21.463427,-21.463427,-19.741713,-19.741713,-0.0373758297,-116.22004,-116.22004,0.000454883825,0.000454883825,0.0013758042,0.0013758042,0.402770366,4597.457,40.91933,-0.00194599781,3.17556e-07,0.0,11033.949,4591.286,-0.0373758297,56.2678555,8.809268e-05
52.0,44.64101,11024.816,-20.0485876,-20.0485876,-23.1364826,-23.1364826,-21.3847915,-21.3847915,-0.0372687938,-116.22004,-116.22004,0.000453581139,0.000453581139,0.00137186472,0.00137186472,0.402905134,4588.220780000001,40.91933,-0.00194042489,4.3293473e-05,0.0,11024.816,4587.4857,-0.0372687938,55.7812058,8.7094211e-05
52.5,44.64101,9995.29775,-34.7239052,-34.7239052,-36.3686969,-36.3686969,-34.5148289,-34.5148289,-0.0361830066,-116.22004,-116.22004,0.000440366531,0.000440366531,0.00133190179,0.00133190179,0.403090431,4145.46144,40.91933,-0.00188389263,5.4887e-07,0.0,9995.29775,4159.09603,-0.0361830066,50.8445719,7.7061947e-05
53.0,44.64101,8327.21912,-33.7577818,-33.7577818,-29.4397606,-29.4397606,-28.1250395,-28.1250395,-0.0362542966,-116.22004,-116.22004,0.00044123416,0.00044123416,0.00133452565,0.00133452565,0.403286841,3469.104,40.91933,-0.00188760441,-1.214308e-06,0.0,8327.21912,3464.99622,-0.0362542966,51.1686988,7.770563e-05
53.5,44.64101,6702.67007,-33.6845435,-33.6845435,-23.6452723,-23.6452723,-22.6206049,-22.6206049,-0.036258719,-116.22004,-116.22004,0.000441287983,0.000441287983,0.00133468844,0.00133468844,0.403452783,2792.93229,40.91933,-0.00188783466,-2.3602561e-05,0.0,6702.67007,2789.00933,-0.036258719,51.1888053,7.7745644e-05
54.0,44.64101,5919.77252,-18.0001098,-18.0001098,-11.157258,-11.157258,-10.4785926,-10.4785926,-0.0374175582,-116.22004,-116.22004,0.000455391677,0.000455391677,0.00137734004,0.00137734004,0.403563966,2490.2427,40.91933,-0.00194817043,-1.780284e-05,0.0,5919.77252,2463.23918,-0.0374175582,56.4575756,8.8491217e-05
54.5,44.64101,5974.5632,-18.500106,-18.500106,-11.5746961,-11.5746961,-10.8836081,-10.8836081,-0.0377425092,-118.8589055,-118.8589055,0.000469921113,0.000469921113,0.00142128414,0.00142128414,0.403641436,2490.2427,40.91933,-0.00196508918,-3.6059228e-05,0.0,5974.5632,2486.03778,-0.0377425092,57.9349947,9.1628365e-05
55.0,44.64101,5976.59882,-18.5739649,-18.5739649,-11.62484965,-11.62484965,-10.932102,-10.932102,-0.0399470283,-134.95498,-134.95498,0.000564931424,0.000564931424,0.0017086407,0.0017086407,0.403721127,2490.2427,40.91933,-0.00207986894,-7.5343181e-05,0.0,5976.59882,2486.88359,-0.0399470283,67.9580407,0.000113809436
55.5,44.64101,5976.64107,-18.5754071,-18.5754071,-11.6258346,-11.6258346,-10.93305405,-10.93305405,-0.0424119108,-152.893801,-152.893801,0.000679439272,0.000679439272,0.00205496873,0.00205496873,0.403800891,2490.2427,40.91933,-0.00220820477,-7.2422903e-05,0.0,5976.64107,2486.89978,-0.0424119108,79.1648576,0.000140735496
56.0,44.64101,5976.64526,-18.5754338,-18.5754338,-11.6258591,-11.6258591,-10.9330785,-10.9330785,-0.0448767949,-170.83288,-170.83288,0.000803208957,0.000803208957,0.00242931173,0.00242931173,0.403880653,2490.2427,40.91933,-0.00233654055,-7.1054928e-05,0.0,5976.64526,2486.9,-0.0448767949,90.371679,0.000169975686
56.5,44.64101,5976.64875,-18.575434,-18.575434,-11.6258665,-11.6258665,-10.9330851,-10.9330851,-0.0473417234,-188.772642,-188.772642,0.000936243846,0.000936243846,0.00283168096,0.00283168096,0.40396041,2490.2427,40.91933,-0.0024648787,-7.1453492e-05,0.0,5976.64875,2486.9,-0.0473417234,101.578706,0.000201530654
57.0,44.64101,5976.65224,-18.575434,-18.575434,-11.6258732,-11.6258732,-10.9330913,-10.9330913,-0.0498067704,-206.713186,-206.713186,0.00107854686,0.00107854686,0.0032620859,0.0032620859,0.404040163,2490.2427,40.91933,-0.00259322306,-7.2037257e-05,0.0,5976.65224,2486.9,-0.0498067704,112.78627,0.000235401582
57.5,44.64101,5976.65563,-18.575434,-18.575434,-11.6258796,-11.6258796,-10.933098,-10.933098,-0.0522716829,-224.652915,-224.652915,0.00123010473,0.00123010473,0.00372048735,0.00372048735,0.404119916,2490.2427,40.91933,-0.0027215605,-7.2490098e-05,0.0,5976.65563,2486.9,-0.0522716829,123.9932262,0.000271584987
58.0,44.64101,5976.657,-18.575455,-18.575455,-11.62589575,-11.62589575,-10.9331132,-10.9331132,-0.0534178009,-232.97224,-232.97224,0.00130322323,0.00130322323,0.00394164286,0.00394164286,0.40419966,2490.2427,40.91933,-0.00278123383,4.40499e-07,0.0,5976.657,2486.90007,-0.0534178009,129.204152,0.000289101992
58.5,44.64101,5976.657,-18.575455,-18.575455,-11.6258955,-11.6258955,-10.933113,-10.933113,-0.053417807,-232.97224,-232.97224,0.00130322338,0.00130322338,0.00394164324,0.00394164324,0.404279406,2490.2427,40.91933,-0.00278123412,5.45825e-07,0.0,5976.657,2486.9,-0.053417807,129.204179,0.000289102085
59.0,39.907817,5965.93433,-16.8329259,-16.8329259,-10.5180329,-10.5180329,-9.8438847,-9.8438847,-0.0537795862,-232.97224,-232.97224,0.00131204963,0.00131204963,0.00396833522,0.00396833522,0.40435752,2490.2427,40.91933,-0.00280007042,-2.8845066e-05,0.0,5965.93433,2482.43789,-0.0537795862,130.849042,0.000294786515
59.5,23.5643618,5949.41508,-9.83422839,-9.83422839,-6.12708783,-6.12708783,-5.50311388,-5.50311388,-0.0551049554,-232.97224,-232.97224,0.00134438443,0.00134438443,0.00406612039,0.00406612039,0.404415523,2490.2427,40.91933,-0.00286907664,-3.8289055e-05,0.0,5949.41508,2475.56337,-0.0551049554,136.874959,0.000315968
60.0,6.71974321,5948.63888,-2.796208187,-2.796208187,-1.74187307,-1.74187307,-1.399586838,-1.399586838,-0.0564584762,-232.97224,-232.97224,0.00137740595,0.00137740595,0.0041659821,0.0041659821,0.404441911,2490.2427,40.91933,-0.00293954864,-3.8913951e-05,0.0,5948.63888,2475.23957,-0.0564584762,143.02886,0.000338281528
60.5,-10.12487543,5948.62786,4.21326902,4.21326902,2.624608806,2.624608806,3.188373506,3.188373506,-0.0578099526,-232.97224,-232.97224,0.00141037768,0.00141037768,0.00426569217,0.00426569217,0.40443509,2490.2427,40.91933,-0.00300991417,-3.9431429e-05,0.0,5948.62786,2475.23421,-0.0578099526,149.17348,0.000361257873
61.0,-19.6172006,5964.09608,8.4079521,8.4079521,5.25122219,5.25122219,5.99151982,5.99151982,-0.0585910515,-232.97224,-232.97224,0.00142943399,0.00142943399,0.00432332038,0.00432332038,0.404390963,2490.2427,40.91933,-0.0030505826,-3.444977e-06,0.0,5964.09608,2481.6702,-0.0585910515,152.724815,0.000374825883
61.5,-11.42539669,5995.37451,5.257528466,5.257528466,3.294100342,3.294100342,3.875448674,3.875448674,-0.0579555726,-232.97224,-232.97224,0.00141393036,0.00141393036,0.00427643585,0.00427643585,0.404341806,2490.2427,40.91933,-0.00301749596,5.9990843e-05,0.0,5995.37451,2494.68576,-0.0579555726,149.835553,0.000363827111
62.0,24.1030678,6036.82552,-9.93955879,-9.93955879,-6.28463186,-6.28463186,-5.68062187,-5.68062187,-0.0550758392,-232.97224,-232.97224,0.00134367405,0.00134367405,0.00406397218,0.00406397218,0.404345754,2490.2427,40.91933,-0.00286756073,8.7769076e-05,0.0,6036.82552,2511.93549,-0.0550758392,136.74258,0.000315612057
62.5,61.7581799,6039.280430000001,-25.6956283,-25.6956283,-16.25075935,-16.25075935,-15.4348187,-15.4348187,-0.0520483175,-232.97224,-232.97224,0.00126981222,0.00126981222,0.00384060203,0.00384060203,0.404422196,2490.2427,40.91933,-0.00270993073,8.5948536e-05,0.0,6039.280430000001,2512.95873,-0.0520483175,122.977672,0.000268258701
63.0,99.4132884,6039.32549,-41.3671181,-41.3671181,-26.1620821,-26.1620821,-25.0177373,-25.0177373,-0.0490271523,-232.97224,-232.97224,0.00119610549,0.00119610549,0.00361769773,0.00361769773,0.404558653,2490.2427,40.91933,-0.00255263177,8.8380382e-05,0.0,6039.32549,2512.97928,-0.0490271523,109.2416677,0.000224486938
63.5,131.3098463,6025.64077,-55.0801943,-55.0801943,-34.7530987,-34.7530987,-33.2268012,-33.2268012,-0.0464335006,-232.97224,-232.97224,0.00113282868,0.00113282868,0.00342633338,0.00342633338,0.404746462,2490.2427,40.91933,-0.00241759149,3.7810914e-05,0.0,6025.64077,2507.28653,-0.0464335006,97.4493865,0.000189577132
64.0,135.00183,5980.39946,-56.3071054,-56.3071054,-35.2632726,-35.2632726,-33.7038037,-33.7038037,-0.0455986652,-228.878503,-228.878503,0.00109328668,0.00109328668,0.0033067358,0.0033067358,0.404956592,2490.2427,40.91933,-0.00237412523,6.054698e-05,0.0,5980.39946,2488.46172,-0.0455986652,93.6537304,0.000178973843
64.5,135.00183,5976.715829999999,-56.1780651,-56.1780651,-35.1607398,-35.1607398,-33.6057909,-33.6057909,-0.0418722606,-201.669767,-201.669767,0.000885419805,0.000885419805,0.00267801794,0.00267801794,0.405165628,2490.2427,40.91933,-0.0021801075,0.000122913736,0.0,5976.715829999999,2486.93115,-0.0418722606,76.7112915,0.000134828793
65.0,135.00183,5976.63649,-56.1753465,-56.1753465,-35.1585715,-35.1585715,-33.603719,-33.603719,-0.0376376676,-170.848626,-170.848626,0.000674511752,0.000674511752,0.00204010924,0.00204010924,0.405374512,2490.2427,40.91933,-0.00195963055,0.000125095814,0.0,5976.63649,2486.90061,-0.0376376676,57.4583218,9.08685e-05
65.5,135.00183,5976.6293,-56.175297,-56.175297,-35.1584968,-35.1584968,-33.6036471,-33.6036471,-0.0334031929,-140.031402,-140.031402,0.000490953763,0.000490953763,0.00148492837,0.00148492837,0.405583408,2490.2427,40.91933,-0.00173915975,0.000122346212,0.0,5976.6293,2486.9001,-0.0334031929,38.2058916,5.3739034e-05
66.0,135.00183,5976.62328,-56.1752966,-56.1752966,-35.1584613,-35.1584613,-33.6036114,-33.6036114,-0.0291684322,-109.210447,-109.210447,0.000334712065,0.000334712065,0.001012369691,0.001012369691,0.405792297,2490.2427,40.91933,-0.00151867408,0.000123478857,0.0,5976.62328,2486.9001,-0.0291684322,18.95216125,2.3437578e-05
66.5,135.00183,5976.59126,-56.1757761,-56.1757761,-35.1585741,-35.1585741,-33.6037119,-33.6037119,-0.0045321497,-78.3962122,-78.3962122,5.7657418e-05,5.7657418e-05,0.000372823951,0.000372823951,0.406001182,2490.2427,40.91933,-0.00023596942,0.002394852209,0.0,5976.59126,2486.90109,-0.0045321497,0.17550935,4.80982e-06
67.0,135.00183,5976.54165,-56.1752151,-56.1752151,-35.1579313,-35.1579313,-33.6030919,-33.6030919,0.027584043,-59.9325812,-59.9325812,-0.000173117195,-0.000173117195,-5.723594e-05,-5.723594e-05,0.406210066,2490.2427,40.91933,0.00143618179,1.1049353e-05,0.0,5976.54165,2486.89924,0.027584043,-11.7485894,1.3575709e-05
67.5,135.00183,5976.5439,-56.1752592,-56.1752592,-35.1579698,-35.1579698,-33.6031294,-33.6031294,0.027607524,-59.76497,-59.76497,-0.000172783709,-0.000172783709,-5.712568e-05,-5.712568e-05,0.406418937,2490.2427,40.91933,0.00143740436,-1.56195e-07,0.0,5976.5439,2486.9001,0.027607524,-11.8553494,1.3709778e-05
68.0,135.00183,5976.544,-56.175262,-56.175262,-35.157974,-35.157974,-33.60313,-33.60313,0.0276075521,-59.76497,-59.76497,-0.000172783885,-0.000172783885,-5.7125738e-05,-5.7125738e-05,0.406627806,2490.2427,40.91933,0.00143740585,1.465928e-06,0.0,5976.544,2486.9001,0.0276075521,-11.8554793,1.3709942e-05
68.5,135.00183,5976.544,-56.175262,-56.175262,-35.157974,-35.157974,-33.60313,-33.60313,0.0276075241,-59.76497,-59.76497,-0.000172783704,-0.000172783704,-5.7125678e-05,-5.7125678e-05,0.406836671,2490.2427,40.91933,0.00143740435,4.37746e-07,0.0,5976.544,2486.9001,0.0276075241,-11.8553486,1.3709777e-05
69.0,135.00183,5976.544,-56.175262,-56.175262,-35.157974,-35.157974,-33.60313,-33.60313,0.0276075463,-59.76497,-59.76497,-0.000172783842,-0.000172783842,-5.7125725e-05,-5.7125725e-05,0.407045532,2490.2427,40.91933,0.0014374055,-5.09198e-07,0.0,5976.544,2486.9001,0.0276075463,-11.8554496,1.3709905e-05
69.5,135.00183,5976.54,-56.1753091,-56.1753091,-35.1579798,-35.1579798,-33.6031383,-33.6031383,0.0304919662,-38.7173773,-38.7173773,-0.000121074492,-0.000121074492,-4.0028964e-05,-4.0028964e-05,0.40725438,2490.2427,40.91933,0.00158758476,0.000180756781,0.0,5976.54,2486.90013,0.0304919662,-24.9697308,3.2530767e-05
70.0,135.138377,5976.77485,-56.2024722,-56.2024722,-35.1763682,-35.1763682,-33.6206328,-33.6206328,0.0368747346,7.676236923,7.676236923,3.2213593e-05,3.2213593e-05,0.000122369771,0.000122369771,0.407463235,2490.2427,40.91933,0.00191990793,0.000197063832,0.0,5976.77485,2487.00165,0.0368747346,-53.9895772,8.4039772e-05
70.5,139.557884,5985.01285,-58.0014581,-58.0014581,-36.3525268,-36.3525268,-34.7380818,-34.7380818,0.0435992139,54.059284,54.059284,0.000249586144,0.000249586144,0.000754866535,0.000754866535,0.407674247,2490.2427,40.91933,0.00227002244,0.000199983245,0.0,5985.01285,2490.43348,0.0435992139,-84.5630428,0.000155185086
71.0,146.013415,5987.20528,-60.7553767,-60.7553767,-38.092329,-38.092329,-36.3850511,-36.3850511,0.0504960889,100.4480243,100.4480243,0.000533925121,0.000533925121,0.00161478763,0.00161478763,0.407892858,2490.2427,40.91933,0.00262911287,0.000199319575,0.0,5987.20528,2491.3498,0.0504960889,-115.9203224,0.000245938154
71.5,152.46894,5987.24575,-63.4435289,-63.4435289,-39.7780088,-39.7780088,-37.9764031,-37.9764031,0.0573881386,146.8384615,146.8384615,0.000885212445,0.000885212445,0.00267719976,0.00267719976,0.408119331,2490.2427,40.91933,0.00298795206,0.000200776858,0.0,5987.24575,2491.37067,0.0573881386,-147.255658,0.000354729466
72.0,158.924477,5987.237429999999,-66.1296691,-66.1296691,-41.462115,-41.462115,-39.5641535,-39.5641535,0.0642798987,193.225293,193.225293,0.00130343363,0.00130343363,0.00394208218,0.00394208218,0.408353449,2490.2427,40.91933,0.00334677623,0.000196826573,0.0,5987.237429999999,2491.37109,0.0642798987,-178.589682,0.00048160788
72.5,165.380002,5987.23019,-68.8157794,-68.8157794,-43.1462041,-43.1462041,-41.1468909,-41.1468909,0.0696465386,228.475164,228.475164,0.00166662343,0.00166662343,0.00504055662,0.00504055662,0.408595113,2490.2427,40.91933,0.00362619383,7.0213609e-05,0.0,5987.23019,2491.37134,0.0696465386,-202.989598,0.000592274905
73.0,171.605163,5986.75428,-71.4463055,-71.4463055,-44.7918922,-44.7918922,-42.6909545,-42.6909545,0.0704515484,230.65962,230.65962,0.00170173038,0.00170173038,0.00514673244,0.00514673244,0.408844182,2490.2427,40.91933,0.00366810735,9.992456e-06,0.0,5986.75428,2491.17379,0.0704515484,-206.64966,0.000609840274
73.5,173.32707,5978.302180000001,-72.1810695,-72.1810695,-45.188704,-45.188704,-43.0600851,-43.0600851,0.0705915504,230.65962,230.65962,0.00170511199,0.00170511199,0.00515695825,0.00515695825,0.409098221,2490.2427,40.91933,0.00367539656,-2.57634e-07,0.0,5978.302180000001,2487.65694,0.0705915504,-207.286187,0.000612931131
74.0,173.32707,5976.5234,-72.1241446,-72.1241446,-45.1396227,-45.1396227,-43.0134448,-43.0134448,0.0705872926,230.65962,230.65962,0.00170500922,0.00170500922,0.00515664736,0.00515664736,0.409352364,2490.2427,40.91933,0.00367517499,-1.04041e-07,0.0,5976.5234,2486.91675,0.0705872926,-207.266837,0.000612836963
74.5,173.32707,5976.48455,-72.1227015,-72.1227015,-45.1384243,-45.1384243,-43.0123079,-43.0123079,0.0705872121,230.65962,230.65962,0.00170500726,0.00170500726,0.00515664155,0.00515664155,0.409606442,2490.2427,40.91933,0.00367517079,-4.08103e-07,0.0,5976.48455,2486.90046,0.0705872121,-207.266465,0.000612835162
75.0,173.32707,5976.48364,-72.12267,-72.12267,-45.1384,-45.1384,-43.012287,-43.012287,0.0705872141,230.65962,230.65962,0.00170500731,0.00170500731,0.00515664152,0.00515664152,0.409860506,2490.2427,40.91933,0.0036751709,1.058779e-06,0.0,5976.48364,2486.9001,0.0705872141,-207.266478,0.00061283522
75.5,173.32707,5976.4834,-72.12267,-72.12267,-45.1384,-45.1384,-43.012287,-43.012287,0.0705872131,230.65962,230.65962,0.00170500735,0.00170500735,0.00515664173,0.00515664173,0.41011457,2490.2427,40.91933,0.00367517093,-5.0589e-08,0.0,5976.4834,2486.9001,0.0705872131,-207.266478,0.000612835237
76.0,173.32707,5976.4834,-72.12267,-72.12267,-45.1384,-45.1384,-43.012287,-43.012287,0.0705871907,230.65962,230.65962,0.00170500674,0.00170500674,0.00515663998,0.00515663998,0.410368621,2490.2427,40.91933,0.00367516967,-5.00595e-07,0.0,5976.4834,2486.9001,0.0705871907,-207.266366,0.000612834701
76.5,173.32707,5976.4834,-72.12267,-72.12267,-45.1384,-45.1384,-43.012287,-43.012287,0.0705871886,230.65962,230.65962,0.00170500672,0.00170500672,0.00515663973,0.00515663973,0.410622667,2490.2427,40.91933,0.00367516961,-7.8714e-08,0.0,5976.4834,2486.9001,0.0705871886,-207.266358,0.000612834664
77.0,173.32707,5976.4834,-72.12267,-72.12267,-45.1384,-45.1384,-43.012287,-43.012287,0.0705871728,230.65962,230.65962,0.00170500629,0.00170500629,0.0051566385,0.0051566385,0.410876702,2490.2427,40.91933,0.00367516873,2.79797e-07,0.0,5976.4834,2486.9001,0.0705871728,-207.266285,0.000612834282
77.5,164.332159,5957.657209999999,-68.6677904,-68.6677904,-42.8434909,-42.8434909,-40.8521617,-40.8521617,0.069888616,230.65962,230.65962,0.00168813293,0.00168813293,0.00510561479,0.00510561479,0.411127773,2490.2427,40.91933,0.00363879787,-4.1502509e-05,0.0,5957.657209999999,2479.0659,0.069888616,-204.090231,0.000597513232
78.0,144.311395,5943.59597,-60.0647761,-60.0647761,-37.3851324,-37.3851324,-35.7047547,-35.7047547,0.0682624396,230.65962,230.65962,0.00164885325,0.00164885325,0.00498683543,0.00498683543,0.411359242,2490.2427,40.91933,0.00355412986,-4.6212373e-05,0.0,5943.59597,2473.21401,0.0682624396,-196.696673,0.000562469346
78.5,124.2889024,5943.17102,-51.7176782,-51.7176782,-32.1873996,-32.1873996,-30.773274,-30.773274,0.0666548884,230.65962,230.65962,0.0016100235,0.0016100235,0.00486941574,0.00486941574,0.411566053,2490.2427,40.91933,0.00347043177,-4.6422823e-05,0.0,5943.17102,2473.03627,0.0666548884,-189.387798,0.000528817606
79.0,104.2664084,5943.16564,-43.3862056,-43.3862056,-27.0021366,-27.0021366,-25.819909,-25.819909,0.065048571,230.65962,230.65962,0.00157122348,0.00157122348,0.00475208517,0.00475208517,0.411747383,2490.2427,40.91933,0.00338679764,-4.6765466e-05,0.0,5943.16564,2473.03306,0.065048571,-182.084518,0.000496174989
79.5,84.2439152,5943.16828,-35.0549436,-35.0549436,-21.8170446,-21.8170446,-20.833071,-20.833071,0.0634421761,230.65962,230.65962,0.00153242159,0.00153242159,0.00463474799,0.00463474799,0.411901737,2490.2427,40.91933,0.00330315957,-4.5171505e-05,0.0,5943.16828,2473.03327,0.0634421761,-174.780897,0.000464513713
80.0,64.2214215,5943.17069,-26.7226448,-26.7226448,-16.6313024,-16.6313024,-15.8104701,-15.8104701,0.0618358018,230.65962,230.65962,0.0014936203,0.0014936203,0.00451741175,0.00451741175,0.412027305,2490.2427,40.91933,0.00321952271,-4.714216e-05,0.0,5943.17069,2473.03326,0.0618358018,-167.477371,0.000433835735
80.5,47.9010151,5185.36774,-35.8044759,-35.8044759,-19.3098131,-19.3098131,-18.37501085,-18.37501085,0.0616969095,230.65962,230.65962,0.00149026536,0.00149026536,0.0045072664,0.0045072664,0.412144075,2144.14422,40.91933,0.00321229118,2.60699e-06,0.0,5185.36774,2157.7058,0.0616969095,-166.845884,0.000431201629
81.0,46.364574,3293.72412,-36.6533631,-36.6533631,-12.6460123,-12.6460123,-11.8526815,-11.8526815,0.0607269227,223.667731,223.667731,0.00142323152,0.00142323152,0.00430451657,0.00430451657,0.412252784,1371.61502,40.91933,0.00316178814,-9.2947515e-05,0.0,3293.72412,1370.578373,0.0607269227,-162.435747,0.000413406643
81.5,46.364574,1806.85603,-25.1174456,-25.1174456,-4.90011696,-4.90011696,-4.40791915,-4.40791915,0.0549163062,187.549326,187.549326,0.001081079537,0.001081079537,0.00326966906,0.00326966906,0.41231259,777.727963,40.91933,0.00285925447,-0.000198224692,0.0,1806.85603,751.878187,0.0549163062,-136.017243,0.000313760087
82.0,46.364574,1762.37579,-18.9507189,-18.9507189,-3.49778615,-3.49778615,-3.10949928,-3.10949928,0.049055912,148.225664,148.225664,0.000763262778,0.000763262778,0.00230844169,0.00230844169,0.412337716,738.45966,40.91933,0.00255412913,-0.000155435538,0.0,1762.37579,733.366224,0.049055912,-109.3724218,0.000225189516
82.5,46.364574,1772.04273,-19.2852173,-19.2852173,-3.57871709,-3.57871709,-3.18476745,-3.18476745,0.0436780972,108.9066155,108.9066155,0.000499969269,0.000499969269,0.00151213104,0.00151213104,0.412362584,738.45966,40.91933,0.00227412958,-0.000156040376,0.0,1772.04273,737.385584,0.0436780972,-84.9216929,0.000155829697
83.0,45.6189378,1770.67345,-19.1055659,-19.1055659,-3.54277371,-3.54277371,-3.15163334,-3.15163334,0.0382254516,69.5844231,69.5844231,0.000280462157,0.000280462157,0.000848258338,0.000848258338,0.412387591,738.45966,40.91933,0.00199023388,-0.000166677629,0.0,1770.67345,736.812604,0.0382254516,-60.130734,9.6782366e-05
83.5,32.414799,1747.5045,-13.6366414,-13.6366414,-2.49642427,-2.49642427,-2.16960637,-2.16960637,0.0337422496,44.683781,44.683781,0.000157931263,0.000157931263,0.000477679124,0.000477679124,0.412409366,738.45966,40.91933,0.00175681302,-6.2766683e-05,0.0,1747.5045,727.169222,0.0337422496,-39.7474459,5.6228604e-05
84.0,14.77738366,1743.00147,-6.15285467,-6.15285467,-1.123080171,-1.123080171,-0.867983604,-0.867983604,0.0322660227,44.32267,44.32267,0.000149761424,0.000149761424,0.000452970758,0.000452970758,0.4124214,738.45966,40.91933,0.00167995223,-4.1879933e-05,0.0,1743.00147,725.294622,0.0322660227,-33.0356439,4.4681021e-05
84.5,-2.860032071,1742.90539,1.1905206265,1.1905206265,0.2172896332,0.2172896332,0.3632585315,0.3632585315,0.0308509147,44.32267,44.32267,0.000143193258,0.000143193258,0.000433106383,0.000433106383,0.41242374,738.45966,40.91933,0.00160627366,-4.8619312e-05,0.0,1742.90539,725.253817,0.0308509147,-26.6017237,3.4408362e-05
85.0,-20.4974476,1742.90513,8.52834812,8.52834812,1.556565224,1.556565224,1.91268052,1.91268052,0.0294357019,44.32267,44.32267,0.000136624601,0.000136624601,0.000413240376,0.000413240376,0.41241408,738.45966,40.91933,0.00153258966,-4.0296598e-05,0.0,1742.90513,725.252867,0.0294357019,-20.1673275,2.4897762e-05
85.5,-36.8238823,1745.91606,15.4860765,15.4860765,2.83187643,2.83187643,3.22799047,3.22799047,0.0281131252,44.32267,44.32267,0.000130485916,0.000130485916,0.000394674592,0.000394674592,0.412392217,738.45966,40.91933,0.00146372881,-2.4600811e-05,0.0,1745.91606,726.505002,0.0281131252,-14.1541103,1.6684924e-05
86.0,-40.148636,1768.97824,16.8169676,16.8169676,3.11525885,3.11525885,3.52410969,3.52410969,0.0278491859,44.32267,44.32267,0.000129260853,0.000129260853,0.000390969506,0.000390969506,0.412362615,738.45966,40.91933,0.00144998664,2.023167e-06,0.0,1768.97824,736.101168,0.0278491859,-12.95408695,1.5111522e-05
86.5,-40.148636,1772.19535,16.7086696,16.7086696,3.10085941,3.10085941,3.50932456,3.50932456,0.02818713,46.7318798,46.7318798,0.000138005133,0.000138005133,0.000417416734,0.000417416734,0.412332612,738.45966,40.91933,0.00146758193,2.7982638e-05,0.0,1772.19535,737.440018,0.02818713,-14.4905802,1.7125089e-05
87.0,-40.148636,1772.26092,16.7061822,16.7061822,3.10051254,3.10051254,3.50896794,3.50896794,0.0293184929,54.9665328,54.9665328,0.000168845,0.000168845,0.000510691486,0.000510691486,0.412302655,738.45966,40.91933,0.0015264871,3.4438171e-05,0.0,1772.26092,737.467968,0.0293184929,-19.6344272,2.4134178e-05
87.5,-40.148636,1772.26052,16.706136,16.706136,3.10050327,3.10050327,3.5089583,3.5089583,0.0304840503,63.4499025,63.4499025,0.000202635344,0.000202635344,0.000612888357,0.000612888357,0.412272705,738.45966,40.91933,0.00158717263,3.6446434e-05,0.0,1772.26052,737.468488,0.0304840503,-24.9337404,3.1859548e-05
88.0,-39.4315905,1773.95733,16.4702785,16.4702785,3.0595796,3.0595796,3.46670005,3.46670005,0.031701989,71.9311426,71.9311426,0.000238899672,0.000238899672,0.000722568695,0.000722568695,0.412242803,738.45966,40.91933,0.00165058542,4.1274818e-05,0.0,1773.95733,738.175255,0.031701989,-30.4712118,4.0493641e-05
88.5,-34.6452296,1780.65781,14.43807985,14.43807985,2.69222989,2.69222989,3.08320313,3.08320313,0.0332542947,80.4130015,80.4130015,0.000280146348,0.000280146348,0.000847316704,0.000847316704,0.41221472,738.45966,40.91933,0.00173140727,4.5667619e-05,0.0,1780.65781,740.964272,0.0332542947,-37.5289116,5.2316482e-05
89.0,-29.2194768,1781.27262,12.1589773,12.1589773,2.26806721,2.26806721,2.63033999,2.63033999,0.0348535998,88.8719685,88.8719685,0.000324484759,0.000324484759,0.000981414156,0.000981414156,0.412190537,738.45966,40.91933,0.00181467616,4.1109817e-05,0.0,1781.27262,741.221042,0.0348535998,-44.800299,6.5445402e-05
89.5,-23.793724,1781.28359,9.900769,9.900769,1.84684567,1.84684567,2.19568271,2.19568271,0.0357866963,92.48564,92.48564,0.000346596789,0.000346596789,0.00104828949,0.00104828949,0.412170276,738.45966,40.91933,0.00186325848,1.3366046e-05,0.0,1781.28359,741.226147,0.0357866963,-49.0427101,7.3519454e-05
90.0,-18.3679714,1781.28322,7.64293707,7.64293707,1.42567942,1.42567942,1.79852238,1.79852238,0.0362220103,92.48564,92.48564,0.000350812837,0.000350812837,0.00106103937,0.00106103937,0.412153548,738.45966,40.91933,0.00188592337,1.3857137e-05,0.0,1781.28322,741.226254,0.0362220103,-51.021905,7.7416676e-05
90.5,-12.942218,1781.28283,5.38517295,5.38517295,1.004525921,1.004525921,1.35167646,1.35167646,0.0366572888,92.48564,92.48564,0.000355028552,0.000355028552,0.00107378822,0.00107378822,0.412140382,738.45966,40.91933,0.0019085865,1.3494295e-05,0.0,1781.28283,741.226339,0.0366572888,-53.0009439,8.1385767e-05
91.0,-7.51646523,1781.2819,3.1275677,3.1275677,0.583402134,0.583402134,0.829615636,0.829615636,0.0370925944,92.48564,92.48564,0.000359244501,0.000359244501,0.00108653777,0.00108653777,0.412131276,738.45966,40.91933,0.00193125093,1.3741083e-05,0.0,1781.2819,741.226208,0.0370925944,-54.9800969,8.5427256e-05
91.5,-2.09071214,1781.28157,0.8700027294,0.8700027294,0.1622862707,0.1622862707,0.2339697405,0.2339697405,0.0375278834,92.48564,92.48564,0.000363460313,0.000363460313,0.00109928684,0.00109928684,0.41212688,738.45966,40.91933,0.00195391455,1.3158575e-05,0.0,1781.28157,741.22632,0.0375278834,-56.9591779,8.9540774e-05
92.0,3.33504082,1781.28091,-1.387814034,-1.387814034,-0.258876337,-0.258876337,-0.181101066,-0.181101066,0.0379631319,92.48564,92.48564,0.000367675729,0.000367675729,0.00111203468,0.00111203468,0.412126853,738.45966,40.91933,0.00197657612,1.3964977e-05,0.0,1781.28091,741.226303,0.0379631319,-58.9380776,9.372607e-05
92.5,7.22247242,1777.80197,-3.07891282,-3.07891282,-0.573175578,-0.573175578,-0.400807105,-0.400807105,0.0382808866,92.48564,92.48564,0.000370753202,0.000370753202,0.00112134123,0.00112134123,0.412129366,738.45966,40.91933,0.00199312022,3.097656e-06,0.0,1777.80197,739.778875,0.0382808866,-60.3827761,9.682432e-05
93.0,7.3804674,1772.50185,-3.08016551,-3.08016551,-0.571728116,-0.571728116,-0.399551113,-0.399551113,0.0382889266,92.48564,92.48564,0.000370831079,0.000370831079,0.00112157674,0.00112157674,0.412132646,738.45966,40.91933,0.00199353883,5.2716e-08,0.0,1772.50185,737.573473,0.0382889266,-60.4193331,9.6903113e-05
93.5,7.3804674,1772.25447,-3.0712476,-3.0712476,-0.569993013,-0.569993013,-0.398326969,-0.398326969,0.0382882658,92.48564,92.48564,0.00037082467,0.00037082467,0.00112155736,0.00112155736,0.412135869,738.45966,40.91933,0.00199350433,3.64791e-07,0.0,1772.25447,737.470539,0.0382882658,-60.4163254,9.6896617e-05
94.0,7.3804674,1772.2497,-3.07107036,-3.07107036,-0.569958588,-0.569958588,-0.398302691,-0.398302691,0.038288234,92.48564,92.48564,0.000370824361,0.000370824361,0.00112155644,0.00112155644,0.412139091,738.45966,40.91933,0.00199350276,-8.63657e-07,0.0,1772.2497,737.468531,0.038288234,-60.4161834,9.6896309e-05
94.5,7.3804674,1772.2496,-3.07106703,-3.07106703,-0.56995795,-0.56995795,-0.398302236,-0.398302236,0.0382882377,92.48564,92.48564,0.000370824398,0.000370824398,0.00112155654,0.00112155654,0.412142313,738.45966,40.91933,0.00199350292,2.58448e-07,0.0,1772.2496,737.4685,0.0382882377,-60.4161973,9.6896341e-05
95.0,7.3804674,1772.2496,-3.071067,-3.071067,-0.5699579,-0.5699579,-0.39830223,-0.39830223,0.0382882499,92.48564,92.48564,0.000370824507,0.000370824507,0.00112155687,0.00112155687,0.412145539,738.45966,40.91933,0.00199350351,-5.40447e-07,0.0,1772.2496,737.4685,0.0382882499,-60.4162514,9.6896457e-05
95.5,7.3804674,1772.2496,-3.071067,-3.071067,-0.5699579,-0.5699579,-0.39830223,-0.39830223,0.0382882648,92.48564,92.48564,0.000370824662,0.000370824662,0.00112155734,0.00112155734,0.412148758,738.45966,40.91933,0.00199350436,-2.67439e-07,0.0,1772.2496,737.4685,0.0382882648,-60.4163229,9.6896613e-05
96.0,7.3804674,1772.2496,-3.071067,-3.071067,-0.5699579,-0.5699579,-0.39830223,-0.39830223,0.0382882521,92.48564,92.48564,0.000370824525,0.000370824525,0.00112155694,0.00112155694,0.412151984,738.45966,40.91933,0.00199350364,8.62429e-07,0.0,1772.2496,737.4685,0.0382882521,-60.4162601,9.6896476e-05
96.5,7.3804674,1772.2496,-3.071067,-3.071067,-0.5699579,-0.5699579,-0.39830223,-0.39830223,0.0382882779,92.48564,92.48564,0.000370824792,0.000370824792,0.00112155771,0.00112155771,0.412155205,738.45966,40.91933,0.00199350503,-6.30222e-07,0.0,1772.2496,737.4685,0.0382882779,-60.4163836,9.6896742e-05
97.0,7.3804674,2697.60712,18.84480706,18.84480706,5.950240905,5.950240905,6.453170737,6.453170737,0.0366709312,92.48564,92.48564,0.000355160669,0.000355160669,0.00107418771,0.00107418771,0.412137143,1163.688003,40.91933,0.00190929677,-3.9607295e-05,0.0,2697.60712,1122.515661,0.0366709312,-53.0629678,8.1641626e-05
97.5,7.3804674,4496.1274,-0.43576128,-0.43576128,-0.26037161,-0.26037161,0.192025852,0.192025852,0.0368950775,83.7518456,83.7518456,0.000324001379,0.000324001379,0.00097994551,0.00097994551,0.412085854,1835.12991,40.91933,0.0019209671,-3.6002087e-05,0.0,4496.1274,1870.89338,0.0368950775,-54.0820679,8.3700134e-05
98.0,7.3804674,4419.68099,-3.28574284,-3.28574284,-1.5208654,-1.5208654,-1.19311883,-1.19311883,0.0334515967,57.1364513,57.1364513,0.000201037846,0.000201037846,0.00060805273,0.00060805273,0.41209672,1839.0626,40.91933,0.00174167994,-0.000107853176,0.0,4419.68099,1839.08145,0.0334515967,-38.4259669,5.4067599e-05
98.5,7.3804674,4413.82469,-3.07533815,-3.07533815,-1.42146638,-1.42146638,-1.11407475,-1.11407475,0.0297060109,29.9894494,29.9894494,9.4166439e-05,9.4166439e-05,0.000284826454,0.000284826454,0.41210583,1839.0626,40.91933,0.00154666349,-0.000108228548,0.0,4413.82469,1836.6424,0.0297060109,-21.3963143,2.6842659e-05
99.0,7.3804674,4413.7218,-3.07077983,-3.07077983,-1.41932629,-1.41932629,-1.11239605,-1.11239605,0.0199506665,2.84562913,2.84562913,1.4178569e-05,1.4178569e-05,4.8968587e-05,4.8968587e-05,0.412114774,1839.0626,40.91933,0.00103874493,-0.000828881651,0.0,4413.7218,1836.59389,0.0199506665,-4.905548662,5.525451e-06
99.5,7.3804674,4413.79162,-3.07094224,-3.07094224,-1.41942384,-1.41942384,-1.11247346,-1.11247346,-0.027731156,-24.3022207,-24.3022207,7.144829e-05,7.144829e-05,0.000216114473,0.000216114473,0.41212374,1839.0626,40.91933,-0.00144384134,-0.000106281572,0.0,4413.79162,1836.59511,-0.027731156,12.41745309,1.46427e-05
100.0,7.3804674,4413.79472,-3.07104319,-3.07104319,-1.41947146,-1.41947146,-1.11251081,-1.11251081,-0.0314609825,-51.449103,-51.449103,0.000170378333,0.000170378333,0.000515326213,0.000515326213,0.41213268,1839.0626,40.91933,-0.00163803727,-0.000108525879,0.0,4413.79472,1836.59412,-0.0314609825,29.375453,3.8930575e-05
100.5,7.3804674,4413.79966,-3.07103709,-3.07103709,-1.41947025,-1.41947025,-1.11250994,-1.11250994,-0.0351909028,-78.594587,-78.594587,0.00029051008,0.00029051008,0.000878656091,0.000878656091,0.412141623,1839.0626,40.91933,-0.00183223805,-0.000107205255,0.0,4413.79966,1836.59403,-0.0351909028,46.3338801,6.8518073e-05
101.0,7.3804674,4413.80479,-3.071037,-3.071037,-1.4194719,-1.4194719,-1.11251129,-1.11251129,-0.0389208352,-105.742201,-105.742201,0.000431856536,0.000431856536,0.00130614798,0.00130614798,0.412150562,1839.0626,40.91933,-0.00202643951,-0.000111924407,0.0,4413.80479,1836.594,-0.0389208352,63.2923622,0.000103404874
101.5,7.3804674,4413.81003,-3.071037,-3.071037,-1.41947356,-1.41947356,-1.11251271,-1.11251271,-0.0426506445,-132.886372,-132.886372,0.000594393809,0.000594393809,0.00179773287,0.00179773287,0.412159503,1839.0626,40.91933,-0.00222063449,-0.000108048526,0.0,4413.81003,1836.594,-0.0426506445,80.2502787,0.000143589407
102.0,7.38278876,4413.81608,-3.07111344,-3.07111344,-1.41951087,-1.41951087,-1.11254198,-1.11254198,-0.0463805034,-160.033394,-160.033394,0.00077814968,0.00077814968,0.00235349793,0.00235349793,0.412168442,1839.0626,40.91933,-0.00241483219,-0.000110410018,0.0,4413.81608,1836.59437,-0.0463805034,97.208431,0.000189073315
102.5,8.13276629,4415.31343,-3.36511262,-3.36511262,-1.55593921,-1.55593921,-1.22027658,-1.22027658,-0.0483759142,-174.95232,-174.95232,0.000886293356,0.000886293356,0.00268057907,0.00268057907,0.412177646,1839.0626,40.91933,-0.00251872463,-5.560111e-06,0.0,4415.31343,1837.21627,-0.0483759142,106.2807482,0.000215363833
103.0,9.45837655,4416.00619,-3.93503353,-3.93503353,-1.81972932,-1.81972932,-1.4409488,-1.4409488,-0.0482685915,-174.95232,-174.95232,0.00088432712,0.00088432712,0.00267463302,0.00267463302,0.412188305,1839.0626,40.91933,-0.00251313679,2.480712e-06,0.0,4416.00619,1837.50457,-0.0482685915,105.7928004,0.000213899475
103.5,10.7839869,4416.02384,-4.4873483,-4.4873483,-2.07515152,-2.07515152,-1.66335202,-1.66335202,-0.0481621527,-174.95232,-174.95232,0.000882377033,0.000882377033,0.00266873585,0.00266873585,0.412200697,1839.0626,40.91933,-0.00250759493,2.619056e-06,0.0,4416.02384,1837.51199,-0.0481621527,105.308863,0.00021245149
104.0,12.109597,4416.02408,-5.03886288,-5.03886288,-2.33019669,-2.33019669,-1.89038496,-1.89038496,-0.0480558475,-174.95232,-174.95232,0.000880429414,0.000880429414,0.00266284611,0.00266284611,0.412214858,1839.0626,40.91933,-0.00250206004,3.087652e-06,0.0,4416.02408,1837.51211,-0.0480558475,104.8255355,0.000211009639
104.5,13.4352074,4416.024,-5.59049559,-5.59049559,-2.58529638,-2.58529638,-2.12242101,-2.12242101,-0.0479494701,-174.95232,-174.95232,0.000878480474,0.000878480474,0.00265695238,0.00265695238,0.412230813,1839.0626,40.91933,-0.00249652146,3.361715e-06,0.0,4416.024,1837.51212,-0.0479494701,104.341881,0.00020957113
105.0,14.7608176,4416.02388,-6.14209155,-6.14209155,-2.8403791,-2.8403791,-2.35939577,-2.35939577,-0.0478431375,-174.95232,-174.95232,0.000876532372,0.000876532372,0.00265106119,0.00265106119,0.412248575,1839.0626,40.91933,-0.0024909852,2.500037e-06,0.0,4416.02388,1837.51217,-0.0478431375,103.8584301,0.000208137525
105.5,16.0864278,4416.0234,-6.69368387,-6.69368387,-3.09545993,-3.09545993,-2.6013228,-2.6013228,-0.0477367393,-174.95232,-174.95232,0.000874583054,0.000874583054,0.00264516634,0.00264516634,0.412268196,1839.0626,40.91933,-0.00248544549,3.363335e-06,0.0,4416.0234,1837.5121,-0.0477367393,103.3746834,0.000206707354
106.0,17.412038,4416.0234,-7.2452752,-7.2452752,-3.35054044,-3.35054044,-2.84820367,-2.84820367,-0.0476304156,-174.95232,-174.95232,0.000872635098,0.000872635098,0.00263927559,0.00263927559,0.412289685,1839.0626,40.91933,-0.0024799097,2.541395e-06,0.0,4416.0234,1837.51211,-0.0476304156,102.8912734,0.000205282483
106.5,18.7376484,4416.02336,-7.7968975,-7.7968975,-3.60563531,-3.60563531,-3.100053,-3.100053,-0.0475240538,-174.95232,-174.95232,0.000870686463,0.000870686463,0.00263338271,0.00263338271,0.412313086,1839.0626,40.91933,-0.00247437187,2.520678e-06,0.0,4416.02336,1837.51218,-0.0475240538,102.407688,0.000203861413
107.0,20.0291189,4415.95711,-8.3409629,-8.3409629,-3.85717643,-3.85717643,-3.35322565,-3.35322565,-0.0474199116,-174.95232,-174.95232,0.000868778458,0.000868778458,0.00262761275,0.00262761275,0.412338416,1839.0626,40.91933,-0.00246894962,3.246068e-06,0.0,4415.95711,1837.48466,-0.0474199116,101.9341931,0.000202474132
107.5,20.422804,4414.24496,-8.5115151,-8.5115151,-3.9345221,-3.9345221,-3.43205058,-3.43205058,-0.0473877498,-174.95232,-174.95232,0.000868189247,0.000868189247,0.00262583092,0.00262583092,0.41236516,1839.0626,40.91933,-0.00246727517,-5.70214e-07,0.0,4414.24496,1836.77226,-0.0473877498,101.7879728,0.000202046422
108.0,20.422804,4413.82634,-8.49843295,-8.49843295,-3.92810158,-3.92810158,-3.42553228,-3.42553228,-0.0473886928,-174.95232,-174.95232,0.000868206514,0.000868206514,0.00262588319,0.00262588319,0.412391989,1839.0626,40.91933,-0.0024673242,-2.42244e-07,0.0,4413.82634,1836.59801,-0.0473886928,101.7922572,0.000202058949
108.5,20.422804,4413.81704,-8.4980858,-8.4980858,-3.92793275,-3.92793275,-3.42536076,-3.42536076,-0.0473887364,-174.95232,-174.95232,0.00086820731,0.00086820731,0.00262588556,0.00262588556,0.412418812,1839.0626,40.91933,-0.00246732649,-4.46637e-07,0.0,4413.81704,1836.59409,-0.0473887364,101.792454,0.000202059527
109.0,20.422804,4413.817,-8.498079,-8.498079,-3.92792952,-3.92792952,-3.4253576,-3.4253576,-0.0473887599,-174.95232,-174.95232,0.000868207737,0.000868207737,0.00262588687,0.00262588687,0.412445655,1839.0626,40.91933,-0.00246732771,8.93105e-07,0.0,4413.817,1836.594,-0.0473887599,101.7925645,0.000202059836
109.5,20.422804,4413.817,-8.498079,-8.498079,-3.9279294,-3.9279294,-3.4253576,-3.4253576,-0.047388743,-174.95232,-174.95232,0.000868207425,0.000868207425,0.00262588589,0.00262588589,0.412472487,1839.0626,40.91933,-0.00246732683,-1.066037e-06,0.0,4413.817,1836.594,-0.047388743,101.7924839,0.000202059609
110.0,20.422804,4413.817,-8.498079,-8.498079,-3.9279294,-3.9279294,-3.4253576,-3.4253576,-0.0473887443,-174.95232,-174.95232,0.000868207447,0.000868207447,0.00262588601,0.00262588601,0.412499309,1839.0626,40.91933,-0.00246732689,7.21972e-07,0.0,4413.817,1836.594,-0.0473887443,101.7924886,0.000202059627
110.5,20.422804,4413.817,-8.498079,-8.498079,-3.9279294,-3.9279294,-3.4253576,-3.4253576,-0.0473887486,-174.95232,-174.95232,0.000868207528,0.000868207528,0.00262588624,0.00262588624,0.412526131,1839.0626,40.91933,-0.00246732714,7.24777e-07,0.0,4413.817,1836.594,-0.0473887486,101.7925089,0.000202059682
111.0,20.422804,4413.81422,-8.4981477,-8.4981477,-3.92795887,-3.92795887,-3.42538786,-3.42538786,-0.0452197115,-159.073478,-159.073478,0.000760054037,0.000760054037,0.00229877686,0.00229877686,0.412552953,1839.0626,40.91933,-0.00235439472,0.000304240075,0.0,4413.81422,1836.59421,-0.0452197115,91.9307826,0.000175819943
111.5,20.422804,4413.77037,-8.498657,-8.498657,-3.92815525,-3.92815525,-3.42559302,-3.42559302,-0.0125828866,-31.86279094,-31.86279094,0.000150133318,0.000150133318,0.000454092422,0.000454092422,0.412579787,1839.0626,40.91933,-0.00065513643,0.001295952046,0.0,4413.77037,1836.59505,-0.0125828866,12.68253386,3.3714196e-05
112.0,20.8519706,4414.70654,-8.64125,-8.64125,-3.99493682,-3.99493682,-3.49420344,-3.49420344,0.0426545858,116.5963225,116.5963225,0.000547134515,0.000547134515,0.00165479355,0.00165479355,0.412606707,1839.0626,40.91933,0.00222083975,0.000593027153,0.0,4414.70654,1837.01688,0.0426545858,-80.2682044,0.000150035041
112.5,23.5862463,4418.43956,-9.80275075,-9.80275075,-4.53572397,-4.53572397,-4.06087543,-4.06087543,0.0632743367,265.054359,265.054359,0.00178275517,0.00178275517,0.00539201281,0.00539201281,0.41263594,1839.0626,40.91933,0.00329442098,0.000589784581,0.0,4418.43956,1838.58227,0.0632743367,-174.017803,0.000467921597
113.0,26.6597252,4418.75043,-11.0931016,-11.0931016,-5.13311623,-5.13311623,-4.66561705,-4.66561705,0.077462937,366.37657,366.37657,0.00297274818,0.00297274818,0.0089914936,0.0089914936,0.412669782,1839.0626,40.91933,0.00403316004,0.000124959223,0.0,4418.75043,1838.71992,0.077462937,-238.527583,0.000774160316
113.5,29.7332042,4418.75658,-12.372149,-12.372149,-5.72497812,-5.72497812,-5.23151849,-5.23151849,0.0781352194,369.43878,369.43878,0.00302285932,0.00302285932,0.0091430704,0.0091430704,0.412707865,1839.0626,40.91933,0.00406816289,7.116882e-06,0.0,4418.75658,1838.72284,0.0781352194,-241.584178,0.000790686729
114.0,32.8066836,4418.75625,-13.65110865,-13.65110865,-6.31679206,-6.31679206,-5.80315738,-5.80315738,0.0783817491,369.43878,369.43878,0.00303239691,0.00303239691,0.00917191545,0.00917191545,0.412750077,1839.0626,40.91933,0.00408099855,7.374241e-06,0.0,4418.75625,1838.72286,0.0783817491,-242.705039,0.000796861536
114.5,35.8801626,4418.75578,-14.92985315,-14.92985315,-6.9085064,-6.9085064,-6.3804808,-6.3804808,0.0786283291,369.43878,369.43878,0.00304193661,0.00304193661,0.0092007671,0.0092007671,0.412796428,1839.0626,40.91933,0.00409383692,8.140773e-06,0.0,4418.75578,1838.72281,0.0786283291,-243.82615,0.000803060835
115.0,38.7497083,4418.2903,-16.1505423,-16.1505423,-7.47255429,-7.47255429,-6.93613584,-6.93613584,0.0788606206,369.43878,369.43878,0.0030509234,0.0030509234,0.00922794645,0.00922794645,0.412846896,1839.0626,40.91933,0.00410593147,4.479493e-06,0.0,4418.2903,1838.52925,0.0788606206,-244.882285,0.000808921675
115.5,39.365852,4414.25544,-16.4010365,-16.4010365,-7.5815398,-7.5815398,-7.04421315,-7.04421315,0.0789098173,369.43878,369.43878,0.00305282662,0.00305282662,0.0092337029,0.0092337029,0.412899916,1839.0626,40.91933,0.00410849271,1.27673e-07,0.0,4414.25544,1836.85033,0.0789098173,-245.105956,0.000810165064
116.0,39.365852,4413.65276,-16.3809005,-16.3809005,-7.57119716,-7.57119716,-7.03399303,-7.03399303,0.0789083228,369.43878,369.43878,0.00305276876,0.00305276876,0.00923352785,0.00923352785,0.41295299,1839.0626,40.91933,0.00410841501,-3.94294e-07,0.0,4413.65276,1836.59958,0.0789083228,-245.099156,0.000810127236
116.5,39.365852,4413.64008,-16.3804312,-16.3804312,-7.57095855,-7.57095855,-7.03375721,-7.03375721,0.0789082789,369.43878,369.43878,0.0030527671,0.0030527671,0.00923352275,0.00923352275,0.413006039,1839.0626,40.91933,0.00410841274,3.04612e-07,0.0,4413.64008,1836.5943,0.0789082789,-245.098957,0.000810126119
117.0,39.365852,4413.6396,-16.380423,-16.380423,-7.57095412,-7.57095412,-7.03375282,-7.03375282,0.0789082959,369.43878,369.43878,0.0030527677,0.0030527677,0.00923352455,0.00923352455,0.413059084,1839.0626,40.91933,0.00410841352,1.02853e-06,0.0,4413.6396,1836.5942,0.0789082959,-245.099033,0.000810126538
117.5,39.365852,4413.64215,-16.3803914,-16.3803914,-7.57094353,-7.57094353,-7.03374204,-7.03374204,0.0772020565,356.986253,356.986253,0.00288725211,0.00288725211,0.0087328539,0.0087328539,0.413112111,1839.0626,40.91933,0.00401957716,-0.000115555952,0.0,4413.64215,1836.59412,0.0772020565,-237.341466,0.000767814158
118.0,40.5702608,4416.18891,-16.8405123,-16.8405123,-7.78815464,-7.78815464,-7.24956241,-7.24956241,0.072842792,324.576186,324.576186,0.00247709553,0.00247709553,0.00749218302,0.00749218302,0.413165597,1839.0626,40.91933,0.00379260902,-0.00012459289,0.0,4416.18891,1837.65137,0.072842792,-217.521665,0.000663994505
118.5,43.3699272,4418.258250000001,-18.0441924,-18.0441924,-8.3486698,-8.3486698,-7.79704288,-7.79704288,0.0685828209,291.914349,291.914349,0.00209772381,0.00209772381,0.00634465937,0.00634465937,0.413222095,1839.0626,40.91933,0.00357081079,-0.000130816125,0.0,4418.258250000001,1838.50989,0.0685828209,-198.153316,0.000569538285
119.0,46.1760779,4418.32963,-19.2141086,-19.2141086,-8.89010665,-8.89010665,-8.31753015,-8.31753015,0.0643208589,259.258795,259.258795,0.00174748284,0.00174748284,0.00528527713,0.00528527713,0.413282294,1839.0626,40.91933,0.00334890891,-0.000123883038,0.0,4418.32963,1838.53715,0.0643208589,-178.775915,0.000481955277
119.5,48.9822293,4418.33686,-20.3818876,-20.3818876,-9.4304376,-9.4304376,-8.83875535,-8.83875535,0.0600583544,226.59811,226.59811,0.00142634527,0.00142634527,0.00431394887,0.00431394887,0.413346071,1839.0626,40.91933,0.00312697865,-0.000125561068,0.0,4418.33686,1838.53765,0.0600583544,-159.396045,0.000401281
120.0,51.284059,4417.159,-21.3751468,-21.3751468,-9.88735495,-9.88735495,-9.28087365,-9.28087365,0.0557584071,193.940108,193.940108,0.00113365948,0.00113365948,0.0034286988,0.0034286988,0.413413315,1839.0626,40.91933,0.00290309902,-0.00012653121,0.0,4417.159,1838.04501,0.0557584071,-139.845939,0.000326929027
120.5,51.509075,4413.91502,-21.4416379,-21.4416379,-9.91084195,-9.91084195,-9.30364595,-9.30364595,0.0512874091,161.282157,161.282157,0.000867481716,0.000867481716,0.00262364391,0.00262364391,0.413482093,1839.0626,40.91933,0.00267031353,-0.00012973086,0.0,4413.91502,1836.69258,0.0512874091,-119.5181309,0.000257080083
121.0,51.509075,4413.68861,-21.4334615,-21.4334615,-9.9065544,-9.9065544,-9.2994919,-9.2994919,0.047492152,133.689119,133.689119,0.000665177604,0.000665177604,0.00201178587,0.00201178587,0.413550804,1839.0626,40.91933,0.00247271091,-5.1133729e-05,0.0,4413.68861,1836.59613,0.047492152,-102.2626446,0.000203509222
121.5,51.509075,4450.70482,-16.66190377,-16.66190377,-7.6701443,-7.6701443,-7.08480284,-7.08480284,0.0467070244,130.53432,130.53432,0.000638462725,0.000638462725,0.00193099095,0.00193099095,0.413618349,1871.34064,40.91933,0.00243183271,-6.9645041e-05,0.0,4450.70482,1851.9984,0.0467070244,-98.6929892,0.000193194423
122.0,51.509075,6906.41509,15.0623406,15.0623406,10.7452084,10.7452084,11.59373285,11.59373285,0.0443605503,130.53432,130.53432,0.000606387544,0.000606387544,0.00183399576,0.00183399576,0.413583969,2917.28109,40.91933,0.00230966197,2.028839e-06,0.0,6906.41509,2873.83617,0.0443605503,-88.0245275,0.000163566533
122.5,51.509075,10620.47275,7.5945124,7.5945124,7.7238776,7.7238776,9.4575485,9.4575485,0.0449097364,130.53432,130.53432,0.000613894637,0.000613894637,0.0018566973,0.0018566973,0.413446064,4408.1377,40.91933,0.0023382557,6.232197e-05,0.0,10620.47275,4419.28336,0.0449097364,-90.5214524,0.000170410333
123.0,51.509075,11780.3456,-23.7161586,-23.7161586,-29.2668899,-29.2668899,-27.3212024,-27.3212024,0.0472253619,130.53432,130.53432,0.000645548157,0.000645548157,0.0019524171,0.0019524171,0.413496982,4870.5947,40.91933,0.00245882029,-4.32974e-06,0.0,11780.3456,4901.91643,0.0472253619,-101.0496562,0.000199895573
123.5,51.509075,11691.7746,-21.5217935,-21.5217935,-26.3504411,-26.3504411,-24.4479083,-24.4479083,0.0470631187,130.53432,130.53432,0.000643330351,0.000643330351,0.00194571059,0.00194571059,0.413662757,4870.5947,40.91933,0.00245037298,-1.58768e-06,0.0,11691.7746,4865.061220000001,0.0470631187,-100.3120032,0.000197752615
124.0,52.2198715,11691.0859,-21.6649503,-21.6649503,-26.5242106,-26.5242106,-24.6198075,-24.6198075,0.0471085759,130.53432,130.53432,0.000643951736,0.000643951736,0.00194758963,0.00194758963,0.413823123,4870.5947,40.91933,0.0024527397,7.253643e-06,0.0,11691.0859,4864.7746,0.0471085759,-100.5186783,0.000198352366
124.5,57.3290368,11698.384,-23.8296083,-23.8296083,-29.1925568,-29.1925568,-27.2658812,-27.2658812,0.0475210354,130.53432,130.53432,0.000649589852,0.000649589852,0.00196463906,0.00196463906,0.413990992,4870.5947,40.91933,0.00247421474,1.4923702e-05,0.0,11698.384,4867.811729999999,0.0475210354,-102.3939642,0.000203824529
125.0,63.1935255,11699.1062,-26.2946384,-26.2946384,-32.2142866,-32.2142866,-30.2264797,-30.2264797,0.047993397,130.53432,130.53432,0.000656046811,0.000656046811,0.00198416462,0.00198416462,0.414174725,4870.5947,40.91933,0.00249880852,1.4338211e-05,0.0,11699.1062,4868.1124,0.047993397,-104.541598,0.000210167916
125.5,69.0580181,11699.1202,-28.7355149,-28.7355149,-35.2047134,-35.2047134,-33.1533655,-33.1533655,0.0484639247,130.53432,130.53432,0.000662478712,0.000662478712,0.00200361428,0.00200361428,0.414373625,4870.5947,40.91933,0.00252330684,1.4407644e-05,0.0,11699.1202,4868.11851,0.0484639247,-106.680896,0.000216571258
126.0,74.922504,11699.1195,-31.175571,-31.175571,-38.194095,-38.194095,-36.0941726,-36.0941726,0.048934408,130.53432,130.53432,0.000668909988,0.000668909988,0.00202306204,0.00202306204,0.414587312,4870.5947,40.91933,0.00254780291,1.319648e-05,0.0,11699.1195,4868.11873,0.048934408,-108.8199935,0.000223058317
126.5,80.786996,11699.1194,-33.6159555,-33.6159555,-41.1838797,-41.1838797,-39.0074043,-39.0074043,0.0494049203,130.53432,130.53432,0.000675341658,0.000675341658,0.00204251092,0.00204251092,0.414815368,4870.5947,40.91933,0.00257230045,1.3912186e-05,0.0,11699.1194,4868.11885,0.0494049203,-110.9592179,0.00022963008
127.0,86.0986165,11697.814600000002,-35.884825,-35.884825,-43.9585708,-43.9585708,-41.7124204,-41.7124204,0.049835608,130.53432,130.53432,0.000681228954,0.000681228954,0.00206031365,0.00206031365,0.415057213,4870.5947,40.91933,0.00259472451,8.713039e-06,0.0,11697.814600000002,4867.57617,0.049835608,-112.9173819,0.000235717635
127.5,87.02866,11690.2687,-36.2444529,-36.2444529,-44.370538,-44.370538,-42.11545,-42.11545,0.0499085413,130.53432,130.53432,0.000682225936,0.000682225936,0.00206332837,0.00206332837,0.415306846,4870.5947,40.91933,0.00259852184,1.8778e-07,0.0,11690.2687,4864.43629,0.0499085413,-113.2489781,0.000236754251
128.0,87.02866,11689.376,-36.2139591,-36.2139591,-44.32982,-44.32982,-42.075755,-42.075755,0.0499062948,130.53432,130.53432,0.00068219522,0.00068219522,0.0020632355,0.0020632355,0.415556457,4870.5947,40.91933,0.00259840481,5.00995e-07,0.0,11689.376,4864.06485,0.0499062948,-113.2387649,0.000236722236
128.5,87.02866,11689.3573,-36.2132823,-36.2132823,-44.3289201,-44.3289201,-42.0748774,-42.0748774,0.0499062112,130.53432,130.53432,0.000682194083,0.000682194083,0.00206323206,0.00206323206,0.415806017,4870.5947,40.91933,0.00259840053,1.37438e-07,0.0,11689.3573,4864.057119999999,0.0499062112,-113.2383886,0.000236721056
129.0,87.02866,11689.357,-36.21327,-36.21327,-44.328903,-44.328903,-42.07486,-42.07486,0.0499062469,130.53432,130.53432,0.000682194563,0.000682194563,0.00206323351,0.00206323351,0.416055569,4870.5947,40.91933,0.00259840237,-2.70402e-07,0.0,11689.357,4864.057,0.0499062469,-113.2385482,0.000236721557
129.5,87.02866,11689.357,-36.21327,-36.21327,-44.328903,-44.328903,-42.07486,-42.07486,0.0499062266,130.53432,130.53432,0.000682194299,0.000682194299,0.00206323269,0.00206323269,0.416305108,4870.5947,40.91933,0.00259840137,-1.54096e-07,0.0,11689.357,4864.057,0.0499062266,-113.2384614,0.000236721283
130.0,87.02866,11689.357,-36.2132719,-36.2132719,-44.3289057,-44.3289057,-42.0748626,-42.0748626,0.0499433448,130.810354,130.810354,0.000684153692,0.000684153692,0.00206915871,0.00206915871,0.416554643,4870.5947,40.91933,0.00260033395,1.8944085e-05,0.0,11689.357,4864.057,0.0499433448,-113.4072184,0.000237252455
130.5,87.02866,11689.3545,-36.2132975,-36.2132975,-44.3289272,-44.3289272,-42.0748835,-42.0748835,0.0520505265,146.168665,146.168665,0.000797394187,0.000797394187,0.00241164447,0.00241164447,0.416804171,4870.5947,40.91933,0.0027100458,9.3917677e-05,0.0,11689.3545,4864.057,0.0520505265,-122.9877121,0.00026831596
131.0,87.02866,11689.3502,-36.213295,-36.213295,-44.328907,-44.328907,-42.0748643,-42.0748643,0.0553148775,169.925496,169.925496,0.000984973791,0.000984973791,0.00297896897,0.00297896897,0.417053686,4870.5947,40.91933,0.00288000647,9.1956194e-05,0.0,11689.3502,4864.057,0.0553148775,-137.829391,0.000319521499
131.5,86.0143929,11686.9936,-35.909592,-35.909592,-43.9484828,-43.9484828,-41.7037025,-41.7037025,0.058506806,193.682469,193.682469,0.00118726137,0.00118726137,0.00359078775,0.00359078775,0.417303001,4870.5947,40.91933,0.00304619633,8.3913224e-05,0.0,11686.9936,4863.07836,0.058506806,-152.341785,0.000373485038
132.0,75.9365617,11671.10375,-31.6695043,-31.6695043,-38.7066144,-38.7066144,-36.5928631,-36.5928631,0.060959682,217.438769,217.438769,0.00138852568,0.00138852568,0.0041995315,0.0041995315,0.417540461,4870.5947,40.91933,0.00317390692,6.5138614e-05,0.0,11671.10375,4856.46807,0.060959682,-163.494009,0.000417558389
132.5,63.7130878,11669.0375,-26.5127037,-26.5127037,-32.3979661,-32.3979661,-30.4109993,-30.4109993,0.063238345,241.198638,241.198638,0.00159775905,0.00159775905,0.00483239329,0.00483239329,0.417748257,4870.5947,40.91933,0.003292547,6.8203165e-05,0.0,11669.0375,4855.60953,0.063238345,-173.854161,0.00046060792
133.0,51.4896145,11668.991,-21.4253238,-21.4253238,-26.1811868,-26.1811868,-24.2910715,-24.2910715,0.0655218121,264.95338,264.95338,0.00181842729,0.00181842729,0.00549985455,0.00549985455,0.417924362,4870.5947,40.91933,0.00341143729,6.4255764e-05,0.0,11668.991,4855.59185,0.0655218121,-184.236158,0.000505731195
133.5,39.2661421,11668.9867,-16.338964,-16.338964,-19.9657805,-19.9657805,-18.1658666,-18.1658666,0.0668343461,281.620726,281.620726,0.00197102786,0.00197102786,0.00596144145,0.00596144145,0.418066667,4870.5947,40.91933,0.00347977521,-9.892109e-06,0.0,11668.9867,4855.59076,0.0668343461,-190.203714,0.000532493261
134.0,27.145812,11669.1352,-11.267632,-11.267632,-13.768889,-13.768889,-12.0468876,-12.0468876,0.0659434217,282.224,282.224,0.00194892011,0.00194892011,0.00589458755,0.00589458755,0.418172467,4870.5947,40.91933,0.00343338876,-2.6404898e-05,0.0,11669.1352,4855.65203,0.0659434217,-186.15305,0.000514211964
134.5,22.8245157,11684.5434,-9.30830545,-9.30830545,-11.3897793,-11.3897793,-9.62314355,-9.62314355,0.0655836116,282.224,282.224,0.00193828609,0.00193828609,0.00586242839,0.00586242839,0.418247352,4870.5947,40.91933,0.00341465488,5.086328e-06,0.0,11684.5434,4862.0632,0.0655836116,-184.517128,0.000506898323
135.0,26.111851,11695.24985,-10.8313359,-10.8313359,-13.2654435,-13.2654435,-11.5953414,-11.5953414,0.0658585199,282.224,282.224,0.00194641089,0.00194641089,0.0058869993,0.0058869993,0.418324004,4870.5947,40.91933,0.00342896827,9.730927e-06,0.0,11695.24985,4866.518239999999,0.0658585199,-185.767034,0.00051247274
135.5,30.2702267,11696.2343,-12.5947991,-12.5947991,-15.4264484,-15.4264484,-13.6754634,-13.6754634,0.0661945876,282.224,282.224,0.00195634321,0.00195634321,0.00591703637,0.00591703637,0.418414577,4870.5947,40.91933,0.00344646587,9.544461e-06,0.0,11696.2343,4866.928190000001,0.0661945876,-187.295,0.000519324413
136.0,34.4286028,11696.2554,-14.32587815,-14.32587815,-17.5467507,-17.5467507,-15.74553065,-15.74553065,0.0665282793,282.224,282.224,0.00196620516,0.00196620516,0.00594686065,0.00594686065,0.418518146,4870.5947,40.91933,0.00346383969,9.417618e-06,0.0,11696.2554,4866.93705,0.0665282793,-188.812148,0.000526170226
136.5,38.586979,11696.2549,-16.0563092,-16.0563092,-19.6662325,-19.6662325,-17.8608651,-17.8608651,0.0668619329,282.224,282.224,0.00197606622,0.00197606622,0.00597668209,0.00597668209,0.418634533,4870.5947,40.91933,0.00348121163,9.576538e-06,0.0,11696.2549,4866.93695,0.0668619329,-190.329143,0.000533057751
137.0,42.745354,11696.255,-17.7865137,-17.7865137,-21.7854369,-21.7854369,-19.9867638,-19.9867638,0.0671955146,282.224,282.224,0.00198592498,0.00198592498,0.00600649671,0.00600649671,0.4187636,4870.5947,40.91933,0.00349857974,9.176223e-06,0.0,11696.255,4866.93715,0.0671955146,-191.845803,0.000539986128
137.5,46.9037298,11696.254,-19.5170186,-19.5170186,-23.9050073,-23.9050073,-22.0494841,-22.0494841,0.0675291565,282.224,282.224,0.00199578557,0.00199578557,0.00603631664,0.00603631664,0.418904781,4870.5947,40.91933,0.00351595099,9.837541e-06,0.0,11696.254,4866.93705,0.0675291565,-193.362733,0.000546958149
138.0,50.9980775,11696.1499,-21.2359703,-21.2359703,-26.0101906,-26.0101906,-24.1127451,-24.1127451,0.0678588355,282.224,282.224,0.00200552903,0.00200552903,0.0060657825,0.0060657825,0.41905765,4870.5947,40.91933,0.00353311601,8.243256e-06,0.0,11696.1499,4866.89392,0.0678588355,-194.861649,0.000553888821
138.5,52.405315,11690.9267,-21.8544284,-21.8544284,-26.7557473,-26.7557473,-24.8481356,-24.8481356,0.067974505,282.224,282.224,0.00200894759,0.00200894759,0.00607612073,0.00607612073,0.41921926,4870.5947,40.91933,0.00353913843,-2.5557e-07,0.0,11690.9267,4864.72049,0.067974505,-195.38755,0.000556328805
139.0,52.405315,10901.88175,-43.6893175,-43.6893175,-48.9607424,-48.9607424,-46.5866581,-46.5866581,0.0695856345,282.224,282.224,0.00205656366,0.00205656366,0.00622011842,0.00622011842,0.4194188,4498.41968,40.91933,0.00362302306,4.2012502e-05,0.0,10901.88175,4536.39409,0.0695856345,-202.712706,0.000591093716
139.5,52.405315,7972.55856,-38.5469609,-38.5469609,-32.97548065,-32.97548065,-31.5505505,-31.5505505,0.0692113862,282.224,282.224,0.00204550296,0.00204550296,0.00618666913,0.00618666913,0.41968524,3353.04058,40.91933,0.00360353747,-9.017613e-05,0.0,7972.55856,3317.48088,0.0692113862,-201.011146,0.000583008116
140.0,52.405315,7601.75136,-20.7137414,-20.7137414,-16.4924061,-16.4924061,-15.5942233,-15.5942233,0.0678899355,282.224,282.224,0.00200644816,0.00200644816,0.00606856213,0.00606856213,0.419814019,3181.3425,40.91933,0.00353473527,6.02247e-06,0.0,7601.75136,3163.18449,0.0678899355,-195.003049,0.000554544184
140.5,52.405315,7634.40926,-21.7796992,-21.7796992,-17.412294,-17.412294,-16.4917397,-16.4917397,0.0679689599,282.224,282.224,0.00200878373,0.00200878373,0.00607562523,0.00607562523,0.419927124,3181.3425,40.91933,0.0035388498,-2.71192e-07,0.0,7634.40926,3176.77376,0.0679689599,-195.362343,0.000556211673
141.0,52.405315,7635.1137,-21.8057397,-21.8057397,-17.4347189,-17.4347189,-16.5137026,-16.5137026,0.0679708865,282.224,282.224,0.00200884064,0.00200884064,0.00607579722,0.00607579722,0.420041762,3181.3425,40.91933,0.00353894998,7.35387e-07,0.0,7635.1137,3177.06688,0.0679708865,-195.371098,0.000556252355
141.5,52.405315,7631.78549,-22.2008043,-22.2008043,-17.7421813,-17.7421813,-16.8179202,-16.8179202,0.0679998606,282.224,282.224,0.00200969703,0.00200969703,0.00607838701,0.00607838701,0.420156575,3178.58013,40.91933,0.00354045866,5.323137e-06,0.0,7631.78549,3175.68197,0.0679998606,-195.502838,0.000556865431
142.0,51.8828478,7439.71595,-24.3994387,-24.3994387,-19.0117215,-19.0117215,-18.0980482,-18.0980482,0.068136741,282.224,282.224,0.0020137424,0.0020137424,0.00609062093,0.00609062093,0.42027834,3097.47767,40.91933,0.00354758537,-2.855111e-06,0.0,7439.71595,3095.7605,0.068136741,-196.125175,0.000559762208
142.5,50.2967731,7151.197010000001,-23.5504058,-23.5504058,-17.6379344,-17.6379344,-16.7669177,-16.7669177,0.067538718,278.883411,278.883411,0.0019726754,0.0019726754,0.00596640713,0.00596640713,0.420398405,2980.72246,40.91933,0.00351644891,-5.6106712e-05,0.0,7151.197010000001,2975.70532,0.067538718,-193.40621,0.000547219018
143.0,49.0578559,6871.615090000001,-23.0042616,-23.0042616,-16.5541814,-16.5541814,-15.7090651,-15.7090651,0.0648028516,259.702094,259.702094,0.0017629137,0.0017629137,0.00533194336,0.00533194336,0.420511189,2863.96727,40.91933,0.00337400412,-8.5913476e-05,0.0,6871.615090000001,2859.36763,0.0648028516,-180.96734,0.00049136409
143.5,48.97739,6596.576360000001,-22.588935,-22.588935,-15.6083691,-15.6083691,-14.7923995,-14.7923995,0.0618564079,238.510166,238.510166,0.00154553039,0.00154553039,0.00467443512,0.00467443512,0.420618733,2750.03327,40.91933,0.00322059556,-8.817938e-05,0.0,6596.576360000001,2744.92021,0.0618564079,-167.571061,0.00043432978
144.0,45.4333392,6499.90268,-19.1737269,-19.1737269,-13.05288,-13.05288,-12.29522675,-12.29522675,0.0585182211,217.315949,217.315949,0.00133245162,0.00133245162,0.00402996163,0.00402996163,0.420715587,2714.616,40.91933,0.00304679061,-0.000127816822,0.0,6499.90268,2704.69171,0.0585182211,-152.393684,0.000373813362
144.5,6.14903882,6443.2085,-2.860155613,-2.860155613,-1.934889181,-1.934889181,-1.3910393,-1.3910393,0.0524600219,196.12337,196.12337,0.001078681787,0.001078681787,0.00326245316,0.00326245316,0.420772298,2714.616,40.91933,0.00273136638,-0.000198273924,0.0,6443.2085,2681.09727,0.0524600219,-124.8495204,0.000275091287
145.0,-28.607211,6465.55429,12.5568176,12.5568176,8.50413164,8.50413164,9.2477219,9.2477219,0.0467079967,175.093576,175.093576,0.000857030389,0.000857030389,0.00259208651,0.00259208651,0.42072674,2714.616,40.91933,0.00243188334,-0.000114438575,0.0,6465.55429,2690.39211,0.0467079967,-98.697409,0.000193294357
145.5,-30.017368,5114.38622,-19.493546582,-19.493546582,-9.415015481,-9.415015481,-8.767110042,-8.767110042,0.0478898552,167.03401,167.03401,0.000837677861,0.000837677861,0.002533536,0.002533536,0.420701108,2074.7681,40.91933,0.00249341762,9.1000135e-05,0.0,5114.38622,2128.16177,0.0478898552,-104.0708376,0.000208958935
146.0,-30.017368,1530.61495,-6.50906878,-6.50906878,-2.11608292,-2.11608292,-1.717496184,-1.717496184,0.0469375697,167.03401,167.03401,0.000821020722,0.000821020722,0.00248316366,0.00248316366,0.420754135,678.837556,40.91933,0.00244383618,-7.481112e-05,0.0,1530.61495,636.927575,0.0469375697,-99.7411834,0.000196469167
146.5,-30.017368,1142.17826,13.71455725,13.71455725,1.63637691,1.63637691,1.99050807,1.99050807,0.0454402183,167.03401,167.03401,0.000794829413,0.000794829413,0.0024039594,0.0024039594,0.420744482,491.37555,40.91933,0.00236587551,8.93452e-06,0.0,1142.17826,475.295334,0.0454402183,-92.9333361,0.000176890121
147.0,-17.749478668,1206.17634,8.00165043,8.00165043,0.9994719997,0.9994719997,1.2778411152,1.2778411152,0.0464665073,167.03401,167.03401,0.000812781008,0.000812781008,0.00245824639,0.00245824639,0.4207296,491.37555,40.91933,0.00241931002,7.7969355e-05,0.0,1206.17634,501.926009,0.0464665073,-97.599455,0.00019010614
147.5,6.24539297,1211.03355,-3.1610808,-3.1610808,-0.400794527,-0.400794527,-0.255438803,-0.255438803,0.0484813865,167.03401,167.03401,0.000848024787,0.000848024787,0.00256482563,0.00256482563,0.420726759,491.37555,40.91933,0.00252421601,1.0887664e-05,0.0,1211.03355,503.948318,0.0484813865,-106.7602871,0.000216807843
148.0,6.4120817,1180.28432,-2.70640685,-2.70640685,-0.334513653,-0.334513653,-0.210711862,-0.210711862,0.0484564962,167.03401,167.03401,0.000847589419,0.000847589419,0.00256350909,0.00256350909,0.420728624,491.37555,40.91933,0.00252292017,7.52692e-07,0.0,1180.28432,491.153306,0.0484564962,-106.647123,0.000216466041
148.5,6.4120817,1179.25352,-2.66885713,-2.66885713,-0.32958021,-0.32958021,-0.20754551,-0.20754551,0.0484536884,167.03401,167.03401,0.00084754034,0.00084754034,0.00256336057,0.00256336057,0.420730296,491.37555,40.91933,0.00252277399,-1.77249e-06,0.0,1179.25352,490.724381,0.0484536884,-106.6343614,0.000216427596
149.0,6.4120817,1179.23461,-2.66809623,-2.66809623,-0.329480959,-0.329480959,-0.20748195,-0.20748195,0.0477369052,161.77038,161.77038,0.000810103227,0.000810103227,0.00245013284,0.00245013284,0.420731958,491.37555,40.91933,0.00248545416,-0.000156446915,0.0,1179.23461,490.716105,0.0477369052,-103.375438,0.00020706057
149.5,6.4120817,1179.25289,-2.66796137,-2.66796137,-0.32946941,-0.32946941,-0.207475698,-0.207475698,0.0343895843,64.5206041,64.5206041,0.000252637908,0.000252637908,0.000764109546,0.000764109546,0.420733628,491.37555,40.91933,0.00179051683,-0.000518785882,0.0,1179.25289,490.715907,0.0343895843,-42.6906078,6.6564475e-05
150.0,6.4120817,1179.34157,-2.66760657,-2.66760657,-0.329450374,-0.329450374,-0.207468689,-0.207468689,-0.0285947827,-66.1748157,-66.1748157,0.000248371206,0.000248371206,0.000755159558,0.000755159558,0.420735308,491.37555,40.91933,-0.00148880662,-6.9917771e-05,0.0,1179.34157,490.716043,-0.0285947827,37.6239253,5.8282561e-05
150.5,6.4120817,1179.36816,-2.66808184,-2.66808184,-0.329516495,-0.329516495,-0.207511827,-0.207511827,-0.047119935,-164.862389,-164.862389,0.000815154663,0.000815154663,0.00246541907,0.00246541907,0.420736974,491.37555,40.91933,-0.00245333114,-0.000154983274,0.0,1179.36816,490.716299,-0.047119935,100.5703199,0.00019891826
151.0,6.34795062,1179.22058,-2.64914127,-2.64914127,-0.327137162,-0.327137162,-0.206005389,-0.206005389,-0.0479381704,-170.73703,-170.73703,0.000857112424,0.000857112424,0.00259231979,0.00259231979,0.420738638,491.37555,40.91933,-0.00249593318,-1.045952e-06,0.0,1179.22058,490.654391,-0.0479381704,104.290508,0.000209418414
151.5,5.68462732,1178.16458,-2.37030224,-2.37030224,-0.292442388,-0.292442388,-0.184104864,-0.184104864,-0.0479915043,-170.73703,-170.73703,0.000858066004,0.000858066004,0.00259520342,0.00259520342,0.420740215,491.37555,40.91933,-0.00249870999,-2.475065e-06,0.0,1178.16458,490.214952,-0.0479915043,104.5329946,0.000210138925
152.0,4.87444636,1178.02313,-2.02838442,-2.02838442,-0.250226187,-0.250226187,-0.157521722,-0.157521722,-0.0480568574,-170.73703,-170.73703,0.000859234485,0.000859234485,0.00259873704,0.00259873704,0.420741577,491.37555,40.91933,-0.00250211263,-1.194711e-06,0.0,1178.02313,490.156061,-0.0480568574,104.8301284,0.00021102321
152.5,4.06426541,1178.0203,-1.69118851,-1.69118851,-0.20862839,-0.20862839,-0.131335084,-0.131335084,-0.0481219006,-170.73703,-170.73703,0.000860397443,0.000860397443,0.00260225387,0.00260225387,0.420742731,491.37555,40.91933,-0.00250549917,-2.138428e-06,0.0,1178.0203,490.154848,-0.0481219006,105.1258548,0.00021190493
153.0,3.29961553,1178.12281,-1.3666264,-1.3666264,-0.168603477,-0.168603477,-0.106141479,-0.106141479,-0.0481837228,-170.73703,-170.73703,0.000861502787,0.000861502787,0.00260559648,0.00260559648,0.420743675,491.37555,40.91933,-0.00250871802,-6.28694e-07,0.0,1178.12281,490.197461,-0.0481837228,105.4069355,0.000212744449
153.5,3.1222913,1179.18916,-1.29325408,-1.29325408,-0.159696798,-0.159696798,-0.100563632,-0.100563632,-0.0481979677,-170.73703,-170.73703,0.000861757476,0.000861757476,0.00260636665,0.00260636665,0.42074447,491.37555,40.91933,-0.00250945963,7.2557e-07,0.0,1179.18916,490.641171,-0.0481979677,105.4716986,0.000212938051
154.0,3.1222913,1179.365,-1.29906755,-1.29906755,-0.160438501,-0.160438501,-0.1010354768,-0.1010354768,-0.0481975578,-170.73703,-170.73703,0.000861750156,0.000861750156,0.0026063445,0.0026063445,0.420745273,491.37555,40.91933,-0.00250943835,1.66469e-07,0.0,1179.365,490.714344,-0.0481975578,105.4698381,0.000212932486
154.5,3.1222913,1179.36875,-1.29920586,-1.29920586,-0.160456084,-0.160456084,-0.1010466546,-0.1010466546,-0.0481975379,-170.73703,-170.73703,0.000861749802,0.000861749802,0.00260634347,0.00260634347,0.420746073,491.37555,40.91933,-0.00250943731,2.7612e-07,0.0,1179.36875,490.715885,-0.0481975379,105.4697491,0.000212932215
155.0,3.1222913,1179.3688,-1.29920843,-1.29920843,-0.160456416,-0.160456416,-0.101046866,-0.101046866,-0.0481975348,-170.73703,-170.73703,0.000861749728,0.000861749728,0.00260634321,0.00260634321,0.42074687,491.37555,40.91933,-0.00250943709,1.65343e-07,0.0,1179.3688,490.71594,-0.0481975348,105.4697285,0.000212932162
155.5,3.1222913,1179.3688,-1.2992085,-1.2992085,-0.16045642,-0.16045642,-0.10104687,-0.10104687,-0.0481975517,-170.73703,-170.73703,0.000861750031,0.000861750031,0.00260634414,0.00260634414,0.420747673,491.37555,40.91933,-0.00250943799,8.30361e-07,0.0,1179.3688,490.71594,-0.0481975517,105.469807,0.000212932393
156.0,3.1222913,1179.3688,-1.2992085,-1.2992085,-0.16045642,-0.16045642,-0.10104687,-0.10104687,-0.0481975374,-170.73703,-170.73703,0.00086174979,0.00086174979,0.00260634342,0.00260634342,0.42074847,491.37555,40.91933,-0.00250943727,-1.450018e-06,0.0,1179.3688,490.71594,-0.0481975374,105.4697425,0.000212932205
156.5,3.1222913,1179.3688,-1.29920849,-1.29920849,-0.16045642,-0.16045642,-0.10104687,-0.10104687,-0.0481975536,-170.73703,-170.73703,0.000861750075,0.000861750075,0.00260634433,0.00260634433,0.420749269,491.37555,40.91933,-0.00250943811,3.02152e-07,0.0,1179.3688,490.71594,-0.0481975536,105.4698175,0.000212932422
157.0,3.1222913,1179.3688,-1.2992085,-1.2992085,-0.16045642,-0.16045642,-0.10104687,-0.10104687,-0.0481975222,-170.73703,-170.73703,0.000861749513,0.000861749513,0.0026063426,0.0026063426,0.42075007,491.37555,40.91933,-0.00250943651,4.91654e-07,0.0,1179.3688,490.71594,-0.0481975222,105.4696736,0.000212931998
157.5,3.18146037,1179.40471,-1.30260253,-1.30260253,-0.160880607,-0.160880607,-0.101315007,-0.101315007,-0.0481944813,-170.73703,-170.73703,0.000861695146,0.000861695146,0.0026061782,0.0026061782,0.420750871,491.37555,40.91933,-0.00250927811,3.365474e-06,0.0,1179.40471,490.730882,-0.0481944813,105.4558485,0.000212890666
158.0,14.59092228,1202.04983,-5.79268979,-5.79268979,-0.731396379,-0.731396379,-0.529167102,-0.529167102,-0.0473000021,-170.73703,-170.73703,0.00084570226,0.00084570226,0.00255781464,0.00255781464,0.420752766,491.37555,40.91933,-0.00246270646,4.7020511e-05,0.0,1202.04983,500.154186,-0.0473000021,101.3890145,0.000200923796
158.5,34.3671771,1212.02421,-14.2900027,-14.2900027,-1.81378698,-1.81378698,-1.51442986,-1.51442986,-0.0456935293,-170.73703,-170.73703,0.000816979274,0.000816979274,0.00247095394,0.00247095394,0.420760916,491.37555,40.91933,-0.00237906439,4.5514998e-05,0.0,1212.02421,504.305541,-0.0456935293,94.0850381,0.000180118999
159.0,54.1434324,1212.27298,-22.5299796,-22.5299796,-2.86015725,-2.86015725,-2.45903459,-2.45903459,-0.043821646,-168.647615,-168.647615,0.000774363376,0.000774363376,0.00234207293,0.00234207293,0.420776675,491.37555,40.91933,-0.00228160354,0.00011055523,0.0,1212.27298,504.410144,-0.043821646,85.57435,0.000157264863
159.5,73.9196878,1212.26305,-30.7589507,-30.7589507,-3.90478327,-3.90478327,-3.37670101,-3.37670101,-0.0344796838,-112.12359,-112.12359,0.00041359337,0.00041359337,0.001250931414,0.001250931414,0.420799609,491.37555,40.91933,-0.00179520797,0.000373837491,0.0,1212.26305,504.411467,-0.0344796838,43.1002562,6.4749538e-05
160.0,93.6959438,1212.20118,-38.988697,-38.988697,-4.94927074,-4.94927074,-4.26814761,-4.26814761,0.0130521661,-31.85950076,-31.85950076,9.39933e-06,9.39933e-06,0.000141092212,0.000141092212,0.420829363,491.37555,40.91933,0.00067956983,0.002089295414,0.0,1212.20118,504.413481,0.0130521661,-13.876954949,2.2509355e-05
160.5,112.9234946,1211.06566,-47.0914712,-47.0914712,-5.97193428,-5.97193428,-5.11550561,-5.11550561,0.0406922396,48.4060732,48.4060732,0.000214892791,0.000214892791,0.000649943548,0.000649943548,0.420865636,491.37555,40.91933,0.00211866888,0.000349502462,0.0,1211.06566,503.957129,0.0406922396,-71.3462161,0.000124039357
161.0,118.63919,1185.41011,-49.5618329,-49.5618329,-6.15249804,-6.15249804,-5.24038524,-5.24038524,0.0521880313,128.674297,128.674297,0.000710841266,0.000710841266,0.00214985815,0.00214985815,0.420905917,491.37555,40.91933,0.00271720507,0.000315126155,0.0,1185.41011,493.288377,0.0521880313,-123.6128931,0.000272121224
161.5,118.63919,1179.35375,-49.3717565,-49.3717565,-6.09749269,-6.09749269,-5.19047885,-5.19047885,0.0607963215,191.362053,191.362053,0.00121919166,0.00121919166,0.00368733087,0.00368733087,0.420945832,491.37555,40.91933,0.00316540147,9.9148407e-05,0.0,1179.35375,490.773293,0.0607963215,-162.751279,0.000414685965
162.0,118.7971406,1179.46685,-49.3933764,-49.3933764,-6.10075409,-6.10075409,-5.19321272,-5.19321272,0.0614285033,195.86542,195.86542,0.00125995876,0.00125995876,0.00381063063,0.00381063063,0.420985652,491.37555,40.91933,0.0031983164,5.270288e-06,0.0,1179.46685,490.820723,0.0614285033,-165.62555,0.000426173097
162.5,128.1932424,1197.50113,-53.1643039,-53.1643039,-6.66791146,-6.66791146,-5.66559554,-5.66559554,0.0621707193,195.86542,195.86542,0.00127518232,0.00127518232,0.00385666532,0.00385666532,0.421026755,491.37555,40.91933,0.00323696036,3.5062693e-05,0.0,1197.50113,498.325364,0.0621707193,-169.000103,0.000440133112
163.0,142.10699,1201.88498,-59.2350558,-59.2350558,-7.45513631,-7.45513631,-6.2928169,-6.2928169,0.0619278843,185.737005,185.737005,0.00120827718,0.00120827718,0.00365429955,0.00365429955,0.421072412,491.37555,40.91933,0.00322431709,-0.000245638356,0.0,1201.88498,500.14937,0.0619278843,-167.896032,0.00043639821
163.5,145.60152,1182.82713,-60.7031098,-60.7031098,-7.51904948,-7.51904948,-6.31873149,-6.31873149,0.044582756,57.335028886,57.335028886,0.000298773074,0.000298773074,0.000918684846,0.000918684846,0.421120595,491.37555,40.91933,0.00232123122,-0.000633465307,0.0,1182.82713,492.209141,0.044582756,-89.034808,0.000174048804
164.0,111.8034217,1101.778775,-48.4221965,-48.4221965,-5.68716666,-5.68716666,-4.78287832,-4.78287832,-0.0102003278,-104.4200132,-104.4200132,0.000256121002,0.000256121002,0.000951827771,0.000951827771,0.421166,491.37555,40.91933,-0.0005310869,-0.000835759735,0.0,1101.778775,458.452318,-0.0102003278,23.64376524,5.9816222e-05
164.5,28.7584143,1064.605688,-10.3044417,-10.3044417,-1.141691558,-1.141691558,-0.889016628,-0.889016628,-0.0571979618,-250.450386,-250.450386,0.001513555374,0.001513555374,0.00457781399,0.00457781399,0.421184878,491.37555,40.91933,-0.00297805046,-0.000440749617,0.0,1064.605688,442.956894,-0.0571979618,146.3910026,0.000354340278
165.0,26.0532409,1172.50538,-10.70882,-10.70882,-1.31484612,-1.31484612,-1.06230149,-1.06230149,-0.0607473368,-275.39267,-275.39267,0.00175189569,0.00175189569,0.00529870942,0.00529870942,0.421192622,491.37555,40.91933,-0.00316285106,-3.32906e-06,0.0,1172.50538,487.852675,-0.0607473368,162.528567,0.00041356698
165.5,24.0172633,1175.93466,-9.9913086,-9.9913086,-1.23036417,-1.23036417,-0.978537744,-0.978537744,-0.0609010499,-275.39267,-275.39267,0.00175632861,0.00175632861,0.00531211542,0.00531211542,0.421200829,491.37555,40.91933,-0.00317085416,-5.075671e-06,0.0,1175.93466,489.279545,-0.0609010499,163.227432,0.000416396401
166.0,21.981286,1175.997,-9.1464483,-9.1464483,-1.12638615,-1.12638615,-0.871596467,-0.871596467,-0.0610641946,-275.39267,-275.39267,0.00176103354,0.00176103354,0.0053263441,0.0053263441,0.421208229,491.37555,40.91933,-0.00317934842,-3.689978e-06,0.0,1175.997,489.305373,-0.0610641946,163.969188,0.000419409166
166.5,19.9453088,1175.99831,-8.29941136,-8.29941136,-1.02207463,-1.02207463,-0.768816042,-0.768816042,-0.0612275649,-275.39267,-275.39267,0.00176574499,0.00176574499,0.00534059259,0.00534059259,0.421214788,491.37555,40.91933,-0.00318785446,-5.832143e-06,0.0,1175.99831,489.305829,-0.0612275649,164.711968,0.000422436251
167.0,17.9093308,1175.99858,-7.45219133,-7.45219133,-0.91773947,-0.91773947,-0.670521132,-0.670521132,-0.0613909128,-275.39267,-275.39267,0.00177045579,0.00177045579,0.00535483895,0.00535483895,0.421220545,491.37555,40.91933,-0.00319635921,-3.358634e-06,0.0,1175.99858,489.305852,-0.0613909128,165.454642,0.000425473076
167.5,15.8733533,1175.99868,-6.60499487,-6.60499487,-0.813407057,-0.813407057,-0.576738015,-0.576738015,-0.0615542396,-275.39267,-275.39267,0.00177516599,0.00177516599,0.00536908371,0.00536908371,0.421225531,491.37555,40.91933,-0.00320486302,-5.408072e-06,0.0,1175.99868,489.305799,-0.0615542396,166.197228,0.000428519697
168.0,13.837376,1175.99907,-5.75777251,-5.75777251,-0.709071632,-0.709071632,-0.487461267,-0.487461267,-0.0617176016,-275.39267,-275.39267,0.00177987721,0.00177987721,0.0053833312,0.0053833312,0.421229784,491.37555,40.91933,-0.00321336849,-4.654481e-06,0.0,1175.99907,489.305864,-0.0617176016,166.939964,0.00043157709
168.5,11.9616501,1176.36874,-4.95798719,-4.95798719,-0.610762496,-0.610762496,-0.407401655,-0.407401655,-0.0618695981,-275.39267,-275.39267,0.00178426062,0.00178426062,0.00539658753,0.00539658753,0.421233348,491.37555,40.91933,-0.00322128231,-2.920449e-06,0.0,1176.36874,489.459605,-0.0618695981,167.631025,0.000434430718
169.0,11.591235,1179.02336,-4.81086046,-4.81086046,-0.593983117,-0.593983117,-0.394129321,-0.394129321,-0.0618988807,-275.39267,-275.39267,0.00178510512,0.00178510512,0.00539914157,0.00539914157,0.4212365,491.37555,40.91933,-0.00322280695,-3.9586e-07,0.0,1179.02336,490.564183,-0.0618988807,167.764164,0.000434981327
169.5,11.591235,1179.38044,-4.82291832,-4.82291832,-0.595651778,-0.595651778,-0.395453212,-0.395453212,-0.0618980371,-275.39267,-275.39267,0.00178508076,0.00178508076,0.00539906791,0.00539906791,0.421239653,491.37555,40.91933,-0.00322276299,-4.00897e-07,0.0,1179.38044,490.712761,-0.0618980371,167.76033,0.000434965448
170.0,11.591235,1179.38789,-4.82319322,-4.82319322,-0.595689481,-0.595689481,-0.395483111,-0.395483111,-0.0618979709,-275.39267,-275.39267,0.00178507882,0.00178507882,0.00539906204,0.00539906204,0.42124281,491.37555,40.91933,-0.00322275955,1.37759e-07,0.0,1179.38789,490.715854,-0.0618979709,167.760027,0.000434964182
170.5,11.591235,1179.388,-4.82319827,-4.82319827,-0.595690186,-0.595690186,-0.395483667,-0.395483667,-0.061897981,-275.39267,-275.39267,0.00178507915,0.00178507915,0.00539906294,0.00539906294,0.421245974,491.37555,40.91933,-0.00322276012,1.151083e-06,0.0,1179.388,490.7159,-0.061897981,167.760073,0.000434964389
171.0,11.591235,1179.388,-4.8231983,-4.8231983,-0.5956902,-0.5956902,-0.39548367,-0.39548367,-0.0618979882,-275.39267,-275.39267,0.00178507937,0.00178507937,0.00539906366,0.00539906366,0.421249125,491.37555,40.91933,-0.00322276047,-5.60033e-07,0.0,1179.388,490.7159,-0.0618979882,167.760106,0.000434964525
171.5,11.591235,1231.33893,3.58257166,3.58257166,0.7881863,0.7881863,1.140102224,1.140102224,-0.0625091361,-275.39267,-275.39267,0.00180270432,0.00180270432,0.00545236444,0.00545236444,0.421251582,544.02365,40.91933,-0.00325458035,-0.000233635489,0.0,1231.33893,512.33271,-0.0625091361,170.538747,0.000446981767
172.0,11.591235,4600.71567,69.4185096,24.89374,27.87829166,9.23456366,29.9557488,10.195372,-0.0510965728,-275.39267,-180.63839,0.00147357678,0.001056907554,0.00445684842,0.00319664197,0.421126659,1937.41022,40.91933,-0.00266037748,0.00053267532,0.0,4600.71567,1914.36191,-0.0510965728,118.6504778,0.000273837431
172.5,11.591235,5011.45795,-8.74617294,-8.74617294,-4.63030455,-4.63030455,-4.0921473,-4.0921473,-0.0616071375,-275.39267,-275.39267,0.00177669149,0.00177669149,0.0053736971,0.0053736971,0.421108296,2037.5911,40.91933,-0.0032076171,-2.4498782e-05,0.0,5011.45795,2085.26868,-0.0616071375,166.437726,0.000429520181
173.0,11.591235,4892.9362,-4.92035089,-4.92035089,-2.52115185,-2.52115185,-2.04826111,-2.04826111,-0.0618907856,-275.39267,-275.39267,0.00178487163,0.00178487163,0.00539843542,0.00539843542,0.421128468,2037.5911,40.91933,-0.00322238546,-1.169366e-06,0.0,4892.9362,2035.95077,-0.0618907856,167.727359,0.000434829022
173.5,5.43515894,4877.52161,-2.45916316,-2.45916316,-1.257319052,-1.257319052,-0.996897488,-0.996897488,-0.0619898406,-272.56225,-272.56225,0.00176952873,0.00176952873,0.00535202063,0.00535202063,0.421142071,2037.5911,40.91933,-0.00322754279,3.6129329e-05,0.0,4877.52161,2029.53657,-0.0619898406,168.177724,0.000436726323
174.0,-8.05467475,4868.13495,3.341037463,3.341037463,1.703182118,1.703182118,2.117667812,2.117667812,-0.0584941045,-239.113888,-239.113888,0.00146636439,0.00146636439,0.00443503463,0.00443503463,0.421138004,2037.5911,40.91933,-0.00304553496,0.000133452642,0.0,4868.13495,2025.63276,-0.0584941045,152.284036,0.000373464993
174.5,-21.5445085,4867.8478,8.96438601,8.96438601,4.56968246,4.56968246,5.16575285,5.16575285,-0.0583611277,-197.402557,-197.402557,0.00120424503,0.00120424503,0.00364216296,0.00364216296,0.421106205,2037.5911,35.5583368,-0.00303861142,-0.000100468509,0.0,4867.8478,2025.5133,-0.0583611277,131.096829,0.000320038539
175.0,-35.0343421,4867.837079999999,14.5775933,14.5775933,7.43105534,7.43105534,8.03248805,8.03248805,-0.0563709481,-155.704837,-155.704837,0.000921320758,0.000921320758,0.00278642603,0.00278642603,0.421047283,2037.5911,31.56212,-0.00293499141,0.00017460193,0.0,4867.837079999999,2025.51003,-0.0563709481,110.0148513,0.000260213931
175.5,-42.054253,4881.183370000001,17.7002433,17.7002433,9.04753355,9.04753355,9.6687236,9.6687236,-0.049690604,-113.9793342,-113.9793342,0.000595791838,0.000595791838,0.00180190687,0.00180190687,0.420962424,2037.5911,31.56212,-0.00258717482,0.000214118537,0.0,4881.183370000001,2031.06739,-0.049690604,86.5875385,0.000180901112
176.0,-42.054253,4890.01969,17.5084875,17.5084875,8.9657749,8.9657749,9.5838375,9.5838375,-0.0422418788,-72.2611625,-72.2611625,0.000322331105,0.000322331105,0.00097487635,0.00097487635,0.420872003,2037.5911,31.56212,-0.00219935186,0.000217697478,0.0,4890.01969,2034.74862,-0.0422418788,60.4655827,0.000107658977
176.5,-42.054253,4890.26249,17.4992068,17.4992068,8.9614677,8.9614677,9.5793608,9.5793608,-0.0348102209,-30.5423258,-30.5423258,0.000114015862,0.000114015862,0.000344858641,0.000344858641,0.420782,2037.5911,31.56212,-0.00181241759,0.000215403146,0.0,4890.26249,2034.85396,-0.0348102209,34.4034844,5.0834181e-05
177.0,-42.054253,4890.25423,17.4988751,17.4988751,8.96128295,8.96128295,9.5791683,9.5791683,-0.02460317096,11.171500487,11.171500487,-2.0740936e-05,-2.0740936e-05,4.055282e-06,4.055282e-06,0.420692024,2037.5911,31.56212,-0.001280980677,0.001389726988,0.0,4890.25423,2034.85659,-0.02460317096,8.76058243,1.0660477e-05
177.5,-42.054253,4890.17486,17.4988316,17.4988316,8.9611152,8.9611152,9.57899295,9.57899295,0.0300211102,52.8953336,52.8953336,0.000168970583,0.000168970583,0.00051106924,0.00051106924,0.42060202,2037.5911,31.56212,0.00156306933,0.000215004566,0.0,4890.17486,2034.85539,0.0300211102,-17.60854417,2.2812143e-05
178.0,-42.054253,4890.16602,17.4990335,17.4990335,8.96120225,8.96120225,9.5790834,9.5790834,0.0374513873,94.612291,94.612291,0.000373738167,0.000373738167,0.00113037273,0.00113037273,0.42051202,2037.5911,31.56212,0.00194993175,0.000216407273,0.0,4890.16602,2034.85605,0.0374513873,-43.6657996,6.9170259e-05
178.5,-42.054253,4890.158570000001,17.4990716,17.4990716,8.9612082,8.9612082,9.5790899,9.5790899,0.0426641992,123.8274664,123.8274664,0.000553333255,0.000553333255,0.00167354052,0.00167354052,0.42042202,2037.5911,31.56212,0.00222134029,4.5592014e-05,0.0,4890.158570000001,2034.85606,0.0426641992,-61.9466221,0.000110730622
179.0,-42.054253,4890.1587,17.4990864,17.4990864,8.9612161,8.9612161,9.579098,9.579098,0.0428528419,124.8726,124.8726,0.000560370669,0.000560370669,0.00169482455,0.00169482455,0.420332008,2037.5911,31.56212,0.00223116206,-3.4042e-07,0.0,4890.1587,2034.8561,0.0428528419,-62.6081737,0.000112382651
179.5,-42.054253,4890.1587,17.499086,17.499086,8.961216,8.961216,9.579097,9.579097,0.0428528397,124.8726,124.8726,0.000560370638,0.000560370638,0.0016948245,0.0016948245,0.420241984,2037.5911,31.56212,0.002231162,-2.59669e-07,0.0,4890.1587,2034.8561,0.0428528397,-62.6081659,0.000112382634
180.0,-42.054253,4890.1587,17.499086,17.499086,8.961216,8.961216,9.579097,9.579097,0.042852844,124.8726,124.8726,0.00056037069,0.00056037069,0.00169482463,0.00169482463,0.420151971,2037.5911,31.56212,0.00223116219,-1.351e-09,0.0,4890.1587,2034.8561,0.042852844,-62.6081793,0.000112382665
180.5,-42.054253,4890.1587,17.499086,17.499086,8.961216,8.961216,9.579097,9.579097,0.042852828,124.8726,124.8726,0.000560370485,0.000560370485,0.00169482399,0.00169482399,0.420061948,2037.5911,31.56212,0.00223116135,2.49401e-07,0.0,4890.1587,2034.8561,0.042852828,-62.6081245,0.000112382527
181.0,-42.054253,4890.1587,17.499086,17.499086,8.961216,8.961216,9.579097,9.579097,0.0428528463,124.8726,124.8726,0.000560370728,0.000560370728,0.00169482473,0.00169482473,0.4199719,2037.5911,31.56212,0.00223116233,-2.69789e-07,0.0,4890.1587,2034.8561,0.0428528463,-62.6081887,0.000112382692
181.5,-42.054253,4890.15826,17.4990765,17.4990765,8.96121055,8.96121055,9.57909145,9.57909145,0.0431534182,126.571228,126.571228,0.000572065856,0.000572065856,0.00173019559,0.00173019559,0.41988188,2037.5911,31.56212,0.00224681178,3.7443565e-05,0.0,4890.15826,2034.85615,0.0431534182,-63.6622639,0.000115098333
182.0,-42.054253,4890.1553,17.4990646,17.4990646,8.961199,8.961199,9.57908015,9.57908015,0.0452864476,138.556923,138.556923,0.000657379838,0.000657379838,0.00198822001,0.00198822001,0.419791844,2037.5911,31.56212,0.00235786945,7.0343435e-05,0.0,4890.1553,2034.85612,0.0452864476,-71.1425916,0.000135026564
182.5,-42.054253,4890.151879999999,17.499065,17.499065,8.9611929,8.9611929,9.5790737,9.5790737,0.0477299885,152.277493,152.277493,0.000761414049,0.000761414049,0.00230286347,0.00230286347,0.419701798,2037.5911,31.56212,0.00248509403,7.3844782e-05,0.0,4890.151879999999,2034.8561,0.0477299885,-79.7118509,0.00015944095
183.0,-42.054253,4890.14841,17.499065,17.499065,8.96118645,8.96118645,9.5790669,9.5790669,0.0501735102,165.996847,165.996847,0.000872463238,0.000872463238,0.00263872459,0.00263872459,0.419611744,2037.5911,31.56212,0.00261231765,7.6355785e-05,0.0,4890.14841,2034.8561,0.0501735102,-88.2810394,0.000185609374
183.5,-41.962406,4890.31371,17.4804287,17.4804287,8.951944,8.951944,9.56962725,9.56962725,0.0526241792,179.711456,179.711456,0.000990646431,0.000990646431,0.00299616434,0.00299616434,0.419521698,2037.5911,31.56212,0.00273991327,7.1175286e-05,0.0,4890.31371,2034.92634,0.0526241792,-96.8752959,0.00021361849
184.0,-39.1343404,4895.57359,16.3271175,16.3271175,8.3702477,8.3702477,8.98753735,8.98753735,0.0553589622,193.43355,193.43355,0.00112171012,0.00112171012,0.00339256039,0.00339256039,0.419434119,2037.5911,31.56212,0.00288230166,9.0766827e-05,0.0,4895.57359,2037.11665,0.0553589622,-106.4659146,0.000246981329
184.5,-35.0332107,4896.93185,14.5784742,14.5784742,7.47592058,7.47592058,8.08501626,8.08501626,0.0582333438,207.151058,207.151058,0.00126358463,0.00126358463,0.00382165492,0.00382165492,0.419355359,2037.5911,31.56212,0.00303195828,8.332429e-05,0.0,4896.93185,2037.68349,0.0582333438,-116.5460896,0.00028438744
185.0,-30.9320812,4896.95888,12.87116065,12.87116065,6.60043832,6.60043832,7.18868526,7.18868526,0.0611028629,220.866138,220.866138,0.00141359118,0.00141359118,0.00427534804,0.00427534804,0.419285962,2037.5911,31.56212,0.00318136175,8.0320902e-05,0.0,4896.95888,2037.69641,0.0611028629,-126.6092135,0.000324152405
185.5,-26.830952,4896.956120000001,11.1644733,11.1644733,5.72523186,5.72523186,6.28030788,6.28030788,0.0630792632,229.54932,229.54932,0.00151632659,0.00151632659,0.00458606996,0.00458606996,0.419225662,2037.5911,31.56212,0.00328426435,1.9235332e-05,0.0,4896.956120000001,2037.69643,0.0630792632,-133.540256,0.000352851998
186.0,-22.7298229,4896.95581,9.4581367,9.4581367,4.85020828,4.85020828,5.4376795,5.4376795,0.063528687,229.6758,229.6758,0.00152796616,0.00152796616,0.00462126906,0.00462126906,0.41917402,2037.5911,31.56212,0.0033076639,1.2619714e-05,0.0,4896.95581,2037.69662,0.063528687,-135.116346,0.000359558075
186.5,-18.6286934,4896.95504,7.75167723,7.75167723,3.97512148,3.97512148,4.61001643,4.61001643,0.063955184,229.6758,229.6758,0.00153822412,0.00153822412,0.00465228905,0.00465228905,0.419130167,2037.5911,31.56212,0.0033298698,1.2061708e-05,0.0,4896.95504,2037.69651,0.063955184,-136.61203,0.000365978795
187.0,-14.9199288,4896.023569999999,6.16715047,6.16715047,3.16199391,3.16199391,3.78922028,3.78922028,0.0643451306,229.6758,229.6758,0.00154760301,0.00154760301,0.0046806509,0.0046806509,0.419094162,2037.5911,31.56212,0.00335017269,7.204109e-06,0.0,4896.023569999999,2037.30916,0.0643451306,-137.979538,0.000371894842
187.5,-14.278137,4890.75155,5.91980079,5.91980079,3.03187392,3.03187392,3.6536202,3.6536202,0.064410407,229.6758,229.6758,0.00154917292,0.00154917292,0.00468539847,0.00468539847,0.419062816,2037.5911,31.56212,0.00335357129,-2.57772e-07,0.0,4890.75155,2035.11544,0.064410407,-138.20845,0.000372888718
188.0,-14.278137,4890.141,5.94077083,5.94077083,3.0422353,3.0422353,3.6645074,3.6645074,0.064408387,229.6758,229.6758,0.00154912431,0.00154912431,0.00468525131,0.00468525131,0.419031515,2037.5911,31.56212,0.00335346598,-3.16577e-07,0.0,4890.141,2034.86139,0.064408387,-138.201359,0.000372857893
188.5,-11.4377524,4896.31864,4.86898055,4.86898055,2.49612568,2.49612568,3.06561885,3.06561885,0.0646921225,229.6758,229.6758,0.00155594857,0.00155594857,0.004705888,0.004705888,0.419001553,2037.5911,31.56212,0.00336823878,2.0769106e-05,0.0,4896.31864,2037.43207,0.0646921225,-139.196388,0.000377203972
189.0,-3.751478963,4902.802000000001,1.569803455,1.569803455,0.8059473485,0.8059473485,1.0236115174,1.0236115174,0.065500976,229.6758,229.6758,0.00157540285,0.00157540285,0.00476471731,0.00476471731,0.418984053,2037.5911,31.56212,0.00341035244,2.4006412e-05,0.0,4902.802000000001,2040.13034,0.065500976,-142.032965,0.000389703568
189.5,4.007126514,4903.03492,-1.667267092,-1.667267092,-0.856049741,-0.856049741,-0.67401806,-0.67401806,0.0663086775,229.6758,229.6758,0.00159482934,0.00159482934,0.00482346276,0.00482346276,0.418983067,2037.5911,31.56212,0.00345240597,2.3946186e-05,0.0,4903.03492,2040.22775,0.0663086775,-144.865495,0.000402376342
190.0,11.7657319,4903.037979999999,-4.89578664,-4.89578664,-2.51371689,-2.51371689,-2.04900586,-2.04900586,0.0671156209,229.6758,229.6758,0.00161423761,0.00161423761,0.00488215278,0.00488215278,0.418993772,2037.5911,31.56212,0.00349442008,2.3636566e-05,0.0,4903.037979999999,2040.22951,0.0671156209,-147.69537,0.000415228691
190.5,19.5243375,4903.03704,-8.12459458,-8.12459458,-4.17153119,-4.17153119,-3.63007694,-3.63007694,0.0679225125,229.6758,229.6758,0.00163364473,0.00163364473,0.00494083891,0.00494083891,0.419015911,2037.5911,31.56212,0.0035364315,2.3699286e-05,0.0,4903.03704,2040.22958,0.0679225125,-150.525063,0.000428271515
191.0,27.2829426,4903.03609,-11.35248205,-11.35248205,-5.82887213,-5.82887213,-5.31420018,-5.31420018,0.0687293515,229.6758,229.6758,0.00165305041,0.00165305041,0.00499952061,0.00499952061,0.419050452,2037.5911,31.56212,0.00357843994,2.3613108e-05,0.0,4903.03609,2040.22968,0.0687293515,-153.354561,0.000441504668
191.5,35.0415484,4903.034610000001,-14.5812149,-14.5812149,-7.48664608,-7.48664608,-6.92412641,-6.92412641,0.0695362596,229.6758,229.6758,0.00167245783,0.00167245783,0.00505820754,0.00505820754,0.419096919,2037.5911,31.56212,0.00362045221,2.3782368e-05,0.0,4903.034610000001,2040.22955,0.0695362596,-156.184312,0.000454930302
192.0,42.3450591,4901.99384,-17.6815835,-17.6815835,-9.07649515,-9.07649515,-8.4896662,-8.4896662,0.070302074,229.6758,229.6758,0.00169087695,0.00169087695,0.00511390542,0.00511390542,0.419154759,2037.5911,31.56212,0.00366032495,1.6406716e-05,0.0,4901.99384,2039.7969,0.070302074,-158.869952,0.000467846135
192.5,43.998684,4891.77754,-18.3635238,-18.3635238,-9.4070125,-9.4070125,-8.8120396,-8.8120396,0.0704744035,229.6758,229.6758,0.00169502166,0.00169502166,0.00512643887,0.00512643887,0.419219734,2037.5911,31.56212,0.00366929727,-4.20408e-07,0.0,4891.77754,2035.5459,0.0704744035,-159.474289,0.000470772062
193.0,43.998684,4890.15797,-18.3094136,-18.3094136,-9.3761798,-9.3761798,-8.7823612,-8.7823612,0.0679525765,215.496859,215.496859,0.00153562339,0.00153562339,0.00464433731,0.00464433731,0.419284881,2037.5911,31.56212,0.00353799666,-0.000163599918,0.0,4890.15797,2034.87048,0.0679525765,-150.63049,0.000429290316
193.5,43.998684,4890.1339,-18.3081437,-18.3081437,-9.3754838,-9.3754838,-8.78169095,-8.78169095,0.0610038077,176.471547,176.471547,0.00112974692,0.00112974692,0.00341678078,0.00341678078,0.419349977,2037.5911,31.56212,0.00317620434,-0.000206336412,0.0,4890.1339,2034.85641,0.0610038077,-126.2618367,0.000323237442
194.0,43.998684,4890.14307,-18.3081203,-18.3081203,-9.37548945,-9.37548945,-8.78169645,-8.78169645,0.0539824691,137.048211,137.048211,0.000777128758,0.000777128758,0.00235032913,0.00235032913,0.41941508,2037.5911,31.56212,0.00281063364,-0.000213618761,0.0,4890.14307,2034.85615,0.0539824691,-101.6386905,0.000230424012
194.5,43.998684,4890.1528,-18.30812,-18.30812,-9.3755083,-9.3755083,-8.78171415,-8.78171415,0.0469604452,97.6259203,97.6259203,0.000482484957,0.000482484957,0.00145923019,0.00145923019,0.419480189,2037.5911,31.56212,0.00244502725,-0.000208226942,0.0,4890.1528,2034.8561,0.0469604452,-77.0131345,0.00015208808
195.0,43.998684,4890.1625,-18.30812,-18.30812,-9.37552715,-9.37552715,-8.7817322,-8.7817322,0.0399394244,58.2070585,58.2070585,0.000245838206,0.000245838206,0.000743537277,0.000743537277,0.4195453,2037.5911,31.56212,0.00207947303,-0.000207512729,0.0,4890.1625,2034.8561,0.0399394244,-52.3911012,8.8246413e-05
195.5,43.998684,4897.8795,-17.1290054,-17.1290054,-8.77970175,-8.77970175,-8.1947358,-8.1947358,0.0331187256,20.552013,20.552013,7.2953414e-05,7.2953414e-05,0.00022066636,0.00022066636,0.41961017,2045.09485,31.56212,0.00172434879,-0.000190232167,0.0,4897.8795,2038.06314,0.0331187256,-28.4715791,3.9955061e-05
196.0,43.998684,5617.58426,-7.22456644,-7.22456644,-4.26215166,-4.26215166,-3.64782398,-3.64782398,0.0304377362,10.882152,10.882152,3.4686122e-05,3.4686122e-05,0.000104922159,0.000104922159,0.419652336,2353.45714,31.56212,0.00158476128,2.49709e-07,0.0,5617.58426,2337.53596,0.0304377362,-19.0696105,2.4313467e-05
196.5,43.998684,6208.06664,-18.5442972,-18.5442972,-12.0550833,-12.0550833,-11.33711095,-11.33711095,0.0315203451,10.882152,10.882152,3.5919836e-05,3.5919836e-05,0.000108654027,0.000108654027,0.419707792,2570.5078,31.56212,0.00164112803,2.4717577e-05,0.0,6208.06664,2583.24084,0.0315203451,-22.8662147,3.0193693e-05
197.0,43.998684,6170.680249999999,-18.36303,-18.36303,-11.8660539,-11.8660539,-11.1598217,-11.1598217,0.0315043704,10.882152,10.882152,3.5901632e-05,3.5901632e-05,0.000108598962,0.000108598962,0.419790143,2570.5078,31.56212,0.00164029627,-5.22012e-07,0.0,6170.680249999999,2567.68401,0.0315043704,-22.8101909,3.0101518e-05
197.5,43.998684,6169.20283,-18.3092366,-18.3092366,-11.8284523,-11.8284523,-11.123461,-11.123461,0.0314991783,10.882152,10.882152,3.5895716e-05,3.5895716e-05,0.000108581065,0.000108581065,0.419870958,2570.5078,31.56212,0.00164002595,2.9108e-08,0.0,6169.20283,2567.06922,0.0314991783,-22.7919851,3.0072532e-05
198.0,43.998684,6169.17512,-18.3081967,-18.3081967,-11.8277265,-11.8277265,-11.12275935,-11.12275935,0.0314990883,10.882152,10.882152,3.5895613e-05,3.5895613e-05,0.000108580755,0.000108580755,0.419951721,2570.5078,31.56212,0.00164002127,-3.26724e-07,0.0,6169.17512,2567.05762,0.0314990883,-22.7916681,3.0072028e-05
198.5,43.970727,6169.12998,-18.3035076,-18.3035076,-11.8246111,-11.8246111,-11.1197448,-11.1197448,0.0314969055,10.882152,10.882152,3.5893127e-05,3.5893127e-05,0.000108573233,0.000108573233,0.420032466,2570.5078,31.56212,0.00163990767,-8.69513e-07,0.0,6169.12998,2567.03893,0.0314969055,-22.7840163,3.0059855e-05
199.0,42.2923007,6165.90245,-17.6301322,-17.6301322,-11.3836637,-11.3836637,-10.6920487,-10.6920487,0.031325096,10.882152,10.882152,3.5697334e-05,3.5697334e-05,0.00010798098,0.00010798098,0.420112194,2570.5078,31.56212,0.00163096223,-7.782836e-06,0.0,6165.90245,2565.69582,0.031325096,-22.1814921,2.9106226e-05
199.5,39.6813037,6164.85433,-16.5125441,-16.5125441,-10.66020245,-10.66020245,-9.97349345,-9.97349345,0.0310505609,10.882152,10.882152,3.5384482e-05,3.5384482e-05,0.000107034634,0.000107034634,0.420187714,2570.5078,31.56212,0.00161666839,-8.317528e-06,0.0,6164.85433,2565.25951,0.0310505609,-21.2187271,2.7598882e-05
200.0,37.0703076,6164.829400000001,-15.4253425,-15.4253425,-9.9582839,-9.9582839,-9.2750428,-9.2750428,0.0313065666,13.8562369,13.8562369,4.553591e-05,4.553591e-05,0.000137740698,0.000137740698,0.420258525,2570.5078,31.56212,0.00162999751,3.0964286e-05,0.0,6164.829400000001,2565.24939,0.0313065666,-22.1165128,2.9025728e-05
200.5,34.4593103,6164.826510000001,-14.33869605,-14.33869605,-9.2567631,-9.2567631,-8.58286915,-8.58286915,0.0328869644,24.2595907,24.2595907,8.3700032e-05,8.3700032e-05,0.000253173588,0.000253173588,0.420324635,2570.5078,31.56212,0.00171228199,4.932443e-05,0.0,6164.826510000001,2565.24909,0.0328869644,-27.6588155,3.8134451e-05
201.0,31.8483129,6164.82432,-13.25223755,-13.25223755,-8.5553651,-8.5553651,-7.89669709,-7.89669709,0.0345278647,34.9973113,34.9973113,0.000126693844,0.000126693844,0.000383204191,0.000383204191,0.420386029,2570.5078,31.56212,0.00179771659,5.1064772e-05,0.0,6164.82432,2565.24915,0.0345278647,-33.4132939,4.8358294e-05
201.5,29.2373161,5952.91218,-18.6931479,-18.6931479,-11.56882435,-11.56882435,-10.86401213,-10.86401213,0.0367088058,45.2603784,45.2603784,0.000174199465,0.000174199465,0.000526878867,0.000526878867,0.420450375,2468.11181,31.56212,0.00191126867,6.2398925e-05,0.0,5952.91218,2477.07216,0.0367088058,-41.0616369,6.3238337e-05
202.0,26.6263193,4930.45144,-21.0155122,-21.0155122,-10.8658948,-10.8658948,-10.22266075,-10.22266075,0.0372401465,47.913628,47.913628,0.000186852569,0.000186852569,0.000565147009,0.000565147009,0.420532782,2053.93664,31.56212,0.00193893338,-9.442915e-06,0.0,4930.45144,2051.61899,0.0372401465,-42.9250002,6.6960509e-05
202.5,25.450338,3882.50799,-20.3035907,-20.3035907,-8.25431169,-8.25431169,-7.7044303,-7.7044303,0.0370959812,47.913628,47.913628,0.000186129216,0.000186129216,0.00056295943,0.00056295943,0.420598536,1618.30001,31.56212,0.00193142725,4.5705e-08,0.0,3882.50799,1615.5619,0.0370959812,-42.419425,6.5914392e-05
203.0,25.450338,2846.16094,-19.1780765,-19.1780765,-5.76394521,-5.76394521,-5.30124153,-5.30124153,0.0359886951,42.269362,42.269362,0.00015979676,0.00015979676,0.000483319563,0.000483319563,0.42064863,1190.14912,31.56212,0.00187377564,-0.000107404189,0.0,2846.16094,1184.329616,0.0359886951,-38.5362799,5.8246482e-05
203.5,25.450338,2481.52186,-9.92905555,-9.92905555,-2.58091131,-2.58091131,-2.24593582,-2.24593582,0.0319152256,24.3733757,24.3733757,8.195886e-05,8.195886e-05,0.000247906288,0.000247906288,0.420675493,1045.8374,31.56212,0.00166168771,-0.000101806744,0.0,2481.52186,1032.598175,0.0319152256,-24.2510194,3.2540881e-05
204.0,25.450338,2509.18783,-10.5613435,-10.5613435,-2.77511721,-2.77511721,-2.44605787,-2.44605787,0.0287127906,6.05467915,6.05467915,1.8720273e-05,1.8720273e-05,5.8584302e-05,5.8584302e-05,0.420694287,1045.8374,31.56212,0.00149495082,-9.8153062e-05,0.0,2509.18783,1044.10835,0.0287127906,-13.02039424,1.5788205e-05
204.5,25.450338,2509.97147,-10.5890779,-10.5890779,-2.78327136,-2.78327136,-2.4536323,-2.4536323,0.0146220092,-12.26336266,-12.26336266,-1.0279121e-05,-1.0279121e-05,2.2777183e-05,2.2777183e-05,0.420713675,1045.8374,31.56212,0.00076130474,-0.002049634802,0.0,2509.97147,1044.4262,0.0146220092,-1.98057486,2.947072e-06
205.0,25.450338,2510.05107,-10.5900441,-10.5900441,-2.78361359,-2.78361359,-2.45395163,-2.45395163,-0.0277801995,-30.5825604,-30.5825604,8.9485104e-05,8.9485104e-05,0.000270668068,0.000270668068,0.420733069,1045.8374,31.56212,-0.00144639479,-9.5544618e-05,0.0,2510.05107,1044.43457,-0.0277801995,9.74988771,1.1474472e-05
205.5,25.450338,2510.05326,-10.5900514,-10.5900514,-2.78361786,-2.78361786,-2.45395563,-2.45395563,-0.0310427595,-48.8985334,-48.8985334,0.000159475123,0.000159475123,0.00048235042,0.00048235042,0.420752459,1045.8374,31.56212,-0.00161626221,-9.1018833e-05,0.0,2510.05326,1044.43356,-0.0310427595,21.1913679,2.768445e-05
206.0,25.450338,2510.0577,-10.5900472,-10.5900472,-2.78362173,-2.78362173,-2.45395938,-2.45395938,-0.0343057536,-67.2185318,-67.2185318,0.000241998002,0.000241998002,0.000731933779,0.000731933779,0.420771851,1045.8374,31.56212,-0.00178615219,-9.2276137e-05,0.0,2510.0577,1044.4335,-0.0343057536,32.6343685,4.7024407e-05
206.5,25.5218595,2510.22275,-10.6095404,-10.6095404,-2.78893021,-2.78893021,-2.45888469,-2.45888469,-0.037561797,-85.5357786,-85.5357786,0.000336963247,0.000336963247,0.001019146139,0.001019146139,0.420791251,1045.8374,31.56212,-0.00195568027,-9.2967401e-05,0.0,2510.22275,1044.5003,-0.037561797,44.0529944,6.9438929e-05
207.0,26.5412659,2511.95444,-11.0342084,-11.0342084,-2.9025669,-2.9025669,-2.5644785,-2.5644785,-0.0400422896,-100.040026,-100.040026,0.000419550245,0.000419550245,0.00126892154,0.00126892154,0.420811005,1045.8374,31.56212,-0.00208482878,-3.3755993e-05,0.0,2511.95444,1045.2194,-0.0400422896,52.7518393,8.8493858e-05
207.5,27.8528397,2512.24271,-11.5895266,-11.5895266,-3.04898951,-3.04898951,-2.70105839,-2.70105839,-0.0401066891,-101.16115,-101.16115,0.000424873042,0.000424873042,0.00128502025,0.00128502025,0.420831767,1045.8374,31.56212,-0.00208818187,3.562233e-06,0.0,2512.24271,1045.33932,-0.0401066891,52.9776848,8.9001947e-05
208.0,29.1644136,2512.24845,-12.1356007,-12.1356007,-3.19265865,-3.19265865,-2.83573888,-2.83573888,-0.0399702392,-101.16115,-101.16115,0.000423427552,0.000423427552,0.00128064899,0.00128064899,0.420853561,1045.8374,31.56212,-0.0020810775,4.298166e-06,0.0,2512.24845,1045.34181,-0.0399702392,52.4991697,8.7897985e-05
208.5,30.4759868,2512.24843,-12.6813046,-12.6813046,-3.33622353,-3.33622353,-2.97098751,-2.97098751,-0.0398338746,-101.16115,-101.16115,0.000421982948,0.000421982948,0.00127628045,0.00127628045,0.420876378,1045.8374,31.56212,-0.00207397745,4.095563e-06,0.0,2512.24843,1045.34187,-0.0398338746,52.0209468,8.6800163e-05
209.0,31.7875613,2512.24827,-13.2269978,-13.2269978,-3.47978537,-3.47978537,-3.10689896,-3.10689896,-0.0396974639,-101.16115,-101.16115,0.000420537886,0.000420537886,0.00127191046,0.00127191046,0.420900231,1045.8374,31.56212,-0.00206687527,3.909213e-06,0.0,2512.24827,1045.34186,-0.0396974639,51.5425725,8.5707457e-05
209.5,33.0991343,2512.24815,-13.7727717,-13.7727717,-3.62336844,-3.62336844,-3.24349624,-3.24349624,-0.0395610449,-101.16115,-101.16115,0.000419092721,0.000419092721,0.00126754015,0.00126754015,0.420925119,1045.8374,31.56212,-0.00205977244,4.135317e-06,0.0,2512.24815,1045.34186,-0.0395610449,51.0641621,8.4620138e-05
210.0,34.4012726,2512.23589,-14.31740125,-14.31740125,-3.76663207,-3.76663207,-3.38045257,-3.38045257,-0.039425366,-101.16115,-101.16115,0.000417655391,0.000417655391,0.00126319361,0.00126319361,0.420951035,1045.8374,31.56212,-0.00205270828,3.394613e-06,0.0,2512.23589,1045.33688,-0.039425366,50.5883499,8.3544137e-05
210.5,34.90656,2510.66031,-14.5420306,-14.5420306,-3.82332935,-3.82332935,-3.43480536,-3.43480536,-0.0393712193,-101.16115,-101.16115,0.000417081787,0.000417081787,0.00126145894,0.00126145894,0.420977771,1045.8374,31.56212,-0.00204988906,-2.35843e-07,0.0,2510.66031,1044.68131,-0.0393712193,50.3984626,8.3116024e-05
211.0,34.90656,2510.07804,-14.52542945,-14.52542945,-3.81807832,-3.81807832,-3.42976177,-3.42976177,-0.0385914024,-96.736569,-96.736569,0.000391833781,0.000391833781,0.001185098917,0.001185098917,0.421004593,1045.8374,31.56212,-0.0020092874,0.000122611261,0.0,2510.07804,1044.43948,-0.0385914024,47.6637206,7.7271281e-05
211.5,34.90656,4704.772989999999,26.930211,26.9086448,13.504767,13.489491,14.2773465,14.2613025,-0.0337408188,-47.1868388,-47.1868388,0.000172200067,0.000172200067,0.000520832473,0.000520832473,0.420956128,2023.5435,31.56212,-0.00175673848,0.0002566374,0.0,4704.772989999999,1957.67104,-0.0337408188,30.6531989,4.4642644e-05
212.0,34.90656,8561.0615,10.49795887,4.33623707,8.13988247,2.77362427,9.68441965,3.98014655,0.0120440575,14.13882426,13.49812397,6.2556315e-05,6.0054292e-05,0.000189215007,0.00018164663,0.420763327,3522.9768,31.56212,0.000627081971,0.001386804003,0.0,8561.0615,3562.32787,0.0120440575,-14.547885479,2.3917636e-05
212.5,34.90656,8895.5227,-16.1067281,-16.1067281,-15.0107091,-15.0107091,-13.82552465,-13.82552465,0.0421871678,75.4351787,75.4351787,0.000338809688,0.000338809688,0.00102471426,0.00102471426,0.420814313,3686.6,31.56212,0.00219650332,0.000289343541,0.0,8895.5227,3701.5173,0.0421871678,-60.2737183,0.000107842471
213.0,34.90656,8848.776300000001,-14.5623556,-14.5623556,-13.4940898,-13.4940898,-12.3277515,-12.3277515,0.05295903,136.751843,136.751843,0.000764186075,0.000764186075,0.00231119379,0.00231119379,0.420905314,3686.6,31.56212,0.00275734761,0.000316764187,0.0,8848.776300000001,3682.07214,0.05295903,-98.0495879,0.000218950005
213.5,34.90656,8847.7693,-14.5256642,-14.5256642,-13.4585543,-13.4585543,-12.2928591,-12.2928591,0.0638754283,198.068035,198.068035,0.00133066067,0.00133066067,0.00402444574,0.00402444574,0.420993688,3686.6,31.56212,0.00332571714,0.000337232561,0.0,8847.7693,3681.65944,0.0638754283,-136.332329,0.000366216583
214.0,34.90656,8847.735349999999,-14.5249778,-14.5249778,-13.4578671,-13.4578671,-12.29218885,-12.29218885,0.0747946493,259.365442,259.365442,0.00203725581,0.00203725581,0.00616157198,0.00616157198,0.421081989,3686.6,31.56212,0.00389423378,0.000313661062,0.0,8847.735349999999,3681.65173,0.0747946493,-174.624964,0.000548542972
214.5,34.90656,8847.7223,-14.5249203,-14.5249203,-13.4577932,-13.4577932,-12.29211975,-12.29211975,0.084077957,311.432237,311.432237,0.00274344064,0.00274344064,0.00829755427,0.00829755427,0.421170268,3686.6,31.56212,0.00437757563,0.000138637501,0.0,8847.7223,3681.65152,0.084077957,-207.18063,0.000730009475
215.0,34.90656,8847.721,-14.5248749,-14.5248749,-13.4577484,-13.4577484,-12.292076,-12.292076,0.0851716025,317.53076,317.53076,0.00283210441,0.00283210441,0.00856573975,0.00856573975,0.421258541,3686.6,31.56212,0.00443451689,-1.70608e-07,0.0,8847.721,3681.6516,0.0851716025,-211.01593,0.000752833043
215.5,34.90656,8847.721,-14.5248779,-14.5248779,-13.457751,-13.457751,-12.2920788,-12.2920788,0.085171574,317.53076,317.53076,0.00283210345,0.00283210345,0.00856573665,0.00856573665,0.421346814,3686.6,31.56212,0.00443451538,2.1366e-08,0.0,8847.721,3681.6516,0.085171574,-211.01583,0.000752832437
216.0,34.90656,8847.721,-14.524878,-14.524878,-13.457751,-13.457751,-12.292079,-12.292079,0.085171591,317.53076,317.53076,0.00283210397,0.00283210397,0.0085657384,0.0085657384,0.42143508,3686.6,31.56212,0.00443451632,-1.7535e-07,0.0,8847.721,3681.6516,0.085171591,-211.015893,0.000752832811
216.5,35.14925,8848.1234,-14.568215,-14.568215,-13.4985322,-13.4985322,-12.332411,-12.332411,0.08519093,317.53076,317.53076,0.00283274716,0.00283274716,0.00856768345,0.00856768345,0.421523361,3686.6,31.56212,0.00443552326,7.327334e-06,0.0,8848.1234,3681.81911,0.08519093,-211.083715,0.000753246127
217.0,44.9243509,8866.6521,-18.5255074,-18.5255074,-17.2021111,-17.2021111,-16.0039972,-16.0039972,0.086194921,317.53076,317.53076,0.00286613157,0.00286613157,0.00866864175,0.00866864175,0.421620336,3686.6,31.56212,0.00448779675,4.5438113e-05,0.0,8866.6521,3689.52964,0.086194921,-214.604612,0.000774865025
217.5,59.5982504,8872.015,-24.7948085,-24.7948085,-23.0362634,-23.0362634,-21.7431737,-21.7431737,0.0877367074,317.53076,317.53076,0.00291739857,0.00291739857,0.0088236788,0.0088236788,0.421748985,3686.6,31.56212,0.0045680708,4.3983677e-05,0.0,8872.015,3691.76214,0.0877367074,-220.011505,0.000808593994
218.0,74.2721494,8872.1364,-30.9053808,-30.9053808,-28.7138162,-28.7138162,-27.3036329,-27.3036329,0.0892632076,317.53076,317.53076,0.00296815737,0.00296815737,0.0089771783,0.0089771783,0.421909563,3686.6,31.56212,0.00464754907,4.41654e-05,0.0,8872.1364,3691.81352,0.0892632076,-225.364793,0.000842678097
218.5,88.94605,8872.137100000002,-37.0107178,-37.0107178,-34.3862142,-34.3862142,-32.8332312,-32.8332312,0.0907892295,317.53076,317.53076,0.00301890029,0.00301890029,0.00913062915,0.00913062915,0.422099765,3686.6,31.56212,0.00472700241,4.4022644e-05,0.0,8872.137100000002,3691.81477,0.0907892295,-230.716407,0.00087743586
219.0,103.6199486,8872.134900000001,-43.1169336,-43.1169336,-40.0594167,-40.0594167,-38.3368827,-38.3368827,0.0923153121,317.53076,317.53076,0.00306964524,0.00306964524,0.00928408495,0.00928408495,0.42231786,3686.6,31.56212,0.004806459,4.3751011e-05,0.0,8872.134900000001,3691.81464,0.0923153121,-236.068229,0.000912879228
219.5,118.293848,8872.1329,-49.2226246,-49.2226246,-45.7321274,-45.7321274,-43.8115513,-43.8115513,0.0938413902,317.53076,317.53076,0.00312038994,0.00312038994,0.0094375396,0.0094375396,0.422562365,3686.6,31.56212,0.00488591509,4.4294638e-05,0.0,8872.1329,3691.81467,0.0938413902,-241.420028,0.000949006627
220.0,130.9194964,8867.2494,-54.6464578,-54.6464578,-50.7429764,-50.7429764,-48.6378029,-48.6378029,0.0951718879,317.53076,317.53076,0.00316463127,0.00316463127,0.00957132735,0.00957132735,0.422831623,3686.6,31.56212,0.00495518836,2.2116875e-05,0.0,8867.2494,3689.78344,0.0951718879,-246.085953,0.000981042631
220.5,132.53972,8849.3007,-55.2067154,-55.2067154,-51.1598838,-51.1598838,-49.0419846,-49.0419846,0.0953307334,317.53076,317.53076,0.00316991322,0.00316991322,0.0095873001,0.0095873001,0.423112778,3686.6,31.56212,0.00496345891,-8.30898e-07,0.0,8849.3007,3682.31497,0.0953307334,-246.643011,0.00098489596
221.0,132.53972,8847.7379,-55.1519263,-55.1519263,-51.1000781,-51.1000781,-48.9846233,-48.9846233,0.0953254545,317.53076,317.53076,0.00316973762,0.00316973762,0.009586769,0.009586769,0.423393533,3686.6,31.56212,0.00496318407,4.42651e-07,0.0,8847.7379,3681.6648,0.0953254545,-246.624498,0.00098476748
221.5,132.53972,8847.7072,-55.1507786,-55.1507786,-51.0988352,-51.0988352,-48.9834318,-48.9834318,0.0953253433,317.53076,317.53076,0.00316973407,0.00316973407,0.0095867585,0.0095867585,0.423674212,3686.6,31.56212,0.00496317833,9.6082e-08,0.0,8847.7072,3681.65184,0.0953253433,-246.62412,0.00098476484
222.0,130.763228,8844.1552,-54.7474539,-54.7474539,-50.7056063,-50.7056063,-48.6054018,-48.6054018,0.0942974879,312.585586,312.585586,0.00308713918,0.00308713918,0.0093369308,0.0093369308,0.42395478,3686.6,31.56212,0.0049096623,-0.000102209539,0.0,8844.1552,3680.17335,0.0942974879,-243.019523,0.000960053791
222.5,86.555279,8763.44835,-36.3429459,-36.3429459,-33.363651,-33.363651,-31.8425408,-31.8425408,0.08691622,296.918584,296.918584,0.00270376599,0.00270376599,0.00817743138,0.00817743138,0.424203092,3686.6,31.56212,0.00452535156,-0.000245094146,0.0,8763.44835,3646.58643,0.08691622,-217.134131,0.00079153784
223.0,66.60452,8826.3062,-27.0500166,-27.0500166,-25.0031306,-25.0031306,-23.6813737,-23.6813737,0.0818826551,280.891909,280.891909,0.00240894406,0.00240894406,0.00728573078,0.00728573078,0.424369212,3686.6,31.56212,0.00426327561,-7.467816e-05,0.0,8826.3062,3672.73899,0.0818826551,-199.481919,0.000684288679
223.5,66.60452,8847.249099999999,-27.6968545,-27.6968545,-25.6606319,-25.6606319,-24.3184418,-24.3184418,0.0790896393,264.859912,264.859912,0.00219403036,0.00219403036,0.00663569176,0.00663569176,0.424527847,3686.6,31.56212,0.00411785547,-8.3693306e-05,0.0,8847.249099999999,3681.45186,0.0790896393,-189.687083,0.000628512639
224.0,63.9071478,8841.7824,-26.7041249,-26.7041249,-24.7259998,-24.7259998,-23.4073351,-23.4073351,0.075967184,248.829385,248.829385,0.00198000377,0.00198000377,0.00598835073,0.00598835073,0.42468624,3686.6,31.56212,0.00395528275,-0.000101080747,0.0,8841.7824,3679.17538,0.075967184,-178.73694,0.000568918007
224.5,56.1334709,8834.881949999999,-23.3676095,-23.3676095,-21.619426,-21.619426,-20.3634045,-20.3634045,0.0722938339,232.798704,232.798704,0.00176293343,0.00176293343,0.0053318215,0.0053318215,0.424832364,3686.6,31.56212,0.00376402713,-0.000104608216,0.0,8834.881949999999,3676.30175,0.0722938339,-165.854854,0.000502411734
225.0,48.245323,8834.6199,-20.0754872,-20.0754872,-18.5730227,-18.5730227,-17.3606899,-17.3606899,0.0686171986,216.767,216.767,0.0015581052,0.0015581052,0.00471232633,0.00471232633,0.42496089,3686.6,31.56212,0.00357260077,-0.000106315607,0.0,8834.6199,3676.19069,0.0686171986,-152.96126,0.000439809763
225.5,40.3571759,8834.6194,-16.79268185,-16.79268185,-15.53590415,-15.53590415,-14.37452845,-14.37452845,0.0649414834,200.735114,200.735114,0.00136563962,0.00136563962,0.00413022764,0.00413022764,0.425071536,3686.6,31.56212,0.00338122218,-0.000109248396,0.0,8834.6194,3676.18833,0.0649414834,-140.070885,0.000381193262
226.0,32.4690268,8834.6252,-13.51051845,-13.51051845,-12.4993881,-12.4993881,-11.3565759,-11.3565759,0.0612656901,184.704471,184.704471,0.00118552241,0.00118552241,0.00358548151,0.00358548151,0.425163373,3686.6,31.56212,0.00318983937,-0.000105131158,0.0,8834.6252,3676.18853,0.0612656901,-127.18023,0.000326545162
226.5,24.580879,8834.6298,-10.22840145,-10.22840145,-9.46290995,-9.46290995,-8.36147709,-8.36147709,0.057618838,168.838607,168.838607,0.001019207426,0.001019207426,0.00308248271,0.00308248271,0.425235705,3686.6,31.56212,0.00299996363,-9.4495724e-05,0.0,8834.6298,3676.18819,0.057618838,-114.3910801,0.000276237579
227.0,16.69273115,8834.6326,-6.94618352,-6.94618352,-6.42633497,-6.42633497,-5.26123178,-5.26123178,0.0557684217,163.07664,163.07664,0.000952376651,0.000952376651,0.00288036646,0.00288036646,0.425286894,3686.6,31.56212,0.00290362041,-2.3817628e-05,0.0,8834.6326,3676.18838,0.0557684217,-107.9018479,0.000252069267
227.5,8.80458268,8834.6336,-3.66342159,-3.66342159,-3.38925346,-3.38925346,-2.55740759,-2.55740759,0.0549480138,163.07664,163.07664,0.000938366255,0.000938366255,0.00283800047,0.00283800047,0.425316892,3686.6,31.56212,0.00286090541,-2.4016797e-05,0.0,8834.6336,3676.18826,0.0549480138,-105.024759,0.00024173913
228.0,0.91643469,8834.635400000001,-0.3814379275,-0.3814379275,-0.3528913975,-0.3528913975,-0.125221359,-0.125221359,0.0541276699,163.07664,163.07664,0.00092435695,0.00092435695,0.00279563751,0.00279563751,0.425327826,3686.6,31.56212,0.0028181936,-2.3473532e-05,0.0,8834.635400000001,3676.18851,0.0541276699,-102.1478919,0.000231607516
228.5,-6.40655962,8835.9356,2.73756918,2.73756918,2.53316861,2.53316861,3.41994009,3.41994009,0.0533587177,163.07664,163.07664,0.000911225294,0.000911225294,0.00275592828,0.00275592828,0.425314139,3686.6,31.56212,0.00277815759,-1.4666967e-05,0.0,8835.9356,3676.72911,0.0533587177,-99.4512521,0.000222286501
229.0,-7.9252734,8846.2723,3.34820879,3.34820879,3.10170497,3.10170497,4.19082597,4.19082597,0.0532019922,163.07664,163.07664,0.000908548843,0.000908548843,0.0027478349,0.0027478349,0.425279129,3686.6,31.56212,0.00276999762,1.11881e-07,0.0,8846.2723,3681.03021,0.0532019922,-98.901634,0.000220404254
229.5,-7.9252734,8847.7346,3.29890646,3.29890646,3.05654446,3.05654446,4.13011304,4.13011304,0.0532067266,163.07664,163.07664,0.000908629704,0.000908629704,0.00274807943,0.00274807943,0.425243544,3686.6,31.56212,0.00277024414,-3.546e-09,0.0,8847.7346,3681.63881,0.0532067266,-98.9182365,0.000220460869
230.0,-7.9252734,8847.7654,3.29778585,3.29778585,3.05551655,3.05551655,4.12873041,4.12873041,0.053206827,163.07664,163.07664,0.000908631389,0.000908631389,0.00274808453,0.00274808453,0.425208122,3686.6,31.56212,0.00277024933,-5.928e-09,0.0,8847.7654,3681.6514,0.053206827,-98.918586,0.000220462059
230.5,-7.9252734,8847.766,3.29776508,3.29776508,3.0554975,3.0554975,4.1287048,4.1287048,0.0532068417,163.07664,163.07664,0.000908631661,0.000908631661,0.00274808534,0.00274808534,0.425172693,3686.6,31.56212,0.00277025007,3.04641e-07,0.0,8847.766,3681.6516,0.0532068417,-98.918639,0.000220462247
231.0,-7.9252734,8847.766,3.2977648,3.2977648,3.0554972,3.0554972,4.12870405,4.12870405,0.0532068815,163.07664,163.07664,0.000908632357,0.000908632357,0.00274808737,0.00274808737,0.425137272,3686.6,31.56212,0.00277025219,-7.3674e-08,0.0,8847.766,3681.6516,0.0532068815,-98.9187795,0.000220462724
231.5,-7.9252734,8847.766,3.2977648,3.2977648,3.0554972,3.0554972,4.128704,4.128704,0.0532068612,163.07664,163.07664,0.00090863198,0.00090863198,0.00274808633,0.00274808633,0.425101844,3686.6,31.56212,0.00277025109,2.53274e-07,0.0,8847.766,3681.6516,0.0532068612,-98.918706,0.000220462469
232.0,-7.9252734,9047.8982,7.60235427,7.60235427,7.21733992,7.21733992,8.6802392,8.6802392,0.052795144,163.07664,163.07664,0.000901600961,0.000901600961,0.00272682485,0.00272682485,0.425047288,3777.2736,31.56212,0.00274881476,-9.090326e-06,0.0,9047.8982,3764.92796,0.052795144,-97.474854,0.0002155668
232.5,-7.9252734,9563.0741,7.99071587,7.99071587,8.00175173,8.00175173,9.74005585,9.74005585,0.0527574477,163.07664,163.07664,0.000900957216,0.000900957216,0.00272487822,0.00272487822,0.424958207,3985.06122,31.56212,0.00274685206,4.38702e-07,0.0,9563.0741,3979.2965,0.0527574477,-97.3426571,0.000215117425
233.0,-7.9252734,10063.5389,7.95530538,7.95530538,8.3836994,8.3836994,10.32378885,10.32378885,0.0527608802,163.07664,163.07664,0.000901015822,0.000901015822,0.00272505545,0.00272505545,0.424863295,4193.18001,31.56212,0.00274703077,-4.72e-09,0.0,10063.5389,4187.54369,0.0527608802,-97.3546958,0.000215158021
233.5,-7.9252734,10530.0163,6.18572616,6.18572616,6.80235499,6.80235499,8.64225591,8.64225591,0.0529296945,163.07664,163.07664,0.000903898714,0.000903898714,0.00273377314,0.00273377314,0.424765907,4382.57937,31.56212,0.00275582022,1.1112764e-05,0.0,10530.0163,4381.64846,0.0529296945,-97.9467096,0.000217165843
234.0,-7.9252734,10607.1614,3.0892155,3.0892155,3.43132523,3.43132523,4.8951804,4.8951804,0.0532268948,163.07664,163.07664,0.000908974117,0.000908974117,0.00274912085,0.00274912085,0.424711721,4416.936,31.56212,0.00277129414,-1.918802e-06,0.0,10607.1614,4413.74924,0.0532268948,-98.9889641,0.000220702165
234.5,-7.9252734,10600.7172,3.29239879,3.29239879,3.65490659,3.65490659,5.214145,5.214145,0.0532073755,163.07664,163.07664,0.000908640783,0.000908640783,0.00274811287,0.00274811287,0.42466707,4416.936,31.56212,0.0027702779,-2.64633e-07,0.0,10600.7172,4411.06775,0.0532073755,-98.9205114,0.000220468626
235.0,-7.9252734,10600.574700000005,3.29766686,3.29766686,3.66070571,3.66070571,5.22241809,5.22241809,0.053136974,162.681297,162.681297,0.000905244072,0.000905244072,0.00273783983,0.00273783983,0.424621561,4416.936,31.56212,0.00276661235,-9.626655e-06,0.0,10600.574700000005,4411.00855,0.053136974,-98.6736206,0.000219628746
235.5,-7.9252734,10600.5728,3.29776839,3.29776839,3.66081773,3.66081773,5.22257795,5.22257795,0.0525704919,159.498027,159.498027,0.00087808486,0.00087808486,0.00265569914,0.00265569914,0.424576021,4416.936,31.56212,0.00273711804,-1.9198319e-05,0.0,10600.5728,4411.0073,0.0525704919,-96.6870175,0.000212916664
236.0,-7.9252734,10600.5737,3.29777,3.29777,3.66081985,3.66081985,5.22258088,5.22258088,0.0519083878,155.780676,155.780676,0.00084681912,0.00084681912,0.00256113867,0.00256113867,0.424530481,4416.936,31.56212,0.00270264523,-1.9005711e-05,0.0,10600.5737,4411.0073,0.0519083878,-94.3650902,0.000205186486
236.5,-7.9252734,10600.574600000002,3.29777,3.29777,3.66082014,3.66082014,5.2225814,5.2225814,0.0512462347,152.063151,152.063151,0.000816067141,0.000816067141,0.00246813221,0.00246813221,0.424484941,4416.936,31.56212,0.00266816975,-1.8458317e-05,0.0,10600.574600000002,4411.0073,0.0512462347,-92.0429827,0.000197584526
237.0,-7.9252734,10600.5756,3.29777,3.29777,3.66082051,3.66082051,5.22258194,5.22258194,0.0505841662,148.345915,148.345915,0.000785833542,0.000785833542,0.00237669349,0.00237669349,0.424439414,4416.936,31.56212,0.00263369873,-1.9174316e-05,0.0,10600.5756,4411.0073,0.0505841662,-89.7211704,0.000190112326
237.5,-7.9252734,10600.5765,3.29777,3.29777,3.66082085,3.66082085,5.22258227,5.22258227,0.0499220506,144.628736,144.628736,0.000756114983,0.000756114983,0.00228681269,0.00228681269,0.424393877,4416.936,31.56212,0.00259922525,-1.9145193e-05,0.0,10600.5765,4411.0073,0.0499220506,-87.399199,0.000182768401
238.0,-7.96425194,10600.4864,3.30937494,3.30937494,3.67367185,3.67367185,5.24091565,5.24091565,0.0494852043,142.20088,142.20088,0.00073689647,0.00073689647,0.00222868819,0.00222868819,0.424348318,4416.936,31.56212,0.00257648051,-4.574127e-06,0.0,10600.4864,4410.96957,0.0494852043,-85.8672179,0.000177988355
238.5,-8.35613345,10599.8667,3.47424597,3.47424597,3.85646626,3.85646626,5.49743927,5.49743927,0.0494353448,142.1515,142.1515,0.000735898031,0.000735898031,0.00222566888,0.00222566888,0.424301582,4416.936,31.56212,0.00257388451,-1.263918e-06,0.0,10599.8667,4410.71163,0.0494353448,-85.692368,0.000177446891
239.0,-8.8324391,10599.7862,3.67518415,3.67518415,4.0794803,4.0794803,5.78050643,5.78050643,0.0493855407,142.1515,142.1515,0.00073515666,0.00073515666,0.002223427,0.002223427,0.424252082,4416.936,31.56212,0.00257129152,-1.853434e-06,0.0,10599.7862,4410.67816,0.0493855407,-85.5177115,0.000176906819
239.5,-9.3087446,10599.7849,3.87342063,3.87342063,4.29952354,4.29952354,6.05035999,6.05035999,0.049335999,142.1515,142.1515,0.000734419173,0.000734419173,0.00222119687,0.00222119687,0.424199952,4416.936,31.56212,0.00256871205,-1.565166e-06,0.0,10599.7849,4410.6775,0.049335999,-85.3439726,0.000176370309
240.0,-9.7850502,10599.785,4.07162587,4.07162587,4.51953261,4.51953261,6.31648148,6.31648148,0.0492864522,142.1515,142.1515,0.000733681598,0.000733681598,0.00221896647,0.00221896647,0.424145241,4416.936,31.56212,0.00256613232,-1.542822e-06,0.0,10599.785,4410.67735,0.0492864522,-85.1702129,0.000175834449
240.5,-10.2613556,10599.785,4.26982379,4.26982379,4.73953378,4.73953378,6.57897876,6.57897876,0.0492369291,142.1515,142.1515,0.00073294441,0.00073294441,0.00221673726,0.00221673726,0.424087936,4416.936,31.56212,0.00256355394,-1.298753e-06,0.0,10599.785,4410.67725,0.0492369291,-84.996543,0.000175299592
241.0,-10.73766115,10599.7874,4.46806069,4.46806069,4.95957941,4.95957941,6.83798658,6.83798658,0.047340165,131.727066,131.727066,0.000655154893,0.000655154893,0.00198147222,0.00198147222,0.424028078,4416.936,31.56212,0.0024647976,-0.000176609914,0.0,10599.7874,4410.67735,0.047340165,-78.344776,0.000155889634
241.5,-11.21396685,10599.799,4.66627763,4.66627763,5.17960722,5.17960722,7.09350354,7.09350354,0.0391058644,85.7531852,85.7531852,0.000354865614,0.000354865614,0.001073285502,0.001073285502,0.423965671,4416.936,31.56212,0.00203607319,-0.000249982317,0.0,10599.799,4410.67735,0.0391058644,-49.4678889,8.1959422e-05
242.0,-11.459376,10600.2862,4.77552857,4.77552857,5.3011202,5.3011202,7.23334434,7.23334434,0.0303812671,36.9159006,36.9159006,0.00012111658,0.00012111658,0.000366334977,0.000366334977,0.423901064,4416.936,31.56212,0.00158182115,-0.000250029894,0.0,10600.2862,4410.87502,0.0303812671,-18.87157974,2.4932428e-05
242.5,-11.459376,10600.6621,4.76918395,4.76918395,5.29426512,5.29426512,7.22553526,7.22553526,-0.018265181,-11.911167217,-11.911167217,4.678839e-05,4.678839e-05,0.000141721621,0.000141721621,0.423836031,4416.936,31.56212,-0.00095098893,-0.002796239409,0.0,10600.6621,4411.00316,-0.018265181,11.05782417,1.4501032e-05
243.0,-11.459376,10600.6958,4.76834072,4.76834072,5.29334608,5.29334608,7.22448627,7.22448627,-0.034926405,-49.1479,-49.1479,0.000180088305,0.000180088305,0.000544690919,0.000544690919,0.423771029,4416.936,31.56212,-0.00181846678,-7.9964214e-05,0.0,10600.6958,4411.00751,-0.034926405,34.8109321,5.1011417e-05
243.5,-11.459376,10600.696,4.76832939,4.76832939,5.29333348,5.29333348,7.22447189,7.22447189,-0.0353486825,-51.494812,-51.494812,0.00019061862,0.00019061862,0.000576539088,0.000576539088,0.423706023,4416.936,31.56212,-0.00184045296,-1.30797e-07,0.0,10600.696,4411.0073,-0.0353486825,36.2918175,5.3736647e-05
244.0,-7.56156539,10608.6392,3.26094812,3.26094812,3.62231888,3.62231888,5.09055137,5.09055137,-0.0349555458,-51.494812,-51.494812,0.000188498622,0.000188498622,0.000570127715,0.000570127715,0.423647238,4416.936,31.56212,-0.00181998407,2.3592488e-05,0.0,10608.6392,4414.31272,-0.0349555458,34.9131268,5.1128379e-05
244.5,0.089172903,10613.2992,-0.032275605,-0.032275605,-0.03588318,-0.03588318,0.284233448,0.284233448,-0.0341493019,-51.494812,-51.494812,0.000184150933,0.000184150933,0.000556979222,0.000556979222,0.423625003,4416.936,31.56212,-0.00177800644,2.3125397e-05,0.0,10613.2992,4416.25233,-0.0341493019,32.0857078,4.5904466e-05
245.0,7.73991115,10613.4251,-3.22041214,-3.22041214,-3.57927971,-3.57927971,-2.54207781,-2.54207781,-0.0333532111,-51.494812,-51.494812,0.000179857993,0.000179857993,0.000543996248,0.000543996248,0.423634633,4416.936,31.56212,-0.00173655741,2.3245401e-05,0.0,10613.4251,4416.30479,-0.0333532111,29.2938949,4.0934057e-05
245.5,15.3906502,10613.427099999995,-6.40399276,-6.40399276,-7.11762493,-7.11762493,-5.52536229,-5.52536229,-0.0325575434,-51.494812,-51.494812,0.000175567338,0.000175567338,0.000531020107,0.000531020107,0.423665381,4416.936,31.56212,-0.00169513048,2.3182735e-05,0.0,10613.427099999995,4416.30615,-0.0325575434,26.5035678,3.6152369e-05
246.0,23.0413886,10613.425,-9.5875832,-9.5875832,-10.6559778,-10.6559778,-9.07969013,-9.07969013,-0.0317618835,-51.494812,-51.494812,0.000171276717,0.000171276717,0.000518043992,0.000518043992,0.423719792,4416.936,31.56212,-0.00165370384,2.2684984e-05,0.0,10613.425,4416.30575,-0.0317618835,23.7132643,3.1556718e-05
246.5,30.6921267,10613.4245,-12.77118335,-12.77118335,-14.194343,-14.194343,-12.6030116,-12.6030116,-0.0309661643,-51.494812,-51.494812,0.000166985787,0.000166985787,0.000505066879,0.000505066879,0.423798659,4416.936,31.56212,-0.00161227421,2.3214615e-05,0.0,10613.4245,4416.30606,-0.0309661643,20.9227551,2.7146739e-05
247.0,38.342865,10613.423,-15.9547055,-15.9547055,-17.732619,-17.732619,-16.0975666,-16.0975666,-0.0301705134,-51.494812,-51.494812,0.000162695222,0.000162695222,0.000492090824,0.000492090824,0.42389977,4416.936,31.56212,-0.00157084811,2.2821315e-05,0.0,10613.423,4416.30585,-0.0301705134,18.132485,2.2923135e-05
247.5,45.9936028,10613.422,-19.1383448,-19.1383448,-21.2710247,-21.2710247,-19.5998399,-19.5998399,-0.0293748622,-51.494812,-51.494812,0.000158404648,0.000158404648,0.000479114689,0.000479114689,0.424022352,4416.936,31.56212,-0.001529422,2.291737e-05,0.0,10613.422,4416.30597,-0.0293748622,15.3422135,1.8885519e-05
248.0,52.2551335,10610.1487,-21.8408498,-21.8408498,-24.267092,-24.267092,-22.5366178,-22.5366178,-0.0287136088,-51.494812,-51.494812,0.000154838824,0.000154838824,0.000468330377,0.000468330377,0.424164636,4416.936,31.56212,-0.0014949934,9.514758e-06,0.0,10610.1487,4414.94433,-0.0287136088,13.02326335,1.5665299e-05
248.5,52.859142,10601.3158,-22.0174426,-22.0174426,-24.443044,-24.443044,-22.7111568,-22.7111568,-0.0286574241,-51.494812,-51.494812,0.000154535848,0.000154535848,0.000467414067,0.000467414067,0.424315557,4416.936,31.56212,-0.0014920681,-1.75645e-07,0.0,10601.3158,4411.26908,-0.0286574241,12.8262289,1.5396598e-05
249.0,52.859142,10600.69875,-21.9955343,-21.9955343,-24.4173001,-24.4173001,-22.6857801,-22.6857801,-0.0286595409,-51.494812,-51.494812,0.000154547266,0.000154547266,0.000467448588,0.000467448588,0.424466155,4416.936,31.56212,-0.0014921783,1.75635e-07,0.0,10600.69875,4411.0124,-0.0286595409,12.83365285,1.5406647e-05
249.5,52.859142,10600.68715,-21.9950869,-21.9950869,-24.4167756,-24.4167756,-22.6852632,-22.6852632,-0.0286595901,-51.494812,-51.494812,0.000154547528,0.000154547528,0.000467449396,0.000467449396,0.424616712,4416.936,31.56212,-0.00149218088,2.88733e-07,0.0,10600.68715,4411.0073,-0.0286595901,12.8338254,1.540688e-05
250.0,52.859142,10600.687,-21.995079,-21.995079,-24.4167652,-24.4167652,-22.685253,-22.685253,-0.0286595841,-51.494812,-51.494812,0.000154547499,0.000154547499,0.000467449298,0.000467449298,0.424767275,4416.936,31.56212,-0.00149218057,1.7078e-08,0.0,10600.687,4411.0073,-0.0286595841,12.8338042,1.5406852e-05
250.5,52.859142,10600.687,-21.995079,-21.995079,-24.416765,-24.416765,-22.685253,-22.685253,-0.0286596306,-51.494812,-51.494812,0.000154547751,0.000154547751,0.000467450059,0.000467450059,0.42491782,4416.936,31.56212,-0.00149218298,-1.74228e-07,0.0,10600.687,4411.0073,-0.0286596306,12.8339675,1.5407073e-05
251.0,52.859142,10600.6869,-21.995087,-21.995087,-24.4167736,-24.4167736,-22.6852616,-22.6852616,-0.0285148542,-50.6683139,-50.6683139,0.000151368191,0.000151368191,0.000457833484,0.000457833484,0.425068377,4416.936,31.56212,-0.0014846451,4.5402996e-05,0.0,10600.6869,4411.0073,-0.0285148542,12.32624975,1.4739878e-05
251.5,52.859142,10600.6357,-21.9955611,-21.9955611,-24.4171836,-24.4171836,-22.6856733,-22.6856733,0.00862315843,-20.360051357,-20.360051357,1.1727023e-05,1.1727023e-05,8.8404363e-05,8.8404363e-05,0.425218913,4416.936,31.56212,0.000448970536,0.001446156267,0.0,10600.6357,4411.007670000001,0.00862315843,-6.273283112,9.887581e-06
252.0,52.859142,10600.5971,-21.9951117,-21.9951117,-24.4165955,-24.4165955,-22.6850975,-22.6850975,0.0348568555,24.63412593,24.63412593,9.3032624e-05,9.3032624e-05,0.000281393876,0.000281393876,0.42536946,4416.936,31.56212,0.00181484573,0.00023992837,0.0,10600.5971,4411.00698,0.0348568555,-34.5670318,5.1248476e-05
252.5,52.0750288,8185.54357,-75.9321358,-75.9321358,-62.5334076,-62.5334076,-59.7616319,-59.7616319,0.0479771631,69.6211866,69.6211866,0.000354736479,0.000354736479,0.001072862746,0.001072862746,0.425603666,3316.34088,31.56212,0.00249796336,0.000374882277,0.0,8185.54357,3406.09304,0.0479771631,-80.5786662,0.000164228745
253.0,44.4997688,2436.90193,-45.6689997,-45.6689997,-14.3238803,-14.3238803,-13.1451386,-13.1451386,0.0526272364,114.6105101,114.6105101,0.000630612487,0.000630612487,0.00190720126,0.00190720126,0.425830446,1095.426994,31.56212,0.00274007252,-1.1716603e-05,0.0,2436.90193,1014.043584,0.0526272364,-96.886019,0.000213836968
253.5,35.3582122,2070.71299,-6.9221277,-6.9221277,-1.29024908,-1.29024908,-0.92816695,-0.92816695,0.0563357748,159.59412,159.59412,0.000943326285,0.000943326285,0.00285298586,0.00285298586,0.425860628,909.957274,31.56212,0.00293316006,0.000118929216,0.0,2070.71299,861.671862,0.0563357748,-109.8914987,0.000259697017
254.0,26.2166547,4774.15579,26.1537834,26.1537834,13.0285202,13.0285202,13.7822136,13.7822136,0.0564526361,181.28459,181.28459,0.00107170126,0.00107170126,0.00324127871,0.00324127871,0.425798244,2031.37254,31.56212,0.00293924455,-1.9722883e-05,0.0,4774.15579,1986.59444,0.0564526361,-110.3013246,0.000260830289
254.5,17.0750976,8354.86975,46.5712423,21.3668151,41.6950506,18.4629284,44.5371018,19.6573536,0.04178223,181.28459,99.6604916,0.000793197122,0.000474000575,0.00239901262,0.001433595088,0.425581352,3521.44239,31.56212,0.00217541999,5.3229889e-05,0.0,8354.86975,3476.54733,0.04178223,-58.853643,0.000112412996
255.0,7.93354035,9596.6263,-6.69044383,-6.69044383,-6.73833761,-6.73833761,-5.57133194,-5.57133194,0.0584228598,181.28459,181.28459,0.00110910415,0.00110910415,0.0033543822,0.0033543822,0.425472618,3916.6975,31.56212,0.00304182549,1.762454e-05,0.0,9596.6263,3993.26113,0.0584228598,-117.2107043,0.000286869523
255.5,-1.20801661,9391.6019,0.253012492,0.253012492,0.24793865,0.24793865,0.644283645,0.644283645,0.0571740658,181.28459,181.28459,0.00108539691,0.00108539691,0.0032826935,0.0032826935,0.425492119,3916.6975,31.56212,0.00297680624,-2.9901482e-05,0.0,9391.6019,3907.94832,0.0571740658,-112.8313045,0.000270232678
256.0,-10.34957354,9384.908,4.30149779,4.30149779,4.22743515,4.22743515,5.65145895,5.65145895,0.0561997637,181.28459,181.28459,0.0010669007,0.0010669007,0.00322676202,0.00322676202,0.425464671,3916.6975,31.56212,0.00292607852,-2.7568311e-05,0.0,9384.908,3905.16225,0.0561997637,-109.4145209,0.00025758263
256.5,-19.491131,9384.7827,8.11003582,8.11003582,7.97031743,7.97031743,9.59127136,9.59127136,0.0552486126,181.28459,181.28459,0.00104884399,0.00104884399,0.00317215924,0.00317215924,0.42539437,3916.6975,31.56212,0.00287655629,-2.7382446e-05,0.0,9384.7827,3905.10976,0.0552486126,-106.07893,0.000245503957
257.0,-27.9304288,9386.4054,11.7081429,11.7081429,11.50857125,11.50857125,12.9326681,12.9326681,0.0543620881,181.28459,181.28459,0.00103201412,0.00103201412,0.0031212663,0.0031212663,0.425283945,3916.6975,31.56212,0.00283039877,-1.7358212e-05,0.0,9386.4054,3905.78431,0.0543620881,-102.9699755,0.000234480174
257.5,-29.619507,9398.3467,12.38093095,12.38093095,12.1852112,12.1852112,13.63542295,13.63542295,0.0541883539,181.28459,181.28459,0.00102871592,0.00102871592,0.00311129262,0.00311129262,0.425145332,3916.6975,31.56212,0.00282135314,5.77878e-07,0.0,9398.3467,3910.75303,0.0541883539,-102.3607051,0.000232342063
258.0,-29.619507,9399.964,12.3261527,12.3261527,12.1333957,12.1333957,13.5826284,13.5826284,0.0541936522,181.28459,181.28459,0.00102881652,0.00102881652,0.00311159681,0.00311159681,0.425005959,3916.6975,31.56212,0.002821629,-7.7977e-08,0.0,9399.964,3911.4261,0.0541936522,-102.379285,0.000232406963
258.5,-29.619507,9399.9973,12.3249192,12.3249192,12.1322243,12.1322243,13.5814329,13.5814329,0.0541937377,181.28459,181.28459,0.00102881813,0.00102881813,0.00311160172,0.00311160172,0.424866781,3916.6975,31.56212,0.00282163342,3.615e-08,0.0,9399.9973,3911.43994,0.0541937377,-102.3795868,0.000232408005
259.0,-29.619507,9399.998,12.3248963,12.3248963,12.1322022,12.1322022,13.5814103,13.5814103,0.0541937804,181.28459,181.28459,0.00102881895,0.00102881895,0.00311160415,0.00311160415,0.424727603,3916.6975,31.56212,0.00282163565,-1.26476e-07,0.0,9399.998,3911.4402,0.0541937804,-102.3797341,0.000232408526
259.5,-29.619507,9399.9985,12.3249267,12.3249267,12.132233,12.132233,13.5814422,13.5814422,0.0536037051,177.925787,177.925787,0.000999796026,0.000999796026,0.00302382579,0.00302382579,0.424588418,3916.6975,31.56212,0.00279091307,-0.000152262421,0.0,9399.9985,3911.44008,0.0536037051,-100.3104015,0.000225486951
260.0,-29.619507,9400.0248,12.3252768,12.3252768,12.1326122,12.1326122,13.5818417,13.5818417,0.03329199249,75.9454888,75.9454888,0.000313403491,0.000313403491,0.000947887407,0.000947887407,0.424449219,3916.6975,31.56212,0.00173337003,-0.003220966302,0.0,9400.0248,3911.43924,0.03329199249,-37.19781266,6.3404062e-05
260.5,-29.619507,9400.13255,12.3253398,12.3253398,12.1328124,12.1328124,13.58208505,13.58208505,-0.0407827853,-71.63048914,-71.63048914,0.000339426222,0.000339426222,0.001026575609,0.001026575609,0.424310031,3916.6975,31.56212,-0.00212338325,-0.000759850182,0.0,9400.13255,3911.44066,-0.0407827853,55.3486866,0.00010292444
261.0,-29.619507,9400.1506,12.3248921,12.3248921,12.132396,12.132396,13.5816622,13.5816622,-0.0543612269,-147.63574,-147.63574,0.00084044517,0.00084044517,0.00254183124,0.00254183124,0.424170813,3916.6975,31.56212,-0.00283035392,2.5493e-07,0.0,9400.1506,3911.4405,-0.0543612269,102.966955,0.000234463769
261.5,-29.6145038,9400.1539,12.324472,12.324472,12.1319868,12.1319868,13.5812415,13.5812415,-0.0543609093,-147.63574,-147.63574,0.000840440246,0.000840440246,0.00254181633,0.00254181633,0.424031578,3916.6975,31.56212,-0.00283033735,3.4832e-08,0.0,9400.1539,3911.44187,-0.0543609093,102.9658405,0.000234459845
262.0,-28.9674767,9401.4331,12.0685773,12.0685773,11.8816981,11.8816981,13.32325645,13.32325645,-0.054295048,-147.63574,-147.63574,0.000839422027,0.000839422027,0.00253873735,0.00253873735,0.423893539,3916.6975,31.56212,-0.00282690829,3.745168e-06,0.0,9401.4331,3911.97402,-0.054295048,102.7348722,0.000233650668
262.5,-27.8729332,9401.9586,11.59865225,11.59865225,11.41969385,11.41969385,12.84443195,12.84443195,-0.0541797976,-147.63574,-147.63574,0.000837640195,0.000837640195,0.00253334934,0.00253334934,0.423761083,3916.6975,31.56212,-0.00282090763,3.465557e-06,0.0,9401.9586,3912.19261,-0.0541797976,102.3306981,0.00023223743
263.0,-26.7783902,9401.9714,11.1425704,11.1425704,10.97066385,10.97066385,12.3760623,12.3760623,-0.0540659476,-147.63574,-147.63574,0.000835880045,0.000835880045,0.00252802686,0.00252802686,0.423634842,3916.6975,31.56212,-0.00281498003,3.58747e-06,0.0,9401.9714,3912.19798,-0.0540659476,101.9314388,0.000230845215
263.5,-25.6838466,9401.9711,10.687213,10.687213,10.5223318,10.5223318,11.9056299,11.9056299,-0.0539521084,-147.63574,-147.63574,0.000834120057,0.000834120057,0.00252270483,0.00252270483,0.42351462,3916.6975,31.56212,-0.00280905281,2.991795e-06,0.0,9401.9711,3912.19802,-0.0539521084,101.5322155,0.000229456931
264.0,-24.5893032,9401.971,10.23178955,10.23178955,10.07393455,10.07393455,11.4814215,11.4814215,-0.0538382766,-147.63574,-147.63574,0.000832360156,0.000832360156,0.00251738318,0.00251738318,0.423400087,3916.6975,31.56212,-0.00280312616,3.501244e-06,0.0,9401.971,3912.19806,-0.0538382766,101.13302,0.000228072559
264.5,-23.5944709,9401.735700000005,9.8069532,9.8069532,9.6554129,9.6554129,11.1300595,11.1300595,-0.0537337114,-147.63574,-147.63574,0.000830743554,0.000830743554,0.00251249474,0.00251249474,0.4232903,3916.6975,31.56212,-0.00279768195,1.584046e-06,0.0,9401.735700000005,3912.10022,-0.0537337114,100.7663195,0.000226804143
265.0,-23.415674,9400.322250000005,9.7374853,9.7374853,9.585575,9.585575,11.0700806,11.0700806,-0.0537154665,-147.63574,-147.63574,0.000830461459,0.000830461459,0.00251164171,0.00251164171,0.423183155,3916.6975,31.56212,-0.00279673196,-5.29672e-07,0.0,9400.322250000005,3911.51225,-0.0537154665,100.7023354,0.000226583093
265.5,-23.415674,9400.1522,9.74330435,9.74330435,9.59113015,9.59113015,11.0747244,11.0747244,-0.0537160114,-147.63574,-147.63574,0.00083046989,0.00083046989,0.00251166723,0.00251166723,0.423076048,3916.6975,31.56212,-0.00279676031,1.7622e-08,0.0,9400.1522,3911.44146,-0.0537160114,100.7042456,0.000226589689
266.0,-23.415674,9400.149,9.7434327,9.7434327,9.5912528,9.5912528,11.0748267,11.0748267,-0.0537160447,-147.63574,-147.63574,0.000830470422,0.000830470422,0.00251166881,0.00251166881,0.422968926,3916.6975,31.56212,-0.00279676207,2.48831e-07,0.0,9400.149,3911.44004,-0.0537160447,100.7043654,0.0002265901
266.5,-23.415674,9381.7097,8.57073141,8.57073141,8.425835,8.425835,9.9628197,9.9628197,-0.0536045973,-147.63574,-147.63574,0.000828747385,0.000828747385,0.00250645852,0.00250645852,0.42286355,3905.4997,31.56212,-0.00279095949,1.5670225e-05,0.0,9381.7097,3903.7674,-0.0536045973,100.3135265,0.000225246374
267.0,-23.415674,9053.109849999995,5.72790331,5.72790331,5.42830277,5.42830277,6.93481759,6.93481759,-0.0533314201,-147.63574,-147.63574,0.000824523971,0.000824523971,0.0024936874,0.0024936874,0.422789501,3769.34562,31.56212,-0.00277673634,-1.428802e-06,0.0,9053.109849999995,3767.03472,-0.0533314201,99.355523,0.000221954437
267.5,-23.415674,8721.1297,8.49020526,8.49020526,7.7468746,7.7468746,9.01624991,9.01624991,-0.0535953496,-147.63574,-147.63574,0.00082860441,0.00082860441,0.0025060262,0.0025060262,0.422720777,3639.24835,31.56212,-0.00279047798,-1.2845572e-05,0.0,8721.1297,3628.89515,-0.0535953496,100.2810976,0.000225135544
268.0,-23.415674,8712.3678,9.81628265,9.81628265,8.9559396,8.9559396,10.1688729,10.1688729,-0.0537230521,-147.63574,-147.63574,0.000830578734,0.000830578734,0.00251199636,0.00251199636,0.422625778,3630.9917,31.56212,-0.00279712687,4.74014e-07,0.0,8712.3678,3625.2492,-0.0537230521,100.728938,0.000226674959
268.5,-23.415674,8714.413499999999,9.74497665,9.74497665,8.8929852,8.8929852,10.11547275,10.11547275,-0.0537161851,-147.63574,-147.63574,0.000830472583,0.000830472583,0.00251167531,0.00251167531,0.422529667,3630.9917,31.56212,-0.00279676935,-3.31867e-07,0.0,8714.413499999999,3626.10052,-0.0537161851,100.7048537,0.00022659179
269.0,-23.415674,8714.454300000001,9.7434635,9.7434635,8.8916464,8.8916464,10.1143317,10.1143317,-0.0537160572,-147.63574,-147.63574,0.000830470607,0.000830470607,0.00251166938,0.00251166938,0.422433704,3630.9917,31.56212,-0.00279676273,-1.3339e-07,0.0,8714.454300000001,3626.11742,-0.0537160572,100.7044066,0.000226590252
269.5,-20.7335258,8720.7659,8.9242603,8.9242603,8.14859031,8.14859031,9.4212808,9.4212808,-0.0540494886,-150.918739,-150.918739,0.000854285537,0.000854285537,0.00258369687,0.00258369687,0.422338605,3630.9917,31.56212,-0.0028141231,-1.5772334e-05,0.0,8720.7659,3628.74357,-0.0540494886,101.8737198,0.000230655206
270.0,4.241764322,8759.4658,-1.599453025,-1.599453025,-1.468839562,-1.468839562,-0.69943912,-0.69943912,-0.0538783346,-164.601467,-164.601467,0.000928628876,0.000928628876,0.00280856221,0.00280856221,0.422291489,3630.9917,31.56212,-0.00280521184,1.6836994e-05,0.0,8759.4658,3644.84684,-0.0538783346,101.2734986,0.000228563325
270.5,34.1732915,8764.17515,-14.2159556,-14.2159556,-13.0471854,-13.0471854,-11.9200738,-11.9200738,-0.0533226236,-179.046032,-179.046032,0.000999713336,0.000999713336,0.00302357971,0.00302357971,0.42233793,3630.9917,31.56212,-0.00277627834,1.5843801e-05,0.0,8764.17515,3646.80683,-0.0533226236,99.324673,0.000221852437
271.0,58.1366383,8750.25365,-24.5727896,-24.5727896,-22.5151514,-22.5151514,-21.265178,-21.265178,-0.0533631836,-193.489849,-193.489849,0.00108144887,0.00108144887,0.00327080973,0.00327080973,0.422455976,3630.9917,31.56212,-0.00277839015,-4.0344772e-05,0.0,8750.25365,3641.014,-0.0533631836,99.4669137,0.000222371076
271.5,60.144157,8716.6557,-25.1047596,-25.1047596,-22.915794,-22.915794,-21.6736262,-21.6736262,-0.055754615,-207.937975,-207.937975,0.00121439258,0.00121439258,0.00367290066,0.00367290066,0.422601684,3630.9917,31.56212,-0.00290290157,-8.2529255e-05,0.0,8716.6557,3627.03228,-0.055754615,107.8534301,0.00025196729
272.0,60.144157,8714.5044,-25.0279905,-25.0279905,-22.8400628,-22.8400628,-21.6004844,-21.6004844,-0.0583342308,-222.377615,-222.377615,0.0013587694,0.0013587694,0.00410957284,0.00410957284,0.422746246,3630.9917,31.56212,-0.00303721108,-7.4357683e-05,0.0,8714.5044,3626.13548,-0.0583342308,116.8998925,0.000285724911
272.5,60.144157,8714.4662,-25.0264359,-25.0264359,-22.8385431,-22.8385431,-21.5990157,-21.5990157,-0.0609072588,-236.823062,-236.823062,0.00151082419,0.00151082419,0.00456947163,0.00456947163,0.422890693,3630.9917,31.56212,-0.00317117749,-7.5301612e-05,0.0,8714.4662,3626.11815,-0.0609072588,125.9232495,0.000321345335
273.0,60.095187,8714.4219,-25.0218673,-25.0218673,-22.8342582,-22.8342582,-21.5948596,-21.5948596,-0.0634830591,-251.265312,-251.265312,0.00167071765,0.00167071765,0.0050530834,0.0050530834,0.423035132,3630.9917,31.56212,-0.00330528829,-7.7140251e-05,0.0,8714.4219,3626.09809,-0.0634830591,134.956331,0.000358953519
273.5,54.329377,8703.0517,-22.7389191,-22.7389191,-20.7243348,-20.7243348,-19.5163349,-19.5163349,-0.066642659,-265.707795,-265.707795,0.00185477283,0.00185477283,0.00560977195,0.00560977195,0.423175462,3630.9917,31.56212,-0.00346979501,-0.000101921416,0.0,8703.0517,3621.36514,-0.066642659,146.036739,0.000407822593
274.0,44.6474107,8698.4769,-18.5817715,-18.5817715,-16.9261922,-16.9261922,-15.7859488,-15.7859488,-0.0698189831,-277.805647,-277.805647,0.00203127425,0.00203127425,0.0061436105,0.0061436105,0.423296686,3630.9917,31.56212,-0.00363517241,-5.909375e-05,0.0,8698.4769,3619.45972,-0.0698189831,157.175793,0.000459726302
274.5,34.9654449,8698.365600000001,-14.54964075,-14.54964075,-13.253133,-13.253133,-12.1398388,-12.1398388,-0.0710638936,-279.13098,-279.13098,0.00207723516,0.00207723516,0.00628261072,0.00628261072,0.423395513,3630.9917,31.56212,-0.00369998954,-2.9101484e-05,0.0,8698.365600000001,3619.41269,-0.0710638936,161.541579,0.000480875913
275.0,25.2834791,8698.3663,-10.5209043,-10.5209043,-9.58339515,-9.58339515,-8.51865434,-8.51865434,-0.0720708396,-279.13098,-279.13098,0.0021066688,0.0021066688,0.00637162093,0.00637162093,0.423470924,3630.9917,31.56212,-0.0037524169,-2.8800968e-05,0.0,8698.3663,3619.41243,-0.0720708396,165.072837,0.00049835007
275.5,15.6015136,8698.367300000002,-6.49216055,-6.49216055,-5.91365003,-5.91365003,-4.81562945,-4.81562945,-0.0730777328,-279.13098,-279.13098,0.00213610077,0.00213610077,0.00646062606,0.00646062606,0.423521025,3630.9917,31.56212,-0.00380484142,-2.8518554e-05,0.0,8698.367300000002,3619.41219,-0.0730777328,168.60391,0.000516121158
276.0,5.91954746,8698.3687,-2.463459675,-2.463459675,-2.2439433,-2.2439433,-1.682592464,-1.682592464,-0.0740846502,-279.13098,-279.13098,0.00216553354,0.00216553354,0.00654963296,0.00654963296,0.4235459,3630.9917,31.56212,-0.00385726725,-2.9077693e-05,0.0,8698.3687,3619.41217,-0.0740846502,172.135071,0.000534190548
276.5,-3.76241824,8698.3691,1.566092362,1.566092362,1.426539084,1.426539084,1.926674644,1.926674644,-0.0715572129,-259.217588,-259.217588,0.00194477143,0.00194477143,0.00588189274,0.00588189274,0.423546088,3630.9917,31.56212,-0.00372567456,0.000199993405,0.0,8698.3691,3619.41387,-0.0715572129,163.271603,0.000489892394
277.0,-13.44438435,8698.35745,5.59422547,5.59422547,5.09572291,5.09572291,6.40895312,6.40895312,-0.0651020974,-217.32729,-217.32729,0.00148396011,0.00148396011,0.00448812423,0.00448812423,0.423509187,3630.9917,31.56212,-0.00338958462,0.000185194415,0.0,8698.35745,3619.41274,-0.0651020974,140.634143,0.000384012941
277.5,-23.1263497,8698.3466,9.62347985,9.62347985,8.76591872,8.76591872,10.0066023,10.0066023,-0.0586472223,-175.431898,-175.431898,0.00107975448,0.00107975448,0.00326560496,0.00326560496,0.42343316,3630.9917,31.56212,-0.00305350715,0.000191593128,0.0,8698.3466,3619.41188,-0.0586472223,117.9975224,0.000290378581
278.0,-28.9802323,8706.5427,12.200906,12.200906,11.1241489,11.1241489,12.3142142,12.3142142,-0.0518092013,-133.5426766,-133.5426766,0.000727218973,0.000727218973,0.00219939508,0.00219939508,0.423321412,3630.9917,31.56212,-0.002697481,0.000205509723,0.0,8706.5427,3622.82635,-0.0518092013,94.0172529,0.000204704249
278.5,-29.038988,8714.1777,12.09292325,12.09292325,11.03535515,11.03535515,12.2251486,12.2251486,-0.0443413987,-91.6497179,-91.6497179,0.000428269216,0.000428269216,0.00129527064,0.00129527064,0.423199447,3630.9917,31.56212,-0.00230866477,0.00021240818,0.0,8714.1777,3626.00774,-0.0443413987,67.8283961,0.000126657344
279.0,-29.038988,8714.4269,12.0834639,12.0834639,11.0270382,11.0270382,12.216648,12.216648,-0.0368796446,-49.7607216,-49.7607216,0.000194876305,0.000194876305,0.000589412798,0.000589412798,0.423078263,3630.9917,31.56212,-0.00192016355,0.00021514882,0.0,8714.4269,3626.11574,-0.0368796446,41.6607542,6.5032307e-05
279.5,-29.038988,8714.4215,12.08328705,12.08328705,11.02687,11.02687,12.2164725,12.2164725,-0.0295200522,-8.45431254,-8.45431254,2.8480539e-05,2.8480539e-05,9.7219521e-05,9.7219521e-05,0.422957097,3630.9917,31.56212,-0.00153698137,0.000170806357,0.0,8714.4215,3626.1177,-0.0295200522,15.85137965,2.0187743e-05
280.0,-29.038988,8714.417599999999,12.0833419,12.0833419,11.02691555,11.02691555,12.2165181,12.2165181,-0.0269444882,5.9543962,5.9543962,-1.6801044e-05,-1.6801044e-05,-5.554242e-06,-5.554242e-06,0.422835938,3630.9917,31.56212,-0.00140288295,1.3392e-08,0.0,8714.417599999999,3626.1177,-0.0269444882,6.81913091,7.696399e-06
280.5,-29.038988,8714.418,12.0833381,12.0833381,11.0269122,11.0269122,12.2165151,12.2165151,-0.0269444637,5.9543962,5.9543962,-1.6801029e-05,-1.6801029e-05,-5.554237e-06,-5.554237e-06,0.422714763,3630.9917,31.56212,-0.00140288168,-4.46367e-07,0.0,8714.418,3626.11791,-0.0269444637,6.81904469,7.696294e-06
281.0,-29.038988,8714.418,12.083338,12.083338,11.026912,11.026912,12.216515,12.216515,-0.0269444636,5.9543962,5.9543962,-1.6801028e-05,-1.6801028e-05,-5.554237e-06,-5.554237e-06,0.422593578,3630.9917,31.56212,-0.00140288167,-2.00819e-07,0.0,8714.418,3626.118,-0.0269444636,6.81904366,7.696294e-06
281.5,-29.038988,8714.418,12.083338,12.083338,11.026912,11.026912,12.216515,12.216515,-0.026944445,5.9543962,5.9543962,-1.6801017e-05,-1.6801017e-05,-5.554233e-06,-5.554233e-06,0.422472397,3630.9917,31.56212,-0.00140288067,3.1304e-08,0.0,8714.418,3626.118,-0.026944445,6.81897819,7.696214e-06
282.0,-29.038988,8714.418,12.083338,12.083338,11.026912,11.026912,12.216515,12.216515,-0.0269444797,5.9543962,5.9543962,-1.6801039e-05,-1.6801039e-05,-5.55424e-06,-5.55424e-06,0.422351203,3630.9917,31.56212,-0.00140288249,-9.902e-09,0.0,8714.418,3626.118,-0.0269444797,6.81910047,7.696362e-06
282.5,-29.038988,8714.418,12.083338,12.083338,11.026912,11.026912,12.216515,12.216515,-0.0269444886,5.9543962,5.9543962,-1.6801044e-05,-1.6801044e-05,-5.554242e-06,-5.554242e-06,0.422229998,3630.9917,31.56212,-0.00140288297,-6.1542e-08,0.0,8714.418,3626.118,-0.0269444886,6.81913064,7.696399e-06
283.0,-29.038988,8714.418,12.083338,12.083338,11.026912,11.026912,12.216515,12.216515,-0.0269444394,5.9543962,5.9543962,-1.6801014e-05,-1.6801014e-05,-5.554232e-06,-5.554232e-06,0.422108788,3630.9917,31.56212,-0.00140288042,-3.41416e-07,0.0,8714.418,3626.118,-0.0269444394,6.81896006,7.696192e-06
283.5,4.088193588,6016.90703,-56.6447063,-56.6447063,-30.73321,-30.73321,-28.9270819,-28.9270819,0.0266937123,5.9543962,5.9543962,1.6644675e-05,1.6644675e-05,5.4861661e-05,5.4861661e-05,0.422127433,2377.29306,31.56212,0.00138982617,0.00079407395,0.0,6016.90703,2503.695,0.0266937123,-23.47419733,3.6764463e-05
284.0,85.854744,830.870868,-56.0393432,-56.0393432,-6.65134715,-6.65134715,-5.44877727,-5.44877727,0.0369261504,5.9543962,5.9543962,2.3025038e-05,2.3025038e-05,6.9648512e-05,6.9648512e-05,0.422257839,385.488815,31.56212,0.00192258486,-0.0001211866,0.0,830.870868,345.75306,0.0369261504,-41.8238429,6.6099189e-05
284.5,85.854744,699.342593,-34.8781971,-34.8781971,-2.55631813,-2.55631813,-2.02085384,-2.02085384,0.0348928496,5.9543962,5.9543962,2.1757188e-05,2.1757188e-05,6.5813389e-05,6.5813389e-05,0.422273781,301.46286,31.56212,0.00181671974,8.539404e-06,0.0,699.342593,291.021987,0.0348928496,-34.6932583,5.070815e-05
285.0,85.854744,722.985436,-35.7070896,-35.7070896,-2.70341534,-2.70341534,-2.14689588,-2.14689588,0.0349726241,5.9543962,5.9543962,2.1806932e-05,2.1806932e-05,6.5963857e-05,6.5963857e-05,0.42229056,301.46286,31.56212,0.00182087326,4.25062e-07,0.0,722.985436,300.859992,0.0349726241,-34.9730206,5.1233022e-05
285.5,85.854744,800.082553,-28.26246413,-28.26246413,-2.099749653,-2.099749653,-1.601783232,-1.601783232,0.0322568509,-5.356978836,-5.356978836,-1.583539e-05,-1.583539e-05,8.934128e-06,8.934128e-06,0.422307232,358.241435,31.56212,0.00167947468,-0.000219421194,0.0,800.082553,332.939089,0.0322568509,-25.4490662,3.5489182e-05
286.0,85.854744,4092.13641,10.54953645,10.54953645,4.25359669,4.25359669,4.79502748,4.79502748,-0.0159657192,-36.0442576,-36.0442576,7.5187316e-05,7.5187316e-05,0.000257860424,0.000257860424,0.422293439,1750.031034,31.56212,-0.000831265956,-0.001999860535,0.0,4092.13641,1702.75889,-0.0159657192,6.33230447,7.707942e-06
286.5,85.854744,7951.01629,-20.5717732,-20.5717732,-18.09794339,-18.09794339,-16.94846845,-16.94846845,-0.0294468549,-67.0308516,-67.0308516,0.000206404185,0.000206404185,0.000624289931,0.000624289931,0.422287846,3252.2164,31.56212,-0.00153317035,1.136765e-06,0.0,7951.01629,3308.45945,-0.0294468549,15.59468665,1.936066e-05
287.0,85.854744,8077.94725,-36.601479,-36.601479,-30.9640881,-30.9640881,-29.6651912,-29.6651912,-0.033421983,-98.020268,-98.020268,0.000344611354,0.000344611354,0.001042293714,0.001042293714,0.422464601,3355.268,31.56212,-0.00174013807,-0.000165723221,0.0,8077.94725,3361.27394,-0.033421983,29.5350702,4.1752856e-05
287.5,85.854744,8053.204670000001,-35.7435665,-35.7435665,-30.143609,-30.143609,-28.8701746,-28.8701746,-0.0390225752,-129.0003387,-129.0003387,0.00052863161,0.00052863161,0.00159885311,0.00159885311,0.422649779,3355.268,31.56212,-0.0020317367,-0.000157493942,0.0,8053.204670000001,3350.97515,-0.0390225752,49.1758028,8.0751677e-05
288.0,85.854744,8052.71519,-35.7250964,-35.7250964,-30.1262012,-30.1262012,-28.8533016,-28.8533016,-0.0445433697,-159.989785,-159.989785,0.000747762218,0.000747762218,0.0022616041,0.0022616041,0.422833851,3355.268,31.56212,-0.00231918053,-0.000167626976,0.0,8052.71519,3350.76822,-0.0445433697,68.5366863,0.000128247102
288.5,85.854744,8052.71148,-35.7247889,-35.7247889,-30.1259279,-30.1259279,-28.8530361,-28.8530361,-0.0483508772,-181.325929,-181.325929,0.000918150584,0.000918150584,0.00277693962,0.00277693962,0.423017892,3355.268,31.56212,-0.00251742104,-3.3927923e-05,0.0,8052.71148,3350.76442,-0.0483508772,81.8892461,0.000165862923
289.0,85.8454616,8052.703660000001,-35.7240608,-35.7240608,-30.1252843,-30.1252843,-28.8524115,-28.8524115,-0.0484753765,-182.0109,-182.0109,0.00092394726,0.00092394726,0.00279447156,0.00279447156,0.423201928,3355.268,31.56212,-0.00252390316,-5.43892e-07,0.0,8052.703660000001,3350.76116,-0.0484753765,82.325851,0.000167165259
289.5,84.567989,8050.17533,-35.2193579,-35.2193579,-29.6903824,-29.6903824,-28.4295395,-28.4295395,-0.0486053034,-182.0109,-182.0109,0.000926423682,0.000926423682,0.00280196051,0.00280196051,0.423385199,3355.268,31.56212,-0.00253066793,-6.649825e-06,0.0,8050.17533,3349.70902,-0.0486053034,82.7814945,0.00016854164
290.0,82.3972118,8049.125,-34.2870372,-34.2870372,-28.9006258,-28.9006258,-27.6615387,-27.6615387,-0.048833872,-182.0109,-182.0109,0.000930780228,0.000930780228,0.00281513504,0.00281513504,0.423564942,3355.268,31.56212,-0.0025425685,-6.786433e-06,0.0,8049.125,3349.27183,-0.048833872,83.5830626,0.000170973821
290.5,80.2264401,8049.09926,-33.3828699,-33.3828699,-28.1384114,-28.1384114,-26.9207942,-26.9207942,-0.0490596908,-182.0109,-182.0109,0.000935084352,0.000935084352,0.002828151,0.002828151,0.423740708,3355.268,31.56212,-0.00255432586,-6.506344e-06,0.0,8049.09926,3349.26109,-0.0490596908,84.3749861,0.000173391848
291.0,78.055666,8049.099319999999,-32.479539,-32.479539,-27.376994,-27.376994,-26.181427,-26.181427,-0.0492854528,-182.0109,-182.0109,0.000939387416,0.000939387416,0.00284116379,0.00284116379,0.4239125,3355.268,31.56212,-0.00256608036,-6.482033e-06,0.0,8049.099319999999,3349.26093,-0.0492854528,85.1667109,0.000175824245
291.5,75.884888,8049.1,-31.5760895,-31.5760895,-26.6154791,-26.6154791,-25.4422651,-25.4422651,-0.0497627025,-183.433856,-183.433856,0.000955984755,0.000955984755,0.0028913604,0.0028913604,0.424080305,3355.268,31.56212,-0.00259092857,-4.2201366e-05,0.0,8049.1,3349.26084,-0.0497627025,86.8403816,0.000181039718
292.0,73.7141156,8049.103359999999,-30.6730427,-30.6730427,-25.8543118,-25.8543118,-24.6968588,-24.6968588,-0.0521081298,-195.345145,-195.345145,0.00106627812,0.00106627812,0.00322494034,0.00322494034,0.424244055,3355.268,31.56212,-0.00271304488,-7.7453068e-05,0.0,8049.103359999999,3349.26091,-0.0521081298,95.0655636,0.000207589117
292.5,71.543342,8049.10714,-29.7697628,-29.7697628,-25.0929482,-25.0929482,-23.9493704,-23.9493704,-0.0548253883,-209.332995,-209.332995,0.00120217209,0.00120217209,0.00363595137,0.00363595137,0.424403717,3355.268,31.56212,-0.00285452081,-7.6750396e-05,0.0,8049.10714,3349.2608,-0.0548253883,104.5947225,0.000240293369
293.0,69.372564,8049.11105,-28.8664194,-28.8664194,-24.3315314,-24.3315314,-23.2030551,-23.2030551,-0.0575426252,-223.321831,-223.321831,0.00134603218,0.00134603218,0.00407105925,0.00407105925,0.424559229,3355.268,31.56212,-0.00299599559,-7.7532338e-05,0.0,8049.11105,3349.26081,-0.0575426252,114.1238087,0.00027516663
293.5,67.2017909,8049.114810000001,-27.9630197,-27.9630197,-23.5700661,-23.5700661,-22.4579199,-22.4579199,-0.0602599632,-237.311369,-237.311369,0.00149785995,0.00149785995,0.00453026933,0.00453026933,0.424710588,3355.268,31.56212,-0.00313747558,-8.1002322e-05,0.0,8049.114810000001,3349.26088,-0.0602599632,123.6532453,0.000312210448
294.0,65.0492912,8049.14448,-27.0626142,-27.0626142,-22.8111969,-22.8111969,-21.7165381,-21.7165381,-0.0629753844,-251.296147,-251.296147,0.00165756692,0.00165756692,0.00501331442,0.00501331442,0.424857748,3355.268,31.56212,-0.00327885584,-7.649656e-05,0.0,8049.14448,3349.27166,-0.0629753844,133.175963,0.000351394752
294.5,64.2369,8051.786169999999,-26.7017343,-26.7017343,-22.5143985,-22.5143985,-21.4264095,-21.4264095,-0.0655538931,-265.284103,-265.284103,0.00182141937,0.00182141937,0.00550890467,0.00550890467,0.425001599,3355.268,31.56212,-0.00341310759,-6.9358288e-05,0.0,8051.786169999999,3350.36945,-0.0655538931,142.218544,0.000390594887
295.0,64.2369,8052.715699999999,-26.7286133,-26.7286133,-22.5396629,-22.5396629,-21.4508935,-21.4508935,-0.0675578828,-276.537539,-276.537539,0.00195644999,0.00195644999,0.00591732417,0.00591732417,0.425145103,3355.268,31.56212,-0.0035174467,-2.8539322e-05,0.0,8052.715699999999,3350.75502,-0.0675578828,149.246337,0.000422357248
295.5,64.2369,8052.73798,-26.7294326,-26.7294326,-22.5404155,-22.5404155,-21.4516244,-21.4516244,-0.067733003,-277.51227,-277.51227,0.00196839003,0.00196839003,0.00595343859,0.00595343859,0.425288646,3355.268,31.56212,-0.00352656446,1.60121e-07,0.0,8052.73798,3350.76411,-0.067733003,149.86047,0.000425183129
296.0,64.2369,8052.7383,-26.7294476,-26.7294476,-22.5404296,-22.5404296,-21.451637,-21.451637,-0.067732987,-277.51227,-277.51227,0.00196838954,0.00196838954,0.00595343711,0.00595343711,0.425432188,3355.268,31.56212,-0.00352656356,-2.2125e-08,0.0,8052.7383,3350.76438,-0.067732987,149.860408,0.000425182862
296.5,64.2369,8052.7383,-26.729448,-26.729448,-22.54043,-22.54043,-21.451637,-21.451637,-0.0677329684,-277.51227,-277.51227,0.00196838906,0.00196838906,0.0059534354,0.0059534354,0.425575719,3355.268,31.56212,-0.00352656265,2.5377e-08,0.0,8052.7383,3350.7644,-0.0677329684,149.860345,0.000425182569
297.0,64.2369,8052.7383,-26.729448,-26.729448,-22.54043,-22.54043,-21.451637,-21.451637,-0.0677329709,-277.51227,-277.51227,0.00196838916,0.00196838916,0.00595343577,0.00595343577,0.425719245,3355.268,31.56212,-0.00352656282,3.75935e-07,0.0,8052.7383,3350.7644,-0.0677329709,149.860357,0.000425182627
297.5,64.2369,8052.73337,-26.7295661,-26.7295661,-22.5405157,-22.5405157,-21.4517221,-21.4517221,-0.0637025276,-254.751925,-254.751925,0.0017144955,0.0017144955,0.00518550843,0.00518550843,0.425862774,3355.268,31.56212,-0.00331671506,0.000434761022,0.0,8052.73337,3350.76468,-0.0637025276,135.725989,0.000365917349
298.0,64.2369,8052.69265,-26.7299627,-26.7299627,-22.540736,-22.540736,-21.4519448,-21.4519448,-0.0330597007,-103.619455,-103.619455,0.000433968541,0.000433968541,0.001323359715,0.001323359715,0.42600631,3355.268,31.56212,-0.00172127561,0.004323332014,0.0,8052.69265,3350.76554,-0.0330597007,42.07069424,7.5740391e-05
298.5,64.2369,8052.585099999999,-26.7297706,-26.7297706,-22.5402723,-22.5402723,-21.4515112,-21.4515112,0.0398530632,46.1012532,46.1012532,0.000206409894,0.000206409894,0.000632278927,0.000632278927,0.426149872,3355.268,31.56212,0.0020749766,0.000441137515,0.0,8052.585099999999,3350.76338,0.0398530632,-52.0882426,9.0467998e-05
299.0,64.2369,8052.583500000001,-26.7294097,-26.7294097,-22.5399641,-22.5399641,-21.4512104,-21.4512104,0.0423987585,67.44066,67.44066,0.000299435692,0.000299435692,0.000905631061,0.000905631061,0.426293414,3355.268,33.983827,0.00220751992,-8.0310242e-05,0.0,8052.583500000001,3350.76426,0.0423987585,-65.5185212,0.000116360454
299.5,63.0411244,8049.953320000001,-26.4097612,-26.4097612,-22.2634749,-22.2634749,-21.1823144,-21.1823144,0.039954012,69.48627,69.48627,0.000290637275,0.000290637275,0.00087902784,0.00087902784,0.426436812,3355.268,40.0309093,0.00208023252,-4.5538068e-05,0.0,8049.953320000001,3349.66828,0.039954012,-66.4192766,0.000111143266
300.0,45.1340504,8019.33769,-18.9601733,-18.9601733,-15.9239065,-15.9239065,-14.95819795,-14.95819795,0.038774989,86.482413,86.482413,0.000350976955,0.000350976955,0.00106152652,0.00106152652,0.426563993,3355.268,46.1130179,0.00201884591,-2.9568581e-05,0.0,8019.33769,3336.9282,0.038774989,-70.5073611,0.00011450413
300.5,21.8772321,8014.00382,-9.10768227,-9.10768227,-7.64342309,-7.64342309,-6.74825362,-6.74825362,0.0380993873,106.4198755,106.4198755,0.000424610609,0.000424610609,0.00128423675,0.00128423675,0.426642131,3355.268,51.1325913,0.00198367032,7.98718e-07,0.0,8014.00382,3334.70844,0.0380993873,-74.4170186,0.00011876404
301.0,1.165116288,8019.88869,-0.236678878,-0.236678878,-0.197729241,-0.197729241,0.1547751334,0.1547751334,0.0388072429,126.3538151,126.3538151,0.000513713172,0.000513713172,0.00155373214,0.00155373214,0.426665254,3355.268,51.640656,0.00202052531,3.6237249e-05,0.0,8019.88869,3337.15763,0.0388072429,-79.2238944,0.000128819397
301.5,-2.1043856,8049.381050000001,0.98616012,0.98616012,0.831229316,0.831229316,1.080764585,1.080764585,0.0407770836,146.28837,146.28837,0.000625053044,0.000625053044,0.0018904819,0.0018904819,0.426656489,3355.268,51.640656,0.00212308634,6.8336894e-05,0.0,8049.381050000001,3349.43074,0.0407770836,-90.5265441,0.000154720531
302.0,-2.1043856,8052.51865,0.878061238,0.878061238,0.740431962,0.740431962,0.962841351,0.962841351,0.0423991492,161.112532,161.112532,0.000715370494,0.000715370494,0.00216365024,0.00216365024,0.42664832,3355.268,51.640656,0.0022075403,1.8811061e-05,0.0,8052.51865,3350.73725,0.0423991492,-99.8337154,0.000177312419
302.5,-2.1043856,8052.58266,0.875696047,0.875696047,0.738443371,0.738443371,0.960257896,0.960257896,0.0424870875,161.91324,161.91324,0.000720390417,0.000720390417,0.00217883324,0.00217883324,0.426640405,3355.268,51.640656,0.00221211885,-5.76551e-07,0.0,8052.58266,3350.76394,0.0424870875,-100.3382916,0.000178571551
303.0,-2.1043856,8052.584,0.875651231,0.875651231,0.7384057,0.7384057,0.960208926,0.960208926,0.0424870599,161.91324,161.91324,0.000720389941,0.000720389941,0.00217883185,0.00217883185,0.426632504,3355.268,51.640656,0.00221211743,-1.06022e-07,0.0,8052.584,3350.7644,0.0424870599,-100.338132,0.000178571145
303.5,-2.1043856,8052.584,0.87565039,0.87565039,0.738405,0.738405,0.960208006,0.960208006,0.0424870873,161.91324,161.91324,0.000720390432,0.000720390432,0.00217883329,0.00217883329,0.426624595,3355.268,51.640656,0.00221211885,-1.685294e-06,0.0,8052.584,3350.7644,0.0424870873,-100.338292,0.000178571557
304.0,-2.1043856,8052.584,0.875650365,0.875650365,0.738405,0.738405,0.960208,0.960208,0.0424870583,161.91324,161.91324,0.000720389932,0.000720389932,0.00217883174,0.00217883174,0.426616684,3355.268,51.640656,0.00221211735,-1.844117e-06,0.0,8052.584,3350.7644,0.0424870583,-100.3381251,0.000178571133
304.5,-2.1043856,8052.584,0.875650385,0.875650385,0.738405,0.738405,0.960208,0.960208,0.0424870479,161.91324,161.91324,0.000720389762,0.000720389762,0.00217883124,0.00217883124,0.426608782,3355.268,51.640656,0.00221211676,2.714768e-06,0.0,8052.584,3350.7644,0.0424870479,-100.3380675,0.000178570985
305.0,-2.1043856,8052.584,0.875650375,0.875650375,0.738405,0.738405,0.960208,0.960208,0.0424870412,161.91324,161.91324,0.000720389613,0.000720389613,0.00217883082,0.00217883082,0.426600875,3355.268,51.640656,0.00221211645,-1.972706e-06,0.0,8052.584,3350.7644,0.0424870412,-100.3380236,0.000178570877
305.5,-3.20681181,8050.127989999999,1.283696835,1.283696835,1.082087472,1.082087472,1.406957583,1.406957583,0.0424201411,161.91324,161.91324,0.000719255307,0.000719255307,0.00217540052,0.00217540052,0.426592086,3355.268,51.640656,0.00220863322,-5.305453e-06,0.0,8050.127989999999,3349.74246,0.0424201411,-99.9541641,0.000177608441
306.0,-6.70279496,8046.7769,2.78379681,2.78379681,2.3457783,2.3457783,3.04970508,3.04970508,0.0421952466,161.91324,161.91324,0.000715442106,0.000715442106,0.00216386889,0.00216386889,0.426573586,3355.268,51.640656,0.00219692396,-6.870676e-06,0.0,8046.7769,3348.3479,0.0421952466,-98.6637515,0.000174386291
306.5,-10.2809911,8046.63208,4.27785862,4.27785862,3.60470034,3.60470034,4.58938021,4.58938021,0.0419674808,161.91324,161.91324,0.000711580214,0.000711580214,0.00215219003,0.00215219003,0.426540765,3355.268,51.640656,0.00218506518,-6.855633e-06,0.0,8046.63208,3348.28744,0.0419674808,-97.3568686,0.000171147559
307.0,-13.85918725,8046.62938,5.76680803,5.76680803,4.85934924,4.85934924,5.96768843,5.96768843,0.0417399769,161.91324,161.91324,0.000707722765,0.000707722765,0.00214052453,0.00214052453,0.426494634,3355.268,51.640656,0.00217322,-6.62507e-06,0.0,8046.62938,3348.28627,0.0417399769,-96.0514813,0.000167937445
307.5,-17.4373835,8046.629660000001,7.25591699,7.25591699,6.11413371,6.11413371,7.25110384,7.25110384,0.0415124032,161.91324,161.91324,0.000703864134,0.000703864134,0.00212885546,0.00212885546,0.426435692,3355.268,51.640656,0.00216137125,-6.223932e-06,0.0,8046.629660000001,3348.28626,0.0415124032,-94.745697,0.000164751239
308.0,-21.0155795,8046.630439999999,8.74470625,8.74470625,7.36864948,7.36864948,8.44872332,8.44872332,0.0409513491,158.84282,158.84282,0.000681238597,0.000681238597,0.00206042489,0.00206042489,0.42636427,3355.268,51.640656,0.00213215964,-2.8385657e-05,0.0,8046.630439999999,3348.28615,0.0409513491,-91.5264545,0.00015701932
308.5,-24.5937757,8046.63192,10.2336925,10.2336925,8.62333215,8.62333215,9.5845511,9.5845511,0.0400001541,152.195986,152.195986,0.000637574124,0.000637574124,0.00192836112,0.00192836112,0.426280597,3355.268,51.640656,0.00208263497,-2.5485016e-05,0.0,8046.63192,3348.28628,0.0400001541,-86.0686424,0.00014422789
309.0,-28.1719716,8046.63301,11.7226602,11.7226602,9.8779993,9.8779993,10.8439538,10.8439538,0.0390489157,145.54938,145.54938,0.00059523409,0.00059523409,0.00180030328,0.00180030328,0.426183741,3355.268,51.640656,0.00203310813,-2.5607894e-05,0.0,8046.63301,3348.28622,0.0390489157,-80.6105789,0.000131870822
309.5,-30.9146289,8048.558439999999,12.9119465,12.9119465,10.8827625,10.8827625,11.87750965,11.87750965,0.0381478397,138.90269,138.90269,0.000554937846,0.000554937846,0.00167842687,0.00167842687,0.426072366,3355.268,51.640656,0.00198619303,-2.5950722e-05,0.0,8048.558439999999,3349.08689,0.0381478397,-75.44034,0.000120560767
310.0,-31.09327,8052.371980000001,12.94598095,12.94598095,10.9166,10.9166,11.91310435,11.91310435,0.0374152303,132.256936,132.256936,0.000518239218,0.000518239218,0.00156743121,0.00156743121,0.425955015,3355.268,51.640656,0.0019480492,-2.0539226e-05,0.0,8052.371980000001,3350.67324,0.0374152303,-71.236736,0.000111655804
310.5,-31.09327,8052.58777,12.9383028,12.9383028,10.91041835,10.91041835,11.9068444,11.9068444,0.0366919047,125.610301,125.610301,0.000482682462,0.000482682462,0.00145988922,0.00145988922,0.425837889,3355.268,51.640656,0.0019103888,-2.2291249e-05,0.0,8052.58777,3350.76269,0.0366919047,-67.0864011,0.000103118623
311.0,-31.09327,8052.593129999999,12.93814755,12.93814755,10.91029435,10.91029435,11.9067187,11.9067187,0.0359684945,118.9675211,118.9675211,0.000448145871,0.000448145871,0.00135543275,0.00135543275,0.425720778,3355.268,51.640656,0.00187272393,-1.761927e-05,0.0,8052.593129999999,3350.7644,0.0359684945,-62.9355852,9.4831917e-05
311.5,-31.09327,8052.5938,12.9381383,12.9381383,10.9102873,10.9102873,11.90671255,11.90671255,0.0356451537,116.00385,116.00385,0.00043301359,0.00043301359,0.00130966495,0.00130966495,0.425603674,3355.268,51.640656,0.00185588897,1.779e-07,0.0,8052.5938,3350.7644,0.0356451537,-61.0803006,9.1199041e-05
312.0,-31.09327,8052.5938,12.9381389,12.9381389,10.9102879,10.9102879,11.906713,11.906713,0.0356452038,116.00385,116.00385,0.000433014209,0.000433014209,0.0013096668,0.0013096668,0.42548655,3355.268,51.640656,0.0018558916,1.25607e-07,0.0,8052.5938,3350.7644,0.0356452038,-61.080591,9.1199604e-05
312.5,-31.09327,8052.5938,12.938139,12.938139,10.910288,10.910288,11.906713,11.906713,0.0356451736,116.00385,116.00385,0.000433013829,0.000433013829,0.00130966566,0.00130966566,0.425369426,3355.268,51.640656,0.00185589,2.61921e-07,0.0,8052.5938,3350.7644,0.0356451736,-61.0804127,9.1199259e-05
313.0,-31.09327,8052.5938,12.938139,12.938139,10.910288,10.910288,11.906713,11.906713,0.0356451837,116.00385,116.00385,0.000433013959,0.000433013959,0.00130966608,0.00130966608,0.425252285,3355.268,51.640656,0.00185589053,1.79984e-07,0.0,8052.5938,3350.7644,0.0356451837,-61.0804738,9.1199375e-05
313.5,-31.09327,8052.5938,12.938139,12.938139,10.910288,10.910288,11.906713,11.906713,0.0356451559,116.00385,116.00385,0.000433013618,0.000433013618,0.00130966503,0.00130966503,0.425135151,3355.268,51.640656,0.00185588911,2.411512e-06,0.0,8052.5938,3350.7644,0.0356451559,-61.0803145,9.1199068e-05
314.0,-31.09327,8052.5938,12.938139,12.938139,10.910288,10.910288,11.906713,11.906713,0.0356452142,116.00385,116.00385,0.000433014325,0.000433014325,0.00130966721,0.00130966721,0.425017999,3355.268,51.640656,0.00185589211,2.169e-07,0.0,8052.5938,3350.7644,0.0356452142,-61.0806492,9.1199716e-05
314.5,-31.09327,8052.5938,12.938139,12.938139,10.910288,10.910288,11.906713,11.906713,0.0356451356,116.00385,116.00385,0.000433013372,0.000433013372,0.0013096643,0.0013096643,0.424900844,3355.268,51.640656,0.00185588801,-2.512847e-06,0.0,8052.5938,3350.7644,0.0356451356,-61.0801986,9.1198843e-05
315.0,-31.09327,8052.5938,12.938139,12.938139,10.910288,10.910288,11.906713,11.906713,0.0356452201,116.00385,116.00385,0.000433014399,0.000433014399,0.00130966738,0.00130966738,0.424783683,3355.268,51.640656,0.00185589245,2.226898e-06,0.0,8052.5938,3350.7644,0.0356452201,-61.0806834,9.1199783e-05
315.5,-28.3202903,8040.044680000001,10.12348682,10.12348682,8.54091776,8.54091776,9.41742809,9.41742809,0.0359177716,116.00385,116.00385,0.000436325333,0.000436325333,0.00131968016,0.00131968016,0.42467004,3341.31421,51.640656,0.00187008301,2.6404107e-05,0.0,8040.044680000001,3345.54287,0.0359177716,-62.6445432,9.4282713e-05
316.0,-16.6200603,7251.630340000001,-4.31169995,-4.31169995,-3.23546378,-3.23546378,-2.61127057,-2.61127057,0.0372219365,116.00385,116.00385,0.000452168183,0.000452168183,0.00136759136,0.00136759136,0.424643127,3002.36694,51.640656,0.00193798522,1.9097274e-05,0.0,7251.630340000001,3017.47866,0.0372219365,-70.1276448,0.000109349151
316.5,-11.263143,6080.37426,-6.07343623,-6.07343623,-3.87192263,-3.87192263,-3.23758354,-3.23758354,0.0375358255,116.00385,116.00385,0.000455981278,0.000455981278,0.00137912264,0.00137912264,0.424667948,2530.48009,51.640656,0.00195432807,2.340393e-06,0.0,6080.37426,2530.11057,0.0375358255,-71.9286915,0.000113093283
317.0,-11.263143,4940.752640000001,-5.87884364,-5.87884364,-3.04188802,-3.04188802,-2.52239798,-2.52239798,0.0375243872,116.00385,116.00385,0.000455842319,0.000455842319,0.00137870241,0.00137870241,0.424690378,2058.59326,51.640656,0.0019537325,6.33329e-07,0.0,4940.752640000001,2055.90554,0.0375243872,-71.8630596,0.000112955636
317.5,-11.263143,3882.86605,-1.867680108,-1.867680108,-0.85521591,-0.85521591,-0.441522389,-0.441522389,0.0372901267,116.00385,116.00385,0.00045299655,0.00045299655,0.00137009641,0.00137009641,0.424705886,1629.07851,51.640656,0.00194153557,-1.7364519e-05,0.0,3882.86605,1615.71103,0.0372901267,-70.518907,0.000110172342
318.0,-11.263143,3707.4624,5.16030192,5.16030192,2.00288722,2.00288722,2.48573825,2.48573825,0.0368780819,116.00385,116.00385,0.00044799108,0.00044799108,0.00135495918,0.00135495918,0.424692261,1551.0706,51.640656,0.00192008222,1.374849e-06,0.0,3707.4624,1542.72399,0.0368780819,-68.1546611,0.000105281735
318.5,-11.263143,3722.18059,4.69910557,4.69910557,1.83164437,1.83164437,2.29758368,2.29758368,0.0369051943,116.00385,116.00385,0.000448320429,0.000448320429,0.0013559552,0.0013559552,0.424672581,1551.0706,51.640656,0.00192149383,-6.59567e-07,0.0,3722.18059,1548.84838,0.0369051943,-68.3102231,0.00010559949
319.0,-11.263143,3722.5123,4.68693826,4.68693826,1.82706494,1.82706494,2.29245755,2.29245755,0.0361699907,109.2133136,109.2133136,0.000414842892,0.000414842892,0.001254703075,0.001254703075,0.42465339,1551.0706,51.640656,0.00188321497,-0.000105522086,0.0,3722.5123,1548.98599,0.0361699907,-64.091737,9.7396968e-05
319.5,-11.263143,4179.63562,18.15198594,18.15198594,8.30676853,8.30676853,8.92546819,8.92546819,0.02068146978,41.1622436,41.1622436,0.000123227162,0.000123227162,0.000375662453,0.000375662453,0.424614391,1769.78277,51.640656,0.001076794673,-0.002144016519,0.0,4179.63562,1739.18932,0.02068146978,-17.4551806,2.4473296e-05
320.0,-11.263143,6222.941980000001,24.3358993,24.3358993,15.83987335,15.83987335,16.68209135,16.68209135,-0.031370465,-41.5269156,-41.5269156,0.000142806716,0.000142806716,0.000431933542,0.000431933542,0.424468568,2596.95435,51.640656,-0.00163332441,-0.000252957009,0.0,6222.941980000001,2589.3938,-0.031370465,36.5527746,4.9617165e-05
320.5,-11.263143,8219.64102,37.2689389,21.5738283,32.7699185,18.4883918,34.8797218,19.621007,-0.0349223496,-120.400468,-75.5115335,0.000436983221,0.000279871695,0.00132167569,0.000846480927,0.424235518,3459.82238,51.640656,-0.00181825569,0.000141504914,0.0,8219.64102,3420.23284,-0.0349223496,56.9329588,8.4248981e-05
321.0,-11.263143,9798.364,159.049548,17.618277,165.660108,18.0429002,180.7578175,19.6329853,-0.0284840532,-140.45927,-18.5241955,0.000418967984,5.6079102e-05,0.00126730969,0.000169628259,0.423974751,4319.31914,51.640656,-0.00148304144,9.2755762e-05,0.0,9798.364,4077.15509,-0.0284840532,19.9909742,2.4069428e-05
321.5,-11.263143,11053.01965,249.764355,15.338841,288.399825,17.7366729,319.11391,19.6289234,-0.0272751263,-140.45927,-8.675694,0.000401186044,2.4782711e-05,0.00121354897,7.4965302e-05,0.423714017,4677.269,51.640656,-0.00142009781,-4.963385e-06,0.0,11053.01965,4599.22721,-0.0272751263,13.0543319,1.4915118e-05
322.0,-11.263143,11981.2467,68.2242985,6.1261416,84.6322913,7.6501529,95.5039518,9.6240376,-0.0332524131,-140.45927,-68.5477178,0.000489105129,0.000275284264,0.00147938248,0.000832610184,0.423471547,4677.269,51.640656,-0.0017313093,-8.1283602e-05,0.0,11981.2467,4985.46581,-0.0332524131,47.3511124,7.4337025e-05
322.5,-11.263143,11369.1131,-0.051861773,-0.051861773,-0.121645583,-0.121645583,1.20261978,1.20261978,-0.040722693,-140.45927,-140.45927,0.00059898444,0.00059898444,0.00181163309,0.00181163309,0.423442871,4677.269,51.640656,-0.00212025446,-2.6976978e-05,0.0,11369.1131,4730.74812,-0.040722693,90.214459,0.000153901371
323.0,-11.263143,11228.5715,4.57339107,4.57339107,5.37759922,5.37759922,7.38739404,7.38739404,-0.0409942551,-140.45927,-140.45927,0.000602978815,0.000602978815,0.00182371252,0.00182371252,0.423391963,4677.269,51.640656,-0.00213439351,4.72917e-07,0.0,11228.5715,4672.26756,-0.0409942551,91.772639,0.000157588626
323.5,-11.263143,11225.5611,4.68454021,4.68454021,5.50685502,5.50685502,7.53716719,7.53716719,-0.0410008452,-140.45927,-140.45927,0.000603075756,0.000603075756,0.00182400564,0.00182400564,0.423324123,4677.269,51.640656,-0.00213473662,-2.349395e-06,0.0,11225.5611,4671.01486,-0.0410008452,91.8104538,0.000157678887
324.0,-11.263143,11225.5047,4.68663693,4.68663693,5.50929198,5.50929198,7.53996877,7.53996877,-0.0410009294,-140.45927,-140.45927,0.000603076998,0.000603076998,0.00182400941,0.00182400941,0.423255908,4677.269,51.640656,-0.00213474099,4.03288e-07,0.0,11225.5047,4670.99121,-0.0410009294,91.8109433,0.000157680049
324.5,-11.263143,11225.504,4.6866759,4.6866759,5.50933746,5.50933746,7.54002098,7.54002098,-0.0410009023,-140.45927,-140.45927,0.00060307658,0.00060307658,0.00182400815,0.00182400815,0.423187683,4677.269,51.640656,-0.0021347396,-1.909523e-06,0.0,11225.504,4670.9907,-0.0410009023,91.8107805,0.00015767967
325.0,-11.263143,11225.504,4.6866765,4.6866765,5.5093384,5.5093384,7.540022,7.540022,-0.0410009384,-140.45927,-140.45927,0.000603077115,0.000603077115,0.00182400978,0.00182400978,0.423119443,4677.269,51.640656,-0.00213474148,1.66132e-06,0.0,11225.504,4670.9907,-0.0410009384,91.8109905,0.000157680168
325.5,-11.263143,11225.504,4.6866765,4.6866765,5.5093384,5.5093384,7.540022,7.540022,-0.0410009575,-140.45927,-140.45927,0.000603077418,0.000603077418,0.00182401068,0.00182401068,0.423051221,4677.269,51.640656,-0.00213474255,-7.20183e-07,0.0,11225.504,4670.9907,-0.0410009575,91.8111058,0.000157680447
326.0,-10.6073014,11226.8253,4.4321453,4.4321453,5.2107324,5.2107324,7.19202997,7.19202997,-0.040960403,-140.45927,-140.45927,0.000602480904,0.000602480904,0.00182220677,0.00182220677,0.4229841,4677.269,51.640656,-0.00213263104,-1.311075e-06,0.0,11226.8253,4671.540859999999,-0.040960403,91.5784093,0.000157125361
326.5,-9.3718612,11227.5401,3.9004525,3.9004525,4.58593821,4.58593821,6.44642464,6.44642464,-0.0408807007,-140.45927,-140.45927,0.00060130854,0.00060130854,0.00181866149,0.00181866149,0.422923114,4677.269,51.640656,-0.00212848121,2.39904e-06,0.0,11227.5401,4671.83831,-0.0408807007,91.1210841,0.000156036485
327.0,-8.13642083,11227.5598,3.38566566,3.38566566,3.980687,3.980687,5.67365958,5.67365958,-0.0408022088,-140.45927,-140.45927,0.00060015404,0.00060015404,0.00181517004,0.00181517004,0.422869476,4677.269,51.640656,-0.00212439452,1.940528e-06,0.0,11227.5598,4671.84649,-0.0408022088,90.6707096,0.000154967146
327.5,-6.90098051,11227.5578,2.87150557,2.87150557,3.37616428,3.37616428,4.81648705,4.81648705,-0.0392342411,-126.755803,-126.755803,0.000521475478,0.000521475478,0.00157720721,0.00157720721,0.422823659,4677.269,51.640656,-0.00204275717,8.6132148e-05,0.0,11227.5578,4671.8467,-0.0392342411,81.6739457,0.000134402456
328.0,-5.66554014,11227.5533,2.35739834,2.35739834,2.7717031,2.7717031,3.95415357,3.95415357,-0.0362532429,-100.0967485,-100.0967485,0.000380697216,0.000380697216,0.00115142644,0.00115142644,0.422785851,4677.269,51.640656,-0.00188754951,8.9712519e-05,0.0,11227.5533,4671.8467,-0.0362532429,64.5694242,9.8229603e-05
328.5,-4.43009991,11227.5492,1.84334895,1.84334895,2.1673105,2.1673105,3.09191787,3.09191787,-0.033272072,-73.440625,-73.440625,0.000256571344,0.000256571344,0.00077601327,0.00077601327,0.422755844,4677.269,51.640656,-0.00173233287,9.102418e-05,0.0,11227.5492,4671.8467,-0.033272072,47.4639124,6.6326446e-05
329.0,-3.19465957,11227.544899999995,1.32928049,1.32928049,1.5628959,1.5628959,2.22965091,2.22965091,-0.0302908474,-46.7836081,-46.7836081,0.000149086533,0.000149086533,0.000450930786,0.000450930786,0.42273344,4677.269,51.640656,-0.00157711342,8.4947687e-05,0.0,11227.544899999995,4671.8467,-0.0302908474,30.3580937,3.8695187e-05
329.5,-1.95921929,11227.5405,0.815242463,0.815242463,0.958517532,0.958517532,1.36743556,1.36743556,-0.027309774,-20.1280871,-20.1280871,5.8250613e-05,5.8250613e-05,0.000176196647,0.000176196647,0.422718465,4677.269,51.640656,-0.00142190175,8.3743686e-05,0.0,11227.5405,4671.8467,-0.027309774,13.2531349,1.5337199e-05
330.0,-0.723778972,11227.4955,0.300685645,0.300685645,0.35352883,0.35352883,0.504349564,0.504349564,0.0061670376,6.52558346,6.52558346,2.1335426e-05,2.1335426e-05,6.5684129e-05,6.5684129e-05,0.422710746,4677.269,51.640656,0.00032109098,0.002269810279,0.0,11227.4955,4671.84736,0.0061670376,-3.370983888,5.141725e-06
330.5,0.4850220765,11227.4137,-0.2075039683,-0.2075039683,-0.2439681131,-0.2439681131,-0.1694341797,-0.1694341797,0.0282575194,29.7284056,29.7284056,8.8177004e-05,8.8177004e-05,0.000266712328,0.000266712328,0.422709681,4677.269,51.640656,0.00147124681,4.6590552e-05,0.0,11227.4137,4671.82594,0.0282575194,-18.6911584,2.217784e-05
331.0,0.87264115,11225.8349,-0.376359985,-0.376359985,-0.442436694,-0.442436694,-0.31013038,-0.31013038,0.0286331505,32.93389,32.93389,9.8750838e-05,9.8750838e-05,0.000298692891,0.000298692891,0.422711911,4677.269,51.640656,0.00149080426,-2.090384e-06,0.0,11225.8349,4671.16939,0.0286331505,-20.8464732,2.5002898e-05
331.5,0.87264115,11225.4157,-0.363471858,-0.363471858,-0.427269457,-0.427269457,-0.299498765,-0.299498765,0.0286323193,32.93389,32.93389,9.8747974e-05,9.8747974e-05,0.000298684217,0.000298684217,0.422714362,4677.269,51.640656,0.001490761,-1.262158e-06,0.0,11225.4157,4670.99492,0.0286323193,-20.841705,2.4996453e-05
332.0,0.87264115,11225.406,-0.363119232,-0.363119232,-0.426854563,-0.426854563,-0.299207945,-0.299207945,0.0286323262,32.93389,32.93389,9.8747998e-05,9.8747998e-05,0.000298684301,0.000298684301,0.422716782,4677.269,51.640656,0.00149076141,-1.408443e-06,0.0,11225.406,4670.991,0.0286323262,-20.8417472,2.499651e-05
332.5,0.87264115,11225.406,-0.363112548,-0.363112548,-0.426846698,-0.426846698,-0.299202419,-0.299202419,0.0286323509,32.93389,32.93389,9.8748081e-05,9.8748081e-05,0.000298684542,0.000298684542,0.422719197,4677.269,51.640656,0.00149076263,5.53743e-07,0.0,11225.406,4670.991,0.0286323509,-20.8418854,2.4996696e-05
333.0,0.87264115,11225.406,-0.36311242,-0.36311242,-0.426846548,-0.426846548,-0.29920232,-0.29920232,0.0286323424,32.93389,32.93389,9.8748053e-05,9.8748053e-05,0.00029868446,0.00029868446,0.422721618,4677.269,51.640656,0.00149076219,2.7278e-08,0.0,11225.406,4670.991,0.0286323424,-20.8418361,2.499663e-05
333.5,2.568716965,11229.40665,-0.909575364,-0.909575364,-1.070071392,-1.070071392,-0.750077157,-0.750077157,0.0287304433,32.93389,32.93389,9.9086386e-05,9.9086386e-05,0.000299707764,0.000299707764,0.422724541,4677.269,51.640656,0.00149586989,1.1166115e-05,0.0,11229.40665,4672.65578,0.0287304433,-21.4047253,2.576396e-05
334.0,14.9821852,11247.3509,-6.17068468,-6.17068468,-7.26825999,-7.26825999,-5.66863347,-5.66863347,0.0295247973,32.93389,32.93389,0.000101825976,0.000101825976,0.000307993692,0.000307993692,0.422746325,4677.269,51.640656,0.00153722847,2.5457591e-05,0.0,11247.3509,4680.12297,0.0295247973,-25.9626114,3.2125561e-05
334.5,29.2720413,11249.15095,-12.1786923,-12.1786923,-14.34660695,-14.34660695,-12.6733157,-12.6733157,0.0304369178,32.93389,32.93389,0.000104971725,0.000104971725,0.000317508018,0.000317508018,0.422813397,4677.269,51.640656,0.00158471863,2.5104808e-05,0.0,11249.15095,4680.87248,0.0304369178,-31.1962201,3.9789641e-05
335.0,43.5618972,11249.1862,-18.1260212,-18.1260212,-21.3526705,-21.3526705,-19.5944552,-19.5944552,0.0313455744,32.93389,32.93389,0.000108105525,0.000108105525,0.000326986172,0.000326986172,0.422925346,4677.269,51.640656,0.00163202847,2.7922953e-05,0.0,11249.1862,4680.88752,0.0313455744,-36.4099567,4.7822654e-05
335.5,57.8517533,11249.18585,-24.0727311,-24.0727311,-28.3579649,-28.3579649,-26.4926858,-26.4926858,0.0322540551,32.93389,32.93389,0.00011123872,0.00011123872,0.000336462455,0.000336462455,0.423077657,4677.269,51.640656,0.00167932912,2.509442e-05,0.0,11249.18585,4680.88778,0.0322540551,-41.6226823,5.6250889e-05
336.0,71.7204669,11248.3254,-29.9197356,-29.9197356,-35.2429304,-35.2429304,-33.2483555,-33.2483555,0.033140467,32.93389,32.93389,0.000114295801,0.000114295801,0.000345708498,0.000345708498,0.423267052,4677.269,51.640656,0.00172548071,2.0587821e-05,0.0,11248.3254,4680.53038,0.033140467,-46.7087766,6.485328e-05
336.5,75.75184,11229.7419,-31.6585593,-31.6585593,-37.2297495,-37.2297495,-35.205412,-35.205412,0.0334010736,32.93389,32.93389,0.00011519459,0.00011519459,0.000348426851,0.000348426851,0.423481334,4677.269,51.640656,0.00173904941,-3.09258e-07,0.0,11229.7419,4672.79807,0.0334010736,-48.204103,6.7442416e-05
337.0,75.75184,11225.4957,-31.5244606,-31.5244606,-37.0579865,-37.0579865,-35.0391273,-35.0391273,0.0333931864,32.93389,32.93389,0.00011516739,0.00011516739,0.000348344586,0.000348344586,0.423697111,4677.269,51.640656,0.00173863876,9.70776e-07,0.0,11225.4957,4671.03117,0.0333931864,-48.1588482,6.7363179e-05
337.5,75.75184,11225.4007,-31.5209679,-31.5209679,-37.0535676,-37.0535676,-35.0348497,-35.0348497,0.0333930174,32.93389,32.93389,0.000115166806,0.000115166806,0.000348342821,0.000348342821,0.423912642,4677.269,51.640656,0.00173862995,1.471998e-06,0.0,11225.4007,4670.99168,0.0333930174,-48.157879,6.736148e-05
338.0,75.75184,11225.399,-31.5209011,-31.5209011,-37.0534832,-37.0534832,-35.0347679,-35.0347679,0.0333929864,32.93389,32.93389,0.000115166697,0.000115166697,0.000348342492,0.000348342492,0.424128168,4677.269,51.640656,0.00173862834,5.4492e-08,0.0,11225.399,4670.991,0.0333929864,-48.1576976,6.7361162e-05
338.5,75.75184,11225.39555,-31.5209526,-31.5209526,-37.0535309,-37.0535309,-35.0348156,-35.0348156,0.0362050066,58.8124329,58.8124329,0.000227403584,0.000227403584,0.000687790391,0.000687790391,0.424343678,4677.269,51.640656,0.00188503802,0.00017785526,0.0,11225.39555,4670.991,0.0362050066,-64.2926521,9.8607467e-05
339.0,75.75184,11225.3848,-31.5209646,-31.5209646,-37.053508,-37.053508,-35.0347934,-35.0347934,0.0440145097,130.5501884,130.5501884,0.000606677844,0.000606677844,0.00183487791,0.00183487791,0.424559181,4677.269,51.640656,0.00229164502,0.000226551514,0.0,11225.3848,4670.991,0.0440145097,-109.1024094,0.000202385815
339.5,75.75184,11225.3755,-31.5209248,-31.5209248,-37.0534329,-37.0534329,-35.0347208,-35.0347208,0.0502967458,188.203353,188.203353,0.000991941384,0.000991941384,0.00300011398,0.00300011398,0.424774669,4677.269,51.640656,0.00261873395,8.7094123e-05,0.0,11225.3755,4670.99085,0.0502967458,-145.148939,0.000305969478
340.0,75.75184,11225.375,-31.5208987,-31.5208987,-37.0534012,-37.0534012,-35.0346888,-35.0346888,0.0507996807,192.79593,192.79593,0.0010256223,0.0010256223,0.00310198404,0.00310198404,0.424990164,4677.269,51.640656,0.00264491958,1.66996e-07,0.0,11225.375,4670.991,0.0507996807,-148.034713,0.000315001882
340.5,75.75184,11225.375,-31.5209,-31.5209,-37.053402,-37.053402,-35.03469,-35.03469,0.0507996951,192.79593,192.79593,0.00102562259,0.00102562259,0.00310198493,0.00310198493,0.425205632,4677.269,51.640656,0.00264492036,1.404012e-06,0.0,11225.375,4670.991,0.0507996951,-148.034793,0.000315002138
341.0,75.1647265,11223.9977,-31.3177938,-31.3177938,-36.8101703,-36.8101703,-34.7962164,-34.7962164,0.0507649145,192.79593,192.79593,0.00102492041,0.00102492041,0.00309986141,0.00309986141,0.425420896,4677.269,51.640656,0.00264310942,-2.442085e-06,0.0,11223.9977,4670.41786,0.0507649145,-147.835227,0.000314362493
341.5,72.1666801,11220.22635,-30.0388229,-30.0388229,-35.2950074,-35.2950074,-33.3026202,-33.3026202,0.0505724864,192.79593,192.79593,0.00102103536,0.00102103536,0.00308811284,0.00308811284,0.425631741,4677.269,51.640656,0.00263309064,-6.698481e-06,0.0,11220.22635,4668.848690000001,0.0505724864,-146.731107,0.00031083243
342.0,68.9083835,11219.9579,-28.6734895,-28.6734895,-33.6899522,-33.6899522,-31.7233634,-31.7233634,0.0503648241,192.79593,192.79593,0.00101684274,0.00101684274,0.00307543401,0.00307543401,0.425834553,4677.269,51.640656,0.00262227844,-6.237865e-06,0.0,11219.9579,4668.73672,0.0503648241,-145.539569,0.000307042297
342.5,65.650085,11219.9529,-27.317479,-27.317479,-32.0966908,-32.0966908,-30.1617992,-30.1617992,0.0501576125,192.79593,192.79593,0.00101265924,0.00101265924,0.00306278266,0.00306278266,0.426029361,4677.269,51.640656,0.00261148984,-5.324569e-06,0.0,11219.9529,4668.734460000001,0.0501576125,-144.350611,0.000303281072
343.0,62.3917873,11219.9527,-25.9616188,-25.9616188,-30.5036222,-30.5036222,-28.6065087,-28.6065087,0.0499505186,192.79593,192.79593,0.0010084781,0.0010084781,0.00305013858,0.00305013858,0.426216092,4677.269,51.640656,0.00260070742,-8.026207e-06,0.0,11219.9527,4668.73436,0.0499505186,-143.162344,0.000299542642
343.5,59.1334907,11219.9535,-24.6058366,-24.6058366,-28.9106477,-28.9106477,-27.0546399,-27.0546399,0.0492662166,188.372268,188.372268,0.00097304213,0.00097304213,0.00294296222,0.00294296222,0.426394651,4677.269,51.640656,0.00256507879,-0.000146253681,0.0,11219.9535,4668.73432,0.0492662166,-139.235922,0.00028764455
344.0,55.8751931,11219.982,-23.249651,-23.249651,-27.317265,-27.317265,-25.4737661,-25.4737661,0.0266585426,38.38834283,38.38834283,0.000214009367,0.000214009367,0.000674485996,0.000674485996,0.42656485,4677.269,51.640656,0.00138799503,-0.002831377215,0.0,11219.982,4668.73297,0.0266585426,-44.8657329,7.6779984e-05
344.5,52.6168952,11220.0841,-21.894013,-21.894013,-25.7246874,-25.7246874,-23.8938363,-23.8938363,-0.0414558528,-182.1504911,-182.1504911,0.000836897722,0.000836897722,0.002531261644,0.002531261644,0.426726417,4677.269,51.640656,-0.00215842695,-0.000707070237,0.0,11220.0841,4668.73581,-0.0414558528,94.4212215,0.00017559176
345.0,49.4458674,11220.2763,-20.5579234,-20.5579234,-24.1552354,-24.1552354,-22.3482654,-22.3482654,-0.0582944829,-334.763899,-334.763899,0.00204510135,0.00204510135,0.00618574119,0.00618574119,0.42687927,4677.269,51.640656,-0.00303514158,-0.000142503802,0.0,11220.2763,4668.80581,-0.0582944829,191.038766,0.00046687581
345.5,48.491627,11224.49235,-20.145144,-20.145144,-23.6791303,-23.6791303,-21.8807825,-21.8807825,-0.0589136822,-339.84152,-339.84152,0.00209662724,0.00209662724,0.00634159807,0.00634159807,0.427025794,4677.269,51.640656,-0.00306738059,-3.24123e-07,0.0,11224.49235,4670.55983,-0.0589136822,194.591637,0.000480207514
346.0,48.491627,11225.5052,-20.1768678,-20.1768678,-23.7185572,-23.7185572,-21.9192596,-21.9192596,-0.0589117842,-339.84152,-339.84152,0.00209655973,0.00209655973,0.00634139369,0.00634139369,0.427171886,4677.269,51.640656,-0.00306728175,-4.19588e-07,0.0,11225.5052,4670.98119,-0.0589117842,194.580745,0.000480165161
346.5,48.491627,11225.5278,-20.1777071,-20.1777071,-23.7195918,-23.7195918,-21.9202695,-21.9202695,-0.0589117351,-339.84152,-339.84152,0.00209655794,0.00209655794,0.00634138848,0.00634138848,0.427318032,4677.269,51.640656,-0.00306727917,-4.07706e-07,0.0,11225.5278,4670.99063,-0.0589117351,194.580465,0.000480164067
347.0,48.491627,11225.528,-20.177723,-20.177723,-23.7196116,-23.7196116,-21.920288,-21.920288,-0.0589117658,-339.84152,-339.84152,0.00209655906,0.00209655906,0.00634139173,0.00634139173,0.42746418,4677.269,51.640656,-0.00306728084,-4.19983e-07,0.0,11225.528,4670.9907,-0.0589117658,194.58064,0.000480164751
347.5,48.491627,11225.528,-20.177723,-20.177723,-23.719612,-23.719612,-21.9202886,-21.9202886,-0.0589117798,-339.84152,-339.84152,0.00209655957,0.00209655957,0.00634139325,0.00634139325,0.427610322,4677.269,51.640656,-0.00306728151,-4.62164e-07,0.0,11225.528,4670.9907,-0.0589117798,194.580717,0.000480165059
348.0,48.491627,11148.3064,-23.5867883,-23.5867883,-27.500155,-27.500155,-25.6497385,-25.6497385,-0.0587125906,-339.84152,-339.84152,0.00208947076,0.00208947076,0.0063199538,0.0063199538,0.427760805,4636.26262,51.640656,-0.00305691061,1.3279507e-05,0.0,11148.3064,4638.858310000001,-0.0587125906,193.437803,0.000475741663
348.5,48.491627,10455.4664,-27.6574637,-27.6574637,-30.2871139,-30.2871139,-28.4758584,-28.4758584,-0.0584738991,-339.84152,-339.84152,0.0020809762,0.0020809762,0.00629426262,0.00629426262,0.427941746,4353.14956,51.640656,-0.003044483,-1.917503e-06,0.0,10455.4664,4350.56267,-0.0584738991,192.068229,0.000470442163
349.0,48.491627,9673.0672,-27.4070612,-27.4070612,-27.7624234,-27.7624234,-26.1491552,-26.1491552,-0.0584885696,-339.84152,-339.84152,0.0020814983,0.0020814983,0.00629584147,0.00629584147,0.42811704,4030.34051,51.640656,-0.00304524684,-2.413779e-06,0.0,9673.0672,4025.00063,-0.0584885696,192.152404,0.000470766383
349.5,48.491627,8898.1605,-27.400964,-27.400964,-25.5325819,-25.5325819,-24.1788735,-24.1788735,-0.0584873201,-339.824934,-339.824934,0.00208135223,0.00208135223,0.00629539977,0.00629539977,0.428281173,3707.5314,51.640656,-0.00304518174,6.601588e-06,0.0,8898.1605,3702.55611,-0.0584873201,192.145235,0.000470738765
350.0,48.491627,8211.227139999999,-23.8072209,-23.8072209,-20.5110801,-20.5110801,-19.42264615,-19.42264615,-0.0575085189,-328.888374,-328.888374,0.00198090152,0.00198090152,0.00599154726,0.00599154726,0.428430638,3430.27544,51.640656,-0.00299421988,5.613729e-05,0.0,8211.227139999999,3416.71862,-0.0575085189,186.529026,0.000449374876
350.5,48.491627,8141.297680000001,-19.9427479,-19.9427479,-17.0024316,-17.0024316,-15.9931801,-15.9931801,-0.0555993443,-309.275368,-309.275368,0.001801078,0.001801078,0.00544760821,0.00544760821,0.428546345,3395.1262,51.640656,-0.00289481733,6.2311391e-05,0.0,8141.297680000001,3387.62167,-0.0555993443,175.574463,0.000408996245
351.0,48.491627,8148.22747,-20.172182,-20.172182,-17.212527,-17.212527,-16.197198,-16.197198,-0.053450254,-289.661874,-289.661874,0.00162168574,0.00162168574,0.00490498344,0.00490498344,0.428658597,3395.1262,51.640656,-0.00278292346,6.1133016e-05,0.0,8148.22747,3390.50642,-0.053450254,163.243299,0.000365579041
351.5,48.491627,8148.372099999999,-20.1776357,-20.1776357,-17.2174864,-17.2174864,-16.2020215,-16.2020215,-0.0513143708,-270.048685,-270.048685,0.00145150313,0.00145150313,0.00439022207,0.00439022207,0.428771198,3395.1262,51.640656,-0.00267171734,6.2442674e-05,0.0,8148.372099999999,3390.5678,-0.0513143708,150.987924,0.000324631646
352.0,48.491627,8148.3719,-20.1777384,-20.1777384,-17.2175738,-17.2175738,-16.202107,-16.202107,-0.0491789681,-250.436589,-250.436589,0.00129011294,0.00129011294,0.00390206109,0.00390206109,0.428883804,3395.1262,51.640656,-0.00256053608,6.4062322e-05,0.0,8148.3719,3390.56896,-0.0491789681,138.735299,0.000285885773
352.5,48.491627,8148.36893,-20.17774,-20.17774,-17.217569,-17.217569,-16.2021035,-16.2021035,-0.0470431687,-230.824061,-230.824061,0.00113748208,0.00113748208,0.00344040007,0.00344040007,0.428996408,3395.1262,51.640656,-0.0024493343,5.9581641e-05,0.0,8148.36893,3390.569,-0.0470431687,126.480404,0.000249325143
353.0,45.938078,8142.946480000001,-19.2064766,-19.2064766,-16.37814835,-16.37814835,-15.3837318,-15.3837318,-0.0450646012,-211.212252,-211.212252,0.000997039184,0.000997039184,0.00301560698,0.00301560698,0.429107616,3395.1262,51.640656,-0.00234631885,4.9152075e-05,0.0,8142.946480000001,3388.31385,-0.0450646012,115.127681,0.000217382644
353.5,39.7860573,8138.240690000001,-16.5608431,-16.5608431,-14.1137345,-14.1137345,-13.1537506,-13.1537506,-0.0436520784,-194.613961,-194.613961,0.000889683018,0.000889683018,0.00269089109,0.00269089109,0.429208314,3395.1262,51.640656,-0.00227277489,1.5425708e-05,0.0,8138.240690000001,3386.35653,-0.0436520784,107.0228374,0.000195700993
354.0,33.6089068,8041.40304,-18.0435534,-18.0435534,-15.1527573,-15.1527573,-14.1822892,-14.1822892,-0.0435992207,-192.70442,-192.70442,0.000879830532,0.000879830532,0.00266108983,0.00266108983,0.429299512,3344.58087,51.640656,-0.0022700228,1.668875e-06,0.0,8041.40304,3346.06168,-0.0435992207,106.7195469,0.000194905236
354.5,27.4317553,7237.32844,-19.9777602,-19.9777602,-15.1676682,-15.1676682,-14.3307891,-14.3307891,-0.0437278727,-192.70442,-192.70442,0.000882426734,0.000882426734,0.0026689412,0.0026689412,0.429406465,3016.31317,51.640656,-0.00227672113,-1.3733734e-05,0.0,7237.32844,3011.48021,-0.0437278727,107.4577306,0.000196830826
355.0,21.2546044,6565.8492,-11.02354354,-11.02354354,-7.60585347,-7.60585347,-6.89349568,-6.89349568,-0.0444936242,-192.70442,-192.70442,0.000897879571,0.000897879571,0.00271567349,0.00271567349,0.429486112,2752.11161,51.640656,-0.00231659055,-3.2595409e-05,0.0,6565.8492,2732.07237,-0.0444936242,111.8515015,0.000208489552
355.5,15.0774534,6566.100560000001,-6.14946836,-6.14946836,-4.22817484,-4.22817484,-3.54741162,-3.54741162,-0.0450219236,-192.70442,-192.70442,0.000908540631,0.000908540631,0.00274791441,0.00274791441,0.429520552,2741.6057,51.640656,-0.00234409684,-9.010938e-06,0.0,6566.100560000001,2732.17664,-0.0450219236,114.8828073,0.000216657213
356.0,8.90030248,6569.565399999999,-3.70074371,-3.70074371,-2.54597077,-2.54597077,-2.03870514,-2.03870514,-0.0454075951,-192.70442,-192.70442,0.000916323448,0.000916323448,0.00277145097,0.00277145097,0.429542497,2741.6057,51.640656,-0.00236417701,-1.1293087e-05,0.0,6569.565399999999,2733.61817,-0.0454075951,117.0957279,0.000222722507
356.5,2.7231515487,6569.63493,-1.1330273653,-1.1330273653,-0.7794893412,-0.7794893412,-0.616238615,-0.616238615,-0.0457999982,-192.70442,-192.70442,0.000924242139,0.000924242139,0.00279539827,0.00279539827,0.429553012,2741.6057,51.640656,-0.00238460774,-1.5599897e-05,0.0,6569.63493,2733.64686,-0.0457999982,119.3472769,0.000228966726
357.0,-1.167784624,6574.5912,0.57405367,0.57405367,0.395240376,0.395240376,0.499332449,0.499332449,-0.0460529265,-192.70442,-192.70442,0.00092934621,0.00092934621,0.00281083382,0.00281083382,0.429552559,2741.6057,51.640656,-0.00239777664,-2.359366e-06,0.0,6574.5912,2735.70905,-0.0460529265,120.798541,0.000233027731
357.5,-1.2226183,6579.72747,0.515658131,0.515658131,0.355302469,0.355302469,0.44888221,0.44888221,-0.0460517091,-192.70442,-192.70442,0.000929321643,0.000929321643,0.00281075948,0.00281075948,0.42954859,2741.6057,51.640656,-0.00239771327,3.00059e-07,0.0,6579.72747,2737.8463,-0.0460517091,120.7915564,0.000233008055
358.0,-1.2226183,6579.91433,0.508875892,0.508875892,0.350639419,0.350639419,0.442991219,0.442991219,-0.0460513569,-192.70442,-192.70442,0.000929314545,0.000929314545,0.00281073804,0.00281073804,0.429544941,2741.6057,51.640656,-0.00239769491,-1.15259e-07,0.0,6579.91433,2737.924,-0.0460513569,120.7895372,0.000233002378
358.5,-1.2226183,6579.918,0.50874302,0.50874302,0.350548061,0.350548061,0.442875797,0.442875797,-0.0460513327,-192.70442,-192.70442,0.000929314055,0.000929314055,0.00281073655,0.00281073655,0.429541307,2741.6057,51.640656,-0.00239769368,6.01684e-07,0.0,6579.918,2737.9255,-0.0460513327,120.789397,0.000233001987
359.0,-1.2226183,6579.918,0.508740552,0.508740552,0.350546358,0.350546358,0.442873649,0.442873649,-0.0460513321,-192.70442,-192.70442,0.000929314048,0.000929314048,0.00281073653,0.00281073653,0.429537674,2741.6057,51.640656,-0.00239769363,2.11253e-06,0.0,6579.918,2737.9255,-0.0460513321,120.7893945,0.000233001977
359.5,-1.2226183,6579.918,0.508740508,0.508740508,0.350546318,0.350546318,0.442873606,0.442873606,-0.0460513507,-192.70442,-192.70442,0.000929314398,0.000929314398,0.00281073767,0.00281073767,0.429534039,2741.6057,51.640656,-0.00239769456,-4.15762e-07,0.0,6579.918,2737.9255,-0.0460513507,120.7894981,0.000233002271
360.0,-1.2226183,6579.918,0.5087405,0.5087405,0.350546324,0.350546324,0.442873612,0.442873612,-0.0460513848,-192.70442,-192.70442,0.000929315104,0.000929315104,0.00281073968,0.00281073968,0.429530404,2741.6057,51.640656,-0.00239769638,2.587747e-06,0.0,6579.918,2737.9255,-0.0460513848,120.7896955,0.000233002825
360.5,-1.2226183,6579.918,0.508740504,0.508740504,0.350546324,0.350546324,0.442873603,0.442873603,-0.0460513437,-192.70442,-192.70442,0.000929314286,0.000929314286,0.00281073729,0.00281073729,0.429526766,2741.6057,51.640656,-0.00239769428,-1.025807e-06,0.0,6579.918,2737.9255,-0.0460513437,120.789464,0.000233002178
361.0,-1.2226183,6579.918,0.5087405,0.5087405,0.350546315,0.350546315,0.4428736,0.4428736,-0.0460513209,-192.70442,-192.70442,0.00092931382,0.00092931382,0.00281073592,0.00281073592,0.429523132,2741.6057,51.640656,-0.00239769308,2.631502e-06,0.0,6579.918,2737.9255,-0.0460513209,120.7893339,0.000233001811
361.5,-1.2226183,6579.918,0.5087405,0.5087405,0.350546324,0.350546324,0.442873603,0.442873603,-0.0460513392,-192.70442,-192.70442,0.000929314189,0.000929314189,0.00281073697,0.00281073697,0.429519496,2741.6057,51.640656,-0.00239769399,-1.2873e-08,0.0,6579.918,2737.9255,-0.0460513392,120.7894351,0.000233002092
362.0,-1.2226183,6579.918,0.508739676,0.508739676,0.350545752,0.350545752,0.442872887,0.442872887,-0.0460405621,-192.600107,-192.600107,0.000928594828,0.000928594828,0.00280856118,0.00280856118,0.42951586,2741.6057,51.640656,-0.00239713288,1.7748292e-05,0.0,6579.918,2737.9255,-0.0460405621,120.7276019,0.000232828568
362.5,-1.2226183,6579.91309,0.508685647,0.508685647,0.350508256,0.350508256,0.442825515,0.442825515,-0.0423518974,-158.671847,-158.671847,0.000707106932,0.000707106932,0.00213865663,0.00213865663,0.429512225,2741.6057,51.640656,-0.00220508014,0.000187729174,0.0,6579.91309,2737.92562,-0.0423518974,99.562594,0.000177473106
363.0,-1.2226183,6579.90365,0.508687757,0.508687757,0.350509215,0.350509215,0.442826702,0.442826702,-0.0358208395,-98.6907942,-98.6907942,0.000373588357,0.000373588357,0.00112992744,0.00112992744,0.429508607,2741.6057,51.640656,-0.00186503616,0.00018834521,0.0,6579.90365,2737.9255,-0.0358208395,62.0883607,9.400686e-05
363.5,-1.2226183,6579.89445,0.508687978,0.508687978,0.350508867,0.350508867,0.442826269,0.442826269,-0.0292896685,-38.7099762,-38.7099762,0.000122115957,0.000122115957,0.000369357787,0.000369357787,0.429504979,2741.6057,51.640656,-0.00152498634,0.000185381484,0.0,6579.89445,2737.9255,-0.0292896685,24.61347696,3.1043655e-05
364.0,-1.2226183,6579.83293,0.508277925,0.508277925,0.350223049,0.350223049,0.442465098,0.442465098,0.01510475487,21.26484974,21.26484974,6.5474293e-05,6.5474293e-05,0.000198236799,0.000198236799,0.429501373,2741.6057,51.640656,0.000786439248,0.001977827746,0.0,6579.83293,2737.92583,0.01510475487,-12.436965573,1.5940223e-05
364.5,-5.05760102,6570.82743,1.850418042,1.850418042,1.27163524,1.27163524,1.588008845,1.588008845,0.033525749,81.2520553,81.2520553,0.000288215882,0.000288215882,0.000871722567,0.000871722567,0.42949599,2741.6057,51.640656,0.0017455407,0.0001692084,0.0,6570.82743,2734.18938,0.033525749,-48.9194756,6.9345596e-05
365.0,-22.78057825,6549.796670000001,9.5555709,9.5555709,6.55421179,6.55421179,7.31795022,7.31795022,0.0370098824,123.7276595,123.7276595,0.000479584352,0.000479584352,0.00145051657,0.00145051657,0.429457372,2741.6057,51.640656,0.00192694444,1.0160957e-05,0.0,6549.796670000001,2725.44036,0.0370098824,-68.9109085,0.000106847176
365.5,-27.943773,6574.417019999999,11.8012174,11.8012174,8.12472085,8.12472085,8.85220795,8.85220795,0.0368528572,125.34963,125.34963,0.000483752081,0.000483752081,0.0014631234,0.0014631234,0.42937892,2741.6057,51.640656,0.00191876885,1.969242e-06,0.0,6574.417019999999,2735.68493,0.0368528572,-68.00992,0.000104986176
366.0,-27.943773,6579.68401,11.6319568,11.6319568,8.0146844,8.0146844,8.7386136,8.7386136,0.0368628182,125.34963,125.34963,0.000483882821,0.000483882821,0.00146351882,0.00146351882,0.429298061,2741.6057,51.640656,0.00191928744,3.028286e-06,0.0,6579.68401,2737.87664,0.0368628182,-68.0670723,0.00010510278
366.5,-27.943773,6579.80535,11.6277835,11.6277835,8.01195645,8.01195645,8.7357931,8.7357931,0.0325088425,85.2655799,85.2655799,0.000304679869,0.000304679869,0.000921521289,0.000921521289,0.429217543,2741.6057,51.640656,0.00169259481,-0.000315187423,0.0,6579.80535,2737.92453,0.0325088425,-43.08461377,6.2265715e-05
367.0,-27.943773,6579.893890000001,11.62810275,11.62810275,8.0122847,8.0122847,8.7361385,8.7361385,-0.0287995922,-53.88948208,-53.88948208,0.000207785495,0.000207785495,0.000628456715,0.000628456715,0.429137036,2741.6057,51.640656,-0.00149947018,-0.002244929274,0.0,6579.893890000001,2737.92561,-0.0287995922,43.3918063,6.4233762e-05
367.5,-27.943773,6579.92138,11.62772405,11.62772405,8.0120572,8.0120572,8.7359044,8.7359044,-0.048247888,-197.413506,-197.413506,0.00101680486,0.00101680486,0.00307535697,0.00307535697,0.429056524,2741.6057,51.640656,-0.00251205882,-0.000454366849,0.0,6579.92138,2737.92564,-0.048247888,133.392908,0.000274428465
368.0,-27.943773,6579.933999999999,11.6276205,11.6276205,8.0120014,8.0120014,8.735847,8.735847,-0.0571979706,-279.48592,-279.48592,0.00167406595,0.00167406595,0.00506335343,0.00506335343,0.42897597,2741.6057,51.640656,-0.00297805087,-4.5081381e-05,0.0,6579.933999999999,2737.92572,-0.0571979706,184.747141,0.000442639608
368.5,-27.943773,6579.933600000001,11.6276091,11.6276091,8.01199265,8.01199265,8.7358386,8.7358386,-0.0572375294,-279.8355,-279.8355,0.00167730611,0.00167730611,0.00507315417,0.00507315417,0.428895406,2741.6057,51.640656,-0.00298011063,4.44811e-07,0.0,6579.933600000001,2737.9255,-0.0572375294,184.974127,0.000443486573
369.0,-27.943773,6579.933600000001,11.62761,11.62761,8.011993,8.011993,8.735839,8.735839,-0.0572375226,-279.8355,-279.8355,0.00167730588,0.00167730588,0.00507315339,0.00507315339,0.428814843,2741.6057,51.640656,-0.00298011019,6.62218e-07,0.0,6579.933600000001,2737.9255,-0.0572375226,184.974082,0.000443486418
369.5,-27.943773,6579.933600000001,11.62761,11.62761,8.011993,8.011993,8.735839,8.735839,-0.0572375473,-279.8355,-279.8355,0.00167730656,0.00167730656,0.00507315549,0.00507315549,0.428734279,2741.6057,51.640656,-0.00298011142,2.474342e-06,0.0,6579.933600000001,2737.9255,-0.0572375473,184.974215,0.000443486918
370.0,-27.943773,6579.933600000001,11.62761,11.62761,8.011993,8.011993,8.735839,8.735839,-0.0572375833,-279.8355,-279.8355,0.00167730766,0.00167730766,0.00507315878,0.00507315878,0.428653712,2741.6057,51.640656,-0.00298011332,2.16151e-07,0.0,6579.933600000001,2737.9255,-0.0572375833,184.974428,0.000443487716
370.5,-23.9000931,6588.89148,10.12436816,10.12436816,6.98468757,6.98468757,7.73499414,7.73499414,-0.0569915765,-279.8355,-279.8355,0.00167009857,0.00167009857,0.0050513566,0.0050513566,0.428575686,2741.6057,51.640656,-0.00296730482,1.886299e-05,0.0,6588.89148,2741.65309,-0.0569915765,183.562879,0.000438222277
371.0,-11.55219318,6600.408100000001,4.82438687,4.82438687,3.33451177,3.33451177,4.04686696,4.04686696,-0.0561972125,-279.8355,-279.8355,0.00164682031,0.00164682031,0.0049809568,0.0049809568,0.428522614,2741.6057,51.640656,-0.00292594574,2.3033623e-05,0.0,6600.408100000001,2746.44566,-0.0561972125,179.004942,0.000421387484
371.5,-1.62362665,6594.664599999999,0.51621359456,0.51621359456,0.356741427283,0.356741427283,0.450723411822,0.450723411822,-0.0555550731,-279.8355,-279.8355,0.00162800284,0.00162800284,0.00492404755,0.00492404755,0.428505305,2741.6057,51.640656,-0.00289251229,7.738583e-06,0.0,6594.664599999999,2744.05622,-0.0555550731,175.320437,0.000407987455
372.0,-0.877592,6580.80018,0.334221261,0.334221261,0.230322446,0.230322446,0.290985655,0.290985655,-0.055514915,-279.8355,-279.8355,0.00162682605,0.00162682605,0.00492048857,0.00492048857,0.428503338,2741.6057,51.640656,-0.00289042149,2.152754e-06,0.0,6580.80018,2738.28715,-0.055514915,175.090017,0.000407154909
372.5,-0.877592,6579.948300000001,0.364540431,0.364540431,0.251186786,0.251186786,0.317344672,0.317344672,-0.055516709,-279.8355,-279.8355,0.00162687861,0.00162687861,0.00492064764,0.00492064764,0.428500767,2741.6057,51.640656,-0.00289051486,4.71176e-07,0.0,6579.948300000001,2737.93264,-0.055516709,175.100307,0.000407192002
373.0,-0.877592,6579.93138,0.365160708,0.365160708,0.251613551,0.251613551,0.317883828,0.317883828,-0.0555167585,-279.8355,-279.8355,0.00162688008,0.00162688008,0.00492065195,0.00492065195,0.428498133,2741.6057,51.640656,-0.00289051744,-1.24526e-07,0.0,6579.93138,2737.92564,-0.0555167585,175.100599,0.000407193029
373.5,-0.877592,6579.931,0.365172316,0.365172316,0.251621544,0.251621544,0.317893921,0.317893921,-0.0555167747,-279.8355,-279.8355,0.00162688055,0.00162688055,0.00492065338,0.00492065338,0.428495504,2741.6057,51.640656,-0.00289051835,2.031187e-06,0.0,6579.931,2737.9255,-0.0555167747,175.100692,0.000407193374
374.0,-0.877592,6579.931,0.365172536,0.365172536,0.2516217,0.2516217,0.3178941,0.3178941,-0.0555167508,-279.8355,-279.8355,0.00162687986,0.00162687986,0.00492065123,0.00492065123,0.428492876,2741.6057,51.640656,-0.002890517,-1.119827e-06,0.0,6579.931,2737.9255,-0.0555167508,175.100552,0.000407192871
374.5,-0.877592,6579.931,0.36517254,0.36517254,0.2516217,0.2516217,0.317894109,0.317894109,-0.0555167521,-279.8355,-279.8355,0.00162687989,0.00162687989,0.00492065126,0.00492065126,0.428490244,2741.6057,51.640656,-0.00289051707,-6.71766e-07,0.0,6579.931,2737.9255,-0.0555167521,175.10056,0.00040719289
375.0,-0.877592,6579.931,0.365172536,0.365172536,0.2516217,0.2516217,0.317894106,0.317894106,-0.0555167338,-279.8355,-279.8355,0.00162687935,0.00162687935,0.00492064975,0.00492064975,0.428487613,2741.6057,51.640656,-0.00289051618,-6.90626e-07,0.0,6579.931,2737.9255,-0.0555167338,175.10045,0.000407192512
375.5,-0.877592,6579.931,0.365172536,0.365172536,0.2516217,0.2516217,0.317894109,0.317894109,-0.0555167356,-279.8355,-279.8355,0.00162687939,0.00162687939,0.00492064992,0.00492064992,0.428484986,2741.6057,51.640656,-0.0028905163,1.51417e-07,0.0,6579.931,2737.9255,-0.0555167356,175.100465,0.00040719255
376.0,-0.877592,6579.931,0.365172538,0.365172538,0.251621696,0.251621696,0.317894106,0.317894106,-0.055516802,-279.8355,-279.8355,0.00162688135,0.00162688135,0.00492065579,0.00492065579,0.428482353,2741.6057,51.640656,-0.00289051972,-8.70092e-07,0.0,6579.931,2737.9255,-0.055516802,175.100847,0.000407193933
376.5,-0.877592,6579.931,0.36517254,0.36517254,0.2516217,0.2516217,0.317894103,0.317894103,-0.0555167241,-279.8355,-279.8355,0.00162687906,0.00162687906,0.00492064878,0.00492064878,0.428479728,2741.6057,51.640656,-0.00289051561,-1.760465e-06,0.0,6579.931,2737.9255,-0.0555167241,175.100396,0.000407192303
377.0,-0.877592,6579.931,0.36517254,0.36517254,0.2516217,0.2516217,0.317894106,0.317894106,-0.0555167304,-279.8355,-279.8355,0.00162687923,0.00162687923,0.00492064941,0.00492064941,0.428477094,2741.6057,51.640656,-0.00289051598,1.30735e-06,0.0,6579.931,2737.9255,-0.0555167304,175.100437,0.000407192445
377.5,-0.877592,6579.930969999999,0.365168145,0.365168145,0.25161867,0.25161867,0.317890286,0.317890286,-0.05543885,-279.11164,-279.11164,0.0016204296,0.0016204296,0.00490114079,0.00490114079,0.428474464,2741.6057,51.640656,-0.0028864611,2.9532295e-05,0.0,6579.930969999999,2737.9255,-0.05543885,174.653569,0.000405592183
378.0,-0.877592,6579.926750000001,0.365130842,0.365130842,0.251592792,0.251592792,0.317857597,0.317857597,-0.0522123165,-249.44487,-249.44487,0.00136575287,0.00136575287,0.00413081346,0.00413081346,0.428471839,2741.6057,51.640656,-0.00271846946,0.000140519996,0.0,6579.926750000001,2737.92553,-0.0522123165,156.140199,0.000341956738
378.5,-0.877592,6579.91982,0.36513334,0.36513334,0.251594252,0.251594252,0.317859427,0.317859427,-0.0473536901,-204.823322,-204.823322,0.00101756528,0.00101756528,0.00307766344,0.00307766344,0.428469221,2741.6057,51.640656,-0.00246550179,0.000139126904,0.0,6579.91982,2737.9255,-0.0473536901,128.2621285,0.000254882172
379.0,-0.877592,6579.91293,0.365133464,0.365133464,0.251594082,0.251594082,0.3178592,0.3178592,-0.0424955315,-160.207156,-160.207156,0.000714814101,0.000714814101,0.0021619668,0.0021619668,0.428466608,2741.6057,51.640656,-0.00221255852,0.000139234402,0.0,6579.91293,2737.9255,-0.0424955315,100.386745,0.000179161311
379.5,-0.89953862,6579.88452,0.36734255,0.36734255,0.253115095,0.253115095,0.319780809,0.319780809,-0.0376379753,-115.585562,-115.585562,0.000457445346,0.000457445346,0.00138355089,0.00138355089,0.428464004,2741.6057,51.640656,-0.00195964658,0.000142889272,0.0,6579.88452,2737.91649,-0.0376379753,72.5148129,0.000114792368
380.0,-3.38437005,6574.99173,1.351971574,1.351971574,0.93078189,0.93078189,1.175914927,1.175914927,-0.0329344674,-70.9653691,-70.9653691,0.000246519979,0.000246519979,0.000745613733,0.000745613733,0.428458969,2741.6057,51.640656,-0.00171475522,0.000139826131,0.0,6574.99173,2735.88343,-0.0329344674,45.5267838,6.3223842e-05
380.5,-7.54311883,6573.02107,3.13687142,3.13687142,2.15918501,2.15918501,2.72214839,2.72214839,-0.0283438181,-26.3502923,-26.3502923,7.9982516e-05,7.9982516e-05,0.000241924632,0.000241924632,0.428442628,2741.6057,51.640656,-0.00147574002,0.000133452965,0.0,6573.02107,2735.06606,-0.0283438181,19.18632735,2.3197604e-05
381.0,-11.7018675,6572.91914,4.86871131,4.86871131,3.35120283,3.35120283,4.10479439,4.10479439,0.00980478595,17.96915143,17.96915143,4.5058324e-05,4.5058324e-05,0.000142947382,0.000142947382,0.428413532,2741.6057,51.640656,0.00051049278,0.002059657766,0.0,6572.91914,2735.04588,0.00980478595,-6.54849304,8.996817e-06
381.5,-15.86061655,6572.89176,6.59976586,6.59976586,4.5426956,4.5426956,5.36799635,5.36799635,0.0278386064,35.412106,35.412106,0.000103235214,0.000103235214,0.000312255032,0.000312255032,0.428372502,2741.6057,51.640656,0.00144943579,-7.08661e-06,0.0,6572.89176,2735.04506,0.0278386064,-16.28749875,1.8994251e-05
382.0,-19.6847541,6572.01097,7.5252896,7.5252896,5.17990132,5.17990132,5.94211046,5.94211046,0.0276335202,35.412106,35.412106,0.000102474682,0.000102474682,0.000309954805,0.000309954805,0.42832016,2738.07318,51.640656,0.00143875785,2.0049788e-05,0.0,6572.01097,2734.6784,0.0276335202,-15.1107431,1.7494107e-05
382.5,-20.430462,5460.26577,-11.14448355,-11.14448355,-6.36560581,-6.36560581,-5.79851844,-5.79851844,0.0286975176,35.412106,35.412106,0.000106420353,0.000106420353,0.000321888426,0.000321888426,0.428317837,2247.77607,51.640656,0.00149415559,9.185544e-06,0.0,5460.26577,2272.07366,0.0286975176,-21.2158035,2.5504396e-05
383.0,-19.3217183,3505.0962,-4.21280475,-4.21280475,-1.83167875,-1.83167875,-1.420203496,-1.420203496,0.0283366159,35.412106,35.412106,0.000105082006,0.000105082006,0.000317840612,0.000317840612,0.428350542,1477.11817,51.640656,0.001475365,-2.9558118e-05,0.0,3505.0962,1458.51295,0.0283366159,-19.1450024,2.276771e-05
383.5,-11.9495077,3154.6052,5.92390985,5.92390985,1.95195039,1.95195039,2.38787836,2.38787836,0.0280306322,35.412106,35.412106,0.000103947313,0.000103947313,0.000314408764,0.000314408764,0.428338117,1321.505,51.640656,0.00145943376,2.2424325e-05,0.0,3154.6052,1312.67088,0.0280306322,-17.389317,2.0426826e-05
384.0,-3.598218375,3184.76784,1.5235280337,1.5235280337,0.508039397,0.508039397,0.6654614455,0.6654614455,0.0286158274,35.412106,35.412106,0.000106117419,0.000106117419,0.0003209722,0.0003209722,0.428325776,1321.505,51.640656,0.00148990234,1.277915e-05,0.0,3184.76784,1325.2221,0.0286158274,-20.7470768,2.4874311e-05
384.5,4.753070897,3185.45793,-1.97697198,-1.97697198,-0.659480244,-0.659480244,-0.5044565496,-0.5044565496,0.0291483573,35.412106,35.412106,0.000108092225,0.000108092225,0.000326944946,0.000326944946,0.428325528,1321.505,51.640656,0.00151762886,1.5060342e-05,0.0,3185.45793,1325.50955,0.0291483573,-23.8026526,2.9067762e-05
385.0,13.1043603,3185.47025,-5.45279709,-5.45279709,-1.81895313,-1.81895313,-1.46388479,-1.46388479,0.0296794021,35.412106,35.412106,0.000110061523,0.000110061523,0.000332901018,0.000332901018,0.428333296,1321.505,51.640656,0.00154527807,1.661577e-05,0.0,3185.47025,1325.51503,0.0296794021,-26.8497099,3.3385363e-05
385.5,21.4556498,3185.46972,-8.92792639,-8.92792639,-2.97819194,-2.97819194,-2.58526054,-2.58526054,0.0302103027,35.412106,35.412106,0.000112030288,0.000112030288,0.000338855454,0.000338855454,0.428349216,1321.505,51.640656,0.00157291981,1.4374869e-05,0.0,3185.46972,1325.51509,0.0302103027,-29.8959392,3.7837296e-05
386.0,29.8069387,3185.46887,-12.40294855,-12.40294855,-4.13739442,-4.13739442,-3.733891,-3.733891,0.0307412501,35.412106,35.412106,0.000113999223,0.000113999223,0.000344810403,0.000344810403,0.428373978,1321.505,51.640656,0.00160056388,1.634226e-05,0.0,3185.46887,1325.51507,0.0307412501,-32.9424331,4.2425117e-05
386.5,38.1582288,3185.46864,-15.8779814,-15.8779814,-5.29660086,-5.29660086,-4.85310781,-4.85310781,0.0312722115,35.412106,35.412106,0.000115968211,0.000115968211,0.000350765478,0.000350765478,0.428407145,1321.505,51.640656,0.00162820873,1.3768276e-05,0.0,3185.46864,1325.51528,0.0312722115,-35.9890085,4.7148577e-05
387.0,43.46721,3178.85162,-18.2048736,-18.2048736,-6.06017228,-6.06017228,-5.59463147,-5.59463147,0.0308310211,28.1743203,28.1743203,9.1452727e-05,9.1452727e-05,0.000276619529,0.000276619529,0.428447815,1321.505,51.640656,0.00160523788,-5.8080082e-05,0.0,3178.85162,1322.76164,0.0308310211,-33.4575273,4.3329878e-05
387.5,43.54674,3171.83659,-18.1296753,-18.1296753,-6.02184345,-6.02184345,-5.55799581,-5.55799581,0.0279744361,1.942884,1.942884,6.388615e-06,6.388615e-06,3.8223955e-05,3.8223955e-05,0.428490391,1321.505,51.640656,0.00145650789,-8.513321e-05,0.0,3171.83659,1319.84094,0.0279744361,-17.06686845,2.0173082e-05
388.0,43.54674,3171.60573,-18.1198464,-18.1198464,-6.0181405,-6.0181405,-5.55447475,-5.55447475,0.00647949096,-25.2623671,-25.2623671,-6.9256e-08,-6.9256e-08,8.2917767e-05,8.2917767e-05,0.428532801,1321.505,51.640656,0.000337359073,-0.00175646625,0.0,3171.60573,1319.73231,0.00647949096,-0.422397666,4.241145e-06
388.5,43.54674,3171.65323,-18.1201497,-18.1201497,-6.01833141,-6.01833141,-5.55465761,-5.55465761,-0.0279334121,-52.4765945,-52.4765945,0.000154200086,0.000154200086,0.000466398497,0.000466398497,0.428575202,1321.505,51.640656,-0.00145437196,-8.364557e-05,0.0,3171.65323,1319.73205,-0.0279334121,16.831481,1.9868119e-05
389.0,43.54674,3171.6552,-18.1200986,-18.1200986,-6.01831821,-6.01831821,-5.55464514,-5.55464514,-0.0308963422,-79.6901827,-79.6901827,0.000258530647,0.000258530647,0.000781945201,0.000781945201,0.428617601,1321.505,51.640656,-0.00160863889,-9.1118794e-05,0.0,3171.6552,1319.73112,-0.0308963422,33.8323313,4.395928e-05
389.5,43.54674,4143.99049,5.08868605,5.08868605,2.91767197,2.91767197,3.412906316,3.412906316,-0.0352167168,-106.8979087,-106.8979087,0.000395371593,0.000395371593,0.001195814863,0.001195814863,0.42863293,1768.81898,51.640656,-0.00183358214,-0.000114449349,0.0,4143.99049,1724.32448,-0.0352167168,58.6219952,8.6993956e-05
390.0,43.54674,6846.37563,-4.0338368,-4.0338368,-3.49380439,-3.49380439,-2.73795012,-2.73795012,-0.0375555271,-133.253679,-133.253679,0.000524017244,0.000524017244,0.00158490693,0.00158490693,0.428591785,2821.48912,51.640656,-0.00195535385,-2.4816718e-05,0.0,6846.37563,2848.80558,-0.0375555271,72.0417356,0.000113359858
390.5,43.54674,7102.865489999999,-18.9838711,-18.9838711,-14.1224089,-14.1224089,-13.32454495,-13.32454495,-0.0375018784,-140.79318,-140.79318,0.00055292122,0.00055292122,0.001672332,0.001672332,0.428668268,2948.7107,51.640656,-0.00195256052,-4.29408e-06,0.0,7102.865489999999,2955.53291,-0.0375018784,71.733903,0.000112685497
391.0,43.54674,7077.50603,-18.1403777,-18.1403777,-13.4448274,-13.4448274,-12.6661924,-12.6661924,-0.0375514354,-140.79318,-140.79318,0.000553651885,0.000553651885,0.00167454167,0.00167454167,0.42875992,2948.7107,51.640656,-0.00195514078,5.44605e-07,0.0,7077.50603,2944.98062,-0.0375514354,72.0182565,0.000113281177
391.5,43.54674,7076.968510000001,-18.1205017,-18.1205017,-13.4290749,-13.4290749,-12.6509094,-12.6509094,-0.037552576,-140.79318,-140.79318,0.000553668708,0.000553668708,0.00167459256,0.00167459256,0.428850428,2948.7107,51.640656,-0.00195520019,-1.119641e-06,0.0,7076.968510000001,2944.75686,-0.037552576,72.024805,0.000113294924
392.0,43.54674,7076.9583,-18.1201271,-18.1201271,-13.42877855,-13.42877855,-12.6506218,-12.6506218,-0.037552563,-140.79318,-140.79318,0.000553668504,0.000553668504,0.00167459193,0.00167459193,0.428940909,2948.7107,51.640656,-0.00195519949,-3.89919e-07,0.0,7076.9583,2944.75273,-0.037552563,72.0247265,0.000113294757
392.5,40.5234748,7070.09529,-17.0116414,-17.0116414,-12.59574875,-12.59574875,-11.826486,-11.826486,-0.0377356112,-140.79318,-140.79318,0.000556367344,0.000556367344,0.00168275369,0.00168275369,0.42903021,2948.7107,51.640656,-0.00196473004,-1.2510822e-05,0.0,7070.09529,2941.89685,-0.0377356112,73.0750322,0.000115514169
393.0,29.820772,7059.086359999999,-12.4281678,-12.4281678,-9.1872917,-9.1872917,-8.4685611,-8.4685611,-0.0398081104,-153.553045,-153.553045,0.000642818521,0.000642818521,0.00194422578,0.00194422578,0.429104621,2948.7107,51.640656,-0.00207263609,-0.000165354874,0.0,7059.086359999999,2937.31468,-0.0398081104,84.9667239,0.000142436282
393.5,18.753692,6512.31362,-14.93491399,-14.93491399,-10.34319207,-10.34319207,-9.60902723,-9.60902723,-0.0477181969,-223.594848,-223.594848,0.001124027485,0.001124027485,0.00339969205,0.00339969205,0.429177475,2716.66291,51.640656,-0.00248448004,-0.000277685481,0.0,6512.31362,2709.79392,-0.0477181969,130.3536135,0.00026262259
394.0,7.68661216,6313.19116,-2.81613462,-2.81613462,-1.86077689,-1.86077689,-1.479338966,-1.479338966,-0.0572378523,-300.515148,-300.515148,0.0018072591,0.0018072591,0.00546627135,0.00546627135,0.429209728,2642.9612,51.640656,-0.00298012739,-0.000260243866,0.0,6313.19116,2626.93205,-0.0572378523,184.975977,0.000445105033
394.5,-3.380467795,6324.53165,1.415771077,1.415771077,0.937701622,0.937701622,1.210415572,1.210415572,-0.0659299484,-374.060197,-374.060197,0.00258660988,0.00258660988,0.00782369842,0.00782369842,0.429211911,2642.9612,51.640656,-0.00343268717,-0.000188637594,0.0,6324.53165,2631.64579,-0.0659299484,234.849919,0.000649689043
395.0,-11.2568551,6331.96437,4.83604841,4.83604841,3.20680989,3.20680989,3.93289734,3.93289734,-0.0685194111,-393.1105,-393.1105,0.00282070005,0.00282070005,0.0085317998,0.0085317998,0.429187882,2642.9612,51.640656,-0.00356750929,-4.044045e-06,0.0,6331.96437,2634.7371,-0.0685194111,249.70787,0.00071669566
395.5,-11.56589,6342.69831,4.83084058,4.83084058,3.20867146,3.20867146,3.93752782,3.93752782,-0.0685313596,-393.1105,-393.1105,0.00282119194,0.00282119194,0.00853328785,0.00853328785,0.429153727,2642.9612,51.640656,-0.00356813146,-1.215041e-06,0.0,6342.69831,2639.20356,-0.0685313596,249.776434,0.000717016954
396.0,-11.56589,6343.19326,4.81301472,4.81301472,3.19708174,3.19708174,3.92479432,3.92479432,-0.0685303559,-393.1105,-393.1105,0.00282115055,0.00282115055,0.0085331629,0.0085331629,0.429120113,2642.9612,51.640656,-0.00356807917,1.054915e-06,0.0,6343.19326,2639.40952,-0.0685303559,249.77067,0.000716989889
396.5,-11.56589,6343.20274,4.81265923,4.81265923,3.19685048,3.19685048,3.92454002,3.92454002,-0.0685302774,-393.1105,-393.1105,0.00282114736,0.00282114736,0.0085331531,0.0085331531,0.429086523,2642.9612,51.640656,-0.00356807516,-1.81652e-07,0.0,6343.20274,2639.41354,-0.0685302774,249.770229,0.000716987818
397.0,-11.56589,6343.203,4.81265264,4.81265264,3.19684615,3.19684615,3.92453532,3.92453532,-0.0685303524,-393.1105,-393.1105,0.00282115045,0.00282115045,0.0085331625,0.0085331625,0.429052941,2642.9612,51.640656,-0.00356807896,-1.917498e-06,0.0,6343.203,2639.4136,-0.0685303524,249.770652,0.00071698981
397.5,-11.56589,6343.203,4.8126526,4.8126526,3.196846,3.196846,3.9245353,3.9245353,-0.068530281,-393.1105,-393.1105,0.00282114744,0.00282114744,0.00853315365,0.00853315365,0.429019354,2642.9612,51.640656,-0.00356807523,2.403431e-06,0.0,6343.203,2639.4136,-0.068530281,249.770239,0.00071698787
398.0,-11.56589,6343.203,4.8126526,4.8126526,3.196846,3.196846,3.9245353,3.9245353,-0.0685303234,-393.1105,-393.1105,0.00282114924,0.00282114924,0.00853315855,0.00853315855,0.428985764,2642.9612,51.640656,-0.0035680774,-5.22196e-07,0.0,6343.203,2639.4136,-0.0685303234,249.770479,0.000716989002
398.5,-11.56589,6343.203,4.8126526,4.8126526,3.196846,3.196846,3.9245353,3.9245353,-0.068530404,-393.1105,-393.1105,0.00282115256,0.00282115256,0.0085331687,0.0085331687,0.42895218,2642.9612,51.640656,-0.00356808167,-4.60475e-07,0.0,6343.203,2639.4136,-0.068530404,249.770945,0.000716991193
399.0,-11.56589,6343.203,4.8126526,4.8126526,3.196846,3.196846,3.9245353,3.9245353,-0.0685303661,-393.1105,-393.1105,0.00282115097,0.00282115097,0.0085331641,0.0085331641,0.428918587,2642.9612,51.640656,-0.00356807972,-2.0212e-07,0.0,6343.203,2639.4136,-0.0685303661,249.770731,0.000716990191
399.5,-11.56589,6343.203,4.8126526,4.8126526,3.196846,3.196846,3.9245353,3.9245353,-0.0685303642,-393.1105,-393.1105,0.00282115087,0.00282115087,0.0085331641,0.0085331641,0.428884999,2642.9612,51.640656,-0.00356807958,-9.50547e-07,0.0,6343.203,2639.4136,-0.0685303642,249.770717,0.000716990119
400.0,-11.56589,6343.203,4.8126526,4.8126526,3.196846,3.196846,3.9245353,3.9245353,-0.0685303849,-393.1105,-393.1105,0.00282115176,0.00282115176,0.00853316645,0.00853316645,0.428851413,2642.9612,51.640656,-0.00356808073,1.83703e-07,0.0,6343.203,2639.4136,-0.0685303849,249.770844,0.0007169907
400.5,-11.56589,6343.203,4.8126526,4.8126526,3.196846,3.196846,3.9245353,3.9245353,-0.0685303365,-393.1105,-393.1105,0.00282114974,0.00282114974,0.00853316055,0.00853316055,0.428817822,2642.9612,51.640656,-0.00356807819,-2.5495e-07,0.0,6343.203,2639.4136,-0.0685303365,249.770564,0.00071698939
401.0,-11.56589,6343.203,4.8126526,4.8126526,3.196846,3.196846,3.9245353,3.9245353,-0.0685303762,-393.1105,-393.1105,0.00282115138,0.00282115138,0.00853316525,0.00853316525,0.428784233,2642.9612,51.640656,-0.0035680802,-1.852649e-06,0.0,6343.203,2639.4136,-0.0685303762,249.770783,0.000716990419
401.5,-11.56589,6343.203,4.8126526,4.8126526,3.196846,3.196846,3.9245353,3.9245353,-0.0685303054,-393.1105,-393.1105,0.00282114848,0.00282114848,0.0085331564,0.0085331564,0.428750646,2642.9612,51.640656,-0.00356807655,-2.438867e-06,0.0,6343.203,2639.4136,-0.0685303054,249.770383,0.00071698854
402.0,-7.11932288,6353.61633,3.266949916,3.266949916,2.17140038,2.17140038,2.699154901,2.699154901,-0.0629643468,-344.315951,-344.315951,0.00228384402,0.00228384402,0.00690785927,0.00690785927,0.428718941,2642.9612,51.640656,-0.00327828116,0.000362024708,0.0,6353.61633,2643.74985,-0.0629643468,217.833745,0.000578176245
402.5,15.0121767,6381.10334,-6.17778529,-6.17778529,-4.12870561,-4.12870561,-3.563869195,-3.563869195,-0.048719183,-226.520648,-226.520648,0.00117040292,0.00117040292,0.00353995949,0.00353995949,0.428720564,2642.9612,51.640656,-0.00253659715,0.000418026623,0.0,6381.10334,2655.19575,-0.048719183,136.097124,0.000281858397
403.0,38.9710778,6382.99414,-16.2145172,-16.2145172,-10.8382074,-10.8382074,-10.12978999,-10.12978999,-0.0343121084,-108.2376413,-108.2376413,0.000403632606,0.000403632606,0.00122080583,0.00122080583,0.428771548,2642.9612,51.640656,-0.00178648305,0.00040288849,0.0,6382.99414,2655.99099,-0.0343121084,53.431485,8.0908368e-05
403.5,54.7964169,6365.07851,-23.142073,-23.142073,-15.42504015,-15.42504015,-14.6249199,-14.6249199,0.0186663063,1.547008,1.547008,5.052287e-05,5.052287e-05,0.000173364404,0.000173364404,0.428863311,2642.9612,51.640656,0.00097187383,0.000347536346,0.0,6365.07851,2648.56705,0.0186663063,-20.97186545,2.8589194e-05
404.0,55.158916,5750.396790000001,-41.7503623,-41.7503623,-24.3251969,-24.3251969,-23.1530035,-23.1530035,0.0322414257,24.297411,24.297411,8.2035696e-05,8.2035696e-05,0.000248139952,0.000248139952,0.428982471,2354.61741,51.640656,0.00167867159,7.1467798e-05,0.0,5750.396790000001,2392.80135,0.0322414257,-41.5502184,5.6293004e-05
404.5,55.158916,3084.7707,-37.971145,-37.971145,-12.9486079,-12.9486079,-12.08422782,-12.08422782,0.0320238119,24.297411,24.297411,8.1481994e-05,8.1481994e-05,0.000246465201,0.000246465201,0.429120752,1314.18532,51.640656,0.00166734136,-3.833042e-05,0.0,3084.7707,1283.61458,0.0320238119,-40.3015847,5.4261405e-05
405.0,55.158916,2805.02412,-22.051739,-22.051739,-6.4796886,-6.4796886,-5.98091422,-5.98091422,0.0310905244,24.297411,24.297411,7.9107319e-05,7.9107319e-05,0.00023928262,0.00023928262,0.429173371,1180.0494,51.640656,0.00161874914,5.9939e-06,0.0,2805.02412,1167.2094,0.0310905244,-34.946519,4.551198e-05
405.5,56.0086968,2833.48834,-23.2320141,-23.2320141,-6.89354901,-6.89354901,-6.37759346,-6.37759346,0.0311928989,24.297411,24.297411,7.9367804e-05,7.9367804e-05,0.000240070496,0.000240070496,0.429220566,1180.0494,51.640656,0.00162407929,5.149917e-06,0.0,2833.48834,1179.05361,0.0311928989,-35.5339269,4.6429554e-05
406.0,59.8825658,2838.64865,-24.9066297,-24.9066297,-7.40382397,-7.40382397,-6.86403167,-6.86403167,0.0314427645,24.297411,24.297411,8.0003565e-05,8.0003565e-05,0.000241993456,0.000241993456,0.429270477,1180.0494,51.640656,0.0016370887,6.825213e-06,0.0,2838.64865,1181.20102,0.0314427645,-36.967615,4.869038e-05
406.5,64.0167518,2838.94941,-26.637674,-26.637674,-7.91922331,-7.91922331,-7.3486741,-7.3486741,0.0317062503,24.297411,24.297411,8.0673986e-05,8.0673986e-05,0.00024402125,0.00024402125,0.429323907,1180.0494,51.640656,0.00165080729,1.1392615e-05,0.0,2838.94941,1181.32633,0.0317062503,-38.4794605,5.1106261e-05
407.0,68.1509365,2838.9549,-28.358094,-28.358094,-8.4307102,-8.4307102,-7.83020879,-7.83020879,0.0319691278,24.297411,24.297411,8.1342856e-05,8.1342856e-05,0.000246044365,0.000246044365,0.429380678,1180.0494,51.640656,0.00166449421,8.762897e-06,0.0,2838.9549,1181.32876,0.0319691278,-39.9878145,5.3549838e-05
407.5,72.2851227,2838.95465,-30.0783845,-30.0783845,-8.9421425,-8.9421425,-8.31252885,-8.31252885,0.0322319285,24.297411,24.297411,8.2011529e-05,8.2011529e-05,0.000248066871,0.000248066871,0.429440794,1180.0494,51.640656,0.00167817706,1.0467947e-05,0.0,2838.95465,1181.32882,0.0322319285,-41.4957227,5.60259e-05
408.0,76.419308,2838.95435,-31.7986724,-31.7986724,-9.45357385,-9.45357385,-8.79356215,-8.79356215,0.0324947479,24.297411,24.297411,8.2680253e-05,8.2680253e-05,0.000250089531,0.000250089531,0.429504202,1180.0494,51.640656,0.00169186092,6.967685e-06,0.0,2838.95435,1181.32885,0.0324947479,-43.0037429,5.8535349e-05
408.5,80.5534945,2838.95403,-33.5187713,-33.5187713,-9.9649489,-9.9649489,-9.27001065,-9.27001065,0.0327575855,24.297411,24.297411,8.3349024e-05,8.3349024e-05,0.000252112324,0.000252112324,0.429570876,1180.0494,51.640656,0.00170554581,8.187732e-06,0.0,2838.95403,1181.32886,0.0327575855,-44.5118676,6.1078176e-05
409.0,84.68768,2838.95366,-35.2392058,-35.2392058,-10.4764232,-10.4764232,-9.74642,-9.74642,0.0330205108,24.297411,24.297411,8.4018016e-05,8.4018016e-05,0.000254135796,0.000254135796,0.429640749,1180.0494,51.640656,0.00171923518,4.48575e-06,0.0,2838.95366,1181.32886,0.0330205108,-46.0204946,6.3655073e-05
409.5,88.024638,2837.08685,-36.6804062,-36.6804062,-10.89768425,-10.89768425,-10.1384623,-10.1384623,0.0332358154,24.297411,24.297411,8.4565841e-05,8.4565841e-05,0.000255792775,0.000255792775,0.429713706,1180.0494,51.640656,0.00173044514,1.224471e-06,0.0,2837.08685,1180.55218,0.0332358154,-47.2558791,6.5788867e-05
410.0,88.31999,2832.39356,-36.7619984,-36.7619984,-10.90388705,-10.90388705,-10.1432876,-10.1432876,0.0332523227,24.297411,24.297411,8.4607841e-05,8.4607841e-05,0.000255919818,0.000255919818,0.429787914,1180.0494,51.640656,0.0017313046,-1.344959e-06,0.0,2832.39356,1178.59929,0.0332523227,-47.3505946,6.5953225e-05
410.5,88.1056316,2831.57474,-36.6813382,-36.6813382,-10.87682405,-10.87682405,-10.1179149,-10.1179149,0.031701523,10.13820464,10.13820464,3.5637428e-05,3.5637428e-05,0.000125324438,0.000125324438,0.429862004,1180.0494,51.640656,0.0016505611,-0.000124286858,0.0,2831.57474,1178.25767,0.031701523,-38.4523323,5.1561077e-05
411.0,86.5756451,2829.39952,-36.0319079,-36.0319079,-10.6760433,-10.6760433,-9.93047675,-9.93047675,0.0113527488,-43.0658613,-43.0658613,-1.8607602e-05,-1.8607602e-05,0.000123067837,0.000123067837,0.429935396,1180.0494,51.640656,0.00059108852,-0.002634245642,0.0,2829.39952,1177.34068,0.0113527488,-5.15665124,1.0213507e-05
411.5,84.8214765,2829.24921,-35.2950149,-35.2950149,-10.45714645,-10.45714645,-9.7265883,-9.7265883,-0.0303217976,-98.5394404,-98.5394404,0.000315838796,0.000315838796,0.000955280465,0.000955280465,0.430007414,1180.0494,51.640656,-0.00157872485,-0.00017921827,0.0,2829.24921,1177.25379,-0.0303217976,30.5356812,3.9534048e-05
412.0,83.0673068,2829.25035,-34.5648743,-34.5648743,-10.24082585,-10.24082585,-9.5251396,-9.5251396,-0.0364726251,-154.004587,-154.004587,0.000591153308,0.000591153308,0.00178798146,0.00178798146,0.430078074,1180.0494,51.640656,-0.0018989718,-0.000176802134,0.0,2829.25035,1177.25065,-0.0364726251,65.8282056,0.000101320042
412.5,81.3131368,2829.25878,-33.8349595,-33.8349595,-10.0245977,-10.0245977,-9.3237887,-9.3237887,-0.04262334,-209.468096,-209.468096,0.000937909442,0.000937909442,0.00283678194,0.00283678194,0.43014738,1180.0494,51.640656,-0.00221921293,-0.00017822517,0.0,2829.25878,1177.2506,-0.04262334,101.1200876,0.000181290253
413.0,79.558967,2829.26589,-33.1051196,-33.1051196,-9.80838615,-9.80838615,-9.1224624,-9.1224624,-0.0476651467,-254.715337,-254.715337,0.0012719158,0.0012719158,0.00384704205,0.00384704205,0.43021531,1180.0494,51.640656,-0.002481718,-7.4994008e-05,0.0,2829.26589,1177.2506,-0.0476651467,130.0492224,0.000259787716
413.5,77.8047963,2829.26664,-32.3751525,-32.3751525,-9.5921139,-9.5921139,-8.9210895,-8.9210895,-0.0482450772,-258.9964,-258.9964,0.00130850489,0.00130850489,0.00395771231,0.00395771231,0.430281873,1180.0494,51.640656,-0.00251191245,-3.115443e-06,0.0,2829.26664,1177.25059,-0.0482450772,133.376776,0.000269539385
414.0,76.050627,2829.26674,-31.6451917,-31.6451917,-9.3758413,-9.3758413,-8.7197145,-8.7197145,-0.0483565839,-258.9964,-258.9964,0.00131152923,0.00131152923,0.00396685873,0.00396685873,0.430347076,1180.0494,51.640656,-0.00251771815,-4.164629e-06,0.0,2829.26674,1177.25056,-0.0483565839,134.016589,0.000271458336
414.5,74.2964567,2829.26686,-30.9153241,-30.9153241,-9.1595967,-9.1595967,-8.516665,-8.516665,-0.0484682032,-258.9964,-258.9964,0.00131455653,0.00131455653,0.00397601428,0.00397601428,0.430410902,1180.0494,51.640656,-0.00252352969,-3.432736e-06,0.0,2829.26686,1177.25058,-0.0484682032,134.657037,0.00027338518
415.0,72.9185295,2830.14281,-30.3194061,-30.3194061,-8.9858139,-8.9858139,-8.35267555,-8.35267555,-0.0485572254,-258.9964,-258.9964,0.001316971,0.001316971,0.00398331634,0.00398331634,0.43047339,1180.0494,51.640656,-0.00252816463,-2.671007e-06,0.0,2830.14281,1177.61497,-0.0485572254,135.167836,0.000274926043
415.5,72.81665,2832.06749,-30.2952946,-30.2952946,-8.98477895,-8.98477895,-8.3519254,-8.3519254,-0.0485626661,-258.9964,-258.9964,0.00131711855,0.00131711855,0.00398376253,0.00398376253,0.430535355,1180.0494,51.640656,-0.00252844794,-1.461574e-06,0.0,2832.06749,1178.41585,-0.0485626661,135.199054,0.000275020318
416.0,72.81665,2832.18446,-30.2994589,-30.2994589,-8.9863849,-8.9863849,-8.35345525,-8.35345525,-0.048562376,-258.9964,-258.9964,0.0013171107,0.0013171107,0.00398373884,0.00398373884,0.430597365,1180.0494,51.640656,-0.00252843286,-1.79223e-06,0.0,2832.18446,1178.4645,-0.048562376,135.19739,0.00027501529
416.5,72.81665,2832.18677,-30.2995437,-30.2995437,-8.9864177,-8.9864177,-8.3534865,-8.3534865,-0.0485623879,-258.9964,-258.9964,0.001317111,0.001317111,0.0039837397,0.0039837397,0.430659384,1180.0494,51.640656,-0.00252843344,6.2944e-08,0.0,2832.18677,1178.4655,-0.0485623879,135.197454,0.000275015485
417.0,72.81665,2832.1868,-30.299545,-30.299545,-8.986418,-8.986418,-8.353487,-8.353487,-0.0485623746,-258.9964,-258.9964,0.0013171107,0.0013171107,0.00398373867,0.00398373867,0.430721385,1180.0494,51.640656,-0.00252843281,1.368328e-06,0.0,2832.1868,1178.4655,-0.0485623746,135.197384,0.000275015276
417.5,72.81665,2832.1868,-30.299545,-30.299545,-8.986418,-8.986418,-8.353487,-8.353487,-0.0485623627,-258.9964,-258.9964,0.0013171103,0.0013171103,0.00398373784,0.00398373784,0.4307834,1180.0494,51.640656,-0.00252843211,-2.03045e-07,0.0,2832.1868,1178.4655,-0.0485623627,135.197311,0.000275015057
418.0,72.81665,2832.1868,-30.299545,-30.299545,-8.986418,-8.986418,-8.353487,-8.353487,-0.0485623425,-258.9964,-258.9964,0.0013171098,0.0013171098,0.00398373602,0.00398373602,0.430845398,1180.0494,51.640656,-0.00252843114,-2.156556e-06,0.0,2832.1868,1178.4655,-0.0485623425,135.197199,0.000275014714
418.5,72.81665,2832.1868,-30.299545,-30.299545,-8.986418,-8.986418,-8.353487,-8.353487,-0.0485624036,-258.9964,-258.9964,0.00131711144,0.00131711144,0.00398374099,0.00398374099,0.430907404,1180.0494,51.640656,-0.00252843421,-1.310975e-06,0.0,2832.1868,1178.4655,-0.0485624036,135.197548,0.000275015756
419.0,71.3928754,2828.82846,-29.8435171,-29.8435171,-8.8410081,-8.8410081,-8.21595156,-8.21595156,-0.0486445591,-258.9964,-258.9964,0.00131933969,0.00131933969,0.00399047985,0.00399047985,0.430969292,1180.0494,51.640656,-0.00253271177,-1.1386953e-05,0.0,2828.82846,1177.06801,-0.0486445591,135.668944,0.000276444648
419.5,60.5955973,2813.0516,-25.2716156,-25.2716156,-7.44480688,-7.44480688,-6.89856441,-6.89856441,-0.0493352401,-258.9964,-258.9964,0.00133807231,0.00133807231,0.00404713309,0.00404713309,0.431026317,1180.0494,51.640656,-0.0025686725,-2.3530656e-05,0.0,2813.0516,1170.50277,-0.0493352401,139.631961,0.000288569229
420.0,48.0975929,2811.42097,-20.0152592,-20.0152592,-5.89272336,-5.89272336,-5.4232173,-5.4232173,-0.0501331015,-258.9964,-258.9964,0.00135971197,0.00135971197,0.00411257773,0.00411257773,0.431072961,1180.0494,51.640656,-0.0026102137,-2.2666817e-05,0.0,2811.42097,1169.82375,-0.0501331015,144.209976,0.000302849213
420.5,35.5995884,2811.38777,-14.8127733,-14.8127733,-4.36099649,-4.36099649,-3.95270264,-3.95270264,-0.0509277807,-258.9964,-258.9964,0.00138126531,0.00138126531,0.00417776101,0.00417776101,0.431109016,1180.0494,51.640656,-0.00265158918,-2.5074109e-05,0.0,2811.38777,1169.80944,-0.0509277807,148.769727,0.000317376709
421.0,23.1015844,2666.59244,-12.7941388,-12.7941388,-3.5814288,-3.5814288,-3.20597641,-3.20597641,-0.0515362581,-258.9964,-258.9964,0.00139776843,0.00139776843,0.00422767104,0.00422767104,0.431136594,1114.23037,51.640656,-0.00268326996,-1.8829711e-05,0.0,2666.59244,1109.55873,-0.0515362581,152.261076,0.000328701421
421.5,10.60358002,2281.74358,-7.92426851,-7.92426851,-1.91064702,-1.91064702,-1.587075654,-1.587075654,-0.052311361,-258.9964,-258.9964,0.0014187908,0.0014187908,0.00429124826,0.00429124826,0.431155722,959.029082,51.640656,-0.00272362627,-2.4183086e-05,0.0,2281.74358,949.419799,-0.052311361,156.708505,0.000343394426
422.0,-1.8944242394,1907.34663,-2.695490164,-2.695490164,-0.555181977,-0.555181977,-0.4028882689,-0.4028882689,-0.0535284573,-262.876465,-262.876465,0.00147394652,0.00147394652,0.00445806924,0.00445806924,0.431163205,803.357432,51.640656,-0.00278699517,-7.4690475e-05,0.0,1907.34663,793.629738,-0.0535284573,163.692026,0.000367167372
422.5,-14.3924288,1605.19787,4.75854987,4.75854987,0.788485991,0.788485991,1.0342989643,1.0342989643,-0.0574970005,-290.83194,-290.83194,0.0017523998,0.0017523998,0.00530031003,0.00530031003,0.431161483,682.387354,51.640656,-0.00299362009,-0.00013337426,0.0,1605.19787,667.901111,-0.0574970005,186.46293,0.000449505369
423.0,-26.8904328,1594.58397,11.261091,11.261091,1.88070353,1.88070353,2.22727834,2.22727834,-0.0618633046,-322.931594,-322.931594,0.00209323726,0.00209323726,0.00633126672,0.00633126672,0.431146981,673.9087,51.640656,-0.00322095463,-0.000120105919,0.0,1594.58397,663.482036,-0.0618633046,211.516127,0.00054846957
423.5,-38.6573394,1598.28865,16.1861354,16.1861354,2.70935156,2.70935156,3.10304991,3.10304991,-0.0658331787,-352.491131,-352.491131,0.00243066812,0.00243066812,0.00735194112,0.00735194112,0.431124467,673.9087,51.640656,-0.00342764877,-7.7991654e-05,0.0,1598.28865,665.021253,-0.0658331787,234.294667,0.00064627742
424.0,-41.325745,1614.7711,17.2857085,17.2857085,2.92296457,2.92296457,3.32403331,3.32403331,-0.066637886,-358.30548,-358.30548,0.00250036427,0.00250036427,0.00756276221,0.00756276221,0.431096668,673.9087,51.640656,-0.00346954641,8.20959e-07,0.0,1614.7711,671.879261,-0.066637886,238.911957,0.000666880025
424.5,-40.9286624,1618.23081,17.1031451,17.1031451,2.89827011,2.89827011,3.29865838,3.29865838,-0.0666118636,-358.30548,-358.30548,0.00249938793,0.00249938793,0.00755980926,0.00755980926,0.431068552,673.9087,51.640656,-0.00346819168,4.997549e-06,0.0,1618.23081,673.318905,-0.0666118636,238.76266,0.000666203486
425.0,-32.2715557,1633.82198,13.5390101,13.5390101,2.31596104,2.31596104,2.68570659,2.68570659,-0.0660641971,-358.30548,-358.30548,0.00247883844,0.00247883844,0.00749765898,0.00749765898,0.431042638,673.9087,51.640656,-0.00343967687,2.4995144e-05,0.0,1633.82198,679.806797,-0.0660641971,235.620212,0.000652041494
425.5,-21.980202,1633.39891,9.011666,9.011666,1.54170792,1.54170792,1.89315622,1.89315622,-0.065395162,-358.30548,-358.30548,0.00245373525,0.00245373525,0.0074217359,0.0074217359,0.431023805,673.9087,51.640656,-0.00340484317,9.394343e-06,0.0,1633.39891,679.631163,-0.065395162,231.781398,0.000634914507
426.0,-20.60875,1618.82931,8.52814265,8.52814265,1.44571355,1.44571355,1.80363057,1.80363057,-0.0653126695,-358.30548,-358.30548,0.00245063999,0.00245063999,0.00741237469,0.00741237469,0.431008734,673.9087,51.640656,-0.00340054818,3.72274e-07,0.0,1618.82931,673.5687,-0.0653126695,231.308073,0.000632815114
426.5,-20.60875,1617.49965,8.5744414,8.5744414,1.45237464,1.45237464,1.80974042,1.80974042,-0.065315445,-358.30548,-358.30548,0.00245074412,0.00245074412,0.00741268944,0.00741268944,0.430993666,673.9087,51.640656,-0.00340069267,3.18718e-07,0.0,1617.49965,673.015417,-0.065315445,231.323992,0.00063288554
427.0,-20.60875,1617.47284,8.5754337,8.5754337,1.45251864,1.45251864,1.80987233,1.80987233,-0.0653154068,-358.30548,-358.30548,0.00245074268,0.00245074268,0.00741268517,0.00741268517,0.430978596,673.9087,51.640656,-0.00340069066,5.07114e-07,0.0,1617.47284,673.004264,-0.0653154068,231.323776,0.000632884586
427.5,-20.60875,1617.47232,8.5754527,8.5754527,1.45252133,1.45252133,1.80987486,1.80987486,-0.0653155076,-358.30548,-358.30548,0.00245074652,0.00245074652,0.00741269685,0.00741269685,0.430963521,673.9087,51.640656,-0.00340069602,-1.289496e-06,0.0,1617.47232,673.004,-0.0653155076,231.324361,0.000632887176
428.0,-20.60875,1617.4723,8.575453,8.575453,1.4525214,1.4525214,1.8098749,1.8098749,-0.0653154616,-358.30548,-358.30548,0.00245074471,0.00245074471,0.0074126914,0.0074126914,0.430948446,673.9087,51.640656,-0.00340069353,1.085547e-06,0.0,1617.4723,673.004,-0.0653154616,231.324088,0.000632885973
428.5,-20.60875,1617.4723,8.575453,8.575453,1.4525214,1.4525214,1.8098749,1.8098749,-0.0653155074,-358.30548,-358.30548,0.00245074648,0.00245074648,0.00741269667,0.00741269667,0.430933372,673.9087,51.640656,-0.00340069598,1.945795e-06,0.0,1617.4723,673.004,-0.0653155074,231.324358,0.000632887157
429.0,-20.60875,1617.4723,8.575453,8.575453,1.4525214,1.4525214,1.8098749,1.8098749,-0.0653155254,-358.30548,-358.30548,0.00245074706,0.00245074706,0.00741269852,0.00741269852,0.430918295,673.9087,51.640656,-0.00340069681,-5.59636e-07,0.0,1617.4723,673.004,-0.0653155254,231.324449,0.000632887578
429.5,-20.60875,1617.4723,8.575453,8.575453,1.4525214,1.4525214,1.8098749,1.8098749,-0.06531549,-358.30548,-358.30548,0.00245074574,0.00245074574,0.0074126945,0.0074126945,0.430903226,673.9087,51.640656,-0.0034006949,-6.41237e-07,0.0,1617.4723,673.004,-0.06531549,231.324243,0.000632886652
430.0,-20.60875,1617.4723,8.575453,8.575453,1.4525214,1.4525214,1.8098749,1.8098749,-0.0653154805,-358.30548,-358.30548,0.00245074542,0.00245074542,0.00741269332,0.00741269332,0.430888152,673.9087,51.640656,-0.00340069454,-8.46679e-07,0.0,1617.4723,673.004,-0.0653154805,231.324197,0.00063288644
430.5,-20.60875,1617.4723,8.575453,8.575453,1.4525214,1.4525214,1.8098749,1.8098749,-0.065315502,-358.30548,-358.30548,0.00245074629,0.00245074629,0.00741269612,0.00741269612,0.430873074,673.9087,51.640656,-0.00340069574,3.97616e-07,0.0,1617.4723,673.004,-0.065315502,231.324326,0.00063288703
431.0,-20.60875,1617.4723,8.575453,8.575453,1.4525214,1.4525214,1.8098749,1.8098749,-0.0653154734,-358.30548,-358.30548,0.00245074521,0.00245074521,0.00741269285,0.00741269285,0.430858004,673.9087,51.640656,-0.00340069419,2.57219e-06,0.0,1617.4723,673.004,-0.0653154734,231.324159,0.00063288628
431.5,-20.60875,1617.4723,8.575453,8.575453,1.4525214,1.4525214,1.8098749,1.8098749,-0.0653154776,-358.30548,-358.30548,0.00245074526,0.00245074526,0.00741269304,0.00741269304,0.430842926,673.9087,51.640656,-0.00340069433,2.595672e-06,0.0,1617.4723,673.004,-0.0653154776,231.32418,0.000632886356
432.0,-20.60875,1617.47184,8.5754377,8.5754377,1.45251839,1.45251839,1.80987197,1.80987197,-0.0648936242,-354.410134,-354.410134,0.00240884607,0.00240884607,0.00728595195,0.00728595195,0.430827851,673.9087,51.640656,-0.00337873026,6.7866078e-05,0.0,1617.47184,673.004055,-0.0648936242,228.903652,0.000622318919
432.5,-20.60875,1617.46559,8.5754067,8.5754067,1.45250758,1.45250758,1.8098609,1.8098609,-0.0604458008,-313.53487,-313.53487,0.00198699117,0.00198699117,0.00600989732,0.00600989732,0.430812782,673.9087,51.640656,-0.00314715137,0.000154759628,0.0,1617.46559,673.004075,-0.0604458008,203.382707,0.000515543267
433.0,-20.60875,1617.45789,8.575409,8.575409,1.452501,1.452501,1.80985366,1.80985366,-0.0549960188,-263.485146,-263.485146,0.00151981228,0.00151981228,0.00459678379,0.00459678379,0.430797727,673.9087,51.640656,-0.0028634048,0.000157250996,0.0,1617.45789,673.00401,-0.0549960188,172.112669,0.000397079404
433.5,-20.60875,1617.45025,8.575409,8.575409,1.45249415,1.45249415,1.80984616,1.80984616,-0.0495463135,-213.435011,-213.435011,0.001109759304,0.001109759304,0.00335650362,0.00335650362,0.43078268,673.9087,51.640656,-0.00257966219,0.00015559513,0.0,1617.45025,673.0041,-0.0495463135,140.843077,0.000292893372
434.0,-20.60875,1617.44263,8.575409,8.575409,1.4524873,1.4524873,1.80983866,1.80983866,-0.0440962973,-163.383272,-163.383272,0.000756820567,0.000756820567,0.00228900845,0.00228900845,0.43076765,673.9087,51.640656,-0.00229590351,0.000156904259,0.0,1617.44263,673.0041,-0.0440962973,109.5716996,0.000202979112
434.5,-20.63202,1617.4127,8.5776486,8.5776486,1.45283972,1.45283972,1.8101662,1.8101662,-0.0386478749,-113.3347975,-113.3347975,0.000461042168,0.000461042168,0.00139442403,0.00139442403,0.430752624,673.9087,51.640656,-0.00201222764,0.000155394986,0.0,1617.4127,672.994815,-0.0386478749,78.3094653,0.000127361176
435.0,-23.3547847,1612.04715,9.6558182,9.6558182,1.62991638,1.62991638,1.97020921,1.97020921,-0.0333676948,-63.2857998,-63.2857998,0.000223363875,0.000223363875,0.000675577317,0.000675577317,0.430737131,673.9087,51.640656,-0.00173731152,0.000145024714,0.0,1612.04715,670.765238,-0.0333676948,48.0125827,6.763325e-05
435.5,-26.7821308,1612.48235,11.2043973,11.2043973,1.89198649,1.89198649,2.22887436,2.22887436,-0.0281968662,-13.731091487,-13.731091487,4.2644977e-05,4.2644977e-05,0.000135360801,0.000135360801,0.430719505,673.9087,51.640656,-0.00146808881,0.000141608405,0.0,1612.48235,670.949343,-0.0281968662,18.34313931,2.2183613e-05
436.0,-26.978006,1617.1626,11.2348845,11.2348845,1.90261479,1.90261479,2.24032085,2.24032085,-0.0262360937,4.3202376,4.3202376,-1.1869582e-05,-1.1869582e-05,-3.923954e-06,-3.923954e-06,0.43070079,673.9087,51.640656,-0.00136599992,1.472724e-06,0.0,1617.1626,672.897992,-0.0262360937,7.09252166,7.794504e-06
436.5,-26.978006,1617.41267,11.2259316,11.2259316,1.90139282,1.90139282,2.23896619,2.23896619,-0.0262356294,4.3202376,4.3202376,-1.1869372e-05,-1.1869372e-05,-3.923885e-06,-3.923885e-06,0.430682114,673.9087,51.640656,-0.00136597571,1.781481e-06,0.0,1617.41267,673.002041,-0.0262356294,7.0898568,7.791437e-06
437.0,-26.978006,1622.2048,13.19726355,13.19726355,2.25080718,2.25080718,2.61737934,2.61737934,-0.0263488947,4.3202376,4.3202376,-1.1920615e-05,-1.1920615e-05,-3.940825e-06,-3.940825e-06,0.430663364,683.827345,51.640656,-0.00137187294,-6.4272721e-05,0.0,1622.2048,674.995997,-0.0263488947,7.7397551,8.570118e-06
437.5,-26.978006,3953.52588,165.7352,45.8694961,78.3065721,17.9060655,82.64141615,19.06349845,-0.0282640649,4.3202376,4.3202376,-1.2787065e-05,-1.2787065e-05,-4.227264e-06,-4.227264e-06,0.430534243,2020.149554,51.640656,-0.00147158759,1.5124263e-05,0.0,3953.52588,1645.07478,-0.0282640649,18.7287151,2.2260508e-05
438.0,-26.978006,6473.44863,300.0,27.9092546,203.369387,18.799328,213.482731,19.7338176,-0.0272126456,4.3202376,4.3202376,-1.2311388e-05,-1.2311388e-05,-4.070011e-06,-4.070011e-06,0.430273368,4099.59094,51.640656,-0.00141684474,1.1802347e-05,0.0,6473.44863,2693.6339,-0.0272126456,12.695829,1.4475928e-05
438.5,-26.978006,7937.44412,300.0,22.5100943,249.362167,18.6711505,263.551106,19.7296256,-0.0268964471,4.3202376,4.3202376,-1.2168335e-05,-1.2168335e-05,-4.022719e-06,-4.022719e-06,0.430011774,4497.907,51.640656,-0.00140038165,6.259734e-06,0.0,7937.44412,3302.81345,-0.0268964471,10.8815291,1.2260492e-05
439.0,-26.978006,8976.8534,300.0,19.5761193,282.01616,18.3852158,302.616509,19.7254359,-0.0267245561,4.3202376,4.3202376,-1.2090569e-05,-1.2090569e-05,-3.99701e-06,-3.99701e-06,0.429750211,4497.907,51.640656,-0.00139143203,2.883357e-06,0.0,8976.8534,3735.31936,-0.0267245561,9.89524565,1.1077436e-05
439.5,-26.978006,9767.3152,300.0,17.7406639,306.849256,18.1366938,333.686406,19.7212527,-0.02648287,5.55576683,5.55576683,-1.5398885e-05,-1.5398885e-05,-5.090703e-06,-5.090703e-06,0.429488678,4497.907,51.640656,-0.00137884848,1.1039457e-05,0.0,9767.3152,4064.2365,-0.02648287,8.5084873,9.441427e-06
440.0,-26.978006,10395.4957,299.921067,16.5030148,326.496151,17.9604315,358.441946,19.7170703,-0.0261181306,8.24002227,8.24002227,-2.2529004e-05,-2.2529004e-05,-7.447843e-06,-7.447843e-06,0.429227191,4497.907,51.640656,-0.0013598581,1.0300436e-05,0.0,10395.4957,4325.62722,-0.0261181306,6.41566605,7.021407e-06
440.5,-26.9502999,10911.9847,269.496431,15.62143075,307.643558,17.8475145,339.763015,19.7128873,-0.0257730881,10.924568,10.924568,-2.9476934e-05,-2.9476934e-05,-9.744753e-06,-9.744753e-06,0.428965733,4497.907,51.640656,-0.00134189321,1.0494336e-05,0.0,10911.9847,4540.54227,-0.0257730881,4.43586518,4.791202e-06
441.0,-23.5095929,11400.501,132.1568627,14.8717353,156.805947,17.7509681,173.9790747,19.708707,-0.0253021352,13.6090609,13.6090609,-3.6045887e-05,-3.6045887e-05,-1.1916407e-05,-1.1916407e-05,0.428704313,4497.907,51.640656,-0.00131737274,1.7321554e-05,0.0,11400.501,4743.81793,-0.0253021352,1.733606774,1.843733e-06
441.5,-17.7071349,11176.557499999995,-0.579939175,-0.579939175,-0.73980746,-0.73980746,0.67943397,0.67943397,0.0224148026,16.29294685,16.29294685,3.87119e-05,3.87119e-05,0.000121916866,0.000121916866,0.428572984,4497.907,51.640656,0.00116704182,0.001771994166,0.0,11176.557499999995,4650.661239999999,0.0224148026,-6.00791879,6.587594e-06
442.0,-11.9046769,10815.4023,4.55885832,4.55885832,5.16356603,5.16356603,7.09112739,7.09112739,0.0263229262,18.9774756,18.9774756,5.232561e-05,5.232561e-05,0.000158277062,0.000158277062,0.428529528,4497.907,51.640656,0.00137052088,1.7182e-05,0.0,10815.4023,4500.3841,0.0263229262,-7.59075319,8.376525e-06
442.5,-6.10221954,10804.8029,2.53176976,2.53176976,2.86465108,2.86465108,4.08436586,4.08436586,0.0269612744,21.661389,21.661389,6.1173596e-05,6.1173596e-05,0.000185039338,0.000185039338,0.428478536,4497.907,51.640656,0.00140375691,1.9576335e-05,0.0,10804.8029,4495.97401,0.0269612744,-11.2535001,1.2717788e-05
443.0,-0.3358014524,10804.55945,0.12906061277,0.12906061277,0.14603043773,0.14603043773,0.40186883104,0.40186883104,0.0276138091,24.2843045,24.2843045,7.0236038e-05,7.0236038e-05,0.00021244982,0.00021244982,0.428460073,4497.907,51.640656,0.00143773158,1.7667601e-05,0.0,10804.55945,4495.87281,0.0276138091,-14.9976459,1.7355189e-05
443.5,1.9509481,10797.669,-0.889163859,-0.889163859,-1.005417124,-1.005417124,-0.704757104,-0.704757104,0.0278538206,25.113163,25.113163,7.325121e-05,7.325121e-05,0.000221569498,0.000221569498,0.428463397,4497.907,51.640656,0.00145022795,-1.251026e-06,0.0,10797.669,4493.00603,0.0278538206,-16.3747971,1.9105102e-05
444.0,1.9509481,10795.0047,-0.814260287,-0.814260287,-0.920480766,-0.920480766,-0.645220109,-0.645220109,0.0278494541,25.113163,25.113163,7.3239723e-05,7.3239723e-05,0.000221534758,0.000221534758,0.428468736,4497.907,51.640656,0.00145000057,5.05138e-07,0.0,10795.0047,4491.8974,0.0278494541,-16.3497387,1.9072873e-05
444.5,1.9509481,10794.9388,-0.811850751,-0.811850751,-0.917751326,-0.917751326,-0.643306891,-0.643306891,0.0278493623,25.113163,25.113163,7.3239483e-05,7.3239483e-05,0.000221534034,0.000221534034,0.428473921,4497.907,51.640656,0.00144999583,7.0909e-07,0.0,10794.9388,4491.87012,0.0278493623,-16.3492141,1.9072198e-05
445.0,-7.40156405,10775.4796,2.782386938,2.782386938,3.136846884,3.136846884,4.326504327,4.326504327,0.0272733375,25.113163,25.113163,7.1724631e-05,7.1724631e-05,0.000216952081,0.000216952081,0.428466729,4497.907,51.640656,0.00142000471,-3.6783093e-05,0.0,10775.4796,4483.77258,0.0272733375,-13.0440714,1.4936202e-05
445.5,-27.7673051,10761.4705,11.5373259,11.5373259,13.00175655,13.00175655,14.87276635,14.87276635,0.0259621771,25.113163,25.113163,6.8276479e-05,6.8276479e-05,0.000206522514,0.000206522514,0.428368779,4497.907,51.640656,0.00135173828,-3.5223686e-05,0.0,10761.4705,4477.94237,0.0259621771,-5.52082777,6.037296e-06
446.0,-46.0711783,10633.2274,41.1168488,16.06893035,45.5420313,17.8909198,50.1139576,19.699707,-0.00606676342,25.113163,24.5368317,-1.5954643e-05,-1.6855573e-05,3.1839633e-05,2.9114469e-05,0.428143776,4497.907,51.640656,-0.000315870137,-0.001599901718,0.0,10633.2274,4424.56094,-0.00606676342,0.119257207,3.69083e-07
446.5,-49.100746,10227.5036,172.041853,16.7861068,183.650151,17.97585,201.136436,19.6955743,-0.025164657,25.113163,25.113163,-6.6179127e-05,-6.6179127e-05,-2.1878839e-05,-2.1878839e-05,0.427882473,4497.907,51.640656,-0.00131021481,-9.80233e-07,0.0,10227.5036,4255.72504,-0.025164657,0.94477407,9.95917e-07
447.0,-49.100746,9874.3208,298.128876,17.4809464,308.247399,18.0741248,335.829428,19.6913977,-0.0252053347,25.113163,25.113163,-6.6286103e-05,-6.6286103e-05,-2.1914207e-05,-2.1914207e-05,0.427621199,4497.907,51.640656,-0.00131233274,-2.127922e-06,0.0,9874.3208,4108.76318,-0.0252053347,1.17817991,1.24395e-06
447.5,-49.100746,9591.1186,300.0,18.0815801,301.313884,18.1595778,326.664887,19.6872216,-0.0252404945,25.113163,25.113163,-6.6378569e-05,-6.6378569e-05,-2.1944777e-05,-2.1944777e-05,0.427359968,4497.907,51.640656,-0.00131416336,-1.523292e-06,0.0,9591.1186,3990.92064,-0.0252404945,1.37991936,1.458969e-06
448.0,-49.100746,9366.7215,300.0,18.5805095,294.264228,18.2244907,317.817151,19.6830472,-0.0252697202,25.113163,25.113163,-6.6455428e-05,-6.6455428e-05,-2.1970188e-05,-2.1970188e-05,0.427098767,4497.907,51.640656,-0.00131568502,6.17147e-07,0.0,9366.7215,3897.54722,-0.0252697202,1.54761607,1.638158e-06
448.5,-49.100746,9190.8504,300.0,18.9880359,288.739079,18.2748053,310.924437,19.6788746,-0.0252935342,25.113163,25.113163,-6.6518054e-05,-6.6518054e-05,-2.1990893e-05,-2.1990893e-05,0.426837604,4497.907,51.640656,-0.00131692492,7.64827e-07,0.0,9190.8504,3824.36589,-0.0252935342,1.68425578,1.784466e-06
449.0,-49.100746,9054.2317,300.0,19.3143301,284.447065,18.3127158,305.603228,19.6747022,-0.0253126745,25.113163,25.113163,-6.656839e-05,-6.656839e-05,-2.2007535e-05,-2.2007535e-05,0.426576474,4497.907,51.640656,-0.00131792146,-1.97043e-06,0.0,9054.2317,3767.51765,-0.0253126745,1.79408132,1.902261e-06
449.5,-48.2465767,8954.8369,300.0,19.5564861,281.324499,18.3389628,301.751377,19.6705328,-0.0252935548,25.113163,25.113163,-6.651811e-05,-6.651811e-05,-2.1990911e-05,-2.1990911e-05,0.426315376,4497.907,51.640656,-0.00131692596,5.05134e-07,0.0,8954.8369,3726.15901,-0.0252935548,1.68437248,1.784989e-06
450.0,-42.1804075,9018.502199999995,300.0,19.3943667,283.324596,18.3154654,304.224063,19.6663654,-0.0229688714,25.113163,25.113163,-6.0404554e-05,-6.0404554e-05,-1.9969726e-05,-1.9969726e-05,0.426054329,4497.907,51.640656,-0.001195889794,0.000533491148,0.0,9018.502199999995,3752.6519,-0.0229688714,0.3687776872,3.88192e-07
450.5,-35.2310719,9334.9846,300.0,18.6359682,293.267196,18.2140612,316.59382,19.6621899,-0.01164165365,21.4031403,21.4031403,-2.1976063e-05,-2.1976063e-05,-7.265123e-06,-7.265123e-06,0.425793308,4497.907,51.640656,-0.000606130532,-0.00528955084,0.0,9334.9846,3884.34929,-0.01164165365,0.99216484,1.064178e-06
451.0,-28.2817373,9857.62585,300.0,17.488006,309.686447,18.0458293,337.376303,19.6580113,-0.0265633362,4.673283195,5.136140282,-1.2793896e-05,-1.410235e-05,-4.96337e-07,-4.454283e-06,0.425532321,4497.907,51.640656,-0.00138303797,-3.3413272e-05,0.0,9857.62585,4101.81532,-0.0265633362,8.97018732,1.0017981e-05
451.5,-21.3324029,10555.8907,293.18547,16.1663259,323.889908,17.8612938,356.390331,19.6538348,-0.0268528468,-13.13113781,-0.723537117,3.6887892e-05,2.032499e-06,0.000111582303,6.148113e-06,0.425271376,4497.907,51.640656,-0.00139811155,4.714566e-06,0.0,10555.8907,4392.36842,-0.0268528468,10.631356,1.1959409e-05
452.0,-17.2946318,11381.5887,165.93677,14.8539784,196.1539968,17.6955851,217.6181094,19.6496442,-0.0269454003,-30.9435164,-3.74805276,8.7441717e-05,1.0657688e-05,0.000264502731,3.2238473e-05,0.425010461,4497.907,51.640656,-0.00140293042,-3.9186724e-05,0.0,11381.5887,4735.947389999999,-0.0269454003,11.1624145,1.2617982e-05
452.5,-17.270672,11284.806,-0.8389366,-1.3359677,-0.990244216,-1.605458816,0.51416902,-0.17195428,-0.030764972,-48.756848,-47.5896637,0.000157520301,0.000153900314,0.000476439578,0.000465490048,0.424874241,4497.907,51.640656,-0.001601799,-0.000206838482,0.0,11284.806,4695.67308,-0.030764972,33.0785445,4.2795624e-05
453.0,-17.270672,10810.91065,6.60765642,6.60765642,7.47966402,7.47966402,9.60054515,9.60054515,-0.0333011886,-66.5665369,-66.5665369,0.000232451882,0.000232451882,0.000703063777,0.000703063777,0.424827845,4497.907,51.640656,-0.00173384883,-6.1537818e-05,0.0,10810.91065,4498.48045,-0.0333011886,47.6309812,6.6524376e-05
453.5,-17.270672,10795.329000000002,7.17521328,7.17521328,8.11146515,8.11146515,10.2403664,10.2403664,-0.0349063647,-80.9925915,-80.9925915,0.000296106725,0.000296106725,0.000895584447,0.000895584447,0.424732246,4497.907,51.640656,-0.00181742343,-2.3760568e-05,0.0,10795.329000000002,4491.9957,-0.0349063647,56.8412422,8.3122626e-05
454.0,-17.270672,10795.0314,7.18624391,7.18624391,8.1237115,8.1237115,10.2523075,10.2523075,-0.0350499278,-82.29805,-82.29805,0.000302068401,0.000302068401,0.000913615158,0.000913615158,0.424634857,4497.907,51.640656,-0.00182489811,7.16907e-07,0.0,10795.0314,4491.87186,-0.0350499278,57.6649815,8.4661874e-05
454.5,-17.270672,10125.776600000005,-12.1335256,-12.1335256,-12.1353436,-12.1353436,-10.4266857,-10.4266857,-0.0339201491,-82.29805,-82.29805,0.000292331708,0.000292331708,0.00088416967,0.00088416967,0.424590846,4179.06944,51.640656,-0.00176607542,3.7270104e-05,0.0,10125.776600000005,4213.39064,-0.0339201491,51.1824804,7.286829e-05
455.0,-17.270672,7222.60145,-20.6199123,-20.6199123,-15.6325372,-15.6325372,-14.75071115,-14.75071115,-0.0334220796,-82.29805,-82.29805,0.000288039239,0.000288039239,0.000871188488,0.000871188488,0.424703496,3003.84112,51.640656,-0.00174014312,-5.74478e-06,0.0,7222.60145,3005.35822,-0.0334220796,48.3246359,6.7653727e-05
455.5,-17.270672,5557.51447,6.2483904,6.2483904,3.62870212,3.62870212,4.24724816,4.24724816,-0.0349929745,-82.29805,-82.29805,0.000301577576,0.000301577576,0.000912130807,0.000912130807,0.424738742,2359.0251,51.640656,-0.00182193287,-6.275296e-05,0.0,5557.51447,2312.50235,-0.0349929745,57.3381968,8.4089798e-05
456.0,-17.270672,5656.572020000001,7.37199941,7.37199941,4.36674061,4.36674061,5.09012561,5.09012561,-0.0350608501,-82.29805,-82.29805,0.000302162547,0.000302162547,0.000913899835,0.000913899835,0.424690864,2359.0251,51.640656,-0.00182546681,2.474907e-06,0.0,5656.572020000001,2353.72089,-0.0350608501,57.7276543,8.478033e-05
456.5,-17.270672,5661.610360000001,7.19013,7.19013,4.26290179,4.26290179,4.98776435,4.98776435,-0.0350501372,-82.29805,-82.29805,0.000302070215,0.000302070215,0.000913620635,0.000913620635,0.424647312,2359.0251,51.640656,-0.00182490902,-1.288022e-06,0.0,5661.610360000001,2355.81741,-0.0350501372,57.666186,8.466415e-05
457.0,-17.270672,5661.7075,7.18652278,7.18652278,4.26083643,4.26083643,4.98571227,4.98571227,-0.035049967,-82.29805,-82.29805,0.000302068748,0.000302068748,0.000913616192,0.000913616192,0.424604005,2359.0251,51.640656,-0.00182490016,1.188876e-06,0.0,5661.7075,2355.8579,-0.035049967,57.6652094,8.4662306e-05
457.5,-17.270672,5661.7095,7.1864554,7.1864554,4.26079779,4.26079779,4.98567404,4.98567404,-0.0350499389,-82.29805,-82.29805,0.000302068506,0.000302068506,0.000913615447,0.000913615447,0.424560703,2359.0251,51.640656,-0.00182489868,9.0164e-08,0.0,5661.7095,2355.8586,-0.0350499389,57.6650448,8.4661997e-05
458.0,-17.270672,5661.7095,7.1864543,7.1864543,4.260797,4.260797,4.9856734,4.9856734,-0.0350499418,-82.29805,-82.29805,0.000302068533,0.000302068533,0.000913615538,0.000913615538,0.424517398,2359.0251,51.640656,-0.00182489886,-2.84098e-06,0.0,5661.7095,2355.8586,-0.0350499418,57.6650651,8.4662035e-05
458.5,-17.270672,5661.7095,7.1864543,7.1864543,4.260797,4.260797,4.9856734,4.9856734,-0.0350499441,-82.29805,-82.29805,0.000302068558,0.000302068558,0.000913615611,0.000913615611,0.424474097,2359.0251,51.640656,-0.00182489899,8.1456e-08,0.0,5661.7095,2355.8586,-0.0350499441,57.66508,8.4662062e-05
459.0,-14.6402028,5667.90557,6.28667256,6.28667256,3.73053032,3.73053032,4.42951834,4.42951834,-0.0348946763,-82.29805,-82.29805,0.00030073041,0.00030073041,0.000909568843,0.000909568843,0.424431633,2359.0251,51.640656,-0.0018168148,1.6395055e-05,0.0,5667.90557,2358.43692,-0.0348946763,56.7741691,8.2992903e-05
459.5,-0.282893833,5686.48926,0.169336135,0.169336135,0.100574731,0.100574731,0.340567188,0.340567188,-0.0339739663,-82.29805,-82.29805,0.000292795521,0.000292795521,0.00088557236,0.00088557236,0.424409844,2359.0251,51.640656,-0.00176887745,2.9531572e-05,0.0,5686.48926,2366.17036,-0.0339739663,51.4912744,7.3297398e-05
460.0,15.4716851,5704.95357,-5.90663838,-5.90663838,-3.53160105,-3.53160105,-2.96467886,-2.96467886,-0.0330002942,-82.29805,-82.29805,0.000284404188,0.000284404188,0.000860195375,0.000860195375,0.424420934,2367.27799,51.640656,-0.00171818258,2.4575848e-05,0.0,5704.95357,2373.85404,-0.0330002942,45.904491,6.3471493e-05
460.5,31.226264,5788.57636,-12.1791388,-12.1791388,-7.38769732,-7.38769732,-6.77798345,-6.77798345,-0.0317582459,-79.9317146,-79.9317146,0.000265920417,0.000265920417,0.000804293913,0.000804293913,0.424457576,2401.15291,51.640656,-0.00165351448,4.6812368e-05,0.0,5788.57636,2408.65082,-0.0317582459,38.7778039,5.1641557e-05
461.0,40.469431,5835.29811,-16.9161927,-16.9161927,-10.3369391,-10.3369391,-9.6806607,-9.6806607,-0.0304111162,-73.4427004,-73.4427004,0.000233933274,0.000233933274,0.00070755056,0.00070755056,0.424520711,2424.97039,51.640656,-0.00158337526,2.5177876e-05,0.0,5835.29811,2428.09288,-0.0304111162,31.0481729,3.9563308e-05
461.5,40.53367,5822.088580000001,-16.8907403,-16.8907403,-10.2980779,-10.2980779,-9.642514,-9.642514,-0.0296963279,-66.8894711,-66.8894711,0.000208052471,0.000208052471,0.000629273943,0.000629273943,0.424592031,2425.571,51.640656,-0.00154615932,1.8523472e-05,0.0,5822.088580000001,2422.59666,-0.0296963279,26.9468271,3.3529574e-05
462.0,40.53367,5821.42441,-16.8668481,-16.8668481,-10.2823368,-10.2823368,-9.6268172,-9.6268172,-0.0290189252,-60.6568041,-60.6568041,0.000184352649,0.000184352649,0.000557594439,0.000557594439,0.424662815,2425.571,51.640656,-0.00151088989,1.6051418e-05,0.0,5821.42441,2422.32074,-0.0290189252,23.0599917,2.8036751e-05
462.5,40.53367,5821.41122,-16.866368,-16.866368,-10.2820208,-10.2820208,-9.626502,-9.626502,-0.0288500832,-59.110428,-59.110428,0.000178582871,0.000178582871,0.000540144077,0.000540144077,0.424733564,2425.571,51.640656,-0.00150209903,-9.16988e-07,0.0,5821.41122,2422.31543,-0.0288500832,22.0912014,2.6696542e-05
463.0,40.53367,5821.411,-16.86636,-16.86636,-10.282015,-10.282015,-9.6264961,-9.6264961,-0.0288500992,-59.110428,-59.110428,0.00017858297,0.00017858297,0.000540144367,0.000540144367,0.424804312,2425.571,51.640656,-0.00150209986,5.6721e-08,0.0,5821.411,2422.31522,-0.0288500992,22.0912926,2.6696667e-05
463.5,40.53367,5821.411419999999,-16.8663461,-16.8663461,-10.2820074,-10.2820074,-9.6264885,-9.6264885,-0.0292177637,-62.5050751,-62.5050751,0.000191560061,0.000191560061,0.000579393305,0.000579393305,0.424875059,2425.571,51.640656,-0.00152124255,-5.8426441e-05,0.0,5821.411419999999,2422.3152,-0.0292177637,24.2008955,2.9697165e-05
464.0,40.53367,5821.41725,-16.8663172,-16.8663172,-10.28200015,-10.28200015,-9.626481,-9.626481,-0.0332460309,-99.5258891,-99.5258891,0.000348458257,0.000348458257,0.001053930156,0.001053930156,0.424945805,2425.571,51.640656,-0.00173097703,-0.000143711718,0.0,5821.41725,2422.3152,-0.0332460309,47.3144939,6.6379608e-05
464.5,40.53367,5821.42432,-16.86632,-16.86632,-10.2820138,-10.2820138,-9.62649395,-9.62649395,-0.0382127976,-145.1391564,-145.1391564,0.000582750819,0.000582750819,0.00176255231,0.00176255231,0.425016546,2425.571,51.640656,-0.00198957503,-0.000142184338,0.0,5821.42432,2422.3152,-0.0382127976,75.8130518,0.000121839498
465.0,40.53367,5821.43113,-16.86632,-16.86632,-10.28202595,-10.28202595,-9.6265058,-9.6265058,-0.043179402,-190.753681,-190.753681,0.000864495064,0.000864495064,0.00261470877,0.00261470877,0.425087282,2425.571,51.640656,-0.00224816462,-0.000143270216,0.0,5821.43113,2422.3152,-0.043179402,104.3106859,0.000189155283
465.5,40.53367,5821.43705,-16.8663421,-16.8663421,-10.28205005,-10.28205005,-9.62652925,-9.62652925,-0.0472802048,-228.388735,-228.388735,0.00113115903,0.00113115903,0.00342126972,0.00342126972,0.425158006,2425.571,51.640656,-0.00246167579,-5.5584817e-05,0.0,5821.43705,2422.31532,-0.0472802048,127.840483,0.000253276133
466.0,40.53367,5821.4375,-16.8663606,-16.8663606,-10.2820626,-10.2820626,-9.6265414,-9.6265414,-0.0476962786,-232.19263,-232.19263,0.00115974243,0.00115974243,0.00350772472,0.00350772472,0.42522873,2425.571,51.640656,-0.00248333884,3.74754e-07,0.0,5821.4375,2422.31522,-0.0476962786,130.22785,0.000260181839
466.5,40.53367,5821.4375,-16.86636,-16.86636,-10.282062,-10.282062,-9.6265405,-9.6265405,-0.0476963004,-232.19263,-232.19263,0.00115974295,0.00115974295,0.00350772638,0.00350772638,0.425299451,2425.571,51.640656,-0.00248334006,-6.78552e-07,0.0,5821.4375,2422.3152,-0.0476963004,130.22798,0.000260182221
467.0,40.53367,5821.4375,-16.86636,-16.86636,-10.282062,-10.282062,-9.62654,-9.62654,-0.0476962849,-232.19263,-232.19263,0.00115974256,0.00115974256,0.00350772531,0.00350772531,0.425370173,2425.571,51.640656,-0.00248333927,-1.958908e-06,0.0,5821.4375,2422.3152,-0.0476962849,130.227892,0.000260181954
467.5,40.53367,5821.43516,-16.8664097,-16.8664097,-10.28208825,-10.28208825,-9.62656705,-9.62656705,-0.0458406573,-215.089907,-215.089907,0.001037121597,0.001037121597,0.00313684077,0.00313684077,0.425440892,2425.571,51.640656,-0.00238672476,0.000203660046,0.0,5821.43516,2422.31535,-0.0458406573,119.5805779,0.000230762277
468.0,40.53367,5821.42,-16.8664575,-16.8664575,-10.2820906,-10.2820906,-9.6265713,-9.6265713,-0.0350825913,-116.246629,-116.246629,0.000438307139,0.000438307139,0.00132568028,0.00132568028,0.42551162,2425.571,51.640656,-0.00182659875,0.000345368826,0.0,5821.42,2422.31534,-0.0350825913,57.852398,8.7823903e-05
468.5,24.1254949,5784.371160000001,-10.70159849,-10.70159849,-6.500075887,-6.500075887,-5.9486931,-5.9486931,0.0020381997,-9.68266711,-9.68266711,6.8282755e-05,6.8282755e-05,0.0002076418,0.0002076418,0.425576145,2425.571,51.640656,0.000106120268,0.001679724039,0.0,5784.371160000001,2406.92069,0.0020381997,-2.6512918,1.2955039e-05
469.0,4.244268,5798.51893,-1.13000508,-1.13000508,-0.687058426,-0.687058426,-0.543166766,-0.543166766,0.0277457659,23.16523,23.16523,6.7307266e-05,6.7307266e-05,0.000203591554,0.000203591554,0.425593221,2425.571,51.640656,0.00144460203,6.045384e-06,0.0,5798.51893,2412.82277,0.0277457659,-15.75479535,1.8310576e-05
469.5,4.244268,5820.76674,-1.74531169,-1.74531169,-1.06385469,-1.06385469,-0.841074216,-0.841074216,0.0277817991,23.16523,23.16523,6.7394678e-05,6.7394678e-05,0.000203855947,0.000203855947,0.425599258,2425.571,51.640656,0.00144647812,2.24388e-07,0.0,5820.76674,2422.08018,0.0277817991,-15.9615475,1.8574793e-05
470.0,4.244268,5821.32121,-1.76567502,-1.76567502,-1.07636845,-1.07636845,-0.850968122,-0.850968122,0.027782992,23.16523,23.16523,6.7397572e-05,6.7397572e-05,0.000203864695,0.000203864695,0.425606086,2425.571,51.640656,0.00144654019,-3.2858e-07,0.0,5821.32121,2422.3109,0.027782992,-15.9683902,1.8583554e-05
470.5,4.244268,5821.3316,-1.76606386,-1.76606386,-1.07660739,-1.07660739,-0.851157069,-0.851157069,0.0277829766,23.16523,23.16523,6.7397535e-05,6.7397535e-05,0.000203864588,0.000203864588,0.42561291,2425.571,51.640656,0.00144653942,-1.452222e-06,0.0,5821.3316,2422.31532,0.0277829766,-15.9683053,1.8583444e-05
471.0,4.244268,5821.332,-1.76607114,-1.76607114,-1.07661189,-1.07661189,-0.851160607,-0.851160607,0.0277830684,23.16523,23.16523,6.7397758e-05,6.7397758e-05,0.000203865259,0.000203865259,0.425619766,2425.571,51.640656,0.00144654418,-1.467939e-06,0.0,5821.332,2422.3154,0.0277830684,-15.9688305,1.8584117e-05
471.5,4.244268,5821.332,-1.7660713,-1.7660713,-1.076612,-1.076612,-0.85116065,-0.85116065,0.0277830324,23.16523,23.16523,6.7397669e-05,6.7397669e-05,0.000203864996,0.000203864996,0.425626598,2425.571,51.640656,0.00144654232,-1.782508e-06,0.0,5821.332,2422.3154,0.0277830324,-15.9686242,1.8583853e-05
472.0,4.244268,5821.332,-1.7660713,-1.7660713,-1.076612,-1.076612,-0.85116065,-0.85116065,0.027783058,23.16523,23.16523,6.7397732e-05,6.7397732e-05,0.000203865185,0.000203865185,0.425633446,2425.571,51.640656,0.00144654365,-1.876154e-06,0.0,5821.332,2422.3154,0.027783058,-15.9687723,1.8584043e-05
472.5,10.96046833,5837.2254,-3.89447984,-3.89447984,-2.38859119,-2.38859119,-2.032513922,-2.032513922,0.0281692509,23.16523,23.16523,6.833458e-05,6.833458e-05,0.000206698877,0.000206698877,0.425641419,2425.571,51.640656,0.00146665102,5.4606781e-05,0.0,5837.2254,2428.92898,0.0281692509,-18.1846871,2.153121e-05
473.0,66.3104945,5919.92295,-27.2691843,-27.2691843,-16.9120932,-16.9120932,-16.0685341,-16.0685341,0.0317061659,23.16523,23.16523,7.6914632e-05,7.6914632e-05,0.000232650929,0.000232650929,0.425699431,2425.571,51.640656,0.00165080292,0.000120172526,0.0,5919.92295,2463.34216,0.0317061659,-38.4789783,5.1450532e-05
473.5,130.5280321,5928.083659999999,-54.4636269,-54.4636269,-33.8093315,-33.8093315,-32.3004872,-32.3004872,0.0358170037,23.16523,23.16523,8.6886936e-05,8.6886936e-05,0.000262813866,0.000262813866,0.42585746,2425.571,51.640656,0.00186483639,0.000106985228,0.0,5928.083659999999,2466.7403,0.0358170037,-62.0663448,9.3430259e-05
474.0,154.06029,5848.73605,-64.9112519,-64.9112519,-39.7582647,-39.7582647,-37.9206109,-37.9206109,0.037355275,23.16523,23.16523,9.0618564e-05,9.0618564e-05,0.000274100757,0.000274100757,0.426080144,2425.571,51.640656,0.00194492758,-2.619953e-06,0.0,5848.73605,2433.72413,0.037355275,-70.8927187,0.000110928564
474.5,154.06029,5821.9704,-64.1295936,-64.1295936,-39.0982319,-39.0982319,-37.2916137,-37.2916137,0.0373093791,23.16523,23.16523,9.0507228e-05,9.0507228e-05,0.000273764006,0.000273764006,0.426307515,2425.571,51.640656,0.00194253799,-6.30744e-07,0.0,5821.9704,2422.58662,0.0373093791,-70.6293789,0.000110380414
475.0,154.06029,5821.33083,-64.1060774,-64.1060774,-39.079599,-39.079599,-37.2738928,-37.2738928,0.0373079815,23.16523,23.16523,9.0503834e-05,9.0503834e-05,0.000273753746,0.000273753746,0.426533959,2425.571,51.640656,0.00194246518,-1.990874e-06,0.0,5821.33083,2422.32051,0.0373079815,-70.6213562,0.000110363743
475.5,154.06029,5821.31879,-64.1056304,-64.1056304,-39.079246,-39.079246,-37.2735565,-37.2735565,0.0373079305,23.16523,23.16523,9.0503711e-05,9.0503711e-05,0.000273753374,0.000273753374,0.426760378,2425.571,51.640656,0.00194246256,-2.63911e-06,0.0,5821.31879,2422.31546,0.0373079305,-70.6210639,0.000110363133
476.0,154.06029,5821.3184,-64.10562,-64.10562,-39.07924,-39.07924,-37.2735502,-37.2735502,0.0373079621,23.16523,23.16523,9.0503789e-05,9.0503789e-05,0.000273753597,0.000273753597,0.426986793,2425.571,51.640656,0.00194246416,1.099068e-06,0.0,5821.3184,2422.3154,0.0373079621,-70.621244,0.000110363509
476.5,154.06029,5821.3184,-64.10562,-64.10562,-39.07924,-39.07924,-37.27355,-37.27355,0.0373079892,23.16523,23.16523,9.0503854e-05,9.0503854e-05,0.000273753802,0.000273753802,0.427213203,2425.571,51.640656,0.00194246559,1.382337e-06,0.0,5821.3184,2422.3154,0.0373079892,-70.6213984,0.000110363826
477.0,154.06029,5821.3184,-64.10562,-64.10562,-39.07924,-39.07924,-37.27355,-37.27355,0.0373080012,23.16523,23.16523,9.0503884e-05,9.0503884e-05,0.000273753891,0.000273753891,0.427439595,2425.571,51.640656,0.00194246622,-1.279564e-06,0.0,5821.3184,2422.3154,0.0373080012,-70.6214691,0.000110363975
477.5,154.06029,5821.3184,-64.10562,-64.10562,-39.07924,-39.07924,-37.27355,-37.27355,0.037308011,23.16523,23.16523,9.0503909e-05,9.0503909e-05,0.000273753969,0.000273753969,0.427665986,2425.571,51.640656,0.00194246676,-1.19283e-06,0.0,5821.3184,2422.3154,0.037308011,-70.621529,0.0001103641
478.0,154.06029,5821.3184,-64.10562,-64.10562,-39.07924,-39.07924,-37.27355,-37.27355,0.0373079811,23.16523,23.16523,9.0503834e-05,9.0503834e-05,0.000273753735,0.000273753735,0.427892374,2425.571,51.640656,0.00194246516,-1.120767e-06,0.0,5821.3184,2422.3154,0.0373079811,-70.6213519,0.000110363731
478.5,154.06029,5821.318020000001,-64.1056322,-64.1056322,-39.0792423,-39.0792423,-37.2735524,-37.2735524,0.0376850137,26.6388936,26.6388936,0.000105293329,0.000105293329,0.000318483078,0.000318483078,0.42811876,2425.571,51.640656,0.00196209563,3.4739545e-05,0.0,5821.318020000001,2422.3154,0.0376850137,-72.784711,0.000114935575
479.0,154.06029,5821.31532,-64.10564,-64.10564,-39.0792277,-39.0792277,-37.2735388,-37.2735388,0.0396261035,44.4732273,44.4732273,0.000184901787,0.000184901787,0.000559244483,0.000559244483,0.428345129,2425.571,51.640656,0.00206315978,6.0001731e-05,0.0,5821.31532,2422.3154,0.0396261035,-83.9223945,0.000139387433
479.5,154.06029,5821.3123,-64.10564,-64.10564,-39.0792083,-39.0792083,-37.2735184,-37.2735184,0.0417381817,63.8699378,63.8699378,0.000279517694,0.000279517694,0.000845393685,0.000845393685,0.428571495,2425.571,51.640656,0.00217312655,5.9060861e-05,0.0,5821.3123,2422.3154,0.0417381817,-96.0411829,0.000167999686
480.0,153.16292,5819.527319999999,-63.9016701,-63.9016701,-38.9431312,-38.9431312,-37.1448483,-37.1448483,0.0438035922,83.2687813,83.2687813,0.000382276288,0.000382276288,0.00115617051,0.00115617051,0.42879782,2425.571,51.640656,0.00228066358,4.732797e-05,0.0,5819.527319999999,2421.57385,0.0438035922,-107.892201,0.000198036013
480.5,130.0633695,5777.38733,-54.4421133,-54.4421133,-32.9416678,-32.9416678,-31.4595497,-31.4595497,0.0444576641,102.6655624,102.6655624,0.000477968083,0.000477968083,0.00144558379,0.00144558379,0.429012658,2425.571,51.640656,0.00231471825,-3.153147e-06,0.0,5777.38733,2404.03942,0.0444576641,-111.6451685,0.000207909917
481.0,97.5465779,5767.41605,-40.5983724,-40.5983724,-24.5199759,-24.5199759,-23.4228648,-23.4228648,0.0444840678,122.063127,122.063127,0.000568621264,0.000568621264,0.00171976732,0.00171976732,0.429188575,2425.571,51.640656,0.00231609303,3.15233e-07,0.0,5767.41605,2399.89037,0.0444840678,-111.7966704,0.000208315725
481.5,65.0297879,5767.19015,-27.0595208,-27.0595208,-16.3422942,-16.3422942,-15.5291702,-15.5291702,0.0445282648,141.460299,141.460299,0.000659635305,0.000659635305,0.00199504899,0.00199504899,0.42932037,2425.571,51.640656,0.0023183941,-5.67601e-07,0.0,5767.19015,2399.79638,0.0445282648,-112.0502611,0.000208995689
482.0,35.9068537,5775.21487,-14.6049713,-14.6049713,-8.83075499,-8.83075499,-8.19845707,-8.19845707,0.0447347313,160.546225,160.546225,0.000752201713,0.000752201713,0.00227503059,0.00227503059,0.429403834,2425.571,51.640656,0.00232914389,1.7023185e-05,0.0,5775.21487,2403.13572,0.0447347313,-113.234936,0.000212197083
482.5,31.171513,5816.655339999999,-12.81067585,-12.81067585,-7.80329316,-7.80329316,-7.18442085,-7.18442085,0.0451536764,167.0599,167.0599,0.000789939748,0.000789939748,0.00238917267,0.00238917267,0.429458131,2425.571,51.640656,0.00235095658,2.12069e-07,0.0,5816.655339999999,2420.37957,0.0451536764,-115.63878,0.000218718379
483.0,31.171513,5821.21249,-12.9671787,-12.9671787,-7.90473944,-7.90473944,-7.2825722,-7.2825722,0.0451628696,167.0599,167.0599,0.000790100549,0.000790100549,0.002389659,0.002389659,0.429512592,2425.571,51.640656,0.00235143519,-1.155349e-06,0.0,5821.21249,2422.27582,0.0451628696,-115.6915259,0.000218862667
483.5,30.2533517,5819.45577,-12.6142468,-12.6142468,-7.68729161,-7.68729161,-7.07192617,-7.07192617,0.0451063477,167.0599,167.0599,0.000789111733,0.000789111733,0.00238666872,0.00238666872,0.429566754,2425.571,51.640656,0.00234849243,-3.10821e-06,0.0,5819.45577,2421.54482,0.0451063477,-115.367216,0.000217976251
484.0,28.5257178,5818.459629999999,-11.8707724,-11.8707724,-7.23295303,-7.23295303,-6.63331363,-6.63331363,0.044995007,167.0599,167.0599,0.000787163893,0.000787163893,0.00238077824,0.00238077824,0.429618357,2425.571,51.640656,0.00234269536,-6.004954e-06,0.0,5818.459629999999,2421.13031,0.044995007,-114.7283585,0.000216234106
484.5,26.798084,5818.432760000001,-11.1508934,-11.1508934,-6.79429358,-6.79429358,-6.2122687,-6.2122687,0.0448851553,167.0599,167.0599,0.000785242105,0.000785242105,0.00237496657,0.00237496657,0.429666938,2425.571,51.640656,0.00233697585,-2.310555e-06,0.0,5818.432760000001,2421.1191,0.0448851553,-114.0980497,0.000214521123
485.0,25.0704503,5818.4326,-10.4320669,-10.4320669,-6.35630876,-6.35630876,-5.78605521,-5.78605521,0.0447753123,167.0599,167.0599,0.000783320463,0.000783320463,0.00236915529,0.00236915529,0.429712521,2425.571,51.640656,0.00233125682,-4.110785e-06,0.0,5818.4326,2421.119,0.0447753123,-113.467784,0.000212814047
485.5,23.3428163,5818.4326,-9.71309395,-9.71309395,-5.91823512,-5.91823512,-5.3200854,-5.3200854,0.0446654224,167.0599,167.0599,0.000781398002,0.000781398002,0.00236334157,0.00236334157,0.429754894,2425.571,51.640656,0.0023255354,-2.395596e-06,0.0,5818.4326,2421.119,0.0446654224,-112.8372545,0.000211112071
486.0,21.6151824,5818.432839999999,-8.99423865,-8.99423865,-5.48023344,-5.48023344,-4.85792852,-4.85792852,0.044555675,167.0599,167.0599,0.000779477997,0.000779477997,0.00235753532,0.00235753532,0.429793895,2425.571,51.640656,0.00231982125,-2.511209e-06,0.0,5818.432839999999,2421.119,0.044555675,-112.2075384,0.000209418071
486.5,19.8875486,6304.9012,9.0492443,8.9477578,6.7589517,6.6794574,7.53224275,7.44867815,0.043368413,167.0599,166.401037,0.000758707488,0.000755822092,0.002294722,0.00228599507,0.429798494,2668.7291,51.640656,0.00225800563,-7.8904985e-05,0.0,6304.9012,2623.5413,0.043368413,-105.3952026,0.000191702056
487.0,18.1599149,9160.34623,47.623826,19.2807128,47.3793259,18.321363,51.3425917,19.7218285,0.0337172659,167.0599,83.8480146,0.000589865762,0.000313847614,0.00178409235,0.000949246773,0.429584737,3887.69045,51.640656,0.00175551214,-0.000392247924,0.0,9160.34623,3811.7074,0.0337172659,-50.0183661,7.4991418e-05
487.5,16.5126751,11496.0995,43.40721326,3.56815401,50.06482106,3.85940866,56.85375626,5.72866556,0.0353632318,167.0599,91.403984,0.000618661071,0.000392455634,0.00187120616,0.001186994822,0.429351336,4717.5693,51.640656,0.00184121052,0.00057395874,0.0,11496.0995,4783.6325,0.0353632318,-59.4626743,0.000103065932
488.0,16.095589,11432.6747,-9.45053762,-9.45053762,-11.334751,-11.334751,-9.58412552,-9.58412552,0.0443662737,167.0599,167.0599,0.000776164529,0.000776164529,0.00234751501,0.00234751501,0.42938048,4729.046,51.640656,0.0023099599,-1.6959175e-05,0.0,11432.6747,4757.246160000001,0.0443662737,-111.1207799,0.000206512981
488.5,16.095589,11351.41345,-6.7627318,-6.7627318,-8.0389882,-8.0389882,-6.28601521,-6.28601521,0.044127678,166.31636,166.31636,0.000768558131,0.000768558131,0.00232451028,0.00232451028,0.429433893,4729.046,51.640656,0.00229753726,-5.85567e-06,0.0,11351.41345,4723.43272,0.044127678,-109.751752,0.000202867841
489.0,16.095589,11349.6822,-6.69872021,-6.69872021,-7.9616695,-7.9616695,-6.21284726,-6.21284726,0.0439074035,164.328056,164.328056,0.000755579662,0.000755579662,0.00228525633,0.00228525633,0.429481104,4729.046,51.640656,0.00228606847,-4.839811e-06,0.0,11349.6822,4722.71209,0.0439074035,-108.4878471,0.000199530601
489.5,16.095589,11349.649399999998,-6.69751467,-6.69751467,-7.96021421,-7.96021421,-6.21147477,-6.21147477,0.0436889993,162.3224,162.3224,0.000742645224,0.000742645224,0.00224613551,0.00224613551,0.429528177,4729.046,51.640656,0.00227469722,-3.453627e-06,0.0,11349.649399999998,4722.69838,0.0436889993,-107.234683,0.00019624476
490.0,16.095589,11349.649,-6.69749222,-6.69749222,-7.96018736,-7.96018736,-6.21144932,-6.21144932,0.0434705935,160.316834,160.316834,0.000729802879,0.000729802879,0.00220729333,0.00220729333,0.429575265,4729.046,51.640656,0.00226332578,-6.793994e-06,0.0,11349.649,4722.698,0.0434705935,-105.9815026,0.000192981811
490.5,16.095589,11349.6492,-6.69749164,-6.69749164,-7.960187,-7.960187,-6.211449,-6.211449,0.0432522134,158.311112,158.311112,0.000717051984,0.000717051984,0.00216872784,0.00216872784,0.429622352,4729.046,51.640656,0.00225195559,-3.115911e-06,0.0,11349.6492,4722.698,0.0432522134,-104.7284703,0.000189742169
491.0,16.095589,11349.65,-6.69749194,-6.69749194,-7.96018771,-7.96018771,-6.21144936,-6.21144936,0.0430397647,156.360627,156.360627,0.000704738012,0.000704738012,0.00213148385,0.00213148385,0.429669441,4729.046,51.640656,0.00224089433,-6.699325e-06,0.0,11349.65,4722.698,0.0430397647,-103.5094726,0.000186612304
491.5,16.095589,11349.65,-6.69749372,-6.69749372,-7.96018965,-7.96018965,-6.2114514,-6.2114514,0.0429763227,155.77882,155.77882,0.00070107793,0.00070107793,0.00212041378,0.00212041378,0.429716524,4729.046,51.640656,0.00223759119,1.515608e-06,0.0,11349.65,4722.698,0.0429763227,-103.1454504,0.000185681204
492.0,16.095589,11349.65,-6.6974936,-6.6974936,-7.9601893,-7.9601893,-6.211451,-6.211451,0.0429762647,155.77882,155.77882,0.000701076999,0.000701076999,0.00212041098,0.00212041098,0.429763584,4729.046,51.640656,0.00223758815,-1.990435e-06,0.0,11349.65,4722.698,0.0429762647,-103.1451186,0.000185680353
492.5,16.095589,11349.65,-6.6974936,-6.6974936,-7.9601893,-7.9601893,-6.211451,-6.211451,0.0429762515,155.77882,155.77882,0.000701076757,0.000701076757,0.00212041024,0.00212041024,0.429810672,4729.046,51.640656,0.00223758748,1.805185e-06,0.0,11349.65,4722.698,0.0429762515,-103.1450415,0.000185680152
493.0,16.095589,11349.65,-6.6974936,-6.6974936,-7.9601893,-7.9601893,-6.211451,-6.211451,0.0429762526,155.77882,155.77882,0.000701076793,0.000701076793,0.0021204103,0.0021204103,0.429857761,4729.046,51.640656,0.00223758755,2.45106e-06,0.0,11349.65,4722.698,0.0429762526,-103.1450495,0.000185680175
493.5,16.095589,11349.65,-6.6974936,-6.6974936,-7.9601893,-7.9601893,-6.211451,-6.211451,0.0429762539,155.77882,155.77882,0.000701076809,0.000701076809,0.00212041038,0.00212041038,0.429904839,4729.046,51.640656,0.00223758763,-1.049267e-06,0.0,11349.65,4722.698,0.0429762539,-103.145056,0.000185680198
494.0,16.095589,11349.65,-6.6974936,-6.6974936,-7.9601893,-7.9601893,-6.211451,-6.211451,0.0429762747,155.77882,155.77882,0.000701077153,0.000701077153,0.00212041144,0.00212041144,0.429951908,4729.046,51.640656,0.00223758869,1.198292e-06,0.0,11349.65,4722.698,0.0429762747,-103.1451756,0.000185680501
494.5,16.095589,11349.65,-6.6974936,-6.6974936,-7.9601893,-7.9601893,-6.211451,-6.211451,0.0429762666,155.77882,155.77882,0.00070107701,0.00070107701,0.00212041101,0.00212041101,0.429998992,4729.046,51.640656,0.00223758826,9.38268e-07,0.0,11349.65,4722.698,0.0429762666,-103.1451275,0.000185680376
495.0,16.095589,11349.65,-6.6974936,-6.6974936,-7.9601893,-7.9601893,-6.211451,-6.211451,0.0429762858,155.77882,155.77882,0.000701077312,0.000701077312,0.002120412,0.002120412,0.430046072,4729.046,51.640656,0.00223758925,-1.519895e-06,0.0,11349.65,4722.698,0.0429762858,-103.145239,0.000185680659
495.5,16.095589,11349.65,-6.6974936,-6.6974936,-7.9601893,-7.9601893,-6.211451,-6.211451,0.042976253,155.77882,155.77882,0.000701076819,0.000701076819,0.00212041038,0.00212041038,0.43009314,4729.046,51.640656,0.0022375876,-5.5178e-08,0.0,11349.65,4722.698,0.042976253,-103.1450569,0.000185680195
496.0,15.3521317,11347.9757,-6.49146375,-6.49146375,-7.71430525,-7.71430525,-5.98490648,-5.98490648,0.0429350807,155.776879,155.776879,0.00070039644,0.00070039644,0.00211835288,0.00211835288,0.430140075,4729.046,51.640656,0.00223544389,-5.574897e-06,0.0,11347.9757,4722.00136,0.0429350807,-102.9088064,0.000185078703
496.5,5.076308777,11330.6838,-2.208088669,-2.208088669,-2.620443223,-2.620443223,-1.838087526,-1.838087526,0.0422280729,155.281441,155.281441,0.000686679267,0.000686679267,0.00207686935,0.00207686935,0.430172668,4729.046,51.640656,0.00219863309,-2.6881756e-05,0.0,11330.6838,4714.80573,0.0422280729,-98.8521055,0.000174871861
497.0,-7.00549409,11330.2884,3.03874285,3.03874285,3.60578034,3.60578034,5.06977484,5.06977484,0.041352082,154.412352,154.412352,0.00066866913,0.00066866913,0.00202240219,0.00202240219,0.430159384,4729.046,51.640656,0.00215302403,-1.9800063e-05,0.0,11330.2884,4714.640880000001,0.041352082,-93.8258006,0.000162529974
497.5,-9.360034,11347.3348,3.97326827,3.97326827,4.72137849,4.72137849,6.62095046,6.62095046,0.041109899,153.543334,153.543334,0.000661007509,0.000661007509,0.00199923027,0.00199923027,0.430102384,4729.046,51.640656,0.00214041461,-1.648891e-06,0.0,11347.3348,4721.733770000001,0.041109899,-92.4361894,0.000159175932
498.0,-9.360034,11349.6047,3.89656278,3.89656278,4.63117333,4.63117333,6.51199209,6.51199209,0.0410199489,152.675946,152.675946,0.000655835341,0.000655835341,0.00198358673,0.00198358673,0.430044323,4729.046,51.640656,0.00213573128,-3.522403e-06,0.0,11349.6047,4722.67822,0.0410199489,-91.9200705,0.000157940877
498.5,-9.6195571,11349.0444,3.9742309,3.9742309,4.72323806,4.72323806,6.62277117,6.62277117,0.040964394,152.30058,152.30058,0.000653336185,0.000653336185,0.00197602818,0.00197602818,0.429986407,4729.046,51.640656,0.00213283879,-2.354368e-06,0.0,11349.0444,4722.44514,0.040964394,-91.601306,0.000157179945
499.0,-12.025218,11345.325,4.98804721,4.98804721,5.92618184,5.92618184,8.02302137,8.02302137,0.0408107275,152.30058,152.30058,0.000650885392,0.000650885392,0.00196861656,0.00196861656,0.42992147,4729.046,51.640656,0.00212483808,-8.033714e-06,0.0,11345.325,4720.89728,0.0408107275,-90.7195915,0.000155083631
499.5,-14.9057555,11344.8686,6.20208353,6.20208353,7.36827256,7.36827256,9.58830815,9.58830815,0.0406267106,152.30058,152.30058,0.000647950513,0.000647950513,0.00195974105,0.00195974105,0.429839986,4729.046,51.640656,0.00211525703,-6.335689e-06,0.0,11344.8686,4720.70736,0.0406267106,-89.663727,0.000152587497
500.0,-17.7862928,11344.8591,7.40097443,7.40097443,8.79258645,8.79258645,11.0184969,11.0184969,0.0404436009,152.30058,152.30058,0.000645030104,0.000645030104,0.00195090938,0.00195090938,0.429742019,4729.046,51.640656,0.00210572329,-5.182088e-06,0.0,11344.8591,4720.70336,0.0404436009,-88.61307,0.000150119848
500.5,-20.6668302,11344.859,8.5996676,8.5996676,10.21667055,10.21667055,12.34611665,12.34611665,0.0402604683,152.30058,152.30058,0.000642109363,0.000642109363,0.00194207655,0.00194207655,0.429627725,4729.046,51.640656,0.00209618842,-5.110472e-06,0.0,11344.859,4720.703060000001,0.0402604683,-87.562282,0.000147668026
501.0,-23.5473676,11344.8592,9.7983039,9.7983039,11.64068845,11.64068845,13.5819645,13.5819645,0.040077338,152.30058,152.30058,0.000639188625,0.000639188625,0.00193324383,0.00193324383,0.429497094,4729.046,51.640656,0.0020866536,-3.911794e-06,0.0,11344.8592,4720.70318,0.040077338,-86.5115055,0.000145232341
501.5,-26.4279054,11344.8599,10.99683645,10.99683645,13.0645819,13.0645819,14.9070777,14.9070777,0.0398941372,152.30058,152.30058,0.000636266789,0.000636266789,0.00192440776,0.00192440776,0.429349142,4729.046,51.640656,0.00207711511,-5.073617e-06,0.0,11344.8599,4720.70336,0.0398941372,-85.4603306,0.000142811862
502.0,-28.4175096,11346.84615,11.86554155,11.86554155,14.0991052,14.0991052,15.9890765,15.9890765,0.038121508,137.175419,137.175419,0.000548560848,0.000548560848,0.00165913904,0.00165913904,0.429180739,4729.046,51.640656,0.00198482197,-0.000101648348,0.0,11346.84615,4721.52867,0.038121508,-75.289248,0.000120462182
502.5,-28.48283,11349.543,11.85622885,11.85622885,14.0913815,14.0913815,15.9814365,15.9814365,0.0346773889,105.5640805,105.5640805,0.000384285869,0.000384285869,0.001162287835,0.001162287835,0.429005048,4729.046,51.640656,0.00180550162,-9.5183122e-05,0.0,11349.543,4722.64897,0.0346773889,-55.527411,8.0891845e-05
503.0,-28.48283,11349.6645,11.8520284,11.8520284,14.08653935,14.08653935,15.9764228,15.9764228,0.0312353806,73.9515123,73.9515123,0.000242832607,0.000242832607,0.000734464857,0.000734464857,0.428829789,4729.046,51.640656,0.00162629114,-9.7860769e-05,0.0,11349.6645,4722.69735,0.0312353806,-35.7776791,4.704587e-05
503.5,-28.2430456,11349.8777,11.831459,11.831459,14.0623528,14.0623528,15.9512944,15.9512944,0.0278036723,42.3388041,42.3388041,0.000124198118,0.000124198118,0.000375657353,0.000375657353,0.42865454,4729.046,51.640656,0.00144761691,-8.9459244e-05,0.0,11349.8777,4722.78386,0.0278036723,-16.0870508,1.8963071e-05
504.0,3.41799855,11412.348,-0.68413804,-0.68413804,-0.833399492,-0.833399492,0.69586555,0.69586555,0.0263330871,10.727829363,10.727829363,2.9563438e-05,2.9563438e-05,9.2275254e-05,9.2275254e-05,0.428538846,4729.046,51.640656,0.00137104991,1.550793e-06,0.0,11412.348,4748.77758,0.0263330871,-7.64905468,8.437307e-06
504.5,57.0597879,11438.2948,-23.7168721,-23.7168721,-28.408846,-28.408846,-26.5014027,-26.5014027,0.0263432356,-20.8824225,-20.8824225,-5.760001e-05,-5.760001e-05,-1.9042614e-05,-1.9042614e-05,0.428625814,4729.046,51.640656,0.00137157833,1.222773e-06,0.0,11438.2948,4759.5744,0.0263432356,-7.7072855,8.504718e-06
505.0,108.2981495,11433.8199,-45.4470627,-45.4470627,-54.4123809,-54.4123809,-51.8874221,-51.8874221,0.0261836625,-52.4934742,-52.4934742,-0.000143754464,-0.000143754464,-4.7527616e-05,-4.7527616e-05,0.428860725,4729.046,51.640656,0.00136327004,-2.4818015e-05,0.0,11433.8199,4757.71218,0.0261836625,-6.7916778,7.464152e-06
505.5,121.464775,11363.3447,-50.9857937,-50.9857937,-60.6719149,-60.6719149,-57.9616009,-57.9616009,-0.0159897576,-84.105324,-84.105324,0.000155228753,0.000155228753,0.000560900644,0.000560900644,0.429175246,4729.046,51.640656,-0.000832517523,-0.002213486917,0.0,11363.3447,4728.36232,-0.0159897576,7.63663215,8.920727e-06
506.0,121.464775,10736.9582,-64.6374683,-64.6374683,-72.468899,-72.468899,-69.49936,-69.49936,-0.0289467947,-114.8738445,-114.8738445,0.000348616738,0.000348616738,0.001054427734,0.001054427734,0.429513422,4451.82057,51.640656,-0.00150713439,-0.000140913503,0.0,10736.9582,4467.71075,-0.0289467947,22.64611795,2.7762094e-05
506.5,121.464775,9957.7111,-49.1782119,-49.1782119,-51.2855356,-51.2855356,-48.9738702,-48.9738702,-0.0308637347,-124.1247,-124.1247,0.000401176348,0.000401176348,0.00121339436,0.00121339436,0.429834075,4169.824,51.640656,-0.00160694115,3.727977e-06,0.0,9957.7111,4143.4591,-0.0308637347,33.6452323,4.3497844e-05
507.0,121.464775,10006.3665,-50.4963219,-50.4963219,-52.9132985,-52.9132985,-50.5419536,-50.5419536,-0.0307865765,-124.1247,-124.1247,0.000400173428,0.000400173428,0.00121036125,0.00121036125,0.430119361,4169.824,51.640656,-0.00160292386,-1.293208e-06,0.0,10006.3665,4163.70504,-0.0307865765,33.2025109,4.2817465e-05
507.5,121.464775,10007.5977,-50.5415091,-50.5415091,-52.9671576,-52.9671576,-50.594098,-50.594098,-0.0307839358,-124.1247,-124.1247,0.000400139108,0.000400139108,0.00121025743,0.00121025743,0.430406913,4169.824,51.640656,-0.00160278635,-2.68475e-07,0.0,10007.5977,4164.2174,-0.0307839358,33.1873597,4.2794252e-05
508.0,120.3489164,10005.2614,-50.1168501,-50.1168501,-52.5099031,-52.5099031,-50.1508452,-50.1508452,-0.0308523316,-124.1247,-124.1247,0.000401028138,0.000401028138,0.00121294615,0.00121294615,0.430693976,4169.824,51.640656,-0.00160634742,-5.656725e-06,0.0,10005.2614,4163.24522,-0.0308523316,33.5798042,4.3397059e-05
508.5,117.7125715,10003.285249999995,-48.9834419,-48.9834419,-51.312195,-51.312195,-48.9899482,-48.9899482,-0.0310220843,-124.1247,-124.1247,0.000403234624,0.000403234624,0.00121961915,0.00121961915,0.430977073,4169.824,51.640656,-0.00161518573,-6.067374e-06,0.0,10003.285249999995,4162.42274,-0.0310220843,34.553817,4.4901521e-05
509.0,115.0679835,10003.2219,-47.8806112,-47.8806112,-50.1566126,-50.1566126,-47.8704992,-47.8704992,-0.0311903229,-124.1247,-124.1247,0.000405421441,0.000405421441,0.00122623267,0.00122623267,0.431255105,4169.824,51.640656,-0.00162394515,-5.433928e-06,0.0,10003.2219,4162.3963,-0.0311903229,35.5191441,4.6406223e-05
509.5,112.4233951,10003.221,-46.7801735,-46.7801735,-49.0038611,-49.0038611,-46.7545303,-46.7545303,-0.0313584757,-124.1247,-124.1247,0.000407607151,0.000407607151,0.00123284287,0.00123284287,0.431528158,4169.824,51.640656,-0.00163270017,-7.748885e-06,0.0,10003.221,4162.39555,-0.0313584757,36.4839835,4.792376e-05
510.0,109.7788075,9675.6467,-55.911042,-55.911042,-56.4296179,-56.4296179,-53.9997178,-53.9997178,-0.0309288519,-124.1247,-124.1247,0.000402022763,0.000402022763,0.00121595414,0.00121595414,0.431807824,4011.08841,51.640656,-0.00161033154,2.7681413e-05,0.0,9675.6467,4026.08987,-0.0309288519,34.0188648,4.4113571e-05
510.5,107.1342184,8048.30273,-60.4651273,-60.4651273,-50.9911145,-50.9911145,-48.9486499,-48.9486499,-0.0311578633,-127.7422026,-127.7422026,0.000416881786,0.000416881786,0.00126089681,0.00126089681,0.4321091,3351.50389,51.640656,-0.00162225517,-2.9357981e-05,0.0,8048.30273,3348.94004,-0.0311578633,35.3329003,4.6138964e-05
511.0,105.1623575,6370.69968,-59.3019764,-59.3019764,-39.5666708,-39.5666708,-37.8779309,-37.8779309,-0.0322003618,-135.979694,-135.979694,0.000458592088,0.000458592088,0.00138705162,0.00138705162,0.432363496,2655.55672,51.640656,-0.00167653353,-2.9118656e-05,0.0,6370.69968,2650.87632,-0.0322003618,41.3145989,5.5742737e-05
511.5,105.05398,4958.71615,-50.1866001,-50.1866001,-26.2168156,-26.2168156,-24.9309888,-24.9309888,-0.0336356518,-144.229232,-144.229232,0.000508191817,0.000508191817,0.00153706688,0.00153706688,0.43256237,2087.39933,51.640656,-0.00175126287,-5.2692174e-05,0.0,4958.71615,2063.33872,-0.0336356518,49.5500779,6.9933622e-05
512.0,105.05398,4868.51107,-43.315503,-43.315503,-22.0839461,-22.0839461,-21.0068393,-21.0068393,-0.0349368697,-152.47703,-152.47703,0.000557908535,0.000557908535,0.00168743692,0.00168743692,0.432706195,2033.403,51.640656,-0.00181901169,-2.2600725e-05,0.0,4868.51107,2025.80303,-0.0349368697,57.0162754,8.3453073e-05
512.5,105.05398,4879.97492,-43.7047746,-43.7047746,-22.3344409,-22.3344409,-21.2466423,-21.2466423,-0.0358122692,-160.726179,-160.726179,0.000602827574,0.000602827574,0.0018232982,0.0018232982,0.432848069,2033.403,51.640656,-0.00186458993,-2.9085322e-05,0.0,4879.97492,2030.57266,-0.0358122692,62.0391861,9.3080971e-05
513.0,105.05398,4880.21384,-43.7135614,-43.7135614,-22.340025,-22.340025,-21.251987,-21.251987,-0.0367097924,-168.974822,-168.974822,0.000649643838,0.000649643838,0.00196489813,0.00196489813,0.432990306,2033.403,51.640656,-0.00191132003,-2.6194647e-05,0.0,4880.21384,2030.67156,-0.0367097924,67.189031,0.00010333231
513.5,105.05398,4880.21937,-43.713727,-43.713727,-22.340136,-22.340136,-21.2520924,-21.2520924,-0.0376079737,-177.223444,-177.223444,0.000698022691,0.000698022691,0.00211122484,0.00211122484,0.433132546,2033.403,51.640656,-0.00195808451,-2.4946628e-05,0.0,4880.21937,2030.67344,-0.0376079737,72.3426675,0.000113978782
514.0,105.05398,4880.22068,-43.71373,-43.71373,-22.3401432,-22.3401432,-21.2521002,-21.2521002,-0.0385062574,-185.472182,-185.472182,0.000747955689,0.000747955689,0.00226225268,0.00226225268,0.433274785,2033.403,51.640656,-0.00200485422,-2.3921399e-05,0.0,4880.22068,2030.6735,-0.0385062574,77.496881,0.000125014307
514.5,105.05398,4880.22212,-43.7137304,-43.7137304,-22.3401491,-22.3401491,-21.2521062,-21.2521062,-0.0393981945,-193.663082,-193.663082,0.000799068721,0.000799068721,0.00241685009,0.00241685009,0.433417013,2033.403,51.640656,-0.00205129355,-2.3811402e-05,0.0,4880.22212,2030.6735,-0.0393981945,82.6146858,0.000136354535
515.0,105.05398,4880.2227,-43.713737,-43.713737,-22.3401552,-22.3401552,-21.252111,-21.252111,-0.0397467874,-196.8584,-196.8584,0.000819378567,0.000819378567,0.00247827979,0.00247827979,0.433559248,2033.403,51.640656,-0.00206944328,1.402435e-06,0.0,4880.2227,2030.6735,-0.0397467874,84.614862,0.00014087609
515.5,105.05398,4880.2227,-43.713737,-43.713737,-22.340155,-22.340155,-21.252111,-21.252111,-0.039746843,-196.8584,-196.8584,0.00081937968,0.00081937968,0.00247828318,0.00247828318,0.433701473,2033.403,51.640656,-0.00206944612,2.387206e-06,0.0,4880.2227,2030.6735,-0.039746843,84.6151758,0.000140876807
516.0,105.05398,4880.2227,-43.713737,-43.713737,-22.340155,-22.340155,-21.252111,-21.252111,-0.0397468289,-196.8584,-196.8584,0.000819379427,0.000819379427,0.00247828236,0.00247828236,0.433843696,2033.403,51.640656,-0.00206944543,-2.11567e-06,0.0,4880.2227,2030.6735,-0.0397468289,84.6150999,0.000140876632
516.5,105.05398,4880.2227,-43.713737,-43.713737,-22.340155,-22.340155,-21.252111,-21.252111,-0.0397468568,-196.8584,-196.8584,0.00081938,0.00081938,0.0024782842,0.0024782842,0.433985912,2033.403,51.640656,-0.00206944692,1.594294e-06,0.0,4880.2227,2030.6735,-0.0397468568,84.6152622,0.000140877004
517.0,105.05398,4880.22216,-43.7137493,-43.7137493,-22.3401593,-22.3401593,-21.2521153,-21.2521153,-0.039327788,-192.993715,-192.993715,0.000795132469,0.000795132469,0.00240494452,0.00240494452,0.434128126,2033.403,51.640656,-0.00204762783,5.355575e-05,0.0,4880.22216,2030.67353,-0.039327788,82.2107042,0.000135507262
517.5,105.05398,4880.21754,-43.7137682,-43.7137682,-22.3401478,-22.3401478,-21.2521038,-21.2521038,-0.0360643678,-163.00555,-163.00555,0.000616756608,0.000616756608,0.00186542805,0.00186542805,0.434270339,2033.403,51.640656,-0.00187771557,0.000110380867,0.0,4880.21754,2030.6735,-0.0360643678,63.4856832,9.6190571e-05
518.0,105.05398,4880.2122,-43.713768,-43.713768,-22.3401226,-22.3401226,-21.2520795,-21.2520795,-0.0322717162,-128.1735434,-128.1735434,0.000434302011,0.000434302011,0.00131358122,0.00131358122,0.434412553,2033.403,51.640656,-0.00168024862,0.000111575111,0.0,4880.2122,2030.6735,-0.0322717162,41.7240179,5.6687512e-05
518.5,103.519394,4876.57337,-43.2275735,-43.2275735,-22.0755989,-22.0755989,-20.999864,-20.999864,-0.0285672436,-93.3430875,-93.3430875,0.000280268334,0.000280268334,0.000847699506,0.000847699506,0.434554582,2033.403,51.640656,-0.00148737279,9.5871371e-05,0.0,4876.57337,2029.16155,-0.0285672436,20.4683109,2.472501e-05
519.0,90.816392,4857.55221,-37.8644894,-37.8644894,-19.2613487,-19.2613487,-18.3154591,-18.3154591,-0.01739663873,-58.5222016,-58.5222016,0.00011962987,0.00011962987,0.000399096212,0.000399096212,0.434688568,2033.403,51.640656,-0.000905767738,0.001615626175,0.0,4857.55221,2021.25317,-0.01739663873,3.67964179,4.89527e-06
519.5,75.92517,4855.39185,-31.59476,-31.59476,-16.0645363,-16.0645363,-15.2514086,-15.2514086,0.027236933,-23.6808171,-23.6808171,-6.6687232e-05,-6.6687232e-05,-2.2047028e-05,-2.2047028e-05,0.434804489,2033.403,51.640656,0.00141810927,8.2498802e-05,0.0,4855.39185,2020.38031,0.027236933,-12.83518664,1.4804195e-05
520.0,61.0339489,4855.34067,-25.3967399,-25.3967399,-12.9129746,-12.9129746,-12.2120932,-12.2120932,0.0300826522,11.15102496,11.15102496,3.5984916e-05,3.5984916e-05,0.00011337753,0.00011337753,0.434901679,2033.403,51.640656,0.00156627356,8.4474358e-05,0.0,4855.34067,2020.36066,0.0300826522,-29.1634984,3.6909499e-05
520.5,52.0936207,4868.04041,-21.4578825,-21.4578825,-10.938782,-10.938782,-10.2947741,-10.2947741,0.0332933993,45.9823035,45.9823035,0.00016145103,0.00016145103,0.000488324763,0.000488324763,0.434981328,2033.403,51.640656,0.00173344325,0.000105025097,0.0,4868.04041,2025.64702,0.0332933993,-47.5862818,6.6645475e-05
521.0,52.01027,4879.71114,-21.6271854,-21.6271854,-11.05153885,-11.05153885,-10.404096,-10.404096,0.0370925788,80.8137419,80.8137419,0.000315049105,0.000315049105,0.000952868676,0.000952868676,0.435056737,2033.403,51.640656,0.00193125012,0.000106223155,0.0,4879.71114,2030.50548,0.0370925788,-69.3854085,0.00010809189
521.5,52.01027,4880.10254,-21.6415863,-21.6415863,-11.0597843,-11.0597843,-10.4121063,-10.4121063,0.0404234979,111.3803906,111.3803906,0.000471853097,0.000471853097,0.00142711168,0.00142711168,0.435132545,2033.403,51.640656,0.00210467659,5.5608379e-05,0.0,4880.10254,2030.67032,0.0404234979,-88.4977186,0.000149940536
522.0,52.01027,4880.1096,-21.6418496,-21.6418496,-11.05993475,-11.05993475,-10.41225215,-10.41225215,0.0409091918,115.824875,115.824875,0.000496193825,0.000496193825,0.00150072874,0.00150072874,0.435208357,2033.403,51.640656,0.00212996462,-3.976655e-06,0.0,4880.1096,2030.6735,0.0409091918,-91.2845617,0.000156425246
522.5,52.01027,4880.11,-21.641856,-21.641856,-11.059938,-11.059938,-10.4122559,-10.4122559,0.0409092251,115.824875,115.824875,0.000496194229,0.000496194229,0.00150072997,0.00150072997,0.435284166,2033.403,51.640656,0.00212996644,-6.44716e-07,0.0,4880.11,2030.6736,0.0409092251,-91.2847568,0.000156425708
523.0,52.01027,4880.11,-21.641857,-21.641857,-11.059938,-11.059938,-10.412256,-10.412256,0.0409092457,115.824875,115.824875,0.000496194472,0.000496194472,0.0015007307,0.0015007307,0.43535998,2033.403,51.640656,0.00212996747,4.211195e-06,0.0,4880.11,2030.6736,0.0409092457,-91.2848703,0.000156425978
523.5,52.01027,4880.11,-21.641857,-21.641857,-11.059938,-11.059938,-10.412256,-10.412256,0.0409092462,115.824875,115.824875,0.000496194478,0.000496194478,0.00150073074,0.00150073074,0.435435797,2033.403,51.640656,0.00212996749,-8.3438e-08,0.0,4880.11,2030.6736,0.0409092462,-91.2848771,0.000156425995
524.0,52.01027,4880.11,-21.641857,-21.641857,-11.059938,-11.059938,-10.412256,-10.412256,0.040909199,115.824875,115.824875,0.000496193894,0.000496193894,0.00150072899,0.00150072899,0.4355116,2033.403,51.640656,0.00212996493,-6.58876e-07,0.0,4880.11,2030.6736,0.040909199,-91.2846031,0.000156425342
524.5,52.7681823,4881.666139999999,-21.9338385,-21.9338385,-11.2127456,-11.2127456,-10.5609444,-10.5609444,0.0409558386,115.824875,115.824875,0.000496759603,0.000496759603,0.0015024397,0.0015024397,0.435587709,2033.403,51.640656,0.00213239335,2.984642e-06,0.0,4881.666139999999,2031.3212,0.0409558386,-91.552218,0.000157062992
525.0,54.3292473,4882.67813,-22.6057423,-22.6057423,-11.5586073,-11.5586073,-10.89796,-10.89796,0.0410565108,115.824875,115.824875,0.000497980678,0.000497980678,0.00150613232,0.00150613232,0.435665619,2033.403,51.640656,0.00213763492,3.182867e-06,0.0,4882.67813,2031.74241,0.0410565108,-92.1298596,0.000158442468
525.5,55.8903122,4882.707100000001,-23.256366,-23.256366,-11.8913494,-11.8913494,-11.2228563,-11.2228563,0.0411557856,115.824875,115.824875,0.000499184795,0.000499184795,0.00150977365,0.00150977365,0.435745687,2033.403,51.640656,0.00214280375,1.887574e-06,0.0,4882.707100000001,2031.75444,0.0411557856,-92.6994834,0.000159807576
526.0,57.4513774,4882.7105,-23.9058979,-23.9058979,-12.22347405,-12.22347405,-11.5477741,-11.5477741,0.0390239154,116.3131706,116.3131706,0.000475242274,0.000475242274,0.00143737038,0.00143737038,0.43582788,2033.403,60.8654085,0.0020318065,-0.000114488469,0.0,4882.7105,2031.75464,0.0390239154,-93.6016085,0.000152973706
526.5,59.0124423,4882.71278,-24.5555478,-24.5555478,-12.5556568,-12.5556568,-11.87134115,-11.87134115,0.0375868816,119.3155855,119.3155855,0.000469646882,0.000469646882,0.00142045568,0.00142045568,0.43591218,2033.403,68.66234,0.00195698636,1.0439707e-05,0.0,4882.71278,2031.75484,0.0375868816,-96.0271897,0.00015119184
527.0,60.5735077,4882.7122,-25.2051015,-25.2051015,-12.887782,-12.887782,-12.1906699,-12.1906699,0.0379360115,122.6676311,122.6676311,0.000487325648,0.000487325648,0.00147392524,0.00147392524,0.435998546,2033.403,68.66234,0.00197516397,9.586094e-06,0.0,4882.7122,2031.75472,0.0379360115,-98.6907501,0.000156828727
527.5,62.1345726,4882.71186,-25.8546896,-25.8546896,-13.2199263,-13.2199263,-12.5101097,-12.5101097,0.0382852242,126.019749,126.019749,0.000505250935,0.000505250935,0.00152814039,0.00152814039,0.436086968,2033.403,68.66234,0.001993346,1.062413e-05,0.0,4882.71186,2031.75475,0.0382852242,-101.3549444,0.000162544896
528.0,63.6956389,4882.711160000001,-26.5042367,-26.5042367,-13.5520483,-13.5520483,-12.8297928,-12.8297928,0.0386344093,129.371828,129.371828,0.000523420827,0.000523420827,0.00158309543,0.00158309543,0.43617744,2033.403,68.66234,0.0020115266,1.0374355e-05,0.0,4882.711160000001,2031.75468,0.0386344093,-104.0189346,0.000168338555
528.5,65.253361,4882.709260000001,-27.1535969,-27.1535969,-13.88407175,-13.88407175,-13.1496447,-13.1496447,0.0388728426,131.371117,131.371117,0.000534779668,0.000534779668,0.00161745016,0.00161745016,0.436269942,2033.403,68.66234,0.00202394077,3.104032e-06,0.0,4882.709260000001,2031.75405,0.0388728426,-105.8379735,0.000172336346
529.0,65.92576,4938.28733,-19.9027307,-19.9027307,-10.05462617,-10.05462617,-9.360777113,-9.360777113,0.038576742,131.38841,131.38841,0.000530775956,0.000530775956,0.00160534236,0.00160534236,0.436362036,2083.99064,68.66234,0.00200852409,-7.1986332e-05,0.0,4938.28733,2054.88035,0.038576742,-103.5789786,0.000167533511
529.5,65.92576,7338.067239999999,-6.58381201,-10.06349381,-6.57961019,-9.06671089,-5.49948069,-8.11031679,0.0372350814,131.38841,120.348179,0.000512316097,0.000474537263,0.00154951367,0.001435249433,0.436339251,3041.89854,68.66234,0.0019386696,0.000101618417,0.0,7338.067239999999,3053.44571,0.0372350814,-93.3432504,0.000147799832
530.0,65.92576,7479.787450000001,-28.2251643,-28.2251643,-22.110002,-22.110002,-21.1154718,-21.1154718,0.0389414754,131.38841,131.38841,0.000535794282,0.000535794282,0.00162051857,0.00162051857,0.436464345,3107.1006,68.66234,0.00202751411,-4.191933e-06,0.0,7479.787450000001,3112.41744,0.0389414754,-106.3615804,0.000173494882
530.5,65.92576,7457.44761,-27.4492314,-27.4492314,-21.4362609,-21.4362609,-20.4598576,-20.4598576,0.0389072125,131.38841,131.38841,0.000535322877,0.000535322877,0.00161909293,0.00161909293,0.436602894,3107.1006,68.66234,0.00202573021,-5.77419e-07,0.0,7457.44761,3103.12167,0.0389072125,-106.1001854,0.000172915873
531.0,65.92576,7456.99573,-27.4325131,-27.4325131,-21.4219063,-21.4219063,-20.4459029,-20.4459029,0.0389064883,131.38841,131.38841,0.00053531292,0.00053531292,0.00161906281,0.00161906281,0.436740459,3107.1006,68.66234,0.00202569255,-2.99e-08,0.0,7456.99573,3102.93375,0.0389064883,-106.0946641,0.000172903657
531.5,65.92576,7456.98744,-27.4321995,-27.4321995,-21.4216371,-21.4216371,-20.4456408,-20.4456408,0.0389064194,131.38841,131.38841,0.000535311971,0.000535311971,0.00161905994,0.00161905994,0.436877989,3107.1006,68.66234,0.00202568899,5.7608e-08,0.0,7456.98744,3102.93022,0.0389064194,-106.0941391,0.000172902499
532.0,63.3815899,7451.471970000001,-26.4716449,-26.4716449,-20.6565757,-20.6565757,-19.700756,-19.700756,0.0357512997,94.2267403,94.2267403,0.000359544731,0.000359544731,0.00108745338,0.00108745338,0.437014392,3107.1006,68.66234,0.00186141553,-0.000223318927,0.0,7451.471970000001,3100.6334,0.0357512997,-82.0232602,0.000124593826
532.5,56.5225615,7445.70447,-23.5268792,-23.5268792,-18.3442141,-18.3442141,-17.4398687,-17.4398687,0.0180549812,-5.337028314,-5.337028314,3.6473496e-05,3.6473496e-05,0.000154990016,0.000154990016,0.43714105,3107.1006,68.66234,0.00094004479,-0.003107202651,0.0,7445.70447,3098.22316,0.0180549812,-17.845822196,2.4755033e-05
533.0,49.6000977,7445.5712,-20.6390639,-20.6390639,-16.0922454,-16.0922454,-15.2237902,-15.2237902,-0.0309376963,-101.5989726,-101.5989726,0.000334170152,0.000334170152,0.001010724118,0.001010724118,0.437254252,3107.1006,68.66234,-0.00161079199,-0.000177581181,0.0,7445.5712,3098.13912,-0.0309376963,45.2995649,6.0018175e-05
533.5,42.6776335,7445.56614,-17.7582989,-17.7582989,-13.8461073,-13.8461073,-13.0269056,-13.0269056,-0.0333445973,-126.89359,-126.89359,0.000443091871,0.000443091871,0.00134016157,0.00134016157,0.437353881,3107.1006,68.66234,-0.00173610891,-1.0355211e-05,0.0,7445.56614,3098.13552,-0.0333445973,63.6621665,8.8922077e-05
534.0,35.7551684,7445.567,-14.87794885,-14.87794885,-11.6003061,-11.6003061,-10.793144,-10.793144,-0.0336755961,-126.89359,-126.89359,0.000447490277,0.000447490277,0.00135346336,0.00135346336,0.437439431,3107.1006,68.66234,-0.00175334261,-8.600111e-06,0.0,7445.567,3098.13568,-0.0336755961,66.1874081,9.3366856e-05
534.5,28.8327036,7445.567260000001,-11.99738835,-11.99738835,-9.3543393,-9.3543393,-8.5926771,-8.5926771,-0.0340066966,-126.89359,-126.89359,0.000451890039,0.000451890039,0.0013667692,0.0013667692,0.437510376,3107.1006,68.66234,-0.00177058159,-9.72173e-06,0.0,7445.567260000001,3098.13558,-0.0340066966,68.7134266,9.7883049e-05
535.0,21.9102393,7445.568060000001,-9.11694555,-9.11694555,-7.10846464,-7.10846464,-6.31950318,-6.31950318,-0.0343376526,-126.89359,-126.89359,0.000456287869,0.000456287869,0.0013800692,0.0013800692,0.43756619,3107.1006,68.66234,-0.00178781305,-9.676512e-06,0.0,7445.568060000001,3098.13568,-0.0343376526,71.2383386,0.00010246729
535.5,14.9877751,7445.56829,-6.23640358,-6.23640358,-4.8625118,-4.8625118,-4.07013099,-4.07013099,-0.0346687105,-126.89359,-126.89359,0.000460687058,0.000460687058,0.00139337327,0.00139337327,0.437605709,3107.1006,68.66234,-0.00180504979,-9.617028e-06,0.0,7445.56829,3098.13565,-0.0346687105,73.7640296,0.000107122978
536.0,11.815435,7453.094719999999,-4.81444969,-4.81444969,-3.75763206,-3.75763206,-3.0397147,-3.0397147,-0.0348251927,-126.89359,-126.89359,0.00046276642,0.00046276642,0.00139966172,0.00139966172,0.437631902,3107.1006,68.66234,-0.00181319711,1.027245e-06,0.0,7453.094719999999,3101.26742,-0.0348251927,74.9578513,0.000109345085
536.5,11.815435,7456.985180000001,-4.91263354,-4.91263354,-3.83624438,-3.83624438,-3.10984908,-3.10984908,-0.0348208436,-126.89359,-126.89359,0.000462708647,0.000462708647,0.00139948696,0.00139948696,0.437656018,3107.1006,68.66234,-0.00181297072,3.00575e-07,0.0,7456.985180000001,3102.88631,-0.0348208436,74.9246754,0.000109283041
537.0,13.462419,7460.989680000001,-5.46184733,-5.46184733,-4.26781318,-4.26781318,-3.5104343,-3.5104343,-0.0347483314,-126.89359,-126.89359,0.000461745069,0.000461745069,0.00139657293,0.00139657293,0.437680765,3107.1006,68.66234,-0.00180919526,7.936565e-06,0.0,7460.989680000001,3104.55254,-0.0347483314,74.3714637,0.000108253024
537.5,24.2212509,7475.93363,-10.03095645,-10.03095645,-7.85320868,-7.85320868,-7.07158462,-7.07158462,-0.0342299664,-126.89359,-126.89359,0.000454856891,0.000454856891,0.00137574163,0.00137574163,0.437719468,3107.1006,68.66234,-0.00178220621,1.5649792e-05,0.0,7475.93363,3110.7712,-0.0342299664,70.4167805,0.000100974184
538.0,36.3703814,7477.282099999999,-15.1327118,-15.1327118,-11.849207,-11.849207,-11.0393074,-11.0393074,-0.0336517326,-126.9558416,-126.9558416,0.000447391135,0.000447391135,0.0013531636,0.0013531636,0.437786126,3107.1006,68.66234,-0.00175210015,6.179938e-06,0.0,7477.282099999999,3111.33265,-0.0336517326,66.005355,9.3049344e-05
538.5,44.9016101,7469.208229999999,-18.8533785,-18.8533785,-14.74649,-14.74649,-13.90523655,-13.90523655,-0.0352486386,-151.559594,-151.559594,0.000560762824,0.000560762824,0.00169606826,0.00169606826,0.437877009,3107.1006,68.66234,-0.0018352441,-9.9111499e-05,0.0,7469.208229999999,3107.97214,-0.0352486386,78.1883832,0.000115767611
539.0,45.212048,7457.62543,-18.8321321,-18.8321321,-14.70715625,-14.70715625,-13.86826625,-13.86826625,-0.0388206387,-195.27638,-195.27638,0.000795207987,0.000795207987,0.00240517912,0.00240517912,0.437975456,3107.1006,68.66234,-0.00202122275,-0.000103887473,0.0,7457.62543,3103.15028,-0.0388206387,105.4397025,0.00017179556
539.5,45.212048,7457.1104,-18.8134346,-18.8134346,-14.6915382,-14.6915382,-13.8531239,-13.8531239,-0.0417289744,-230.756504,-230.756504,0.001008589514,0.001008589514,0.003050592,0.003050592,0.438073402,3107.1006,68.66234,-0.0021726472,-4.1971888e-05,0.0,7457.1104,3102.93434,-0.0417289744,127.6278294,0.000223140468
540.0,45.212048,7457.10068,-18.8130741,-18.8130741,-14.69123835,-14.69123835,-13.8528326,-13.8528326,-0.0419964285,-234.01012,-234.01012,0.00102914272,0.00102914272,0.00311275956,0.00311275956,0.43817131,3107.1006,68.66234,-0.00218657232,5.11111e-07,0.0,7457.10068,3102.93018,-0.0419964285,129.668268,0.000228104932
540.5,45.212048,7457.1006,-18.813066,-18.813066,-14.691232,-14.691232,-13.8528262,-13.8528262,-0.0419964447,-234.01012,-234.01012,0.00102914312,0.00102914312,0.00311276092,0.00311276092,0.43826923,3107.1006,68.66234,-0.00218657323,-6.13624e-07,0.0,7457.1006,3102.93,-0.0419964447,129.668402,0.000228105266
541.0,45.212048,7457.1006,-18.813066,-18.813066,-14.691232,-14.691232,-13.852826,-13.852826,-0.04199646,-234.01012,-234.01012,0.0010291435,0.0010291435,0.00311276199,0.00311276199,0.438367138,3107.1006,68.66234,-0.002186574,-8.99198e-07,0.0,7457.1006,3102.93,-0.04199646,129.668516,0.000228105547
541.5,45.212048,7457.1006,-18.813066,-18.813066,-14.691232,-14.691232,-13.852826,-13.852826,-0.0419964798,-234.01012,-234.01012,0.00102914396,0.00102914396,0.00311276341,0.00311276341,0.438465045,3107.1006,68.66234,-0.00218657499,4.38461e-07,0.0,7457.1006,3102.93,-0.0419964798,129.668661,0.000228105901
542.0,45.212048,7457.1006,-18.813066,-18.813066,-14.691232,-14.691232,-13.852826,-13.852826,-0.0419964406,-234.01012,-234.01012,0.00102914299,0.00102914299,0.00311276046,0.00311276046,0.438562951,3107.1006,68.66234,-0.00218657294,3.05564e-07,0.0,7457.1006,3102.93,-0.0419964406,129.668363,0.00022810516
542.5,45.212048,7457.1006,-18.813066,-18.813066,-14.691232,-14.691232,-13.852826,-13.852826,-0.0419964396,-234.01012,-234.01012,0.001029143,0.001029143,0.00311276046,0.00311276046,0.43866086,3107.1006,68.66234,-0.00218657294,6.2575e-07,0.0,7457.1006,3102.93,-0.0419964396,129.668363,0.000228105161
543.0,45.212048,7457.1006,-18.813066,-18.813066,-14.691232,-14.691232,-13.852826,-13.852826,-0.0419964425,-234.01012,-234.01012,0.00102914307,0.00102914307,0.00311276069,0.00311276069,0.43875876,3107.1006,68.66234,-0.00218657308,8.4506e-08,0.0,7457.1006,3102.93,-0.0419964425,129.668385,0.000228105217
543.5,45.212048,7457.1006,-18.813066,-18.813066,-14.691232,-14.691232,-13.852826,-13.852826,-0.0419964721,-234.01012,-234.01012,0.0010291438,0.0010291438,0.00311276288,0.00311276288,0.43885666,3107.1006,68.66234,-0.00218657465,-4.6862e-08,0.0,7457.1006,3102.93,-0.0419964721,129.668609,0.000228105776
544.0,45.212048,7457.1006,-18.813066,-18.813066,-14.691232,-14.691232,-13.852826,-13.852826,-0.0419964442,-234.01012,-234.01012,0.00102914306,0.00102914306,0.00311276074,0.00311276074,0.43895456,3107.1006,68.66234,-0.00218657318,-6.64521e-07,0.0,7457.1006,3102.93,-0.0419964442,129.66839,0.000228105233
544.5,45.212048,7457.1006,-18.813066,-18.813066,-14.691232,-14.691232,-13.852826,-13.852826,-0.0419964402,-234.01012,-234.01012,0.001029143,0.001029143,0.00311276044,0.00311276044,0.439052458,3107.1006,68.66234,-0.0021865729,-7.889e-07,0.0,7457.1006,3102.93,-0.0419964402,129.66836,0.000228105153
545.0,45.212048,7457.1006,-18.813066,-18.813066,-14.691232,-14.691232,-13.852826,-13.852826,-0.0419964877,-234.01012,-234.01012,0.00102914417,0.00102914417,0.00311276401,0.00311276401,0.43915035,3107.1006,68.66234,-0.00218657544,9.26298e-07,0.0,7457.1006,3102.93,-0.0419964877,129.668729,0.000228106057
545.5,45.212048,7457.1006,-18.813066,-18.813066,-14.691232,-14.691232,-13.852826,-13.852826,-0.0419964316,-234.01012,-234.01012,0.00102914276,0.00102914276,0.00311275979,0.00311275979,0.439248248,3107.1006,68.66234,-0.0021865725,1.348964e-06,0.0,7457.1006,3102.93,-0.0419964316,129.668297,0.000228104993
546.0,92.190552,7574.35345,-35.7564516,-35.7564516,-28.70610935,-28.70610935,-27.4028291,-27.4028291,-0.039733575,-232.350979,-232.350979,0.000967516725,0.000967516725,0.00292637689,0.00292637689,0.439357695,3107.1006,68.66234,-0.00206875538,0.000195947049,0.0,7574.35345,3151.72116,-0.039733575,112.4046315,0.000189548549
546.5,167.03131,7540.61972,-72.0243775,-72.0243775,-56.8897065,-56.8897065,-54.5790542,-54.5790542,-0.0340038638,-208.885319,-208.885319,0.0007443814,0.0007443814,0.00225148847,0.00225148847,0.439619445,3107.1006,68.66234,-0.00177043407,6.3458039e-05,0.0,7540.61972,3137.68763,-0.0340038638,68.691812,9.7966138e-05
547.0,165.142998,7454.67902,-69.0158897,-69.0158897,-53.8782612,-53.8782612,-51.7010128,-51.7010128,-0.0317228375,-178.737499,-178.737499,0.000594314435,0.000594314435,0.00179758224,0.00179758224,0.439916177,3107.1006,68.66234,-0.00165167092,6.0571688e-05,0.0,7454.67902,3101.92842,-0.0317228375,51.2895243,6.8271634e-05
547.5,145.540982,7421.54371,-60.7074102,-60.7074102,-47.1819285,-47.1819285,-45.3168211,-45.3168211,-0.0301973283,-148.591078,-148.591078,0.000470222913,0.000470222913,0.00142224451,0.00142224451,0.440196254,3107.1006,68.66234,-0.00157224426,3.7329701e-05,0.0,7421.54371,3088.1415,-0.0301973283,39.6511916,5.0199763e-05
548.0,121.5844845,7417.29804,-50.5954626,-50.5954626,-39.2994252,-39.2994252,-37.7732645,-37.7732645,-0.0288800275,-118.4431013,-118.4431013,0.000358552992,0.000358552992,0.001084482196,0.001084482196,0.440442365,3107.1006,68.66234,-0.00150365809,3.686239e-05,0.0,7417.29804,3086.37559,-0.0288800275,29.6013026,3.5855514e-05
548.5,97.6279864,7417.20821,-40.6239767,-40.6239767,-31.5537901,-31.5537901,-30.3047666,-30.3047666,-0.0275568368,-88.2962272,-88.2962272,0.000255145136,0.000255145136,0.000771714586,0.000771714586,0.440652325,3107.1006,68.66234,-0.00143476527,3.9332541e-05,0.0,7417.20821,3086.33895,-0.0275568368,19.506485,2.2562479e-05
549.0,73.6714889,7417.204640000001,-30.6547094,-30.6547094,-23.8103674,-23.8103674,-22.781794,-22.781794,-0.0262332461,-58.1464332,-58.1464332,0.000160081128,0.000160081128,0.0004841879,0.0004841879,0.440823447,3107.1006,68.66234,-0.00136585164,3.6808492e-05,0.0,7417.204640000001,3086.33828,-0.0262332461,9.4086152,1.0384907e-05
549.5,49.7149911,7417.16876,-20.6875521,-20.6875521,-16.0685286,-16.0685286,-15.20804135,-15.20804135,-0.00448924435,-28.7948071,-28.7948071,3.0100988e-05,3.0100988e-05,0.000145676382,0.000145676382,0.440952198,3107.1006,68.66234,-0.000233735574,0.001829944077,0.0,7417.16876,3086.33605,-0.00448924435,0.1916375,1.786308e-06
550.0,25.7584935,7417.18144,-10.7186984,-10.7186984,-8.32547418,-8.32547418,-7.54077448,-7.54077448,-0.0093607622,-19.88327,-19.88327,1.9490709e-05,1.9490709e-05,9.6484723e-05,9.6484723e-05,0.441033883,3107.1006,68.66234,-0.000487374383,-0.001391764123,0.0,7417.18144,3086.33856,-0.0093607622,2.743143977,3.133763e-06
550.5,8.55036525,7432.47628,-3.23440837,-3.23440837,-2.51686066,-2.51686066,-1.99338891,-1.99338891,-0.0262267322,-19.88327,-19.88327,5.4608548e-05,5.4608548e-05,0.000165182205,0.000165182205,0.441066042,3107.1006,68.66234,-0.00136551248,-9.216032e-06,0.0,7432.47628,3092.6929,-0.0262267322,9.35892263,1.0283589e-05
551.0,7.841808,7455.95098,-3.22244255,-3.22244255,-2.51604067,-2.51604067,-1.97391257,-1.97391257,-0.0262483647,-19.88327,-19.88327,5.4653591e-05,5.4653591e-05,0.000165318448,0.000165318448,0.441080911,3107.1006,68.66234,-0.0013666388,8.89292e-07,0.0,7455.95098,3102.4609,-0.0262483647,9.52396015,1.0471489e-05
551.5,7.841808,7457.05647,-3.26222499,-3.26222499,-2.5474752,-2.5474752,-1.99851457,-1.99851457,-0.0262465573,-19.88327,-19.88327,5.4649826e-05,5.4649826e-05,0.000165307067,0.000165307067,0.44109665,3107.1006,68.66234,-0.00136654468,6.02456e-07,0.0,7457.05647,3102.92096,-0.0262465573,9.510168,1.0455605e-05
552.0,7.841808,7457.07788,-3.26301907,-3.26301907,-2.54810259,-2.54810259,-1.99900563,-1.99900563,-0.0262465337,-19.88327,-19.88327,5.4649777e-05,5.4649777e-05,0.000165306915,0.000165306915,0.441112443,3107.1006,68.66234,-0.00136654348,5.8291e-07,0.0,7457.07788,3102.92988,-0.0262465337,9.50998945,1.0455399e-05
552.5,7.841808,7457.078599999999,-3.26303383,-3.26303383,-2.54811434,-2.54811434,-1.99901484,-1.99901484,-0.0262465608,-19.88327,-19.88327,5.4649834e-05,5.4649834e-05,0.000165307087,0.000165307087,0.44112824,3107.1006,68.66234,-0.00136654487,-1.700355e-06,0.0,7457.078599999999,3102.93014,-0.0262465608,9.5101976,1.0455639e-05
553.0,7.841808,7457.078599999999,-3.263034,-3.263034,-2.5481145,-2.5481145,-1.999015,-1.999015,-0.0262465096,-19.88327,-19.88327,5.4649728e-05,5.4649728e-05,0.000165306768,0.000165306768,0.441144033,3107.1006,68.66234,-0.0013665422,8.11947e-07,0.0,7457.078599999999,3102.9302,-0.0262465096,9.5098068,1.0455188e-05
553.5,7.841808,7457.078599999999,-3.263034,-3.263034,-2.5481145,-2.5481145,-1.999015,-1.999015,-0.0262465743,-19.88327,-19.88327,5.4649863e-05,5.4649863e-05,0.000165307173,0.000165307173,0.44115983,3107.1006,68.66234,-0.00136654559,-1.546736e-06,0.0,7457.078599999999,3102.9302,-0.0262465743,9.5103013,1.0455758e-05
554.0,7.841808,7457.078599999999,-3.263034,-3.263034,-2.5481145,-2.5481145,-1.999015,-1.999015,-0.0262465348,-19.88327,-19.88327,5.4649781e-05,5.4649781e-05,0.000165306923,0.000165306923,0.441175624,3107.1006,68.66234,-0.00136654352,1.846919e-06,0.0,7457.078599999999,3102.9302,-0.0262465348,9.5100008,1.0455412e-05
554.5,7.841808,7457.078599999999,-3.263034,-3.263034,-2.5481145,-2.5481145,-1.999015,-1.999015,-0.0262465248,-19.88327,-19.88327,5.464976e-05,5.464976e-05,0.00016530686,0.00016530686,0.44119142,3107.1006,68.66234,-0.00136654299,3.20763e-07,0.0,7457.078599999999,3102.9302,-0.0262465248,9.5099232,1.0455322e-05
555.0,13.5836893,7470.337219999999,-5.31701652,-5.31701652,-4.16255398,-4.16255398,-3.48119146,-3.48119146,-0.0259873339,-19.88327,-19.88327,5.4110079e-05,5.4110079e-05,0.000163674442,0.000163674442,0.44120938,3107.1006,68.66234,-0.00135304803,2.5500738e-05,0.0,7470.337219999999,3108.44727,-0.0259873339,7.53251553,8.222086e-06
555.5,37.5119,7497.486699999999,-15.5530974,-15.5530974,-12.2117358,-12.2117358,-11.39886899,-11.39886899,-0.0011524547,-19.4464092,-19.4464092,3.583336e-06,3.583336e-06,6.7912279e-05,6.7912279e-05,0.44126257,3107.1006,68.66234,-6.0003342e-05,0.001371290575,0.0,7497.486699999999,3119.75893,-0.0011524547,-1.2590924776,2.631989e-06
556.0,62.7676709,7498.99944,-26.1157738,-26.1157738,-20.5085555,-20.5085555,-19.5477145,-19.5477145,0.0274435603,-6.70578957,-6.70578957,-1.8842844e-05,-1.8842844e-05,-4.981234e-06,-4.981234e-06,0.441370071,3107.1006,68.66234,0.00142886749,7.4990633e-05,0.0,7498.99944,3120.40504,0.0274435603,-18.64228585,2.162375e-05
556.5,88.0234397,7499.03595,-36.6273022,-36.6273022,-28.7633174,-28.7633174,-27.5935494,-27.5935494,0.0301524596,11.62446673,11.62446673,3.7133875e-05,3.7133875e-05,0.000112325322,0.000112325322,0.441524806,3107.1006,68.66234,0.00156990813,8.1421405e-05,0.0,7499.03595,3120.42179,0.0301524596,-39.3088793,4.9841484e-05
557.0,113.2792106,7499.03205,-47.1362288,-47.1362288,-37.0159289,-37.0159289,-35.5742197,-35.5742197,0.0328614715,29.9531071,29.9531071,0.000103504924,0.000103504924,0.000313071658,0.000313071658,0.441722234,3107.1006,68.66234,0.00171095464,7.6850256e-05,0.0,7499.03205,3120.42181,0.0328614715,-59.9763316,8.2750773e-05
557.5,138.534981,7499.02892,-57.6456442,-57.6456442,-45.268919,-45.268919,-43.4913329,-43.4913329,0.035570184,48.2821587,48.2821587,0.000180275237,0.000180275237,0.000545255488,0.000545255488,0.441958859,3107.1006,68.66234,0.00185198558,8.1693926e-05,0.0,7499.02892,3120.42196,0.035570184,-80.6414989,0.000120346086
558.0,163.79075,7758.805899999999,-61.1045492,-61.1045492,-49.6337624,-49.6337624,-47.6593639,-47.6593639,0.0379692261,66.6109795,66.6109795,0.000265186917,0.000265186917,0.000802059872,0.000802059872,0.442225457,3229.36478,68.66234,0.00197689335,5.7763808e-05,0.0,7758.805899999999,3228.51856,0.0379692261,-98.9441512,0.000157485943
558.5,187.46608,8781.970299999999,-68.4992973,-68.4992973,-63.0730585,-63.0730585,-60.5336139,-60.5336139,0.0404941777,84.9392963,84.9392963,0.000360571667,0.000360571667,0.00109053878,0.00109053878,0.442523021,3644.8724,68.66234,0.00210835666,6.6898283e-05,0.0,8781.970299999999,3654.26627,0.0404941777,-118.2073816,0.000200661347
559.0,192.67215,9428.7321,-78.9751492,-78.9751492,-77.9880345,-77.9880345,-74.9324614,-74.9324614,0.0426102503,103.2677541,103.2677541,0.00046109906,0.00046109906,0.0013945735,0.0013945735,0.442882542,3911.71098,68.66234,0.00221853143,6.1182012e-05,0.0,9428.7321,3923.38982,0.0426102503,-134.351213,0.000239898422
559.5,192.67215,9399.273,-80.2725609,-80.2725609,-79.0114731,-79.0114731,-75.9251494,-75.9251494,0.0435030946,113.454618,113.454618,0.00051685764,0.00051685764,0.0015632113,0.0015632113,0.443273388,3915.2217,68.66234,0.00226501792,5.538456e-06,0.0,9399.273,3911.13233,0.0435030946,-141.162853,0.000257234489
560.0,192.67215,9396.5259,-80.1743305,-80.1743305,-78.8916945,-78.8916945,-75.8089865,-75.8089865,0.0434998063,113.46609,113.46609,0.000516870833,0.000516870833,0.0015632512,0.0015632512,0.443662753,3915.2217,68.66234,0.00226484673,6.29887e-07,0.0,9396.5259,3909.98919,0.0434998063,-141.137765,0.00025716933
560.5,192.67215,9396.4727,-80.1723445,-80.1723445,-78.8892889,-78.8892889,-75.8066546,-75.8066546,0.0434997316,113.46609,113.46609,0.000516869942,0.000516869942,0.00156324849,0.00156324849,0.444052005,3915.2217,68.66234,0.00226484294,-2.68071e-07,0.0,9396.4727,3909.96691,0.0434997316,-141.137199,0.000257167852
561.0,192.67215,9396.472,-80.17231,-80.17231,-78.889244,-78.889244,-75.80661,-75.80661,0.0434997153,113.46609,113.46609,0.000516869748,0.000516869748,0.00156324789,0.00156324789,0.444441229,3915.2217,68.66234,0.00226484198,-1.3551e-08,0.0,9396.472,3909.9666,0.0434997153,-141.13707,0.000257167525
561.5,192.67215,9396.472,-80.17231,-80.17231,-78.889244,-78.889244,-75.80661,-75.80661,0.0434997117,113.46609,113.46609,0.000516869719,0.000516869719,0.00156324781,0.00156324781,0.444830447,3915.2217,68.66234,0.00226484183,-4.91991e-07,0.0,9396.472,3909.9666,0.0434997117,-141.137048,0.000257167463
562.0,192.67215,9396.472,-80.17231,-80.17231,-78.889244,-78.889244,-75.80661,-75.80661,0.0434996797,113.46609,113.46609,0.000516869321,0.000516869321,0.00156324663,0.00156324663,0.445219665,3915.2217,68.66234,0.00226484014,-5.01257e-07,0.0,9396.472,3909.9666,0.0434996797,-141.136796,0.000257166813
562.5,192.67215,9396.472,-80.17231,-80.17231,-78.889244,-78.889244,-75.80661,-75.80661,0.0434997492,113.46609,113.46609,0.000516870147,0.000516870147,0.00156324914,0.00156324914,0.44560887,3915.2217,68.66234,0.00226484375,-1.11713e-06,0.0,9396.472,3909.9666,0.0434997492,-141.13733,0.000257168205
563.0,192.67215,9396.472,-80.17231,-80.17231,-78.889244,-78.889244,-75.80661,-75.80661,0.0434997235,113.46609,113.46609,0.00051686986,0.00051686986,0.00156324823,0.00156324823,0.445998062,3915.2217,68.66234,0.00226484248,7.75483e-07,0.0,9396.472,3909.9666,0.0434997235,-141.137139,0.000257167701
563.5,192.67215,9396.472,-80.17231,-80.17231,-78.889244,-78.889244,-75.80661,-75.80661,0.043499718,113.46609,113.46609,0.000516869775,0.000516869775,0.00156324802,0.00156324802,0.446387242,3915.2217,68.66234,0.00226484216,-5.66732e-07,0.0,9396.472,3909.9666,0.043499718,-141.137093,0.000257167581
564.0,192.67215,9396.472,-80.17231,-80.17231,-78.889244,-78.889244,-75.80661,-75.80661,0.0434997575,113.46609,113.46609,0.00051687026,0.00051687026,0.00156324946,0.00156324946,0.44677641,3915.2217,68.66234,0.00226484423,1.183296e-06,0.0,9396.472,3909.9666,0.0434997575,-141.137395,0.000257168366
564.5,190.559041,9391.7201,-79.3931495,-79.3931495,-78.0833617,-78.0833617,-75.02459,-75.02459,0.0434033169,113.46609,113.46609,0.000515724345,0.000515724345,0.0015597842,0.0015597842,0.447164884,3915.2217,68.66234,0.00225982305,-8.620765e-06,0.0,9391.7201,3907.98933,0.0434033169,-140.40164,0.00025526296
565.0,183.497466,9384.7159,-76.3663223,-76.3663223,-75.0501874,-75.0501874,-72.0820758,-72.0820758,0.0430617405,113.46609,113.46609,0.00051166566,0.00051166566,0.00154751077,0.00154751077,0.44754563,3915.2217,68.66234,0.00224203856,-1.1398485e-05,0.0,9384.7159,3905.07465,0.0430617405,-137.795697,0.000248554392
565.5,176.238251,9384.3961,-73.3342929,-73.3342929,-72.0679334,-72.0679334,-69.1908136,-69.1908136,0.0427140657,113.46609,113.46609,0.000507534558,0.000507534558,0.00153501822,0.00153501822,0.44791503,3915.2217,68.66234,0.00222393662,-1.0968835e-05,0.0,9384.3961,3904.94151,0.0427140657,-135.143237,0.000241801816
566.0,168.97902,9384.391,-70.3133171,-70.3133171,-69.0990835,-69.0990835,-66.3135771,-66.3135771,0.042366935,113.46609,113.46609,0.000503409894,0.000503409894,0.00152254511,0.00152254511,0.448273187,3915.2217,68.66234,0.00220586299,-9.39158e-06,0.0,9384.391,3904.93906,0.042366935,-132.494918,0.000235136878
566.5,161.719803,9384.3915,-67.2928027,-67.2928027,-66.1307315,-66.1307315,-63.4388763,-63.4388763,0.0420197595,113.46609,113.46609,0.000499284706,0.000499284706,0.00151007047,0.00151007047,0.448619927,3915.2217,68.66234,0.00218778709,-9.303107e-06,0.0,9384.3915,3904.93898,0.0420197595,-129.846268,0.000228548135
567.0,156.870254,9389.705,-65.171391,-65.171391,-64.0821881,-64.0821881,-61.4550082,-61.4550082,0.0417831563,113.46609,113.46609,0.000496473344,0.000496473344,0.0015015688,0.0015015688,0.448955973,3915.2217,68.66234,0.00217546821,-2.333717e-06,0.0,9389.705,3907.14993,0.0417831563,-128.0411882,0.000224098888
567.5,156.74675,9396.2061,-65.2137855,-65.2137855,-64.168305,-64.168305,-61.5376819,-61.5376819,0.0417813271,113.46609,113.46609,0.000496451625,0.000496451625,0.00150150313,0.00150150313,0.449288992,3915.2217,68.66234,0.00217537302,1.483882e-06,0.0,9396.2061,3909.85506,0.0417813271,-128.027243,0.0002240646
568.0,156.74675,9396.4698,-65.2232768,-65.2232768,-64.1794417,-64.1794417,-61.5484362,-61.5484362,0.041008269,104.0088891,104.0088891,0.000446909376,0.000446909376,0.00135166517,0.00135166517,0.449622275,3915.2217,68.66234,0.00213512315,-4.4854815e-05,0.0,9396.4698,3909.96431,0.041008269,-122.1294565,0.000209851923
568.5,156.74675,9396.4772,-65.223464,-65.223464,-64.1796765,-64.1796765,-61.5486625,-61.5486625,0.0394502912,84.9862011,84.9862011,0.000351353337,0.000351353337,0.001062662211,0.001062662211,0.449955559,3915.2217,68.66234,0.00205400603,-4.2281203e-05,0.0,9396.4772,3909.96651,0.0394502912,-110.2434156,0.000182240188
569.0,156.74675,9396.47935,-65.223465,-65.223465,-64.1796955,-64.1796955,-61.5486815,-61.5486815,0.0378918563,65.9565212,65.9565212,0.00026197334,0.00026197334,0.000792340919,0.000792340919,0.450288837,3915.2217,68.66234,0.00197286503,-4.3352231e-05,0.0,9396.47935,3909.9666,0.0378918563,-98.3538853,0.000156172335
569.5,156.74675,9396.4809,-65.223465,-65.223465,-64.179709,-64.179709,-61.5486959,-61.5486959,0.0363338038,46.9331224,46.9331224,0.00017883032,0.00017883032,0.00054088474,0.00054088474,0.450622113,3915.2217,68.66234,0.001891744,-4.2858347e-05,0.0,9396.4809,3909.9666,0.0363338038,-86.4672731,0.000131662582
570.0,156.74675,9396.4831,-65.223465,-65.223465,-64.179725,-64.179725,-61.5487099,-61.5487099,0.0347755361,27.9073873,27.9073873,0.000101886,0.000101886,0.00030817611,0.00030817611,0.450955376,3915.2217,68.66234,0.00181061174,-4.2531736e-05,0.0,9396.4831,3909.9666,0.0347755361,-74.5790135,0.000108701321
570.5,156.74675,9232.3184,-69.5019399,-69.5019399,-67.1669725,-67.1669725,-64.453149,-64.453149,0.0334056829,8.88230665,8.88230665,3.1277179e-05,3.1277179e-05,9.4609899e-05,9.4609899e-05,0.451293357,3838.49177,68.66234,0.00173928939,-3.6749453e-05,0.0,9232.3184,3841.65546,0.0334056829,-64.1282022,8.9776208e-05
571.0,156.74675,8642.28825,-70.5374976,-70.5374976,-63.8446741,-63.8446741,-61.2781585,-61.2781585,0.0318936115,-10.14032537,-10.14032537,-3.3601274e-05,-3.3601274e-05,-1.1108294e-05,-1.1108294e-05,0.45163477,3600.97803,68.66234,0.00166056237,-5.0301131e-05,0.0,8642.28825,3596.13859,0.0318936115,-52.5923829,7.0330434e-05
571.5,156.74675,8382.8992,-64.9249145,-64.9249145,-56.9946379,-56.9946379,-54.6981444,-54.6981444,0.0300881016,-29.1675195,-29.1675195,-9.1644876e-05,-9.1644876e-05,-3.0298511e-05,-3.0298511e-05,0.451951374,3500.9407,68.66234,0.00156655728,-4.8969347e-05,0.0,8382.8992,3488.20385,0.0300881016,-38.8178805,4.8987616e-05
572.0,156.74675,8401.579099999999,-65.2002244,-65.2002244,-57.3638991,-57.3638991,-55.0520672,-55.0520672,0.0285709972,-47.8352876,-47.8352876,-0.000142908704,-0.000142908704,-4.7248163e-05,-4.7248163e-05,0.452256892,3500.9407,68.66234,0.00148756823,-3.7042384e-05,0.0,8401.579099999999,3495.97583,0.0285709972,-27.2436672,3.2657541e-05
572.5,156.74675,8402.2063,-65.2230289,-65.2230289,-57.3882397,-57.3882397,-55.0754215,-55.0754215,0.0280647229,-54.018307,-54.018307,-0.000158756068,-0.000158756068,-5.2487729e-05,-5.2487729e-05,0.452563182,3500.9407,68.66234,0.0014612087,9.47747e-07,0.0,8402.2063,3496.23641,0.0280647229,-23.3812271,2.7486324e-05
573.0,156.74675,8402.218,-65.2234705,-65.2234705,-57.388711,-57.388711,-55.0758735,-55.0758735,0.0280647721,-54.018307,-54.018307,-0.000158756345,-0.000158756345,-5.2487821e-05,-5.2487821e-05,0.452869491,3500.9407,68.66234,0.00146121127,9.66437e-07,0.0,8402.218,3496.24141,0.0280647721,-23.3816008,2.7486812e-05
573.5,156.74675,8402.218,-65.22348,-65.22348,-57.3887198,-57.3887198,-55.075882,-55.075882,0.0280647138,-54.018307,-54.018307,-0.000158756018,-0.000158756018,-5.2487712e-05,-5.2487712e-05,0.453175791,3500.9407,68.66234,0.00146120824,-2.88481e-07,0.0,8402.218,3496.2415,0.0280647138,-23.381156,2.7486232e-05
574.0,156.74675,8402.218,-65.22348,-65.22348,-57.38872,-57.38872,-55.075882,-55.075882,0.0280647867,-54.018307,-54.018307,-0.00015875643,-0.00015875643,-5.2487849e-05,-5.2487849e-05,0.453482093,3500.9407,68.66234,0.00146121204,5.67841e-07,0.0,8402.218,3496.2415,0.0280647867,-23.381714,2.7486959e-05
574.5,156.74675,8402.218,-65.22348,-65.22348,-57.38872,-57.38872,-55.075882,-55.075882,0.0280647814,-54.018307,-54.018307,-0.000158756398,-0.000158756398,-5.2487839e-05,-5.2487839e-05,0.453788378,3500.9407,68.66234,0.00146121176,4.65655e-07,0.0,8402.218,3496.2415,0.0280647814,-23.3816713,2.7486904e-05
575.0,156.74675,8402.218,-65.22348,-65.22348,-57.38872,-57.38872,-55.075882,-55.075882,0.0280647552,-54.018307,-54.018307,-0.000158756253,-0.000158756253,-5.2487789e-05,-5.2487789e-05,0.454094661,3500.9407,68.66234,0.00146121041,1.79725e-07,0.0,8402.218,3496.2415,0.0280647552,-23.3814717,2.7486644e-05
575.5,156.74675,8402.218,-65.22348,-65.22348,-57.38872,-57.38872,-55.075882,-55.075882,0.0280647854,-54.018307,-54.018307,-0.000158756424,-0.000158756424,-5.2487846e-05,-5.2487846e-05,0.454400939,3500.9407,68.66234,0.00146121197,1.507013e-06,0.0,8402.218,3496.2415,0.0280647854,-23.3817038,2.7486946e-05
576.0,152.273746,8392.13135,-63.5759964,-63.5759964,-55.8734106,-55.8734106,-53.621027,-53.621027,0.0278606886,-54.018307,-54.018307,-0.000157601891,-0.000157601891,-5.2106103e-05,-5.2106103e-05,0.454705787,3500.9407,68.66234,0.00145058554,-1.4069894e-05,0.0,8392.13135,3492.0442,0.0278606886,-21.8246192,2.5480851e-05
576.5,137.103008,8376.9491,-57.0750818,-57.0750818,-50.0682206,-50.0682206,-48.0492321,-48.0492321,0.0271270668,-54.018307,-54.018307,-0.000153451954,-0.000153451954,-5.0733938e-05,-5.0733938e-05,0.45499403,3500.9407,68.66234,0.00141238904,-2.1492343e-05,0.0,8376.9491,3485.72619,0.0271270668,-16.2277118,1.8454322e-05
577.0,121.4891429,8376.2457,-50.5532968,-50.5532968,-44.3432521,-44.3432521,-42.5521609,-42.5521609,0.0263792645,-54.018307,-54.018307,-0.000149221792,-0.000149221792,-4.9335254e-05,-4.9335254e-05,0.455257278,3500.9407,68.66234,0.00137345418,-2.0600534e-05,0.0,8376.2457,3485.43312,0.0263792645,-10.5226131,1.1641894e-05
577.5,105.8752735,8376.232899999999,-44.0547911,-44.0547911,-38.6429723,-38.6429723,-37.0579573,-37.0579573,0.0256325642,-54.018307,-54.018307,-0.000144997872,-0.000144997872,-4.793864e-05,-4.793864e-05,0.455495022,3500.9407,68.66234,0.00133457674,-2.2982385e-05,0.0,8376.232899999999,3485.4275,0.0256325642,-4.8259246,5.196261e-06
578.0,90.261406,8376.2648,-37.5584382,-37.5584382,-32.944768,-32.944768,-31.5366149,-31.5366149,-2.407315e-05,-58.3588645,-58.3588645,1.1558382e-05,1.1558382e-05,0.000217600238,0.000217600238,0.455705979,3500.9407,68.66234,-1.25343e-06,-0.002045441488,0.0,8376.2648,3485.42572,-2.407315e-05,3.146276616,4.184143e-06
578.5,74.6475375,8376.31515,-31.0616718,-31.0616718,-27.2462335,-27.2462335,-25.9865466,-25.9865466,-0.0282440434,-83.3073604,-83.3073604,0.000247114194,0.000247114194,0.000747422123,0.000747422123,0.455888642,3500.9407,68.66234,-0.00147054515,-8.676342e-05,0.0,8376.31515,3485.43019,-0.0282440434,24.7492877,2.9518381e-05
579.0,61.414821,8381.96495,-25.3728258,-25.3728258,-22.2707183,-22.2707183,-21.1228224,-21.1228224,-0.0311422734,-110.8659921,-110.8659921,0.000362174477,0.000362174477,0.00109542552,0.00109542552,0.456041875,3500.9407,68.66234,-0.00162144345,-7.4610161e-05,0.0,8381.96495,3487.77921,-0.0311422734,46.8603145,6.1306564e-05
579.5,59.879482,8400.7376,-24.8613314,-24.8613314,-21.8710981,-21.8710981,-20.7291338,-20.7291338,-0.0328982116,-131.461137,-131.461137,0.000452934958,0.000452934958,0.00136993641,0.00136993641,0.456180392,3500.9407,68.66234,-0.00171286758,-1.943789e-05,0.0,8400.7376,3495.58979,-0.0328982116,60.2566311,8.3045574e-05
580.0,59.879482,8402.2724,-24.915137,-24.915137,-21.9224282,-21.9224282,-20.7787008,-20.7787008,-0.0329905622,-132.61143,-132.61143,0.00045814114,0.00045814114,0.0013856829,0.0013856829,0.456319359,3500.9407,68.66234,-0.00171767587,-5.96227e-07,0.0,8402.2724,3496.22835,-0.0329905622,60.961184,8.4242592e-05
580.5,59.879482,8402.3035,-24.916273,-24.916273,-21.9235084,-21.9235084,-20.7797437,-20.7797437,-0.0329904777,-132.61143,-132.61143,0.000458139963,0.000458139963,0.00138567933,0.00138567933,0.456458401,3500.9407,68.66234,-0.00171767146,-1.39016e-07,0.0,8402.3035,3496.24106,-0.0329904777,60.9605396,8.4241484e-05
581.0,59.879482,8402.304,-24.916294,-24.916294,-21.9235288,-21.9235288,-20.7797636,-20.7797636,-0.0329904542,-132.61143,-132.61143,0.000458139654,0.000458139654,0.00138567837,0.00138567837,0.456597434,3500.9407,68.66234,-0.00171767027,1.194249e-06,0.0,8402.304,3496.24147,-0.0329904542,60.9603652,8.4241187e-05
581.5,59.879482,8402.304,-24.916294,-24.916294,-21.923529,-21.923529,-20.779764,-20.779764,-0.0329905048,-132.61143,-132.61143,0.000458140342,0.000458140342,0.00138568049,0.00138568049,0.456736473,3500.9407,68.66234,-0.00171767286,-8.89074e-07,0.0,8402.304,3496.2415,-0.0329905048,60.9607445,8.4241838e-05
582.0,59.879482,8402.304,-24.916294,-24.916294,-21.923529,-21.923529,-20.779764,-20.779764,-0.0329905044,-132.61143,-132.61143,0.00045814034,0.00045814034,0.00138568047,0.00138568047,0.456875503,3500.9407,68.66234,-0.00171767289,8.63369e-07,0.0,8402.304,3496.2415,-0.0329905044,60.9607478,8.4241842e-05
582.5,59.879482,8402.304,-24.916294,-24.916294,-21.923529,-21.923529,-20.779764,-20.779764,-0.0329905102,-132.61143,-132.61143,0.000458140411,0.000458140411,0.00138568066,0.00138568066,0.457014534,3500.9407,68.66234,-0.00171767312,-3.28901e-07,0.0,8402.304,3496.2415,-0.0329905102,60.9607842,8.4241903e-05
583.0,59.879482,8402.304,-24.916294,-24.916294,-21.923529,-21.923529,-20.779764,-20.779764,-0.0329904794,-132.61143,-132.61143,0.000458139994,0.000458139994,0.00138567944,0.00138567944,0.457153555,3500.9407,68.66234,-0.0017176716,1.285466e-06,0.0,8402.304,3496.2415,-0.0329904794,60.9605547,8.424151e-05
583.5,59.879482,8402.304,-24.916294,-24.916294,-21.923529,-21.923529,-20.779764,-20.779764,-0.0329904851,-132.61143,-132.61143,0.000458140073,0.000458140073,0.00138567964,0.00138567964,0.457292586,3500.9407,68.66234,-0.00171767183,2.1373e-08,0.0,8402.304,3496.2415,-0.0329904851,60.9605974,8.4241584e-05
584.0,59.879482,8402.304,-24.916294,-24.916294,-21.923529,-21.923529,-20.779764,-20.779764,-0.0329904628,-132.61143,-132.61143,0.000458139761,0.000458139761,0.0013856787,0.0013856787,0.4574316,3500.9407,68.66234,-0.00171767069,-2.1311e-08,0.0,8402.304,3496.2415,-0.0329904628,60.9604257,8.4241288e-05
584.5,59.879482,8402.304,-24.916294,-24.916294,-21.923529,-21.923529,-20.779764,-20.779764,-0.0329905078,-132.61143,-132.61143,0.000458140375,0.000458140375,0.00138568058,0.00138568058,0.457570627,3500.9407,68.66234,-0.00171767297,2.3454e-07,0.0,8402.304,3496.2415,-0.0329905078,60.9607666,8.4241875e-05
585.0,28.6043765829,8338.261900000001,-12.85547652,-12.85547652,-11.251930288,-11.251930288,-10.357881602,-10.357881602,-0.0344418868,-132.61143,-132.61143,0.000478295731,0.000478295731,0.00144663501,0.00144663501,0.457689717,3500.9407,68.66234,-0.00179324005,-9.097832e-05,0.0,8338.261900000001,3469.59229,-0.0344418868,72.0335528,0.000104177896
585.5,-19.79467505,8332.5414,9.0538783,9.0538783,7.9055351,7.9055351,8.93588726,8.93588726,-0.0368358595,-132.61143,-132.61143,0.000511540927,0.000511540927,0.00154717515,0.00154717515,0.457676883,3500.9407,68.66234,-0.00191788387,-2.7080907e-05,0.0,8332.5414,3467.21057,-0.0368358595,90.2975302,0.000139352789
586.0,-22.820593,8398.549799999999,9.6303314,9.6303314,8.4697678,8.4697678,9.59396985,9.59396985,-0.0369512153,-132.61143,-132.61143,0.000513142878,0.000513142878,0.00155201972,0.00155201972,0.457585242,3500.9407,68.66234,-0.00192388994,-1.2228e-08,0.0,8398.549799999999,3494.67708,-0.0369512153,91.177593,0.000141125502
586.5,-22.820593,8402.235400000001,9.49853,9.49853,8.3575673,8.3575673,9.497003,9.497003,-0.0366917063,-129.506541,-129.506541,0.00049770751,0.00049770751,0.00150533474,0.00150533474,0.457497223,3500.9407,68.66234,-0.00191037843,2.3501386e-05,0.0,8402.235400000001,3496.21078,-0.0366917063,89.1977639,0.000137116081
587.0,-22.820593,8402.3062,9.4958562,9.4958562,8.3552844,8.3552844,9.4950153,9.4950153,-0.0354075283,-113.8236965,-113.8236965,0.000422248156,0.000422248156,0.00127710514,0.00127710514,0.457409474,3500.9407,68.66234,-0.00184351675,3.7437514e-05,0.0,8402.3062,3496.24075,-0.0354075283,79.4005717,0.000117813936
587.5,-22.820593,8402.3055,9.4958068,9.4958068,8.3552401,8.3552401,9.4949759,9.4949759,-0.0340139818,-96.807427,-96.807427,0.000345026714,0.000345026714,0.001043547961,0.001043547961,0.457321728,3500.9407,68.66234,-0.00177096087,3.9013121e-05,0.0,8402.3055,3496.24141,-0.0340139818,68.7690029,9.8031512e-05
588.0,-22.820593,8402.3035,9.495806,9.495806,8.3552373,8.3552373,9.4949723,9.4949723,-0.0326203238,-79.7912296,-79.7912296,0.000272771101,0.000272771101,0.000825011727,0.000825011727,0.457233988,3500.9407,68.66234,-0.00169839913,3.8761426e-05,0.0,8402.3035,3496.2415,-0.0326203238,58.1365804,7.9488852e-05
588.5,-22.820593,8397.7432,8.618958284,8.618958284,7.58336207,7.58336207,8.62940992,8.62940992,-0.0313771911,-65.0875705,-65.0875705,0.000213930545,0.000213930545,0.000647049219,0.000647049219,0.457146619,3495.77129,68.66234,-0.00163367458,2.6711455e-05,0.0,8397.7432,3494.3446,-0.0313771911,48.6525346,6.3967714e-05
589.0,-22.820593,7540.183040000001,-4.59971395,-4.59971395,-3.64333664,-3.64333664,-2.92243134,-2.92243134,-0.0306355075,-63.14644,-63.14644,0.000202582788,0.000202582788,0.000612728953,0.000612728953,0.4571226,3123.68488,68.66234,-0.00159505833,1.812681e-06,0.0,7540.183040000001,3137.50792,-0.0306355075,42.994121,5.5172728e-05
589.5,-22.820593,6136.357,0.01237955,0.01237955,-0.13782394,-0.13782394,0.41923314,0.41923314,-0.0308379756,-63.14644,-63.14644,0.000203921646,0.000203921646,0.000616777999,0.000616777999,0.457138449,2567.6432,68.66234,-0.00160559998,-2.1501106e-05,0.0,6136.357,2553.36546,-0.0308379756,44.5387822,5.7554296e-05
590.0,-22.820593,5841.41603,10.2103259,10.2103259,6.24454762,6.24454762,6.89454844,6.89454844,-0.0312875985,-63.14644,-63.14644,0.000206894857,0.000206894857,0.000625769769,0.000625769769,0.45709677,2443.8972,68.66234,-0.0016290099,2.321303e-06,0.0,5841.41603,2430.63805,-0.0312875985,47.9690189,6.2867034e-05
590.5,-22.820593,5864.83315,9.5165656,9.5165656,5.84472983,5.84472983,6.526691,6.526691,-0.0312570751,-63.14644,-63.14644,0.000206693017,0.000206693017,0.00062515935,0.00062515935,0.457038362,2443.8972,68.66234,-0.00162742069,-1.41444e-06,0.0,5864.83315,2440.38218,-0.0312570751,47.7361561,6.2500631e-05
591.0,-22.820593,5865.38625,9.4962112,9.4962112,5.83277994,5.83277994,6.51591908,6.51591908,-0.0312561211,-63.14644,-63.14644,0.000206686705,0.000206686705,0.000625140277,0.000625140277,0.456981054,2443.8972,68.66234,-0.00162737099,5.78097e-07,0.0,5865.38625,2440.61224,-0.0312561211,47.7288738,6.2489188e-05
591.5,-22.820593,5865.39665,9.4958242,9.4958242,5.83255272,5.83255272,6.51571404,6.51571404,-0.031256088,-63.14644,-63.14644,0.00020668649,0.00020668649,0.000625139624,0.000625139624,0.456923766,2443.8972,68.66234,-0.00162736928,1.024514e-06,0.0,5865.39665,2440.61664,-0.031256088,47.7286222,6.2488791e-05
592.0,-22.8454052,5865.34464,9.5020396,9.5020396,5.83631841,5.83631841,6.51913278,6.51913278,-0.0312570826,-63.14644,-63.14644,0.00020669307,0.00020669307,0.000625159503,0.000625159503,0.45686648,2443.8972,68.66234,-0.00162742109,1.93042e-07,0.0,5865.34464,2440.59492,-0.0312570826,47.736213,6.250072e-05
592.5,-23.2835198,5864.575940000001,9.683484,9.683484,5.94698444,5.94698444,6.61938086,6.61938086,-0.0312779895,-63.14644,-63.14644,0.000206831318,0.000206831318,0.000625577618,0.000625577618,0.45680877,2443.8972,68.66234,-0.00162850964,1.367443e-06,0.0,5864.575940000001,2440.27511,-0.0312779895,47.8957163,6.275152e-05
593.0,-23.8684731,5864.4267,9.9316873,9.9316873,6.0992607,6.0992607,6.75644184,6.75644184,-0.0313061959,-63.14644,-63.14644,0.000207017838,0.000207017838,0.000626141709,0.000626141709,0.456749812,2443.8972,68.66234,-0.00162997823,-3.27591e-07,0.0,5864.4267,2440.21292,-0.0313061959,48.1109089,6.3090303e-05
593.5,-24.4534266,5864.4233,10.1752392,10.1752392,6.24882774,6.24882774,6.88981865,6.88981865,-0.0313341698,-63.14644,-63.14644,0.000207202821,0.000207202821,0.000626701129,0.000626701129,0.456689527,2443.8972,68.66234,-0.00163143469,-3.82405e-07,0.0,5864.4233,2440.21155,-0.0313341698,48.3243227,6.3426789e-05
594.0,-25.0383795,5864.4233,10.41866795,10.41866795,6.39832255,6.39832255,7.02372592,7.02372592,-0.0313621406,-63.14644,-63.14644,0.00020738778,0.00020738778,0.000627260481,0.000627260481,0.456627947,2443.8972,68.66234,-0.00163289098,-2.333402e-06,0.0,5864.4233,2440.21152,-0.0313621406,48.5377128,6.3763734e-05
594.5,-25.6233327,5864.4233,10.66203755,10.66203755,6.5477809,6.5477809,7.17546685,7.17546685,-0.0313901232,-63.14644,-63.14644,0.000207572831,0.000207572831,0.000627820137,0.000627820137,0.456564957,2443.8972,68.66234,-0.00163434802,-9.29308e-07,0.0,5864.4233,2440.21149,-0.0313901232,48.7512102,6.4101351e-05
595.0,-26.2082861,5864.4233,10.9054623,10.9054623,6.6972733,6.6972733,7.33178379,7.33178379,-0.0314180385,-63.14644,-63.14644,0.000207757418,0.000207757418,0.000628378361,0.000628378361,0.456500439,2443.8972,68.66234,-0.00163580138,-1.068192e-06,0.0,5864.4233,2440.21146,-0.0314180385,48.9641711,6.4438618e-05
595.5,-26.7932391,5864.4233,11.14886275,11.14886275,6.84675069,6.84675069,7.48776593,7.48776593,-0.0314460044,-63.14644,-63.14644,0.000207942345,0.000207942345,0.000628937642,0.000628937642,0.456434358,2443.8972,68.66234,-0.00163725741,-4.99926e-07,0.0,5864.4233,2440.21146,-0.0314460044,49.1775232,6.4777007e-05
596.0,-27.3773068,5864.42367,11.3922452,11.3922452,6.99621726,6.99621726,7.64341861,7.64341861,-0.0314739875,-63.14644,-63.14644,0.000208127387,0.000208127387,0.000629497246,0.000629497246,0.456366705,2443.8972,68.66234,-0.00163871435,-1.499019e-06,0.0,5864.42367,2440.21164,-0.0314739875,49.3910088,6.5116104e-05
596.5,-27.632563,5865.080550000001,11.5065084,11.5065084,7.06717978,7.06717978,7.71725218,7.71725218,-0.0312240577,-59.9255315,-59.9255315,0.000196191271,0.000196191271,0.000593397208,0.000593397208,0.456297766,2443.8972,68.66234,-0.00162570164,4.9159142e-05,0.0,5865.080550000001,2440.48505,-0.0312240577,47.4842609,6.216704e-05
597.0,-24.024826,5873.62652,10.19145527,10.19145527,6.26752722,6.26752722,6.94031316,6.94031316,-0.0276939005,-18.803716715,-18.803716715,5.6674706e-05,5.6674706e-05,0.000174685471,0.000174685471,0.456230258,2443.8972,68.66234,-0.00144190159,0.000135356498,0.0,5873.62652,2444.04325,-0.0276939005,20.55216721,2.4444554e-05
597.5,-10.35828032,5888.273429999999,4.33790722,4.33790722,2.67470956,2.67470956,3.26177069,3.26177069,0.0204496807,33.0464462,33.0464462,8.8530822e-05,8.8530822e-05,0.000274631872,0.000274631872,0.45618473,2443.8972,68.66234,0.001064726393,0.002046014245,0.0,5888.273429999999,2450.16599,0.0204496807,-16.4337316618,1.9401881e-05
598.0,3.900981153,5889.02474,-1.622195504,-1.622195504,-1.0004057806,-1.0004057806,-0.751597035,-0.751597035,0.0321296627,84.9032416,84.9032416,0.000287873619,0.000287873619,0.000870691392,0.000870691392,0.45617491,2443.8972,68.66234,0.00167285254,0.000140129704,0.0,5889.02474,2450.48539,0.0321296627,-54.3932547,7.3845134e-05
598.5,18.16024235,5853.50196,-9.67658058,-9.67658058,-5.90649395,-5.90649395,-5.28639636,-5.28639636,0.0371278782,136.464001,136.464001,0.000532825053,0.000532825053,0.00161155081,0.00161155081,0.456194612,2422.91135,68.66234,0.00193308803,0.000137677109,0.0,5853.50196,2435.70711,0.0371278782,-92.5253844,0.000144604606
599.0,32.4195046,5310.74502,-19.9480955,-19.9480955,-11.06349225,-11.06349225,-10.406815,-10.406815,0.0396960151,157.12645,157.12645,0.00065316792,0.00065316792,0.00197553059,0.00197553059,0.45625646,2198.85008,68.66234,0.00206679983,1.9484227e-05,0.0,5310.74502,2209.86335,0.0396960151,-112.118085,0.000186439019
599.5,42.8876879,4632.23174,-24.2041151,-24.2041151,-11.7338274,-11.7338274,-11.07437725,-11.07437725,0.0401924742,157.12645,157.12645,0.000661336756,0.000661336756,0.00200023456,0.00200023456,0.456335452,1923.73235,68.66234,0.00209264823,5.019475e-06,0.0,4632.23174,1927.52927,0.0401924742,-115.905634,0.000195137113
600.0,43.40183,4030.43708,-21.2063948,-21.2063948,-8.98023126,-8.98023126,-8.4116891,-8.4116891,0.0400759677,157.12645,157.12645,0.000659419767,0.000659419767,0.00199443722,0.00199443722,0.456408575,1686.69746,68.66234,0.0020865823,-6.450422e-06,0.0,4030.43708,1677.11804,0.0400759677,-115.0167983,0.000193084745
600.5,43.40183,3968.20647,-17.8566581,-17.8566581,-7.42043771,-7.42043771,-6.90585108,-6.90585108,0.039928317,157.12645,157.12645,0.000656990268,0.000656990268,0.00198708998,0.00198708998,0.45646246,1656.0009,68.66234,0.0020788947,-1.268761e-06,0.0,3968.20647,1651.22333,0.039928317,-113.8903465,0.000190483159
601.0,43.40183,3974.21542,-18.0549927,-18.0549927,-7.51410633,-7.51410633,-6.99543609,-6.99543609,0.0399370773,157.12645,157.12645,0.000657134424,0.000657134424,0.00198752601,0.00198752601,0.456514614,1656.0009,68.66234,0.00207935088,-1.17154e-07,0.0,3974.21542,1653.72368,0.0399370773,-113.9571826,0.000190636737
601.5,43.40183,3974.34373,-18.0597305,-18.0597305,-7.51632061,-7.51632061,-6.99755487,-6.99755487,0.0399372895,157.12645,157.12645,0.000657137897,0.000657137897,0.00198753651,0.00198753651,0.456566943,1656.0009,68.66234,0.00207936192,-6.63217e-07,0.0,3974.34373,1653.77705,0.0399372895,-113.9587961,0.000190640446
602.0,43.40183,3974.34614,-18.0598192,-18.0598192,-7.51636221,-7.51636221,-6.99759479,-6.99759479,0.0399372919,157.12645,157.12645,0.000657137938,0.000657137938,0.00198753659,0.00198753659,0.456619277,1656.0009,68.66234,0.00207936196,7.93732e-07,0.0,3974.34614,1653.7781,0.0399372919,-113.9588139,0.000190640487
602.5,35.950582,3958.6301,-15.2139983,-15.2139983,-6.308978,-6.308978,-5.81893479,-5.81893479,0.0395926786,157.12645,157.12645,0.000651467591,0.000651467591,0.0019703885,0.0019703885,0.456669232,1656.0009,68.66234,0.00206141955,-2.1525114e-05,0.0,3958.6301,1647.23832,0.0395926786,-111.3297108,0.000184653464
603.0,18.60432465,3945.82276,-7.75676207,-7.75676207,-3.20522097,-3.20522097,-2.76873154,-2.76873154,0.0387527362,157.12645,157.12645,0.000637646982,0.000637646982,0.00192859248,0.00192859248,0.456702079,1656.0009,68.66234,0.00201768734,-2.3159831e-05,0.0,3945.82276,1641.90861,0.0387527362,-104.9216661,0.000170334602
603.5,1.216597545,3945.41584,-0.506415269,-0.506415269,-0.209233603,-0.209233603,-0.0245694,-0.0245694,0.0379205146,157.12645,157.12645,0.000623953398,0.000623953398,0.00188718035,0.00188718035,0.456713023,1656.0009,68.66234,0.00197435709,-2.2898351e-05,0.0,3945.41584,1641.7388,0.0379205146,-98.5725179,0.000156591888
604.0,-15.53490425,3946.72283,6.5747306,6.5747306,2.7176496,2.7176496,3.2268869,3.2268869,0.0371144828,157.12645,157.12645,0.000610690756,0.000610690756,0.00184707139,0.00184707139,0.456699582,1656.0009,68.66234,0.00193239058,-1.7394869e-05,0.0,3946.72283,1642.28216,0.0371144828,-92.42319,0.000143699061
604.5,-20.136082,3969.49447,8.5348722,8.5348722,3.54775061,3.54775061,4.08222765,4.08222765,0.0357990337,143.7557755,143.7557755,0.00054000969,0.00054000969,0.00163329172,0.00163329172,0.456666551,1656.0009,68.66234,0.00186390084,-8.2800171e-05,0.0,3969.49447,1651.75687,0.0357990337,-82.387431,0.000123814106
605.0,-20.136082,3974.25016,8.3827351,8.3827351,3.48874779,3.48874779,4.02684139,4.02684139,0.0322546175,100.3896554,100.3896554,0.000340484472,0.000340484472,0.001029816873,0.001029816873,0.456632259,1656.0009,68.66234,0.00167935834,-0.000104822142,0.0,3974.25016,1653.73366,0.0322546175,-55.346549,7.5127039e-05
605.5,-20.136082,3974.35995,8.378876,8.378876,3.48723795,3.48723795,4.02541399,4.02541399,0.0286130763,55.9244176,55.9244176,0.000168968218,0.000168968218,0.000511064419,0.000511064419,0.456598125,1656.0009,68.66234,0.00148975908,-0.000108694742,0.0,3974.35995,1653.77724,0.0286130763,-27.5646941,3.3387112e-05
606.0,-20.136082,3974.3938,8.379283,8.379283,3.48743719,3.48743719,4.02560868,4.02560868,0.0043927507,11.464900865,11.464900865,3.4626346e-05,3.4626346e-05,0.000108149805,0.000108149805,0.456563993,1656.0009,68.66234,0.0002287115,0.007749004858,0.0,3974.3938,1653.77719,0.0043927507,-0.34150848,7.024285e-06
606.5,-20.136082,3974.44415,8.3787519,8.3787519,3.48726018,3.48726018,4.02544642,4.02544642,-0.0286567117,-33.0094263,-33.0094263,0.000100457782,0.000100457782,0.000303853799,0.000303853799,0.456529867,1656.0009,68.66234,-0.00149203099,-0.000107542035,0.0,3974.44415,1653.77881,-0.0286567117,27.8975939,3.3837086e-05
607.0,-20.136082,3974.44726,8.37879945,8.37879945,3.4872828,3.4872828,4.02546837,4.02546837,-0.0322985289,-77.4738828,-77.4738828,0.000263438693,0.000263438693,0.000796786396,0.000796786396,0.45649573,1656.0009,68.66234,-0.0016816447,-0.000105152449,0.0,3974.44726,1653.77803,-0.0322985289,55.6815603,7.5682279e-05
607.5,-20.136082,3974.45222,8.3787946,8.3787946,3.48728508,3.48728508,4.025471,4.025471,-0.0357918416,-120.11684,-120.11684,0.000451157326,0.000451157326,0.00136454275,0.00136454275,0.456461596,1656.0009,68.66234,-0.00186352636,-7.179575e-05,0.0,3974.45222,1653.77803,-0.0357918416,82.332563,0.000123673313
608.0,-20.136082,3974.4535,8.3787707,8.3787707,3.48727611,3.48727611,4.02546262,4.02546262,-0.036719824,-131.42601,-131.42601,0.000505371251,0.000505371251,0.00152851478,0.00152851478,0.456427454,1656.0009,68.66234,-0.00191184241,-1.033562e-06,0.0,3974.4535,1653.77803,-0.036719824,89.4122767,0.000137526488
608.5,-20.136082,3974.4534,8.3787727,8.3787727,3.4872768,3.4872768,4.0254636,4.0254636,-0.0367197827,-131.42601,-131.42601,0.00050537069,0.00050537069,0.00152851309,0.00152851309,0.456393312,1656.0009,68.66234,-0.00191184021,-2.54312e-07,0.0,3974.4534,1653.778,-0.0367197827,89.41196,0.000137525846
609.0,-20.136082,3974.4534,8.378773,8.378773,3.4872768,3.4872768,4.0254636,4.0254636,-0.0367198084,-131.42601,-131.42601,0.000505371039,0.000505371039,0.00152851416,0.00152851416,0.456359169,1656.0009,68.66234,-0.00191184155,-3.60111e-07,0.0,3974.4534,1653.778,-0.0367198084,89.4121544,0.000137526244
609.5,-20.136082,3974.4534,8.378773,8.378773,3.4872768,3.4872768,4.0254636,4.0254636,-0.03671989,-131.42601,-131.42601,0.000505372196,0.000505372196,0.00152851759,0.00152851759,0.456325028,1656.0009,68.66234,-0.00191184587,8.44169e-07,0.0,3974.4534,1653.778,-0.03671989,89.4127854,0.000137527524
610.0,-20.136082,3974.4534,8.378773,8.378773,3.4872768,3.4872768,4.0254636,4.0254636,-0.0367197883,-131.42601,-131.42601,0.00050537078,0.00050537078,0.00152851328,0.00152851328,0.456290882,1656.0009,68.66234,-0.00191184053,-2.90779e-07,0.0,3974.4534,1653.778,-0.0367197883,89.4120023,0.000137525931
610.5,-20.136082,3974.4534,8.3787731,8.3787731,3.48727685,3.48727685,4.02546364,4.02546364,-0.0367213395,-131.445114,-131.445114,0.000505465612,0.000505465612,0.00152880016,0.00152880016,0.45625674,1656.0009,68.66234,-0.00191192128,-9.89375e-07,0.0,3974.4534,1653.778,-0.0367213395,89.423836,0.000137549953
611.0,-20.136082,3974.45367,8.378775,8.378775,3.48727799,3.48727799,4.0254645,4.0254645,-0.0368886577,-133.489876,-133.489876,0.000515675743,0.000515675743,0.00155968121,0.00155968121,0.456222598,1656.0009,68.66234,-0.00192063283,-8.270764e-06,0.0,3974.45367,1653.778,-0.0368886577,90.7003324,0.00014015116
611.5,-20.0925557,3974.48091,8.3762301,8.3762301,3.48624265,3.48624265,4.02447885,4.02447885,-0.0371660924,-136.894108,-136.894108,0.000532803143,0.000532803143,0.00161148392,0.00161148392,0.456188456,1656.0009,68.66234,-0.00193507767,-6.139521e-06,0.0,3974.48091,1653.7892,-0.0371660924,92.816929,0.000144500232
612.0,-11.86772616,3990.79457,5.13817756,5.13817756,2.146170905,2.146170905,2.61457029,2.61457029,-0.0370602957,-140.29929,-140.29929,0.000544481406,0.000544481406,0.00164680756,0.00164680756,0.45615834,1656.0009,68.66234,-0.00192956928,1.1412492e-05,0.0,3990.79457,1660.57745,-0.0370602957,92.009783,0.000142838675
612.5,2.374259222,3997.97201,-0.9812391235,-0.9812391235,-0.4108424102,-0.4108424102,-0.2507771614,-0.2507771614,-0.0366494742,-143.703928,-143.703928,0.000551512892,0.000551512892,0.00166807876,0.00166807876,0.456148958,1656.0009,68.66234,-0.00190817961,6.96249e-06,0.0,3997.97201,1663.56427,-0.0366494742,88.8755664,0.00013644335
613.0,16.6162446,3998.15398,-6.91439259,-6.91439259,-2.894958,-2.894958,-2.45460958,-2.45460958,-0.0362470129,-147.108934,-147.108934,0.00055838109,0.00055838109,0.00168885608,0.00168885608,0.456159513,1656.0009,68.66234,-0.00188722515,1.0853785e-05,0.0,3998.15398,1663.6402,-0.0362470129,85.8051291,0.000130283163
613.5,30.8582308,3998.1569,-12.8402589,-12.8402589,-5.37603655,-5.37603655,-4.90938262,-4.90938262,-0.0356993781,-148.73479,-148.73479,0.000556034596,0.000556034596,0.00168176283,0.00168176283,0.45618787,1656.0009,68.66234,-0.00185871216,1.9133494e-05,0.0,3998.1569,1663.64175,-0.0356993781,81.627136,0.000122075173
614.0,45.1002159,3998.1559,-18.7659105,-18.7659105,-7.85702253,-7.85702253,-7.32206762,-7.32206762,-0.0350182267,-148.73479,-148.73479,0.000545425354,0.000545425354,0.00164967803,0.00164967803,0.456233919,1656.0009,68.66234,-0.00182324758,1.8045797e-05,0.0,3998.1559,1663.64173,-0.0350182267,76.43054,0.000112123611
614.5,56.4931296,3991.49039,-23.6886493,-23.6886493,-9.9012322,-9.9012322,-9.2982236,-9.2982236,-0.0344651648,-148.73479,-148.73479,0.00053681115,0.00053681115,0.00162362659,0.00162362659,0.456296161,1656.0009,68.66234,-0.00179445204,7.98387e-06,0.0,3991.49039,1660.86851,-0.0344651648,72.2111484,0.000104251302
615.0,57.442146,3975.50716,-23.9396565,-23.9396565,-9.9664212,-9.9664212,-9.3614641,-9.3614641,-0.0344259189,-148.73479,-148.73479,0.000536199865,0.000536199865,0.00162177789,0.00162177789,0.456364948,1656.0009,68.66234,-0.00179240867,4.56141e-07,0.0,3975.50716,1654.21776,-0.0344259189,71.9117341,0.000103698843
615.5,57.442146,3974.47103,-23.9028721,-23.9028721,-9.9485101,-9.9485101,-9.34404465,-9.34404465,-0.0344274938,-148.73479,-148.73479,0.000536224411,0.000536224411,0.0016218521,0.0016218521,0.45643337,1656.0009,68.66234,-0.0017924907,-1.118143e-06,0.0,3974.47103,1653.78664,-0.0344274938,71.923751,0.000103720918
616.0,57.442146,3974.45061,-23.9021155,-23.9021155,-9.948144,-9.948144,-9.3436889,-9.3436889,-0.0344275467,-148.73479,-148.73479,0.000536225225,0.000536225225,0.00162185457,0.00162185457,0.456501766,1656.0009,68.66234,-0.0017924934,2.08618e-07,0.0,3974.45061,1653.77816,-0.0344275467,71.9241501,0.00010372165
616.5,57.442146,3974.4502,-23.902102,-23.902102,-9.948137,-9.948137,-9.343682,-9.343682,-0.0344275453,-148.73479,-148.73479,0.000536225188,0.000536225188,0.00162185449,0.00162185449,0.456570164,1656.0009,68.66234,-0.0017924933,5.25628e-07,0.0,3974.4502,1653.778,-0.0344275453,71.9241374,0.000103721626
617.0,57.442146,3974.4502,-23.902102,-23.902102,-9.948137,-9.948137,-9.343682,-9.343682,-0.0344275679,-148.73479,-148.73479,0.000536225554,0.000536225554,0.00162185559,0.00162185559,0.456638545,1656.0009,68.66234,-0.00179249451,8.42947e-07,0.0,3974.4502,1653.778,-0.0344275679,71.9243129,0.000103721953
617.5,57.442146,3974.4502,-23.902102,-23.902102,-9.948137,-9.948137,-9.343682,-9.343682,-0.0344275411,-148.73479,-148.73479,0.000536225138,0.000536225138,0.00162185435,0.00162185435,0.456706941,1656.0009,68.66234,-0.00179249313,6.0084e-08,0.0,3974.4502,1653.778,-0.0344275411,71.9241096,0.000103721572
618.0,57.442146,3974.44854,-23.9021216,-23.9021216,-9.9481414,-9.9481414,-9.3436864,-9.3436864,-0.0331644275,-133.2876786,-133.2876786,0.000463639588,0.000463639588,0.00140231301,0.00140231301,0.456775322,1656.0009,68.66234,-0.00172672827,8.0378629e-05,0.0,3974.44854,1653.77804,-0.0331644275,62.2876304,8.6712996e-05
618.5,57.442146,3974.44474,-23.902122,-23.902122,-9.94813205,-9.94813205,-9.34367745,-9.34367745,-0.0305240364,-101.0497341,-101.0497341,0.000323738103,0.000323738103,0.000979172249,0.000979172249,0.45684372,1656.0009,68.66234,-0.00158925454,7.3898791e-05,0.0,3974.44474,1653.778,-0.0305240364,42.1436933,5.4068286e-05
619.0,57.442146,3974.44107,-23.902122,-23.902122,-9.9481234,-9.9481234,-9.3436685,-9.3436685,-0.0278838192,-68.8134635,-68.8134635,0.000201669756,0.000201669756,0.000609972734,0.000609972734,0.456912115,1656.0009,68.66234,-0.00145178982,7.4962648e-05,0.0,3974.44107,1653.778,-0.0278838192,22.0010826,2.588094e-05
619.5,59.8909029,3980.19226,-24.6627701,-24.6627701,-10.28067385,-10.28067385,-9.6628262,-9.6628262,-0.009442196,-36.7433429,-36.7433429,5.454253e-05,5.454253e-05,0.000219470539,0.000219470539,0.456980764,1656.0009,68.66234,-0.000491614307,0.003401162238,0.0,3980.19226,1656.18187,-0.009442196,1.8218997,5.723419e-06
620.0,81.8161115,4013.68448,-33.9050073,-33.9050073,-14.25191845,-14.25191845,-13.45919415,-13.45919415,0.0269546946,-23.734455,-23.734455,-6.6994985e-05,-6.6994985e-05,-2.2148526e-05,-2.2148526e-05,0.457061933,1656.0009,68.66234,0.00140341435,3.5889976e-05,0.0,4013.68448,1670.13948,0.0269546946,-14.9126558,1.687972e-05
620.5,107.8905054,4017.67767,-44.8900526,-44.8900526,-18.8866276,-18.8866276,-17.841072,-17.841072,0.0282075858,-23.734455,-23.734455,-7.0109005e-05,-7.0109005e-05,-2.3178055e-05,-2.3178055e-05,0.457170634,1656.0009,68.66234,0.00146864696,3.5671115e-05,0.0,4017.67767,1671.80183,0.0282075858,-24.4711485,2.8955053e-05
621.0,133.964898,4017.75831,-55.7439046,-55.7439046,-23.4536165,-23.4536165,-22.1037074,-22.1037074,0.0294546626,-23.734455,-23.734455,-7.3208572e-05,-7.3208572e-05,-2.4202808e-05,-2.4202808e-05,0.457304916,1656.0009,68.66234,0.00153357683,3.5378784e-05,0.0,4017.75831,1671.83607,0.0294546626,-33.9852795,4.1971824e-05
621.5,160.039292,4017.75739,-66.5939721,-66.5939721,-28.0186526,-28.0186526,-26.3103759,-26.3103759,0.030701544,-23.734455,-23.734455,-7.6307653e-05,-7.6307653e-05,-2.5227405e-05,-2.5227405e-05,0.457463092,1656.0009,68.66234,0.00159849658,3.6254284e-05,0.0,4017.75739,1671.83642,0.030701544,-43.4979255,5.5980329e-05
622.0,186.113685,4017.75725,-77.4433281,-77.4433281,-32.5833936,-32.5833936,-30.4648513,-30.4648513,0.0319484553,-23.734455,-23.734455,-7.9406809e-05,-7.9406809e-05,-2.625203e-05,-2.625203e-05,0.457643755,1656.0009,68.66234,0.00166341788,3.6803425e-05,0.0,4017.75725,1671.8371,0.0319484553,-53.0107989,7.0982891e-05
622.5,212.188077,4017.75393,-88.2936139,-88.2936139,-37.1484974,-37.1484974,-34.5691684,-34.5691684,0.0331953709,-23.734455,-23.734455,-8.2505977e-05,-8.2505977e-05,-2.7276661e-05,-2.7276661e-05,0.457845746,1656.0009,68.66234,0.00172833938,3.4670077e-05,0.0,4017.75393,1671.83645,0.0331953709,-62.5237021,8.6979224e-05
623.0,224.001475,3989.22065,-93.6546448,-93.6546448,-39.1246044,-39.1246044,-36.3058383,-36.3058383,0.0337809147,-23.734455,-23.734455,-8.3961325e-05,-8.3961325e-05,-2.7757821e-05,-2.7757821e-05,0.458064354,1656.0009,68.66234,0.00175882609,-4.200968e-06,0.0,3989.22065,1659.96388,0.0337809147,-66.9909004,9.479321e-05
623.5,207.557625,3942.62349,-86.7116945,-86.7116945,-35.804198,-35.804198,-33.3050635,-33.3050635,0.0329909978,-23.734455,-23.734455,-8.1998011e-05,-8.1998011e-05,-2.710872e-05,-2.710872e-05,0.458279426,1656.0009,68.66234,0.00171769851,-3.6733459e-05,0.0,3942.62349,1640.57402,0.0329909978,-60.9645054,8.4292059e-05
624.0,181.433902,3931.15543,-75.5062535,-75.5062535,-31.0837148,-31.0837148,-29.0527309,-29.0527309,0.0317269137,-23.734455,-23.734455,-7.8856171e-05,-7.8856171e-05,-2.6069981e-05,-2.6069981e-05,0.458474352,1656.0009,68.66234,0.00165188308,-3.5337623e-05,0.0,3931.15543,1635.80132,0.0317269137,-51.320617,6.8244997e-05
624.5,155.310182,3930.88321,-64.6254818,-64.6254818,-26.6025077,-26.6025077,-24.9726285,-24.9726285,0.0304771712,-23.734455,-23.734455,-7.5749982e-05,-7.5749982e-05,-2.5043032e-05,-2.5043032e-05,0.458647758,1656.0009,68.66234,0.00158681444,-3.6400567e-05,0.0,3930.88321,1635.6873,0.0304771712,-41.7861508,5.3386382e-05
625.0,129.1864626,3930.88054,-53.7555642,-53.7555642,-22.1279861,-22.1279861,-20.8462407,-20.8462407,0.0292279377,-23.734455,-23.734455,-7.2645055e-05,-7.2645055e-05,-2.4016503e-05,-2.4016503e-05,0.458798758,1656.0009,68.66234,0.00152177228,-3.4203236e-05,0.0,3930.88054,1635.68545,0.0292279377,-32.2555647,3.9531533e-05
625.5,103.06274,3930.88265,-42.8850907,-42.8850907,-17.6532641,-17.6532641,-16.6659779,-16.6659779,0.0279786963,-23.734455,-23.734455,-6.9540106e-05,-6.9540106e-05,-2.2989971e-05,-2.2989971e-05,0.458925989,1656.0009,68.66234,0.00145672966,-3.6190722e-05,0.0,3930.88265,1635.68563,0.0279786963,-22.724912,2.6674034e-05
626.0,76.9390189,3930.88271,-32.0149225,-32.0149225,-13.1786569,-13.1786569,-12.43018215,-12.43018215,0.0267294543,-23.734455,-23.734455,-6.6435159e-05,-6.6435159e-05,-2.1963442e-05,-2.1963442e-05,0.459027821,1656.0009,68.66234,0.00139168707,-3.689909e-05,0.0,3930.88271,1635.68493,0.0267294543,-13.1942658,1.4813982e-05
626.5,50.8152992,3930.8811,-21.1452074,-21.1452074,-8.70423432,-8.70423432,-8.14024127,-8.14024127,0.0251113627,-23.734455,-23.734455,-6.2413446e-05,-6.2413446e-05,-2.0633826e-05,-2.0633826e-05,0.459102363,1656.0009,68.66234,0.00130744,-0.000360097428,0.0,3930.8811,1635.6833,0.0251113627,-3.725944966,4.016418e-06
627.0,24.8280646,3931.08951,-10.28687027,-10.28687027,-4.23464459,-4.23464459,-3.77982796,-3.77982796,-0.02308533143,-23.734455,-23.734455,5.7377813e-05,5.7377813e-05,0.000174535705,0.000174535705,0.459147252,1656.0009,68.66234,-0.001201953319,-0.000840571065,0.0,3931.08951,1635.74187,-0.02308533143,5.58065044,6.062546e-06
627.5,14.300769,3961.77056,-5.59609021,-5.59609021,-2.32196185,-2.32196185,-1.89640318,-1.89640318,-0.0262687529,-23.734455,-23.734455,6.5290099e-05,6.5290099e-05,0.000197490019,0.000197490019,0.459166322,1656.0009,68.66234,-0.0013677003,2.134136e-06,0.0,3961.77056,1648.50663,-0.0262687529,9.67950165,1.065081e-05
628.0,14.300769,3974.12589,-5.93916073,-5.93916073,-2.47169789,-2.47169789,-2.03363429,-2.03363429,-0.0262535687,-23.734455,-23.734455,6.5252362e-05,6.5252362e-05,0.000197375871,0.000197375871,0.459181998,1656.0009,68.66234,-0.00136690976,1.65093e-06,0.0,3974.12589,1653.64778,-0.0262535687,9.5636634,1.0517227e-05
628.5,14.300769,3974.43289,-5.9504361,-5.9504361,-2.47658128,-2.47658128,-2.03815765,-2.03815765,-0.0262531064,-23.734455,-23.734455,6.525121e-05,6.525121e-05,0.000197372396,0.000197372396,0.459198016,1656.0009,68.66234,-0.00136688568,2.42477e-07,0.0,3974.43289,1653.77555,-0.0262531064,9.56013695,1.0513164e-05
629.0,14.300769,3974.43813,-5.95067686,-5.95067686,-2.47668474,-2.47668474,-2.03825356,-2.03825356,-0.0256758712,-19.13489935,-19.13489935,5.19942e-05,5.19942e-05,0.000157273569,0.000157273569,0.459214051,1656.0009,68.66234,-0.00133683152,0.000412117326,0.0,3974.43813,1653.77806,-0.0256758712,6.7653992,7.403945e-06
629.5,14.300769,4013.25769,-0.82208411,-0.82208411,-0.23551494,-0.23551494,0.23865037,0.23865037,0.0250151526,12.7964097014,12.7964097014,3.6655123e-05,3.6655123e-05,0.000111955228,0.000111955228,0.459228702,1690.37108,68.66234,0.00130243081,0.001576289784,0.0,4013.25769,1669.96075,0.0250151526,-11.14176025,1.2510642e-05
630.0,14.300769,6497.90437,61.935048,28.6315856,44.5045761,18.9966683,46.792665,19.963973,0.0261802567,49.247728,24.7340422,0.000134601966,6.8136034e-05,0.000407145484,0.000206096381,0.459089937,2816.23217,68.66234,0.0013630927,-1.4932303e-05,0.0,6497.90437,2703.84128,0.0261802567,-9.00435402,9.931773e-06
630.5,14.300769,8450.3256,-3.43692655,-6.02658395,-3.06032353,-5.32918813,-1.86749296,-4.27559736,0.0323814822,85.6799229,81.8778502,0.000292367336,0.000281614439,0.000884283885,0.000851759185,0.458943322,3401.087,68.66234,0.0016859637,0.000185771334,0.0,8450.3256,3516.26177,0.0323814822,-56.3144216,7.7674098e-05
631.0,14.300769,8177.01569,-6.47184239,-6.47184239,-5.54258703,-5.54258703,-4.57193654,-4.57193654,0.035699143,122.1162296,122.1162296,0.000457436482,0.000457436482,0.00138353549,0.00138353549,0.45898982,3401.087,68.66234,0.00185869995,8.2510445e-05,0.0,8177.01569,3402.5374,0.035699143,-81.6253516,0.000122283015
631.5,14.300769,8162.834110000001,-5.96104607,-5.96104607,-5.09556216,-5.09556216,-4.14933897,-4.14933897,0.0386608759,158.553156,158.553156,0.0006428506,0.0006428506,0.00194433314,0.00194433314,0.459022448,3401.087,68.66234,0.00201290458,8.386134e-05,0.0,8162.834110000001,3396.63818,0.0386608759,-104.2208506,0.000169012196
632.0,14.300769,8162.55623,-5.95085918,-5.95085918,-5.08668074,-5.08668074,-4.14111777,-4.14111777,0.0411003182,188.32975,188.32975,0.000810735762,0.000810735762,0.0024521215,0.0024521215,0.459054298,3401.087,68.66234,0.00213991576,3.4679599e-05,0.0,8162.55623,3396.52393,0.0411003182,-122.831714,0.000211508322
632.5,14.300769,8162.551030000001,-5.95065839,-5.95065839,-5.08650578,-5.08650578,-4.14095581,-4.14095581,0.0413344333,191.17734,191.17734,0.000827517191,0.000827517191,0.00250287928,0.00250287928,0.45908613,3401.087,68.66234,0.00215210509,3.68576e-07,0.0,8162.551030000001,3396.52173,0.0413344333,-124.6178158,0.000215764866
633.0,14.300769,8162.551000000001,-5.9506555,-5.9506555,-5.086503,-5.086503,-4.1409535,-4.1409535,0.0413343814,191.17734,191.17734,0.000827516137,0.000827516137,0.00250287603,0.00250287603,0.459117961,3401.087,68.66234,0.00215210241,6.1451e-08,0.0,8162.551000000001,3396.5217,0.0413343814,-124.617414,0.000215763897
633.5,14.300769,8162.551000000001,-5.9506555,-5.9506555,-5.086503,-5.086503,-4.1409535,-4.1409535,0.0413343874,191.17734,191.17734,0.000827516269,0.000827516269,0.00250287648,0.00250287648,0.459149789,3401.087,68.66234,0.00215210276,1.54194e-07,0.0,8162.551000000001,3396.5217,0.0413343874,-124.6174635,0.00021576402
634.0,14.300769,8162.551000000001,-5.9506555,-5.9506555,-5.086503,-5.086503,-4.1409535,-4.1409535,0.0413343957,191.17734,191.17734,0.000827516437,0.000827516437,0.00250287699,0.00250287699,0.459181623,3401.087,68.66234,0.00215210317,1.385891e-06,0.0,8162.551000000001,3396.5217,0.0413343957,-124.6175265,0.000215764169
634.5,14.300769,8162.551000000001,-5.9506555,-5.9506555,-5.086503,-5.086503,-4.1409535,-4.1409535,0.041334381,191.17734,191.17734,0.000827516151,0.000827516151,0.00250287612,0.00250287612,0.459213452,3401.087,68.66234,0.00215210245,5.78244e-07,0.0,8162.551000000001,3396.5217,0.041334381,-124.6174185,0.00021576391
635.0,15.347777,8165.022650000001,-6.29003785,-6.29003785,-5.37840218,-5.37840218,-4.41853287,-4.41853287,0.0413800981,191.17734,191.17734,0.00082843142,0.00082843142,0.00250564406,0.00250564406,0.459245567,3401.087,68.66234,0.00215448266,5.18836e-06,0.0,8165.022650000001,3397.55032,0.0413800981,-124.9662018,0.000216608312
635.5,22.8125248,8175.721670000001,-9.455226,-9.455226,-8.09528869,-8.09528869,-7.15667766,-7.15667766,0.0417395488,191.17734,191.17734,0.000835627631,0.000835627631,0.00252740703,0.00252740703,0.459287958,3401.087,68.66234,0.00217319772,1.1948804e-05,0.0,8175.721670000001,3402.00247,0.0417395488,-127.708505,0.000223287789
636.0,31.3695116,8176.77011,-13.0523756,-13.0523756,-11.1763514,-11.1763514,-10.2326748,-10.2326748,0.0421503961,191.17734,191.17734,0.000843852812,0.000843852812,0.00255228179,0.00255228179,0.459352022,3401.087,68.66234,0.0021945888,1.2788888e-05,0.0,8176.77011,3402.43907,0.0421503961,-130.842926,0.000231019597
636.5,39.926498,8176.79085,-16.6137334,-16.6137334,-14.225867,-14.225867,-13.25390575,-13.25390575,0.0425595687,191.17734,191.17734,0.000852044443,0.000852044443,0.00257705495,0.00257705495,0.459436025,3401.087,68.66234,0.00221589256,1.2159836e-05,0.0,8176.79085,3402.44793,0.0425595687,-133.96455,0.000238827175
637.0,48.4834848,8176.79105,-20.17446,-20.17446,-17.2748163,-17.2748163,-16.2534476,-16.2534476,0.0429687554,191.17734,191.17734,0.000860236396,0.000860236396,0.00260182907,0.00260182907,0.459539142,3401.087,68.66234,0.00223719724,1.223531e-05,0.0,8176.79105,3402.44818,0.0429687554,-137.086303,0.000246742073
637.5,57.0404709,8520.21515,-15.5126297,-15.5126297,-13.7824426,-13.7824426,-12.70793065,-12.70793065,0.0430160792,191.17734,191.17734,0.000861183787,0.000861183787,0.00260469425,0.00260469425,0.459644381,3559.16213,68.66234,0.00223966108,4.834916e-06,0.0,8520.21515,3545.34948,0.0430160792,-137.447332,0.000247664658
638.0,65.5974576,9607.1183,-17.2512527,-17.2512527,-17.39192255,-17.39192255,-15.9790262,-15.9790262,0.0433448867,191.17734,191.17734,0.00086776656,0.00086776656,0.00262460177,0.00262460177,0.459738961,3998.32782,68.66234,0.00225678075,1.1071191e-05,0.0,9607.1183,3997.61811,0.0433448867,-139.955864,0.000254112306
638.5,74.1544441,10437.793,-27.8805254,-27.8805254,-30.5241835,-30.5241835,-28.7052955,-28.7052955,0.0440650442,191.17734,191.17734,0.000882184154,0.000882184154,0.00266820328,0.00266820328,0.459878377,4328.65549,68.66234,0.00229427628,2.4101834e-05,0.0,10437.793,4343.26834,0.0440650442,-145.450055,0.000268503799
639.0,78.75015,10442.5856,-33.0676178,-33.0676178,-36.1611207,-36.1611207,-34.2343656,-34.2343656,0.0444296002,191.17734,191.17734,0.00088948256,0.00088948256,0.00269027503,0.00269027503,0.46008366,4346.5244,68.66234,0.00231325711,-1.630838e-06,0.0,10442.5856,4345.26292,0.0444296002,-148.231304,0.00027586778
639.5,78.75015,10431.873,-32.7786945,-32.7786945,-35.8082052,-35.8082052,-33.8922047,-33.8922047,0.0444168751,191.17734,191.17734,0.000889227824,0.000889227824,0.00268950463,0.00268950463,0.460293092,4346.5244,68.66234,0.00231259454,7.75689e-07,0.0,10431.873,4340.80517,0.0444168751,-148.134222,0.000275608123
640.0,78.75015,10431.6014,-32.7687152,-32.7687152,-35.7963712,-35.7963712,-33.8807269,-33.8807269,0.0444164254,191.17734,191.17734,0.000889218821,0.000889218821,0.00268947741,0.00268947741,0.460501947,4346.5244,68.66234,0.00231257116,-1.831047e-06,0.0,10431.6014,4340.69217,0.0444164254,-148.130796,0.000275598961
640.5,78.75015,10431.596,-32.768523,-32.768523,-35.7961454,-35.7961454,-33.8805078,-33.8805078,0.0444164156,191.17734,191.17734,0.0008892186,0.0008892186,0.00268947674,0.00268947674,0.460710785,4346.5244,68.66234,0.00231257063,1.262898e-06,0.0,10431.596,4340.69,0.0444164156,-148.130709,0.000275598744
641.0,78.75015,10431.596,-32.76852,-32.76852,-35.7961403,-35.7961403,-33.880505,-33.880505,0.0444164056,191.17734,191.17734,0.000889218407,0.000889218407,0.00268947618,0.00268947618,0.460919623,4346.5244,68.66234,0.00231257012,4.87661e-07,0.0,10431.596,4340.69,0.0444164056,-148.13064,0.000275598544
641.5,78.75015,10431.596,-32.76852,-32.76852,-35.79614,-35.79614,-33.880505,-33.880505,0.0444164036,191.17734,191.17734,0.000889218384,0.000889218384,0.00268947612,0.00268947612,0.461128448,4346.5244,68.66234,0.00231257006,4.59421e-07,0.0,10431.596,4340.69,0.0444164036,-148.130634,0.000275598523
642.0,78.75015,10431.597,-32.7685053,-32.7685053,-35.7961282,-35.7961282,-33.8804919,-33.8804919,0.043735592,182.849663,182.849663,0.000837916962,0.000837916962,0.00253430853,0.00253430853,0.461337279,4346.5244,68.66234,0.00227712305,-4.7533215e-05,0.0,10431.597,4340.69,0.043735592,-142.936612,0.000261975877
642.5,78.75015,10431.6005,-32.7685,-32.7685,-35.7961329,-35.7961329,-33.880496,-33.880496,0.0413622989,153.865643,153.865643,0.000667093987,0.000667093987,0.00201763795,0.00201763795,0.461546101,4346.5244,68.66234,0.00215355594,-7.2260323e-05,0.0,10431.6005,4340.69,0.0413622989,-124.8304044,0.000216436786
643.0,78.75015,10431.603749999998,-32.7685,-32.7685,-35.7961457,-35.7961457,-33.8805081,-33.8805081,0.0389133753,123.963859,123.963859,0.000505785249,0.000505785249,0.00152975251,0.00152975251,0.461754924,4346.5244,68.66234,0.00202605113,-7.0281083e-05,0.0,10431.603749999998,4340.69,0.0389133753,-106.1472045,0.000173178032
643.5,78.75015,10431.6065,-32.7685,-32.7685,-35.7961566,-35.7961566,-33.8805188,-33.8805188,0.0364644771,94.0635386,94.0635386,0.000359819041,0.000359819041,0.001088278545,0.001088278545,0.461963742,4346.5244,68.66234,0.00189854756,-6.9900224e-05,0.0,10431.6065,4340.69,0.0364644771,-87.4641941,0.000133752708
644.0,78.75015,10431.610100000002,-32.7685,-32.7685,-35.7961689,-35.7961689,-33.8805292,-33.8805292,0.0340156316,64.162173,64.162173,0.000229185064,0.000229185064,0.000693182444,0.000693182444,0.462172561,4346.5244,68.66234,0.00177104674,-7.0132683e-05,0.0,10431.610100000002,4340.69,0.0340156316,-68.7815854,9.8161061e-05
644.5,78.75015,10431.6135,-32.7685,-32.7685,-35.7961806,-35.7961806,-33.8805418,-33.8805418,0.0315666441,34.2589487,34.2589487,0.000113880918,0.000113880918,0.000344452573,0.000344452573,0.462381385,4346.5244,68.66234,0.00164353859,-7.4811006e-05,0.0,10431.6135,4340.69,0.0315666441,-50.0979025,6.6400603e-05
645.0,78.75015,10431.6171,-32.7685,-32.7685,-35.796193,-35.796193,-33.8805518,-33.8805518,0.0291177115,4.358720926,4.358720926,1.3923405e-05,1.3923405e-05,5.6789594e-05,5.6789594e-05,0.462590188,4346.5244,68.66234,0.00151603327,-6.9710928e-05,0.0,10431.6171,4340.69,0.0291177115,-31.4146315,3.8473962e-05
645.5,78.75015,10431.6198,-32.7685139,-32.7685139,-35.7962168,-35.7962168,-33.8805751,-33.8805751,0.0272484707,-18.4498405,-18.4498405,-5.2588402e-05,-5.2588402e-05,-1.7385465e-05,-1.7385465e-05,0.462799005,4346.5244,68.66234,0.00141870998,-2.1784979e-05,0.0,10431.6198,4340.69,0.0272484707,-17.1539155,1.9593536e-05
646.0,78.75015,10431.62,-32.76852,-32.76852,-35.7962234,-35.7962234,-33.880581,-33.880581,0.0271295513,-19.895676,-19.895676,-5.6523612e-05,-5.6523612e-05,-1.8686484e-05,-1.8686484e-05,0.463007809,4346.5244,68.66234,0.0014125184,-1.067161e-06,0.0,10431.62,4340.69,0.0271295513,-16.2466634,1.8462708e-05
646.5,78.75015,10431.62,-32.76852,-32.76852,-35.796223,-35.796223,-33.88058,-33.88058,0.0271295355,-19.895676,-19.895676,-5.6523578e-05,-5.6523578e-05,-1.8686473e-05,-1.8686473e-05,0.46321661,4346.5244,68.66234,0.00141251753,1.274649e-06,0.0,10431.62,4340.69,0.0271295355,-16.2465387,1.8462555e-05
647.0,78.75015,10431.62,-32.76852,-32.76852,-35.796223,-35.796223,-33.88058,-33.88058,0.0271295447,-19.895676,-19.895676,-5.6523598e-05,-5.6523598e-05,-1.868648e-05,-1.868648e-05,0.463425404,4346.5244,68.66234,0.00141251805,1.705734e-06,0.0,10431.62,4340.69,0.0271295447,-16.2466136,1.8462647e-05
647.5,78.75015,10431.62,-32.76852,-32.76852,-35.796223,-35.796223,-33.88058,-33.88058,0.0271295238,-19.895676,-19.895676,-5.6523554e-05,-5.6523554e-05,-1.8686465e-05,-1.8686465e-05,0.463634201,4346.5244,68.66234,0.00141251691,-1.884419e-06,0.0,10431.62,4340.69,0.0271295238,-16.2464522,1.846245e-05
648.0,78.1902165,10430.4702,-32.6341781,-32.6341781,-35.6456187,-35.6456187,-33.7344077,-33.7344077,0.0271072461,-19.895676,-19.895676,-5.6477139e-05,-5.6477139e-05,-1.867112e-05,-1.867112e-05,0.46384294,4346.5244,68.66234,0.00141135703,-4.458905e-06,0.0,10430.4702,4340.2115,0.0271072461,-16.0764933,1.8254986e-05
648.5,66.3196852,10409.220550000002,-27.7455738,-27.7455738,-30.2449678,-30.2449678,-28.4462882,-28.4462882,0.0265422404,-19.895676,-19.895676,-5.5299967e-05,-5.5299967e-05,-1.8281944e-05,-1.8281944e-05,0.464040455,4346.5244,68.66234,0.00138193965,-2.2705837e-05,0.0,10409.220550000002,4331.3691,0.0265422404,-11.76598065,1.3098104e-05
649.0,50.0673485,10404.67405,-20.8369457,-20.8369457,-22.7034325,-22.7034325,-21.0331264,-21.0331264,0.0257585946,-19.895676,-19.895676,-5.3667264e-05,-5.3667264e-05,-1.7742168e-05,-1.7742168e-05,0.464201071,4346.5244,68.66234,0.00134113857,-2.3135489e-05,0.0,10404.67405,4329.47667,0.0257585946,-5.78742811,6.260436e-06
649.5,33.8150121,10404.5845,-14.0700891,-14.0700891,-15.3302802,-15.3302802,-13.7561421,-13.7561421,0.0091611013,-19.895676,-19.895676,-1.9086882e-05,-1.9086882e-05,3.0242983e-05,3.0242983e-05,0.464319934,4346.5244,68.66234,0.000476978925,-0.001591541755,0.0,10404.5845,4329.42988,0.0091611013,-0.187576646,1.21938e-06
650.0,17.5626749,10404.654149999998,-7.30860143,-7.30860143,-7.96325561,-7.96325561,-6.43534264,-6.43534264,-0.0257821292,-19.895676,-19.895676,5.3716299e-05,5.3716299e-05,0.000162483342,0.000162483342,0.464392799,4346.5244,68.66234,-0.00134236395,-2.2172856e-05,0.0,10404.654149999998,4329.43843,-0.0257821292,5.96698209,6.460021e-06
650.5,1.31033797,10404.6452,-0.545048967,-0.545048967,-0.593869951,-0.593869951,0.05194347,0.05194347,-0.0265593509,-19.895676,-19.895676,5.5335617e-05,5.5335617e-05,0.000167381422,0.000167381422,0.464417111,4346.5244,68.66234,-0.00138283052,-2.3891549e-05,0.0,10404.6452,4329.43412,-0.0265593509,11.8965196,1.3250994e-05
651.0,-14.9419991,10404.64515,6.21761924,6.21761924,6.77454335,6.77454335,8.6717674,8.6717674,-0.0273365088,-19.895676,-19.895676,5.6954802e-05,5.6954802e-05,0.000172279097,0.000172279097,0.464378746,4346.5244,68.66234,-0.00142329377,-2.1765179e-05,0.0,10404.64515,4329.4337,-0.0273365088,17.8255732,2.0427434e-05
651.5,-31.0326703,10404.90255,12.9527537,12.9527537,14.11338085,14.11338085,15.8675188,15.8675188,-0.0281078446,-19.895676,-19.895676,5.8561858e-05,5.8561858e-05,0.000177140072,0.000177140072,0.464255613,4346.5244,68.66234,-0.0014634539,-2.0073486e-05,0.0,10404.90255,4329.54043,-0.0281078446,23.7102087,2.79306e-05
652.0,-36.89123,10424.8845,15.55146715,15.55146715,16.9773063,16.9773063,18.7606691,18.7606691,-0.0283955694,-19.895676,-19.895676,5.9161323e-05,5.9161323e-05,0.000178953316,0.000178953316,0.464045866,4346.5244,68.66234,-0.00147843445,2.084792e-06,0.0,10424.8845,4337.85478,-0.0283955694,25.9052999,3.0812577e-05
652.5,-36.89123,10431.536,15.3566611,15.3566611,16.7754306,16.7754306,18.5628361,18.5628361,-0.0283870008,-19.895676,-19.895676,5.914347e-05,5.914347e-05,0.000178899323,0.000178899323,0.463824647,4346.5244,68.66234,-0.0014779883,-5.61979e-07,0.0,10431.536,4340.62273,-0.0283870008,25.8399291,3.0725534e-05
653.0,-36.89123,10431.69445,15.3508263,15.3508263,16.7693121,16.7693121,18.5568174,18.5568174,-0.0283867347,-19.895676,-19.895676,5.9142917e-05,5.9142917e-05,0.000178897644,0.000178897644,0.463604814,4346.5244,68.66234,-0.00147797447,-6.84549e-07,0.0,10431.69445,4340.68865,-0.0283867347,25.8379024,3.0722836e-05
653.5,-36.89123,10431.6971,15.35071575,15.35071575,16.769196,16.769196,18.5567032,18.5567032,-0.0283867221,-19.895676,-19.895676,5.9142891e-05,5.9142891e-05,0.000178897567,0.000178897567,0.463384979,4346.5244,68.66234,-0.00147797383,-1.18481e-06,0.0,10431.6971,4340.69,-0.0283867221,25.8378061,3.0722708e-05
654.0,-36.89123,10431.698,15.350714,15.350714,16.769194,16.769194,18.556702,18.556702,-0.0283867253,-19.895676,-19.895676,5.9142897e-05,5.9142897e-05,0.000178897588,0.000178897588,0.4631651,4346.5244,68.66234,-0.00147797398,4.37858e-07,0.0,10431.698,4340.69,-0.0283867253,25.8378307,3.072274e-05
654.5,-36.89123,10431.698,15.350714,15.350714,16.769194,16.769194,18.556702,18.556702,-0.0283867007,-19.895676,-19.895676,5.9142846e-05,5.9142846e-05,0.000178897433,0.000178897433,0.462945192,4346.5244,68.66234,-0.00147797269,-5.83405e-07,0.0,10431.698,4340.69,-0.0283867007,25.8376434,3.0722491e-05
655.0,-36.89123,10431.698,15.3507192,15.3507192,16.7692,16.7692,18.5567077,18.5567077,-0.0285227642,-21.5627374,-21.5627374,6.4475438e-05,6.4475438e-05,0.000195026347,0.000195026347,0.462725249,4346.5244,68.66234,-0.00148505696,-2.0707391e-05,0.0,10431.698,4340.69,-0.0285227642,26.8756892,3.2127351e-05
655.5,-36.89123,10431.7004,15.3507337,15.3507337,16.7692194,16.7692194,18.5567268,18.5567268,-0.0303799296,-44.2543352,-44.2543352,0.000141381897,0.000141381897,0.00042762844,0.00042762844,0.462505257,4346.5244,68.66234,-0.00158175149,-7.0750317e-05,0.0,10431.7004,4340.69,-0.0303799296,41.044278,5.2378949e-05
656.0,-36.89123,10431.7038,15.350733,15.350733,16.769224,16.769224,18.5567322,18.5567322,-0.0327493497,-73.1844907,-73.1844907,0.000251578218,0.000251578218,0.000760912835,0.000760912835,0.462285231,4346.5244,68.66234,-0.00170511697,-6.8174185e-05,0.0,10431.7038,4340.69,-0.0327493497,59.1209378,8.1250098e-05
656.5,-36.89123,10430.4272,14.5261362,14.5261362,15.86748293,15.86748293,17.6818359,17.6818359,-0.0350825062,-102.1061415,-102.1061415,0.000375664493,0.000375664493,0.00113620993,0.00113620993,0.462065361,4342.56683,68.66234,-0.00182659433,-4.0978746e-05,0.0,10430.4272,4340.157399999999,-0.0350825062,76.920937,0.000113165251
657.0,-36.89123,8611.6063,-17.3613595,-17.3613595,-15.6085265,-15.6085265,-14.4827043,-14.4827043,-0.0360474818,-131.0359254,-131.0359254,0.000495219353,0.000495219353,0.00149781323,0.00149781323,0.462018571,3540.93069,68.66234,-0.00187683646,-5.1514079e-05,0.0,8611.6063,3583.33188,-0.0360474818,84.2828825,0.000127406041
657.5,-36.89123,6598.17178,13.881543,13.881543,9.57352433,9.57352433,10.35149073,10.35149073,-0.0397902394,-159.961615,-159.961615,0.0006673316,0.0006673316,0.00201837102,0.00201837102,0.462025949,2796.8464,68.66234,-0.00207170568,-0.000131419751,0.0,6598.17178,2745.52466,-0.0397902394,112.8369322,0.000188370952
658.0,-31.2628648,6719.819229999999,13.64331555,13.64331555,9.5953424,9.5953424,10.37795377,10.37795377,-0.0419849523,-188.886731,-188.886731,0.000830815656,0.000830815656,0.00251284922,0.00251284922,0.461909128,2796.8464,68.66234,-0.00218597488,-3.9379672e-05,0.0,6719.819229999999,2796.14189,-0.0419849523,129.580721,0.000227943353
658.5,0.05649649,6766.50331,0.093614305,0.093614305,0.064996299,0.064996299,0.586859813,0.586859813,-0.0428340118,-217.814547,-217.814547,0.000977198096,0.000977198096,0.00295562159,0.00295562159,0.461855134,2796.8464,68.66234,-0.00223018165,-2.6980944e-05,0.0,6766.50331,2815.56699,-0.0428340118,136.058319,0.000244132621
659.0,34.5153941,6769.78079,-14.3598015,-14.3598015,-10.18011763,-10.18011763,-9.44466982,-9.44466982,-0.0435501507,-246.739602,-246.739602,0.0011254511,0.0011254511,0.00340406209,0.00340406209,0.461888145,2796.8464,68.66234,-0.00226746795,-1.7757022e-05,0.0,6769.78079,2816.93037,-0.0435501507,141.521857,0.000258181318
659.5,68.974293,5017.17952,-65.3444361,-65.3444361,-32.8657184,-32.8657184,-31.0514785,-31.0514785,-0.0417383663,-264.395891,-264.395891,0.00115558592,0.00115558592,0.00349524613,0.00349524613,0.462027788,2006.00798,68.66234,-0.0021731362,0.000121979694,0.0,5017.17952,2087.66107,-0.0417383663,127.69948,0.000223513033
660.0,103.4331875,1142.571405,-63.3179212,-63.3179212,-8.51287849,-8.51287849,-7.2092567,-7.2092567,-0.0408238645,-264.58893,-264.58893,0.00113113491,0.00113113491,0.00342129698,0.00342129698,0.462159217,497.141502,68.66234,-0.00212552198,2.775113e-06,0.0,1142.571405,475.408555,-0.0408238645,120.7226059,0.000206514334
660.5,137.8920864,730.960322,-56.0658995,-56.0658995,-4.31121066,-4.31121066,-3.33113833,-3.33113833,-0.0401279397,-264.58893,-264.58893,0.0011118525,0.0011118525,0.00336297879,0.00336297879,0.46218562,297.20227,68.66234,-0.00208928827,5.3984627e-05,0.0,730.960322,304.134551,-0.0401279397,115.413301,0.000194082375
661.0,155.10693,734.661665,-65.0276204,-65.0276204,-5.00317457,-5.00317457,-3.8049782,-3.8049782,-0.0392242388,-264.58893,-264.58893,0.001086813,0.001086813,0.00328724874,0.00328724874,0.462214398,297.20227,68.66234,-0.00204223648,-3.87563e-07,0.0,734.661665,305.675247,-0.0392242388,108.5188272,0.000178298774
661.5,155.10693,713.940386,-64.5630895,-64.5630895,-4.82697435,-4.82697435,-3.65276595,-3.65276595,-0.0392446442,-264.58893,-264.58893,0.00108737837,0.00108737837,0.00328895869,0.00328895869,0.462242939,297.20227,68.66234,-0.00204329885,-9.13173e-07,0.0,713.940386,297.052958,-0.0392446442,108.6745066,0.00017864739
662.0,155.10693,713.351758,-64.5415646,-64.5415646,-4.82138533,-4.82138533,-3.64809232,-3.64809232,-0.0392455248,-264.58893,-264.58893,0.00108740279,0.00108740279,0.00328903254,0.00328903254,0.462271112,297.20227,68.66234,-0.00204334473,-4.29018e-07,0.0,713.351758,296.808014,-0.0392455248,108.6812219,0.000178662445
662.5,155.10693,826.074376,-58.1014566,-58.1014566,-4.876555,-4.876555,-3.83234479,-3.83234479,-0.0395285069,-264.58893,-264.58893,0.00109524357,0.00109524357,0.00331274643,0.00331274643,0.462299302,362.649675,68.66234,-0.00205807834,-2.4881912e-05,0.0,826.074376,343.712576,-0.0395285069,110.8401349,0.000183569226
663.0,155.10693,2420.5385,-45.8253024,-45.8253024,-11.65568625,-11.65568625,-10.71959355,-10.71959355,-0.0400697861,-264.58893,-264.58893,0.00111024116,0.00111024116,0.00335810551,0.00335810551,0.462347746,1019.874502,68.66234,-0.00208626043,3.282345e-06,0.0,2420.5385,1007.180548,-0.0400697861,114.9696305,0.000192969839
663.5,155.10693,4363.89369,-46.6479923,-46.6479923,-21.3186744,-21.3186744,-20.1994339,-20.1994339,-0.0400334375,-264.58893,-264.58893,0.00110923401,0.00110923401,0.00335505947,0.00335505947,0.462454857,1818.52265,68.66234,-0.0020843679,-1.27789e-07,0.0,4363.89369,1815.82502,-0.0400334375,114.692323,0.00019232947
664.0,155.10693,6281.25435,-46.6702875,-46.6702875,-30.6984045,-30.6984045,-29.4002798,-29.4002798,-0.0400324542,-264.58893,-264.58893,0.00110920681,0.00110920681,0.00335497716,0.00335497716,0.462615809,2617.17077,68.66234,-0.00208431674,-3.7059e-07,0.0,6281.25435,2613.65295,-0.0400324542,114.6848265,0.000192312185
664.5,155.10693,7258.12343,-64.9144906,-64.9144906,-49.3373142,-49.3373142,-47.3523366,-47.3523366,-0.0392295796,-264.58893,-264.58893,0.00108696102,0.00108696102,0.00328769631,0.00328769631,0.462847918,2995.5813,68.66234,-0.00204251455,1.8334732e-05,0.0,7258.12343,3020.13579,-0.0392295796,108.5595763,0.000178394307
665.0,155.10693,7192.17707,-64.639995,-64.639995,-48.6844823,-48.6844823,-46.7239803,-46.7239803,-0.0392412354,-264.58893,-264.58893,0.00108728396,0.00108728396,0.00328867309,0.00328867309,0.463119842,2995.5813,68.66234,-0.00204312141,-7.1344e-07,0.0,7192.17707,2992.69505,-0.0392412354,108.6485045,0.000178589141
665.5,155.10693,7189.50255,-64.543082,-64.543082,-48.5933861,-48.5933861,-46.6369978,-46.6369978,-0.039245562,-264.58893,-264.58893,0.00108740381,0.00108740381,0.0032890356,0.0032890356,0.463389126,2995.5813,68.66234,-0.00204334662,1.309852e-06,0.0,7189.50255,2991.58221,-0.039245562,108.6815065,0.000178663079
666.0,155.10693,7189.45104,-64.5411771,-64.5411771,-48.5916042,-48.5916042,-46.6352977,-46.6352977,-0.0392455747,-264.58893,-264.58893,0.00108740418,0.00108740418,0.00328903678,0.00328903678,0.463658314,2995.5813,68.66234,-0.00204334729,2.58857e-07,0.0,7189.45104,2991.56075,-0.0392455747,108.6816085,0.000178663307
666.5,155.10693,7189.44896,-64.5411575,-64.5411575,-48.5915742,-48.5915742,-46.6352677,-46.6352677,-0.0384179923,-254.469147,-254.469147,0.001024137867,0.001024137867,0.00309767091,0.00309767091,0.463927486,2995.5813,68.66234,-0.00200025873,4.7585901e-05,0.0,7189.44896,2991.56032,-0.0384179923,102.3678587,0.000164829625
667.0,155.10693,7189.446429999999,-64.541154,-64.541154,-48.5915568,-48.5915568,-46.63525,-46.63525,-0.0365117303,-231.190473,-231.190473,0.000884341359,0.000884341359,0.00267482224,0.00267482224,0.464196655,2995.5813,68.66234,-0.00190100784,5.5546702e-05,0.0,7189.446429999999,2991.5603,-0.0365117303,87.8246985,0.000134415227
667.5,155.006465,7189.38251,-64.535277,-64.535277,-48.5867016,-48.5867016,-46.6306259,-46.6306259,-0.0346050546,-207.873247,-207.873247,0.000753679192,0.000753679192,0.00227960663,0.00227960663,0.464465824,2995.5813,68.66234,-0.00180173553,5.0401348e-05,0.0,7189.38251,2991.53481,-0.0346050546,73.2783916,0.000106313913
668.0,135.7487166,7151.18381,-56.955242,-56.955242,-42.6584078,-42.6584078,-40.9723707,-40.9723707,-0.0335958994,-184.55362,-184.55362,0.000649341778,0.000649341778,0.00196401306,0.00196401306,0.464726182,2995.5813,68.66234,-0.00174919316,4.525516e-06,0.0,7151.18381,2975.64078,-0.0335958994,65.5793905,9.2289237e-05
668.5,102.3786041,7134.33591,-42.6165711,-42.6165711,-31.8392603,-31.8392603,-30.5748202,-30.5748202,-0.0333019977,-161.235868,-161.235868,0.000562353082,0.000562353082,0.00170089331,0.00170089331,0.464943599,2995.5813,68.66234,-0.00173389097,9.561381e-06,0.0,7134.33591,2968.6303,-0.0333019977,63.3371756,8.8354806e-05
669.0,69.0084918,7133.908160000001,-28.7147492,-28.7147492,-21.4516754,-21.4516754,-20.48937385,-20.48937385,-0.0335136024,-144.33746,-144.33746,0.000506526696,0.000506526696,0.00153203134,0.00153203134,0.465108527,2995.5813,68.66234,-0.00174490826,-2.7652121e-05,0.0,7133.908160000001,2968.45226,-0.0335136024,64.9515298,9.1226353e-05
669.5,37.8160191,7138.86247,-15.4521547,-15.4521547,-11.5499515,-11.5499515,-10.7848502,-10.7848502,-0.0349567254,-143.59279,-143.59279,0.000525644358,0.000525644358,0.00158984655,0.00158984655,0.465215334,2995.5813,68.66234,-0.00182004554,-2.9085781e-05,0.0,7138.86247,2970.51293,-0.0349567254,75.9613419,0.000111266641
670.0,32.67821,7186.45839,-13.2556681,-13.2556681,-9.9765776,-9.9765776,-9.2248755,-9.2248755,-0.0352059066,-143.59279,-143.59279,0.000529391289,0.000529391289,0.00160117812,0.00160117812,0.465282334,2995.5813,68.66234,-0.00183301928,8.117979e-06,0.0,7186.45839,2990.31784,-0.0352059066,77.862374,0.000114826348
670.5,41.1545429,7203.895480000001,-17.0905768,-17.0905768,-12.89306665,-12.89306665,-12.10757945,-12.10757945,-0.0347871756,-143.59279,-143.59279,0.00052309483,0.00052309483,0.00158213622,0.00158213622,0.465358858,2995.5813,68.66234,-0.00181121779,1.1944847e-05,0.0,7203.895480000001,2997.57374,-0.0347871756,74.667819,0.000108808371
671.0,50.4109889,7204.83102,-20.9753292,-20.9753292,-15.82563935,-15.82563935,-14.9820238,-14.9820238,-0.0343429973,-143.59279,-143.59279,0.000516415726,0.000516415726,0.00156193697,0.00156193697,0.46545439,2995.5813,68.66234,-0.00178809132,1.294117e-05,0.0,7204.83102,2997.96329,-0.0343429973,71.2791125,0.000102544171
671.5,59.667436,7204.84881,-24.8278915,-24.8278915,-18.7323966,-18.7323966,-17.8360592,-17.8360592,-0.0339003075,-143.59279,-143.59279,0.000509758999,0.000509758999,0.00154180539,0.00154180539,0.465567514,2995.5813,68.66234,-0.00176504237,1.263482e-05,0.0,7204.84881,2997.971,-0.0339003075,67.9017698,9.6426546e-05
672.0,68.9238825,6069.94511,-52.2122703,-52.2122703,-32.7769626,-32.7769626,-31.3278978,-31.3278978,-0.0308496053,-124.353661,-124.353661,0.000404204434,0.000404204434,0.001222553495,0.001222553495,0.465728467,2483.84899,68.66234,-0.00160620552,0.000165050672,0.0,6069.94511,2525.73096,-0.0308496053,44.6275068,5.8448694e-05
672.5,78.1803285,4371.54201,-34.7943453,-34.7943453,-15.9714335,-15.9714335,-15.11932335,-15.11932335,-0.0224806861,-66.9261432,-66.9261432,0.000171181945,0.000171181945,0.000537277427,0.000537277427,0.465881264,1851.7506,68.66234,-0.00117047208,0.002499867502,0.0,4371.54201,1819.01778,-0.0224806861,12.96526217,1.4945054e-05
673.0,84.0376265,4439.23393,-34.9019387,-34.9019387,-16.225108,-16.225108,-15.3786584,-15.3786584,0.0283138617,-8.444890753,-8.444890753,-2.2594764e-05,-2.2594764e-05,2.3486686e-05,2.3486686e-05,0.465983444,1848.656,68.66234,0.0014741803,0.000137208545,0.0,4439.23393,1847.21457,0.0283138617,-25.2819445,3.0601875e-05
673.5,84.122765,4436.90941,-35.0106453,-35.0106453,-16.2670688,-16.2670688,-15.4184941,-15.4184941,0.0331102725,50.0303467,50.0303467,0.000175888425,0.000175888425,0.000531990096,0.000531990096,0.466090673,1848.656,68.66234,0.00172390865,0.000139117649,0.0,4436.90941,1846.25009,0.0331102725,-61.8744718,8.6419219e-05
674.0,84.122765,4436.72512,-35.0042638,-35.0042638,-16.2634284,-16.2634284,-15.41500305,-15.41500305,0.0376028709,102.204068,102.204068,0.000403533216,0.000403533216,0.001220489245,0.001220489245,0.466197817,1848.656,67.5656713,0.00195781879,0.000101192041,0.0,4436.72512,1846.17603,0.0376028709,-94.4785021,0.000149083171
674.5,84.0998125,4436.70585,-35.0030859,-35.0030859,-16.2628107,-16.2628107,-15.41441195,-15.41441195,0.0408835362,110.522484,110.522484,0.000473181458,0.000473181458,0.00143112668,0.00143112668,0.46630496,1848.656,56.7109726,0.00212862888,0.000108024078,0.0,4436.70585,1846.17003,0.0408835362,-99.6632235,0.000170675223
675.0,78.5279556,4425.625969999999,-32.8146814,-32.8146814,-15.2085276,-15.2085276,-14.4074929,-14.4074929,0.0429287356,110.522484,110.522484,0.000496852368,0.000496852368,0.00150270831,0.00150270831,0.466410014,1848.656,49.037983,0.00223511352,-4.107315e-06,0.0,4425.625969999999,1841.56066,0.0429287356,-97.6910143,0.000175674667
675.5,68.7728874,4420.608829999999,-28.6215575,-28.6215575,-13.2496508,-13.2496508,-12.52708115,-12.52708115,0.0422855881,110.522484,110.522484,0.000489408643,0.000489408643,0.00148019844,0.00148019844,0.466504957,1848.656,48.98945,0.00220162764,-1.993159e-05,0.0,4420.608829999999,1839.4726,0.0422855881,-94.0901565,0.000166665675
676.0,59.0178222,4420.48208,-24.55777,-24.55777,-11.3680816,-11.3680816,-10.7174436,-10.7174436,0.041631524,110.522484,110.522484,0.000481838592,0.000481838592,0.00145730633,0.00145730633,0.46658822,1848.656,48.98945,0.00216757333,-1.9852096e-05,0.0,4420.48208,1839.41955,0.041631524,-90.5299075,0.000157879268
676.5,49.2627555,4420.48079,-20.4987262,-20.4987262,-9.4890992,-9.4890992,-8.8962632,-8.8962632,0.0409777905,110.522484,110.522484,0.00047427236,0.00047427236,0.00143442573,0.00143442573,0.466659581,1848.656,48.98945,0.00213353633,-1.8454309e-05,0.0,4420.48079,1839.41857,0.0409777905,-86.9714609,0.000149292271
677.0,39.5076894,4420.48077,-16.439714,-16.439714,-7.61013532,-7.61013532,-7.07190124,-7.07190124,0.0403240654,110.522484,110.522484,0.000466706212,0.000466706212,0.00141154525,0.00141154525,0.466718645,1848.656,48.98945,0.00209949968,-1.8807609e-05,0.0,4420.48077,1839.41824,0.0403240654,-83.4130566,0.000140900249
677.5,29.7526232,4420.48211,-12.3798069,-12.3798069,-5.73075863,-5.73075863,-5.23919683,-5.23919683,0.0396703188,110.522484,110.522484,0.000459139816,0.000459139816,0.00138866395,0.00138866395,0.466764921,1848.656,48.98945,0.00206546193,-2.0863207e-05,0.0,4420.48211,1839.41837,0.0396703188,-79.8545325,0.000132702837
678.0,19.9975565,4420.48307,-8.32093686,-8.32093686,-3.85186043,-3.85186043,-3.35826994,-3.35826994,0.0390165044,110.522484,110.522484,0.00045157264,0.00045157264,0.00136578017,0.00136578017,0.466797908,1848.656,48.98945,0.00203142057,-1.9463591e-05,0.0,4420.48307,1839.41839,0.0390165044,-76.2956445,0.000124699502
678.5,11.4332214,4530.13665,1.71824731,1.71824731,0.97420271,0.97420271,1.45222142,1.45222142,0.0380440488,110.522484,110.522484,0.00044031755,0.00044031755,0.0013317436,0.0013317436,0.466813003,1911.721,48.98945,0.00198078907,-5.0314008e-05,0.0,4530.13665,1885.04549,0.0380440488,-71.0023045,0.000113230554
679.0,10.185186,6169.0935,15.14909045,15.14909045,9.74054875,9.74054875,10.4731733,10.4731733,0.0371617816,110.522484,110.522484,0.000430106287,0.000430106287,0.00130086354,0.00130086354,0.466748342,2583.2232,48.98945,0.0019348532,2.068262e-06,0.0,6169.0935,2567.02704,0.0371617816,-66.1998835,0.000103049177
679.5,10.185186,8171.87767,13.11159257,13.11159257,11.12010599,11.12010599,12.15798639,12.15798639,0.0372870562,110.522484,110.522484,0.000431556206,0.000431556206,0.00130524829,0.00130524829,0.4666356,3401.01231,48.98945,0.00194137573,1.999097e-05,0.0,8171.87767,3400.4004,0.0372870562,-66.8817871,0.000104470717
680.0,10.185186,8976.611,-5.39377231,-5.39377231,-5.07124656,-5.07124656,-3.95963366,-3.95963366,0.0384293325,110.522484,110.522484,0.000444776779,0.000444776779,0.00134522884,0.00134522884,0.466593122,3714.635,48.98945,0.00200084908,6.496192e-06,0.0,8976.611,3735.25658,0.0384293325,-73.0995064,0.000117670709
680.5,10.185186,8916.9673,-4.30733255,-4.30733255,-4.02212622,-4.02212622,-3.039393,-3.039393,0.0383698284,110.5863756,110.5863756,0.000444344823,0.000444344823,0.00134392269,0.00134392269,0.466619748,3714.635,48.98945,0.00199775097,-1.498531e-06,0.0,8916.9673,3710.43835,0.0383698284,-72.7756083,0.000116967259
681.0,10.185186,8915.1063,-4.23947222,-4.23947222,-3.9579194,-3.9579194,-2.9851283,-2.9851283,0.0383989457,110.8764625,110.8764625,0.000445848571,0.000445848571,0.0013484707,0.0013484707,0.466643035,3714.635,48.98945,0.00199926704,-1.30464e-07,0.0,8915.1063,3709.66401,0.0383989457,-72.934106,0.000117310978
681.5,10.185186,8915.070600000001,-4.23815664,-4.23815664,-3.95667544,-3.95667544,-2.98408047,-2.98408047,0.0384343213,111.1858999,111.1858999,0.000447504743,0.000447504743,0.00135347971,0.00135347971,0.466666224,3714.635,48.98945,0.00200110883,1.99692e-07,0.0,8915.070600000001,3709.64929,0.0384343213,-73.1266608,0.000117729061
682.0,10.185186,8915.07,-4.23813214,-4.23813214,-3.95665228,-3.95665228,-2.98406096,-2.98406096,0.038469852,111.4953036,111.4953036,0.000449164883,0.000449164883,0.00135850073,0.00135850073,0.466689411,3714.635,48.98945,0.0020029588,1.890873e-06,0.0,8915.07,3709.649,0.038469852,-73.3200681,0.000118149548
682.5,10.185186,8915.07,-4.2381315,-4.2381315,-3.9566517,-3.9566517,-2.9840605,-2.9840605,0.0385054144,111.8047075,111.8047075,0.000450827722,0.000450827722,0.00136352984,0.00136352984,0.466712595,3714.635,48.98945,0.00200481042,1.30359e-07,0.0,8915.07,3709.649,0.0385054144,-73.5136469,0.000118570998
683.0,10.185186,8915.07,-4.2381315,-4.2381315,-3.9566517,-3.9566517,-2.9840605,-2.9840605,0.0385408291,112.1141039,112.1141039,0.000452491066,0.000452491066,0.00136856057,0.00136856057,0.466735785,3714.635,48.98945,0.00200665424,-1.530746e-06,0.0,8915.07,3709.649,0.0385408291,-73.7064105,0.000118991245
683.5,10.185186,8915.07,-4.2381315,-4.2381315,-3.95665146,-3.95665146,-2.98406034,-2.98406034,0.03856265,112.30328,112.30328,0.000453511098,0.000453511098,0.00137164565,0.00137164565,0.466758974,3714.635,48.98945,0.00200779038,4.0286e-08,0.0,8915.07,3709.649,0.03856265,-73.8251914,0.000119250455
684.0,10.185186,8915.07,-4.2381315,-4.2381315,-3.9566514,-3.9566514,-2.9840603,-2.9840603,0.0385629029,112.30539,112.30539,0.000453522588,0.000453522588,0.00137168036,0.00137168036,0.466782163,3714.635,48.98945,0.00200780349,1.401288e-06,0.0,8915.07,3709.649,0.0385629029,-73.8265654,0.00011925346
684.5,9.2374135,8912.992699999999,-3.88239901,-3.88239901,-3.62374938,-3.62374938,-2.70767525,-2.70767525,0.0385019331,112.30539,112.30539,0.00045280555,0.00045280555,0.00136951197,0.00136951197,0.466804813,3714.635,48.98945,0.00200462907,-1.596187e-06,0.0,8912.992699999999,3708.78452,0.0385019331,-73.4946901,0.000118530227
685.0,6.54218774,8910.617699999999,-2.72564778,-2.72564778,-2.54335319,-2.54335319,-1.87634172,-1.87634172,0.0383191515,112.30539,112.30539,0.00045065593,0.00045065593,0.00136301132,0.00136301132,0.466822741,3714.635,48.98945,0.00199511244,-6.518885e-06,0.0,8910.617699999999,3707.79619,0.0383191515,-72.4997612,0.000116370642
685.5,3.81076248,8910.525899999999,-1.5857449,-1.5857449,-1.47967151,-1.47967151,-1.09162323,-1.09162323,0.0381359521,112.30539,112.30539,0.000448501404,0.000448501404,0.00135649577,0.00135649577,0.466834441,3714.635,48.98945,0.00198557405,-5.778679e-06,0.0,8910.525899999999,3707.75805,0.0381359521,-71.5025583,0.000114221322
686.0,1.079337377,8910.5243,-0.4491619453,-0.4491619453,-0.4191165747,-0.4191165747,-0.3056027615,-0.3056027615,0.0379528817,112.30539,112.30539,0.000446348389,0.000446348389,0.00134998478,0.00134998478,0.466840012,3714.635,48.98945,0.00197604237,-6.360411e-06,0.0,8910.5243,3707.75713,0.0379528817,-70.5060546,0.000112088801
686.5,-1.652087762,8910.5246,0.687372171,0.687372171,0.641392474,0.641392474,0.869393458,0.869393458,0.0377698054,112.30539,112.30539,0.000444195303,0.000444195303,0.00134347363,0.00134347363,0.46683815,3714.635,48.98945,0.00196651038,-5.450123e-06,0.0,8910.5246,3707.75724,0.0377698054,-69.509523,0.000109971501
687.0,-4.38351291,8910.5248,1.82404857,1.82404857,1.70203435,1.70203435,2.30707033,2.30707033,0.037586729,112.30539,112.30539,0.000442042209,0.000442042209,0.00133696242,0.00133696242,0.466825104,3714.635,48.98945,0.00195697841,-7.125576e-06,0.0,8910.5248,3707.75721,0.037586729,-68.5129863,0.000107869479
687.5,-7.11493804,8910.5249,2.96039667,2.96039667,2.76236995,2.76236995,3.74433209,3.74433209,0.0374036996,112.30539,112.30539,0.000439889686,0.000439889686,0.00133045292,0.00133045292,0.466799816,3714.635,48.98945,0.00194744884,-6.101786e-06,0.0,8910.5249,3707.75718,0.0374036996,-67.516711,0.00010578328
688.0,-9.84636315,8910.525099999999,4.09712739,4.09712739,3.8230626,3.8230626,5.08553891,5.08553891,0.0372205746,112.30539,112.30539,0.000437736025,0.000437736025,0.00132393994,0.00132393994,0.466762085,3714.635,48.98945,0.0019379143,-4.950547e-06,0.0,8910.525099999999,3707.75721,0.0372205746,-66.5199095,0.000103711275
688.5,-12.5777884,8910.5255,5.23376464,5.23376464,4.88366821,4.88366821,6.28848725,6.28848725,0.0370376062,112.30539,112.30539,0.000435584203,0.000435584203,0.00131743257,0.00131743257,0.466712749,3714.635,48.98945,0.00192838796,-1.245704e-06,0.0,8910.5255,3707.75716,0.0370376062,-65.5239655,0.00010165632
689.0,-15.2349234,8910.6726,6.3536384,6.3536384,5.9287352,5.9287352,7.40085003,7.40085003,0.0368586864,112.30539,112.30539,0.000433480002,0.000433480002,0.00131106916,0.00131106916,0.466652271,3714.635,48.98945,0.00191907234,-3.460994e-06,0.0,8910.6726,3707.81834,0.0368586864,-64.5500523,9.9661465e-05
689.5,-16.030333,8914.2102,6.69749994,6.69749994,6.25207342,6.25207342,7.73499439,7.73499439,0.0368043476,112.30539,112.30539,0.000432840932,0.000432840932,0.00130913658,0.00130913658,0.466583889,3714.635,48.98945,0.00191624315,1.242867e-06,0.0,8914.2102,3709.2901,0.0368043476,-64.2542711,9.9058041e-05
690.0,-16.030333,8915.053,6.671051,6.671051,6.22797431,6.22797431,7.71096377,7.71096377,0.0368060159,112.30539,112.30539,0.000432860561,0.000432860561,0.00130919594,0.00130919594,0.46651491,3714.635,48.98945,0.00191633005,-3.26638e-07,0.0,8915.053,3709.64099,0.0368060159,-64.2633566,9.907654e-05
690.5,-16.030333,8915.0718,6.67035323,6.67035323,6.22733622,6.22733622,7.71032516,7.71032516,0.0368059443,112.30539,112.30539,0.000432859719,0.000432859719,0.00130919335,0.00130919335,0.466446002,3714.635,48.98945,0.00191632629,2.118363e-06,0.0,8915.0718,3709.64888,0.0368059443,-64.2629624,9.9075738e-05
691.0,-16.030333,8915.0722,6.67034337,6.67034337,6.22732727,6.22732727,7.71031636,7.71031636,0.0367296622,111.6356084,111.6356084,0.000429403813,0.000429403813,0.00129874107,0.00129874107,0.466377091,3714.635,48.98945,0.00191235462,-1.6912261e-05,0.0,8915.0722,3709.649,0.0367296622,-63.8477399,9.8235893e-05
691.5,-16.030333,8915.0742,6.6703539,6.6703539,6.2273383,6.2273383,7.71032808,7.71032808,0.0354850977,100.782851,100.782851,0.000374710632,0.000374710632,0.00113332311,0.00113332311,0.466308184,3714.635,48.98945,0.00184755551,-4.6481765e-05,0.0,8915.0742,3709.649,0.0354850977,-57.0732365,8.4884055e-05
692.0,-16.030333,8915.0765,6.670353,6.670353,6.22733923,6.22733923,7.71033,7.71033,0.0338443204,86.487064,86.487064,0.000306727379,0.000306727379,0.000927709882,0.000927709882,0.46623927,3714.635,48.98945,0.00176212735,-4.7067712e-05,0.0,8915.0765,3709.649,0.0338443204,-48.1420368,6.8300042e-05
692.5,-16.030333,8915.078899999999,6.670353,6.670353,6.22734068,6.22734068,7.71033268,7.71033268,0.0322038479,72.1937593,72.1937593,0.000243667331,0.000243667331,0.000736987439,0.000736987439,0.466170362,3714.635,48.98945,0.00167671504,-4.7005259e-05,0.0,8915.078899999999,3709.649,0.0322038479,-39.2125026,5.2946404e-05
693.0,-16.030333,8915.0812,6.670353,6.670353,6.22734232,6.22734232,7.71033523,7.71033523,0.030563219,57.8997408,57.8997408,0.000185514952,0.000185514952,0.000561108035,0.000561108035,0.466101456,3714.635,48.98945,0.00159129459,-4.6020306e-05,0.0,8915.0812,3709.649,0.030563219,-30.2821135,3.8818682e-05
693.5,-16.030333,8915.0827,6.67034037,6.67034037,6.2273315,6.2273315,7.71032483,7.71032483,0.0296823302,50.23964,50.23964,0.000156161193,0.000156161193,0.00047232907,0.00047232907,0.466032545,3714.635,48.98945,0.00154543054,2.55009e-06,0.0,8915.0827,3709.649,0.0296823302,-25.4871967,3.1689011e-05
694.0,-16.030333,8915.082,6.67033964,6.67033964,6.2273307,6.2273307,7.71032418,7.71032418,0.02968232,50.23964,50.23964,0.00015616114,0.00015616114,0.000472328905,0.000472328905,0.465963639,3714.635,48.98945,0.00154543002,-4.02817e-07,0.0,8915.082,3709.649,0.02968232,-25.4871421,3.1688932e-05
694.5,-16.030333,8915.082,6.67033976,6.67033976,6.22733073,6.22733073,7.7103243,7.7103243,0.0296823609,50.23964,50.23964,0.000156161349,0.000156161349,0.000472329553,0.000472329553,0.465894727,3714.635,48.98945,0.00154543212,-7.78499e-07,0.0,8915.082,3709.649,0.0296823609,-25.4873625,3.1689249e-05
695.0,-15.1205425,8917.2168,6.35547386,6.35547386,5.93470013,5.93470013,7.40814158,7.40814158,0.0297392302,50.23964,50.23964,0.000156460549,0.000156460549,0.000473234426,0.000473234426,0.465826331,3714.635,48.98945,0.00154839308,5.86024e-06,0.0,8917.2168,3710.53717,0.0297392302,-25.7969192,3.2136542e-05
695.5,-10.4863435,8923.0394,4.37839231,4.37839231,4.09122613,4.09122613,5.39190865,5.39190865,0.0300526261,50.23964,50.23964,0.000158109347,0.000158109347,0.000478220961,0.000478220961,0.46576926,3714.635,48.98945,0.00156471021,1.0357099e-05,0.0,8923.0394,3712.96013,0.0300526261,-27.5028167,3.4623863e-05
696.0,-5.45175431,8923.4527,2.26877995,2.26877995,2.1200877,2.1200877,2.87559087,2.87559087,0.0303909337,50.23964,50.23964,0.000159889213,0.000159889213,0.000483603871,0.000483603871,0.465733818,3714.635,48.98945,0.00158232442,7.829024e-06,0.0,8923.4527,3713.13242,0.0303909337,-29.3443187,3.7357826e-05
696.5,-0.417164435,8923.4604,0.173623564,0.173623564,0.1622447604,0.1622447604,0.3253494035,0.3253494035,0.0307283458,50.23964,50.23964,0.000161664369,0.000161664369,0.000488972519,0.000488972519,0.465720877,3714.635,48.98945,0.00159989206,8.223309e-06,0.0,8923.4604,3713.1357,0.0307283458,-31.1809453,4.0136567e-05
697.0,4.6174255,8923.4604,-1.921518033,-1.921518033,-1.795586675,-1.795586675,-1.323832107,-1.323832107,0.0310657725,50.23964,50.23964,0.000163439595,0.000163439595,0.000494341403,0.000494341403,0.465725316,3714.635,48.98945,0.0016174604,1.0169466e-05,0.0,8923.4604,3713.13577,0.0310657725,-33.0176495,4.2967349e-05
697.5,9.6520155,8923.46,-4.01631457,-4.01631457,-3.75309555,-3.75309555,-2.82250357,-2.82250357,0.0314032383,50.23964,50.23964,0.000165215032,0.000165215032,0.000499710882,0.000499710882,0.465741433,3714.635,48.98945,0.00163503079,1.2416197e-05,0.0,8923.46,3713.13591,0.0314032383,-34.8545679,4.5850388e-05
698.0,14.686605,8923.463399999999,-6.11115185,-6.11115185,-5.71064461,-5.71064461,-4.54809249,-4.54809249,0.0287805558,24.39349371,24.39349371,7.7091694e-05,7.7091694e-05,0.000235843668,0.000235843668,0.465769704,3714.635,48.98945,0.00149847906,-0.000176864847,0.0,8923.463399999999,3713.1356,0.0287805558,-20.57859313,2.5658316e-05
698.5,19.7211952,8923.5331,-8.20567497,-8.20567497,-7.66795974,-7.66795974,-6.4578716,-6.4578716,-0.0211707617,-38.3127086,-38.3127086,0.000107900487,0.000107900487,0.000333402596,0.000333402596,0.465811227,3714.635,48.98945,-0.001102269975,-0.002059231302,0.0,8923.5331,3713.13559,-0.0211707617,16.313911546,2.0127981e-05
699.0,24.755785,8923.553100000001,-10.30095255,-10.30095255,-9.6259543,-9.6259543,-8.51574523,-8.51574523,-0.0349522196,-101.3079394,-101.3079394,0.000374556807,0.000374556807,0.00113286043,0.00113286043,0.465866807,3714.635,48.98945,-0.00181981087,-0.000197923742,0.0,8923.553100000001,3713.13585,-0.0349522196,54.1726393,8.0206441e-05
699.5,28.4822671,8920.578,-11.9202469,-11.9202469,-11.13539635,-11.13539635,-10.005173,-10.005173,-0.0401453423,-148.725221,-148.725221,0.000625540476,0.000625540476,0.0018919617,0.0018919617,0.465935411,3714.635,48.98945,-0.00209019428,-6.0645051e-05,0.0,8920.578,3711.89484,-0.0401453423,82.4402166,0.000138703167
700.0,28.676838,8859.9622,-15.4426293,-15.4426293,-14.27995465,-14.27995465,-13.1191157,-13.1191157,-0.0402414542,-151.49934,-151.49934,0.000638429616,0.000638429616,0.00193094663,0.00193094663,0.466011274,3681.11637,48.98945,-0.00209519841,2.9047925e-05,0.0,8859.9622,3686.67218,-0.0402414542,82.9633774,0.000139867334
700.5,28.676838,8042.58566,-17.9776116,-17.9776116,-15.2500149,-15.2500149,-14.29363844,-14.29363844,-0.0400834171,-151.49934,-151.49934,0.000635922375,0.000635922375,0.00192336429,0.00192336429,0.46612242,3356.88242,48.98945,-0.00208697012,-1.534213e-05,0.0,8042.58566,3346.55582,-0.0400834171,82.10314,0.00013788503
701.0,28.676838,8633.74607,34.67904893,8.85158463,34.45141292,8.77293372,37.69261765,9.93176395,-0.0358113479,-151.49934,-99.6938125,0.000568146109,0.000404681693,0.00171839899,0.00122397405,0.466131079,3714.65164,48.98945,-0.00186454191,0.00051782488,0.0,8633.74607,3592.54457,-0.0358113479,58.849106,9.5295233e-05
701.5,28.676838,10633.5451,-1.2019974,-8.7600057,-1.68256312,-9.87494072,0.75150376,-8.20634484,-0.0383209343,-151.49934,-131.2309791,0.000607960636,0.000543495274,0.00183880131,0.001643817733,0.465999119,4325.9453,48.98945,-0.00199520521,-0.000156939944,0.0,10633.5451,4424.67432,-0.0383209343,72.5094647,0.000119954208
702.0,28.661941,9925.5231,-23.6959263,-23.6959263,-24.5134517,-24.5134517,-22.9066769,-22.9066769,-0.0397325302,-151.49934,-151.49934,0.000630355552,0.000630355552,0.00190652938,0.00190652938,0.466118814,4107.52199,48.98945,-0.00206870095,2.1316858e-05,0.0,9925.5231,4130.06024,-0.0397325302,80.1931656,0.000133482433
702.5,24.8000746,8497.00671,-23.3034224,-23.3034224,-20.7772119,-20.7772119,-19.6191352,-19.6191352,-0.0399151314,-151.49934,-151.49934,0.000633252519,0.000633252519,0.00191529026,0.00191529026,0.466266903,3541.9909,48.98945,-0.00207820823,-1.513788e-05,0.0,8497.00671,3535.6439,-0.0399151314,81.1871126,0.000135746301
703.0,18.0222692,7122.32185,-20.2540842,-20.2540842,-15.1400217,-15.1400217,-14.30640585,-14.30640585,-0.0403834991,-151.49934,-151.49934,0.000640683168,0.000640683168,0.00193776162,0.00193776162,0.466382645,2972.24153,48.98945,-0.00210259406,-1.3377991e-05,0.0,7122.32185,2963.6271,-0.0403834991,83.7365651,0.000141651007
703.5,11.24446445,5816.91452,-13.48411136,-13.48411136,-8.37652434,-8.37652434,-7.782263146,-7.782263146,-0.0410803444,-151.49934,-151.49934,0.000651738584,0.000651738584,0.00197119483,0.00197119483,0.466466172,2440.14598,48.98945,-0.00213887583,-4.8603437e-05,0.0,5816.91452,2420.43713,-0.0410803444,87.5296839,0.000150668471
704.0,4.46665956,5548.34896,-1.191922424,-1.191922424,-0.692034364,-0.692034364,-0.546700572,-0.546700572,-0.040522704,-137.546522,-137.546522,0.000584820202,0.000584820202,0.00176879314,0.00176879314,0.466489414,2325.702,48.98945,-0.00210984195,9.8110426e-05,0.0,5548.34896,2308.68533,-0.040522704,84.4942952,0.000143681563
704.5,-2.3111454714,5569.94011,0.9807508941,0.9807508941,0.572093963,0.572093963,0.7308886,0.7308886,-0.0367309413,-100.898387,-100.898387,0.000389309664,0.000389309664,0.001177473294,0.001177473294,0.46648965,2325.702,48.98945,-0.0019124212,0.000112885387,0.0,5569.94011,2317.67171,-0.0367309413,63.8547019,9.8515609e-05
705.0,-9.08895055,5570.43946,3.78232108,3.78232108,2.20636114,2.20636114,2.75483602,2.75483602,-0.0329441111,-63.9584727,-63.9584727,0.000221858622,0.000221858622,0.000671025615,0.000671025615,0.466475245,2325.702,48.98945,-0.00171525739,0.000109230978,0.0,5570.43946,2317.88171,-0.0329441111,43.2419586,5.9941771e-05
705.5,-13.2270944,5576.10611,5.60284444,5.60284444,3.27166685,3.27166685,3.95639947,3.95639947,-0.0289878298,-27.0157282,-27.0157282,8.3357889e-05,8.3357889e-05,0.000252134668,0.000252134668,0.466445704,2325.702,48.98945,-0.00150927089,0.000120696855,0.0,5576.10611,2320.24199,-0.0289878298,21.7068416,2.6693324e-05
706.0,-13.272689,5581.49694,5.52939315,5.52939315,3.23189146,3.23189146,3.91442612,3.91442612,-0.002257144382,9.91970978,9.91970978,2.269567e-05,2.269567e-05,7.7942121e-05,7.7942121e-05,0.466412417,2325.702,48.98945,-0.000117519712,0.00153527115,0.0,5581.49694,2322.50077,-0.002257144382,-1.06700777,6.101501e-06
706.5,-13.272689,5581.637430000001,5.52301344,5.52301344,3.22824403,3.22824403,3.91053264,3.91053264,0.0294758466,46.868034,46.868034,0.00014602103,0.00014602103,0.000441659624,0.000441659624,0.466379383,2325.702,48.98945,0.00153467985,0.000120545878,0.0,5581.637430000001,2322.57781,0.0294758466,-24.3632535,3.0419062e-05
707.0,-13.272689,5581.63687,5.52283403,5.52283403,3.22813876,3.22813876,3.91041996,3.91041996,0.0337159945,83.8102342,83.8102342,0.000297264642,0.000297264642,0.000899089946,0.000899089946,0.466346354,2325.702,48.98945,0.00175544596,0.000121728228,0.0,5581.63687,2322.57998,0.0337159945,-47.4435266,6.7342314e-05
707.5,-13.272689,5581.631240000001,5.52283,5.52283,3.22813301,3.22813301,3.91041335,3.91041335,0.0379560836,120.7525755,120.7525755,0.000481314663,0.000481314663,0.00145574427,0.00145574427,0.466313328,2325.702,48.98945,0.00197620907,0.000122843136,0.0,5581.631240000001,2322.58,0.0379560836,-70.523486,0.000112463467
708.0,-13.272689,5581.62525,5.52283105,5.52283105,3.22813014,3.22813014,3.9104099,3.9104099,0.0421818114,157.565826,157.565826,0.000697314764,0.000697314764,0.00210903918,0.00210903918,0.466280286,2325.702,48.98945,0.00219622447,0.00010875428,0.0,5581.62525,2322.58,0.0421818114,-93.5252726,0.000165576579
708.5,-10.03100972,5589.263929999999,4.41333593,4.41333593,2.58182289,2.58182289,3.16308884,3.16308884,0.0441621829,173.02866,173.02866,0.000800197528,0.000800197528,0.00242021093,0.00242021093,0.466248307,2325.702,48.98945,0.00229933385,2.67271e-05,0.0,5589.263929999999,2325.75977,0.0441621829,-104.3049728,0.000192962754
709.0,7.734668315,5612.29747,-3.154696834,-3.154696834,-1.854478035,-1.854478035,-1.5011290075,-1.5011290075,0.0453629662,173.02866,173.02866,0.000821955134,0.000821955134,0.00248600853,0.00248600853,0.466240288,2325.702,48.98945,0.00236185341,4.043913e-05,0.0,5612.29747,2335.34491,0.0453629662,-110.8411621,0.00021064862
709.5,27.2403661,5614.04801,-11.33236847,-11.33236847,-6.66232638,-6.66232638,-6.06393754,-6.06393754,0.0466740136,173.02866,173.02866,0.000845710682,0.000845710682,0.00255784759,0.00255784759,0.466268796,2325.702,48.98945,0.00243011391,3.7179633e-05,0.0,5614.04801,2336.07406,0.0466740136,-117.977549,0.000230687282
710.0,46.746065,5614.081,-19.4516493,-19.4516493,-11.43572535,-11.43572535,-10.7585299,-10.7585299,0.0479813134,173.02866,173.02866,0.000869398329,0.000869398329,0.00262948083,0.00262948083,0.466330593,2325.702,48.98945,0.00249817942,3.7899879e-05,0.0,5614.081,2336.08857,0.0479813134,-125.0935352,0.00025144971
710.5,66.2517647,5614.080599999999,-27.5669901,-27.5669901,-16.20677495,-16.20677495,-15.40183845,-15.40183845,0.0492885818,173.02866,173.02866,0.00089308542,0.00089308542,0.00270111184,0.00270111184,0.466423006,2325.702,48.98945,0.00256624323,3.7278309e-05,0.0,5614.080599999999,2336.08916,0.0492885818,-132.209356,0.000272990948
711.0,85.7574615,5614.07966,-35.6847914,-35.6847914,-20.9792689,-20.9792689,-20.0125671,-20.0125671,0.0505958691,173.02866,173.02866,0.000916772814,0.000916772814,0.00277274326,0.00277274326,0.466543807,2325.702,48.98945,0.00263430798,3.5769707e-05,0.0,5614.07966,2336.08948,0.0505958691,-139.325278,0.000295311834
711.5,105.2631591,5614.0769,-43.8019194,-43.8019194,-25.7513567,-25.7513567,-24.590784,-24.590784,0.0519030505,173.02866,173.02866,0.000940458303,0.000940458303,0.00284436837,0.00284436837,0.466691164,2325.702,48.98945,0.00270236729,3.7963389e-05,0.0,5614.0769,2336.08922,0.0519030505,-146.440615,0.000318410132
712.0,124.7688569,5614.075989999999,-51.9173965,-51.9173965,-30.5224793,-30.5224793,-29.136247,-29.136247,0.05321023,173.02866,173.02866,0.000964143785,0.000964143785,0.00291599282,0.00291599282,0.46686352,2325.702,48.98945,0.00277042652,4.0368254e-05,0.0,5614.075989999999,2336.08957,0.05321023,-153.555951,0.000342287608
712.5,138.723824,5647.78654,-55.0193041,-55.0193041,-32.508828,-32.508828,-31.0213513,-31.0213513,0.0539805933,173.02866,173.02866,0.000978102364,0.000978102364,0.00295820318,0.00295820318,0.467057086,2353.84086,48.98945,0.00281053596,-2.0147051e-05,0.0,5647.78654,2350.11716,0.0539805933,-157.749245,0.000356708191
713.0,139.28671,6477.91337,-47.5537736,-47.5537736,-32.2711667,-32.2711667,-30.9275079,-30.9275079,0.0535424062,173.02866,173.02866,0.000970162655,0.000970162655,0.00293419373,0.00293419373,0.467245854,2706.09503,48.98945,0.00278772148,2.437624e-06,0.0,6477.91337,2695.53891,0.0535424062,-155.364076,0.000348447427
713.5,139.28671,7557.175260000001,-48.033032,-48.033032,-38.0130689,-38.0130689,-36.5253981,-36.5253981,0.0535720982,173.02866,173.02866,0.000970700665,0.000970700665,0.00293582063,0.00293582063,0.467454101,3149.01768,48.98945,0.0027892674,-1.105257e-06,0.0,7557.175260000001,3144.62764,0.0535720982,-155.525696,0.000349003214
714.0,139.28671,8620.57447,-48.0471876,-48.0471876,-43.37434,-43.37434,-41.5802169,-41.5802169,0.0535729447,173.02866,173.02866,0.000970715984,0.000970715984,0.00293586701,0.00293586701,0.467688018,3591.94038,48.98945,0.00278931148,4.57036e-07,0.0,8620.57447,3587.11596,0.0535729447,-155.530306,0.000349019061
714.5,139.28671,9548.97495,-53.230881,-53.230881,-53.2995267,-53.2995267,-51.0067177,-51.0067177,0.0538918054,173.02866,173.02866,0.000976493604,0.000976493604,0.00295333828,0.00295333828,0.467950236,3966.19148,48.98945,0.00280591317,2.9532721e-05,0.0,9548.97495,3973.43045,0.0538918054,-157.265954,0.000355037355
715.0,139.28671,9630.3621,-58.2546653,-58.2546653,-58.749435,-58.749435,-56.2622298,-56.2622298,0.0542028636,173.02866,173.02866,0.00098212983,0.00098212983,0.00297038197,0.00297038197,0.468256854,4008.995,48.98945,0.00282210864,-1.011328e-06,0.0,9630.3621,4007.29637,0.0542028636,-158.959125,0.000360907895
715.5,139.28671,9621.6985,-57.9651064,-57.9651064,-58.4045922,-58.4045922,-55.9295215,-55.9295215,0.0541849153,173.02866,173.02866,0.00098180461,0.00098180461,0.00296939856,0.00296939856,0.468566788,4008.995,48.98945,0.00282117415,-2.568856e-06,0.0,9621.6985,4003.69133,0.0541849153,-158.861428,0.000360566587
716.0,142.923792,9630.09705,-59.0921798,-59.0921798,-59.5946282,-59.5946282,-57.0807928,-57.0807928,0.0544038343,173.02866,173.02866,0.00098577132,0.00098577132,0.00298139369,0.00298139369,0.468876932,4008.995,48.98945,0.00283257232,2.8772604e-05,0.0,9630.09705,4007.1862,0.0544038343,-160.053065,0.000364762929
716.5,172.999341,9674.4911,-72.081498,-72.081498,-73.0266753,-73.0266753,-70.0997954,-70.0997954,0.0564478211,173.02866,173.02866,0.00102280738,0.00102280738,0.00309338821,0.00309338821,0.469214866,4008.995,48.98945,0.00293899383,5.3965489e-05,0.0,9674.4911,4025.66014,0.0564478211,-171.179044,0.0004048314
717.0,181.54153,9630.0831,-75.823448,-75.823448,-76.4651235,-76.4651235,-73.4409882,-73.4409882,0.0570337528,173.02866,173.02866,0.00103342419,0.00103342419,0.00312549247,0.00312549247,0.469592755,4008.995,48.98945,0.0029695008,7.89478e-07,0.0,9630.0831,4007.18208,0.0570337528,-174.368424,0.00041657045
717.5,181.54153,9621.6915,-75.547545,-75.547545,-76.1202855,-76.1202855,-73.1065646,-73.1065646,0.0570166919,173.02866,173.02866,0.00103311502,0.00103311502,0.00312455768,0.00312455768,0.469971525,4008.995,48.98945,0.00296861249,-6.96191e-07,0.0,9621.6915,4003.6902,0.0570166919,-174.275555,0.00041622398
718.0,181.54153,9621.5149,-75.5408504,-75.5408504,-76.1121394,-76.1121394,-73.0986635,-73.0986635,0.054861701,154.199971,154.199971,0.000889770926,0.000889770926,0.00269101943,0.00269101943,0.470349934,4008.995,48.98945,0.00285641153,-0.000185143475,0.0,9621.5149,4003.61526,0.054861701,-162.545361,0.000374503336
718.5,181.54153,9621.52315,-75.5407,-75.5407,-76.1120576,-76.1120576,-73.0985844,-73.0985844,0.0463143248,79.7080799,79.7080799,0.000392641518,0.000392641518,0.001187510585,0.001187510585,0.470728336,4008.995,48.98945,0.00241138652,-0.0002557367,0.0,9621.52315,4003.614,0.0463143248,-116.0196649,0.00022659255
719.0,181.54153,9621.5358,-75.5407,-75.5407,-76.1121563,-76.1121563,-73.0986784,-73.0986784,0.0373452364,1.5623831,1.5623831,1.21645e-05,1.21645e-05,0.000123803703,0.000123803703,0.471106734,4008.995,48.98945,0.00194440487,-0.000266026359,0.0,9621.5358,4003.614,0.0373452364,-67.1984747,0.000106632608
719.5,181.54153,9621.5476,-75.540728,-75.540728,-76.112275,-76.112275,-73.0987934,-73.0987934,0.0292598291,-68.8498672,-68.8498672,-0.000208547478,-0.000208547478,-6.8950304e-05,-6.8950304e-05,0.471485131,4008.995,48.98945,0.00152343272,-0.000155588718,0.0,9621.5476,4003.614,0.0292598291,-23.1874078,2.9023704e-05
720.0,181.54153,9296.2846,-85.160484,-85.160484,-82.718659,-82.718659,-79.5097659,-79.5097659,0.0284869922,-80.6998,-80.6998,-0.000240739678,-0.000240739678,-7.9593866e-05,-7.9593866e-05,0.471872179,3853.22857,48.98945,0.00148319446,2.3167564e-05,0.0,9296.2846,3868.26936,0.0284869922,-18.9806478,2.2688402e-05
720.5,181.54153,7833.434380000001,-89.6205335,-89.6205335,-73.5269152,-73.5269152,-70.48471,-70.48471,0.0287631974,-80.6998,-80.6998,-0.000243073851,-0.000243073851,-8.0365672e-05,-8.0365672e-05,0.47226517,3260.99833,48.98945,0.00149757526,-2.63014e-06,0.0,7833.434380000001,3259.56669,0.0287631974,-20.4841068,2.4679914e-05
721.0,181.54153,6342.80913,-89.378874,-89.378874,-59.3672204,-59.3672204,-56.5041895,-56.5041895,0.0287481831,-80.6998,-80.6998,-0.000242946966,-0.000242946966,-8.0323718e-05,-8.0323718e-05,0.472605323,2642.79462,48.98945,0.00149679354,-2.398732e-06,0.0,6342.80913,2639.3065,0.0287481831,-20.4023815,2.456857e-05
721.5,181.54153,4865.20897,-88.3545994,-88.3545994,-45.0804099,-45.0804099,-42.3931563,-42.3931563,0.0286857088,-80.6998,-80.6998,-0.000242419,-0.000242419,-8.0149143e-05,-8.0149143e-05,0.472887064,2030.96216,48.98945,0.00149354075,-2.0394809e-05,0.0,4865.20897,2024.46612,0.0286857088,-20.062313,2.4114433e-05
722.0,181.54153,4298.1134,-74.6303234,-74.6303234,-33.5918795,-33.5918795,-31.5565202,-31.5565202,0.0278381554,-80.6998,-80.6998,-0.000235256447,-0.000235256447,-7.778081e-05,-7.778081e-05,0.473103287,1809.1658,48.98945,0.00144941232,-2.276256e-06,0.0,4298.1134,1788.49289,0.0278381554,-15.4488522,1.8014912e-05
722.5,181.54153,4340.66526,-75.4935304,-75.4935304,-34.3158479,-34.3158479,-32.2412491,-32.2412491,0.0278914019,-80.6998,-80.6998,-0.000235706424,-0.000235706424,-7.7929598e-05,-7.7929598e-05,0.473302416,1809.1658,48.98945,0.0014521846,-4.40494e-07,0.0,4340.66526,1806.19914,0.0278914019,-15.7386853,1.8387702e-05
723.0,177.98302,4333.50007,-74.330776,-74.330776,-33.733231,-33.733231,-31.7048553,-31.7048553,0.0276734171,-80.6998,-80.6998,-0.000233864264,-0.000233864264,-7.732048e-05,-7.732048e-05,0.473502407,1809.1658,48.98945,0.0014408351,-2.5126029e-05,0.0,4333.50007,1803.21751,0.0276734171,-14.55213395,1.6885215e-05
723.5,157.26183,4306.04354,-65.5169545,-65.5169545,-29.5440175,-29.5440175,-27.8453928,-27.8453928,0.0262735143,-80.6998,-80.6998,-0.000222033876,-0.000222033876,-7.3408744e-05,-7.3408744e-05,0.47369084,1809.1658,48.98945,0.00136794823,-4.4152547e-05,0.0,4306.04354,1791.7918,0.0262735143,-6.9320833,7.67436e-06
724.0,134.325766,4303.85979,-55.8950825,-55.8950825,-25.1918662,-25.1918662,-23.8116496,-23.8116496,-0.0002111619,-80.6998,-80.6998,1.784501e-06,1.784501e-06,0.000263788807,0.000263788807,0.473857536,1809.1658,48.98945,-1.099428e-05,-0.001638362194,0.0,4303.85979,1790.86769,-0.0002111619,1.10564905,2.135012e-06
724.5,111.3897034,4303.8674,-46.3518337,-46.3518337,-20.8907704,-20.8907704,-19.7834051,-19.7834051,-0.0267861032,-80.6998,-80.6998,0.000226365697,0.000226365697,0.000684669955,0.000684669955,0.474002014,1809.1658,48.98945,-0.00139463654,-4.4221871e-05,0.0,4303.8674,1790.85538,-0.0267861032,9.72224547,1.0952936e-05
725.0,88.4536374,4303.86137,-36.8058713,-36.8058713,-16.5883802,-16.5883802,-15.7115837,-15.7115837,-0.0283232885,-80.6998,-80.6998,0.000239356242,0.000239356242,0.000723957512,0.000723957512,0.474123033,1809.1658,48.98945,-0.00147467115,-4.2495219e-05,0.0,4303.86137,1790.85192,-0.0283232885,18.0895638,2.1505959e-05
725.5,65.7391033,4304.20926,-27.2981209,-27.2981209,-12.3040959,-12.3040959,-11.61450585,-11.61450585,-0.0298489566,-80.6978864,-80.6978864,0.000252243354,0.000252243354,0.000762931815,0.000762931815,0.474219087,1809.1658,48.98945,-0.00155410605,-3.9774063e-05,0.0,4304.20926,1790.99579,-0.0298489566,26.3941894,3.3042013e-05
726.0,57.411633,4332.33976,-23.604301,-23.604301,-10.70902845,-10.70902845,-10.0805979,-10.0805979,-0.0304026493,-80.5237627,-80.5237627,0.000256368363,0.000256368363,0.000775406808,0.000775406808,0.474294797,1809.1658,48.98945,-0.00158293445,1.57612e-07,0.0,4332.33976,1802.70079,-0.0304026493,29.4080905,3.7451414e-05
726.5,57.411633,4341.80975,-23.8809232,-23.8809232,-10.8580174,-10.8580174,-10.2257084,-10.2257084,-0.0303528042,-80.2385007,-80.2385007,0.000255041228,0.000255041228,0.000771392925,0.000771392925,0.474368588,1809.1658,48.98945,-0.00158033923,-3.560529e-06,0.0,4341.80975,1806.64139,-0.0303528042,29.1367697,3.7044957e-05
727.0,57.411633,4342.03599,-23.8892426,-23.8892426,-10.8623657,-10.8623657,-10.2299469,-10.2299469,-0.0303195527,-79.953197,-79.953197,0.000253855964,0.000253855964,0.000767808104,0.000767808104,0.474442671,1809.1658,48.98945,-0.00157860793,1.450331e-06,0.0,4342.03599,1806.73552,-0.0303195527,28.95577,3.6774498e-05
727.5,57.411633,4342.04,-23.889401,-23.889401,-10.8624485,-10.8624485,-10.2300274,-10.2300274,-0.0302868341,-79.6679261,-79.6679261,0.000252677242,0.000252677242,0.000764243095,0.000764243095,0.474516764,1809.1658,48.98945,-0.00157690443,2.39637e-07,0.0,4342.04,1806.73728,-0.0302868341,28.7776746,3.6508873e-05
728.0,57.411633,4342.04,-23.889404,-23.889404,-10.86245,-10.86245,-10.230029,-10.230029,-0.0302539615,-79.3826502,-79.3826502,0.000251499202,0.000251499202,0.000760680109,0.000760680109,0.474590853,1809.1658,48.98945,-0.00157519288,1.29172e-06,0.0,4342.04,1806.7373,-0.0302539615,28.5987407,3.6242488e-05
728.5,57.411633,4342.04,-23.889404,-23.889404,-10.86245,-10.86245,-10.230029,-10.230029,-0.0302213308,-79.097366,-79.097366,0.000250325082,0.000250325082,0.000757129002,0.000757129002,0.47466494,1809.1658,48.98945,-0.00157349399,1.637572e-06,0.0,4342.04,1806.7373,-0.0302213308,28.421125,3.5978553e-05
729.0,57.411633,4342.04,-23.889404,-23.889404,-10.86245,-10.86245,-10.2300286,-10.2300286,-0.0301914896,-78.8376865,-78.8376865,0.000249256847,0.000249256847,0.000753898118,0.000753898118,0.47473903,1809.1658,48.98945,-0.00157194024,-2.98252e-07,0.0,4342.04,1806.7373,-0.0301914896,28.2586896,3.5737591e-05
729.5,57.411633,4342.04,-23.889404,-23.889404,-10.86245,-10.86245,-10.230028,-10.230028,-0.0301860915,-78.79052,-78.79052,0.000249063138,0.000249063138,0.00075331226,0.00075331226,0.474813118,1809.1658,48.98945,-0.00157165916,1.00502e-07,0.0,4342.04,1806.7373,-0.0301860915,28.2293044,3.5694036e-05
730.0,55.1008688,4337.41182,-22.9898582,-22.9898582,-10.4423944,-10.4423944,-9.8209624,-9.8209624,-0.030336766,-78.79052,-78.79052,0.000250306339,0.000250306339,0.000757072041,0.000757072041,0.474886322,1809.1658,48.98945,-0.00157950417,-5.97027e-06,0.0,4337.41182,1804.81137,-0.030336766,29.0494683,3.6916019e-05
730.5,50.8741752,4335.06872,-21.171386,-21.171386,-9.6111208,-9.6111208,-9.0141367,-9.0141367,-0.0306237154,-78.79052,-78.79052,0.000252673945,0.000252673945,0.000764232275,0.000764232275,0.474954976,1809.1658,48.98945,-0.00159444439,-9.639965e-06,0.0,4335.06872,1803.83621,-0.0306237154,30.6114121,3.9268708e-05
731.0,46.6474809,4335.00719,-19.4104186,-19.4104186,-8.811571,-8.811571,-8.2421809,-8.2421809,-0.0309071761,-78.79052,-78.79052,0.000255012754,0.000255012754,0.000771305418,0.000771305418,0.475018343,1809.1658,48.98945,-0.00160920295,-1.1553573e-05,0.0,4335.00719,1803.81042,-0.0309071761,32.1543639,4.1629731e-05
731.5,42.4207869,4335.00632,-17.6516303,-17.6516303,-8.013148,-8.013148,-7.47316975,-7.47316975,-0.0311904323,-78.79052,-78.79052,0.000257349884,0.000257349884,0.000778373465,0.000778373465,0.475076466,1809.1658,48.98945,-0.0016239509,-7.209306e-06,0.0,4335.00632,1803.8099,-0.0311904323,33.6962042,4.4025662e-05
732.0,38.194093,4335.00707,-15.89298745,-15.89298745,-7.21479465,-7.21479465,-6.68644142,-6.68644142,-0.0314736623,-78.79052,-78.79052,0.00025968678,0.00025968678,0.00078544082,0.00078544082,0.475129224,1809.1658,48.98945,-0.0016386974,-4.921271e-06,0.0,4335.00707,1803.81007,-0.0314736623,35.2378984,4.6457945e-05
732.5,33.9673986,4335.00711,-14.1340054,-14.1340054,-6.41628564,-6.41628564,-5.90329422,-5.90329422,-0.0317569571,-78.79052,-78.79052,0.000262024236,0.000262024236,0.000792509844,0.000792509844,0.475176463,1809.1658,48.98945,-0.00165344744,-7.004356e-06,0.0,4335.00711,1803.8099,-0.0317569571,36.7799597,4.8927401e-05
733.0,29.7407045,4335.00782,-12.37526685,-12.37526685,-5.61788791,-5.61788791,-5.13099765,-5.13099765,-0.0320401819,-78.79052,-78.79052,0.000264361096,0.000264361096,0.000799577033,0.000799577033,0.475218182,1809.1658,48.98945,-0.00166819364,-8.632745e-06,0.0,4335.00782,1803.81,-0.0320401819,38.3216214,5.1432804e-05
733.5,25.5140114,4335.00832,-10.6164813,-10.6164813,-4.8194684,-4.8194684,-4.36042404,-4.36042404,-0.032323395,-78.79052,-78.79052,0.000266697869,0.000266697869,0.000806643946,0.000806643946,0.475254357,1809.1658,48.98945,-0.00168293936,-5.867329e-06,0.0,4335.00832,1803.81001,-0.032323395,39.8632311,5.3974699e-05
734.0,21.2980408,4335.01402,-8.858282,-8.858282,-4.0213194,-4.0213194,-3.53209783,-3.53209783,-0.0326062649,-78.79052,-78.79052,0.000269031801,0.000269031801,0.000813702269,0.000813702269,0.47528469,1809.1658,48.98945,-0.00169766714,-9.134348e-06,0.0,4335.01402,1803.81223,-0.0326062649,41.4029658,5.6549988e-05
734.5,19.49254,4339.82491,-8.05109577,-8.05109577,-3.65895199,-3.65895199,-3.1600023,-3.1600023,-0.0327309699,-78.79052,-78.79052,0.000270060739,0.000270060739,0.000816813984,0.000816813984,0.475309997,1809.1658,48.98945,-0.00170416,6.05035e-07,0.0,4339.82491,1805.81405,-0.0327309699,42.0817713,5.7695442e-05
735.0,19.49254,4341.98742,-8.1089239,-8.1089239,-3.68706173,-3.68706173,-3.18808473,-3.18808473,-0.0327273501,-78.79052,-78.79052,0.000270030873,0.000270030873,0.000816723672,0.000816723672,0.475334615,1809.1658,48.98945,-0.00170397157,2.278599e-06,0.0,4341.98742,1806.71391,-0.0327273501,42.0620688,5.7662051e-05
735.5,19.49254,4342.04225,-8.1109614,-8.1109614,-3.68803474,-3.68803474,-3.18906005,-3.18906005,-0.032394265,-75.876886,-75.876886,0.000257605854,0.000257605854,0.000779144552,0.000779144552,0.475359303,1809.1658,48.98945,-0.00168662919,4.2847965e-05,0.0,4342.04225,1806.73688,-0.032394265,40.2489926,5.4666594e-05
736.0,19.49254,4342.03928,-8.1110183,-8.1110183,-3.68805791,-3.68805791,-3.18908374,-3.18908374,-0.0294679544,-50.362778,-50.362778,0.000156317954,0.000156317954,0.000472802569,0.000472802569,0.475383997,1809.1658,48.98945,-0.00153426888,0.000101280647,0.0,4342.03928,1806.7373,-0.0294679544,24.3202904,3.0245843e-05
736.5,19.49254,4342.02999,-8.111309,-8.111309,-3.68818228,-3.68818228,-3.18920987,-3.18920987,-0.0210298021,-20.16198656,-20.16198656,5.2174256e-05,5.2174256e-05,0.000161352044,0.000161352044,0.475408693,1809.1658,48.98945,-0.00109493083,0.002243845602,0.0,4342.02999,1806.7384,-0.0210298021,5.86892852,6.592479e-06
737.0,19.49254,4341.9571,-8.1111506,-8.1111506,-3.68804849,-3.68804849,-3.18908189,-3.18908189,0.0274468912,10.052104453,10.052104453,2.9796852e-05,2.9796852e-05,9.3102527e-05,9.3102527e-05,0.475433384,1809.1658,48.98945,0.00142904088,0.000100445617,0.0,4341.9571,1806.73646,0.0274468912,-13.3190946,1.5538966e-05
737.5,19.49254,4341.95424,-8.1110111,-8.1110111,-3.68798277,-3.68798277,-3.18901589,-3.18901589,0.0309139496,40.2566756,40.2566756,0.000131227099,0.000131227099,0.000396915361,0.000396915361,0.475458082,1809.1658,48.98945,0.00160955564,9.444626e-05,0.0,4341.95424,1806.73732,0.0309139496,-32.1912363,4.1911084e-05
738.0,19.49254,4341.94963,-8.1110178,-8.1110178,-3.68798174,-3.68798174,-3.18901537,-3.18901537,0.0343810584,70.4663258,70.4663258,0.000254609891,0.000254609891,0.000770078359,0.000770078359,0.475482772,1809.1658,48.98945,0.001790073,9.958143e-05,0.0,4341.94963,1806.7374,0.0343810584,-51.0636516,7.376541e-05
738.5,19.49254,4341.94516,-8.111018,-8.111018,-3.68797768,-3.68797768,-3.18901174,-3.18901174,0.0378478475,100.670262,100.670262,0.000399903104,0.000399903104,0.00120950844,0.00120950844,0.475507459,1809.1658,48.98945,0.00197057368,9.5338553e-05,0.0,4341.94516,1806.7374,0.0378478475,-69.9343261,0.000111097694
739.0,17.1658794,4336.92005,-7.23179876,-7.23179876,-3.2846572,-3.2846572,-2.79337373,-2.79337373,0.0411646459,130.877464,130.877464,0.00056498168,0.00056498168,0.00170878368,0.00170878368,0.475531351,1809.1658,48.98945,0.00214326504,8.984256e-05,0.0,4336.92005,1804.64851,0.0411646459,-87.9885643,0.000151896181
739.5,11.0656138,4331.88457,-4.61122519,-4.61122519,-2.09182101,-2.09182101,-1.68396553,-1.68396553,0.0437435226,156.93473,156.93473,0.000719088096,0.000719088096,0.00217488168,0.00217488168,0.475548797,1809.1658,48.98945,0.00227753602,3.5013718e-05,0.0,4331.88457,1802.55469,0.0437435226,-102.0260895,0.000186985614
740.0,4.91640524,4331.70522,-2.0458829,-2.0458829,-0.928043627,-0.928043627,-0.726630359,-0.726630359,0.0437234271,160.33934,160.33934,0.000734146834,0.000734146834,0.00222043004,0.00222043004,0.475558226,1809.1658,48.98945,0.00227648973,-1.2824542e-05,0.0,4331.70522,1802.48004,0.0437234271,-101.9167051,0.000186661874
740.5,-1.232803075,4331.70197,0.51294765,0.51294765,0.232680678,0.232680678,0.3229387186,0.3229387186,0.0433112428,160.33934,160.33934,0.000727225964,0.000727225964,0.00219950057,0.00219950057,0.475560114,1809.1658,48.98945,0.00225502905,-1.1977565e-05,0.0,4331.70197,1802.47846,0.0433112428,-99.6730713,0.000180831787
741.0,-7.38201148,4331.70286,3.07168452,3.07168452,1.393361743,1.393361743,1.77198232,1.77198232,0.0428991508,160.33934,160.33934,0.000720306649,0.000720306649,0.00217857579,0.00217857579,0.475551633,1809.1658,48.98945,0.00223357316,-1.3838738e-05,0.0,4331.70286,1802.47861,0.0428991508,-97.4299447,0.000175080459
741.5,-13.3419223,4332.09274,5.58558605,5.58558605,2.53396755,2.53396755,3.08515713,3.08515713,0.0416516074,152.931359,152.931359,0.000668651627,0.000668651627,0.00202234659,0.00202234659,0.475531301,1809.1658,48.98945,0.00216861905,-0.000135454805,0.0,4332.09274,1802.64011,0.0416516074,-90.6392294,0.000158562857
742.0,-15.052451,4340.11625,6.32187984,6.32187984,2.87325973,2.87325973,3.4487231,3.4487231,0.0327365506,76.2164748,76.2164748,0.000269982364,0.000269982364,0.00081657626,0.00081657626,0.475503116,1809.1658,48.98945,0.00170445055,-0.000312209244,0.0,4340.11625,1805.97355,0.0327365506,-42.112148,5.9919124e-05
742.5,-15.052451,4341.97561,6.26542447,6.26542447,2.84882963,2.84882963,3.42345162,3.42345162,-0.0134669137,-17.48574044,-17.48574044,8.3763255e-05,8.3763255e-05,0.00025335726,0.00025335726,0.475474398,1809.1658,48.98945,-0.0007011639,-0.001210281345,0.0,4341.97561,1806.72017,-0.0134669137,16.1637272,2.407918e-05
743.0,-15.052451,4342.05206,6.26352563,6.26352563,2.84801655,2.84801655,3.42260969,3.42260969,-0.0387524074,-111.2089025,-111.2089025,0.000460010169,0.000460010169,0.001391302685,0.001391302685,0.475445742,1809.1658,48.98945,-0.00201767022,-0.000311546067,0.0,4342.05206,1806.73729,-0.0387524074,74.8580923,0.000123690231
743.5,-15.052451,4342.06717,6.263522,6.263522,2.84802492,2.84802492,3.42261948,3.42261948,-0.0495086317,-204.923095,-204.923095,0.001071138845,0.001071138845,0.00323968541,0.00323968541,0.475417071,1809.1658,48.98945,-0.00257770029,-0.000312882618,0.0,4342.06717,1806.7373,-0.0495086317,133.4071469,0.000278837723
744.0,-15.052451,4342.0822,6.26352242,6.26352242,2.8480348,2.8480348,3.42263087,3.42263087,-0.0602649965,-298.64113,-298.64113,0.00189341389,0.00189341389,0.00572682532,0.00572682532,0.475388381,1809.1658,48.98945,-0.00313773766,-0.000312717729,0.0,4342.0822,1806.7373,-0.0602649965,191.956967,0.000486747566
744.5,-15.052451,4342.09596,6.26348709,6.26348709,2.8480277,2.8480277,3.42262443,3.42262443,-0.0699044494,-382.580396,-382.580396,0.00280393408,0.00280393408,0.00848103694,0.00848103694,0.475359668,1809.1658,48.98945,-0.00363962227,-0.000162379305,0.0,4342.09596,1806.73737,-0.0699044494,244.427127,0.000716546732
745.0,-15.052451,4342.098,6.26343235,6.26343235,2.84800425,2.84800425,3.42260017,3.42260017,-0.0714765314,-396.22678,-396.22678,0.00296575932,0.00296575932,0.0089705518,0.0089705518,0.475330943,1809.1658,48.98945,-0.0037214738,-1.03131e-06,0.0,4342.098,1806.73731,-0.0714765314,252.984399,0.000757435788
745.5,-15.052451,4328.76316,4.08733586,4.08733586,1.87521056,1.87521056,2.42005328,2.42005328,-0.0713442859,-396.22678,-396.22678,0.00296027213,0.00296027213,0.0089539557,0.0089539557,0.475302681,1795.58629,48.98945,-0.00371458837,5.7348301e-05,0.0,4328.76316,1801.18865,-0.0713442859,252.264553,0.000753909349
746.0,-15.052451,2738.23304,-18.821499,-18.821499,-5.45040386,-5.45040386,-5.00167191,-5.00167191,-0.0699286975,-396.22678,-396.22678,0.00290153538,0.00290153538,0.0087763057,0.0087763057,0.475318264,1110.744795,48.98945,-0.00364088472,2.939552e-06,0.0,2738.23304,1139.358153,-0.0699286975,244.559105,0.000716355084
746.5,-15.052451,366.9928284,-6.96866046,-6.96866046,-0.7297557889,-0.7297557889,-0.57452935816,-0.57452935816,-0.070658043,-396.22678,-396.22678,0.00293179798,0.00293179798,0.0088678353,0.0088678353,0.475337453,179.552572,48.98945,-0.00367885863,-5.6099856e-05,0.0,366.9928284,152.66716705,-0.070658043,248.529143,0.000735696091
747.0,-15.052451,59.84754582,7.16669269,7.16669269,0.04277515058,0.04277515058,0.11511375014,0.11511375014,-0.0695713151,-379.089448,-379.089448,0.00276522226,0.00276522226,0.008363934,0.008363934,0.47533782,36.514683,48.98945,-0.00362227743,0.000170518312,0.0,59.84754582,24.862383684,-0.0695713151,242.613786,0.000707883233
747.5,-11.22773447,96.1076536,4.97343813,4.97343813,0.0481611164,0.0481611164,0.1312293805,0.1312293805,-0.0613207898,-309.734984,-309.734984,0.00199480728,0.00199480728,0.00603352125,0.00603352125,0.475336615,36.514683,48.98945,-0.00319270831,0.000264637844,0.0,96.1076536,39.9552995,-0.0613207898,197.703936,0.000509442598
748.0,9.25518934,123.0011199,-3.779916584,-3.779916584,-0.0492106686,-0.0492106686,-0.01686156511,-0.01686156511,-0.0515614675,-236.782884,-236.782884,0.00128474254,0.00128474254,0.00388577535,0.00388577535,0.475336134,36.514683,48.98945,-0.00268458258,0.000286972675,0.0,123.0011199,51.1515678,-0.0515614675,144.581291,0.000314106436
748.5,31.6715806,124.9639479,-13.1771969,-13.1771969,-0.172448559,-0.172448559,-0.0764205227,-0.0764205227,-0.0416818617,-163.831958,-163.831958,0.000721337128,0.000721337128,0.00218170543,0.00218170543,0.475336486,36.514683,48.98945,-0.00217019424,0.000282173662,0.0,124.9639479,51.9740834,-0.0416818617,90.803909,0.000160375283
749.0,54.0879716,124.9895504,-22.5064091,-22.5064091,-0.294582642,-0.294582642,-0.136228602,-0.136228602,-0.0318063966,-90.8798344,-90.8798344,0.000308923381,0.000308923381,0.000934358153,0.000934358153,0.47533733,36.514683,48.98945,-0.00165602149,0.000284435105,0.0,124.9895504,51.9905036,-0.0318063966,37.0490659,5.1195315e-05
749.5,76.5043626,3420.833333,99.4109341,35.3001633,50.86271727,13.80155677,53.77449485,14.82669135,-0.00859030428,-17.932606154,-18.2528619944,6.3483264e-05,5.4165748e-05,0.000192085763,0.000163901217,0.475271176,1668.9042533,48.98945,-0.000447259992,0.000881919207,0.0,3420.833333,1423.4289476,-0.00859030428,6.11730942,1.4234991e-05
750.0,98.9207538,7545.293210000001,-41.2009204,-43.2977562,-32.368685,-34.0404122,-30.7461426,-32.5031347,0.0361826945,39.7662074,38.6886713,0.000152856293,0.000149646424,0.000462328724,0.00045261918,0.47521635,2883.4238,48.98945,0.00188387636,0.00026900577,0.0,7545.293210000001,3139.67334,0.0361826945,-60.8704462,9.4124693e-05
750.5,121.3371436,6982.99129,-51.4113172,-51.4113172,-37.5908298,-37.5908298,-36.100191,-36.100191,0.0382491198,44.185932,44.185932,0.000176984038,0.000176984038,0.000535299378,0.000535299378,0.475438538,2883.4238,48.98945,0.00199146622,4.0274221e-05,0.0,6982.99129,2905.69653,0.0382491198,-72.1185601,0.000115579597
751.0,131.81181,6933.90925,-55.19893,-55.19893,-40.0811373,-40.0811373,-38.4797703,-38.4797703,0.0389172076,44.185932,44.185932,0.000180075376,0.000180075376,0.000544648228,0.000544648228,0.47566575,2883.4238,48.98945,0.00202625062,-1.76692e-06,0.0,6933.90925,2885.27358,0.0389172076,-75.7551434,0.000123493061
751.5,131.81181,6920.52457,-54.8611398,-54.8611398,-39.7587271,-39.7587271,-38.1690511,-38.1690511,0.0388963724,44.185932,44.185932,0.000179978965,0.000179978965,0.00054435667,0.00054435667,0.47589578,2883.4238,48.98945,0.0020251658,1.359566e-06,0.0,6920.52457,2879.70413,0.0388963724,-75.64173,0.00012324212
752.0,130.032035,6916.09466,-54.2049175,-54.2049175,-39.2582746,-39.2582746,-37.6894286,-37.6894286,0.0387825306,44.185932,44.185932,0.000179452206,0.000179452206,0.000542763637,0.000542763637,0.476124819,2883.4238,48.98945,0.00201923865,-7.223638e-06,0.0,6916.09466,2877.86067,0.0387825306,-75.0220614,0.000121877536
752.5,123.175646,6908.63657,-51.268836,-51.268836,-37.0915355,-37.0915355,-35.6109162,-35.6109162,0.0383180532,44.185932,44.185932,0.000177303002,0.000177303002,0.000536263979,0.000536263979,0.476347209,2883.4238,48.98945,0.00199505525,-1.5671169e-05,0.0,6908.63657,2874.75699,0.0383180532,-72.493781,0.000116361469
753.0,116.0066684,6908.24019,-48.2719715,-48.2719715,-34.9213556,-34.9213556,-33.5235628,-33.5235628,0.0378367807,44.185932,44.185932,0.000175076087,0.000175076087,0.000529529288,0.000529529288,0.476559131,2883.4238,48.98945,0.00196999751,-1.5178864e-05,0.0,6908.24019,2874.59181,0.0378367807,-69.8740864,0.000110748024
753.5,108.8376928,6908.232120000001,-45.2883988,-45.2883988,-32.7629123,-32.7629123,-31.4464929,-31.4464929,0.0373563557,44.185932,44.185932,0.000172853096,0.000172853096,0.000522806427,0.000522806427,0.476760637,2883.4238,48.98945,0.0019449838,-1.4685648e-05,0.0,6908.232120000001,2874.58822,0.0373563557,-67.2589994,0.000105249837
754.0,101.6687169,6908.2337,-42.3050006,-42.3050006,-30.6046441,-30.6046441,-29.3622872,-29.3622872,0.0368758531,44.185932,44.185932,0.000170629745,0.000170629745,0.000516082486,0.000516082486,0.476951522,2883.4238,48.98945,0.00191996618,-1.6806757e-05,0.0,6908.2337,2874.58854,0.0368758531,-64.6435002,9.9856065e-05
754.5,94.499741,6908.233740000001,-39.3222329,-39.3222329,-28.4468255,-28.4468255,-27.2788197,-27.2788197,0.0363954476,44.185932,44.185932,0.000168406836,0.000168406836,0.000509359858,0.000509359858,0.477131522,2883.4238,48.98945,0.00189495344,-1.3760821e-05,0.0,6908.233740000001,2874.58828,0.0363954476,-62.028515,9.4568609e-05
755.0,87.330765,6908.23466,-36.3391596,-36.3391596,-26.2887884,-26.2887884,-25.1873817,-25.1873817,0.0359149432,44.185932,44.185932,0.000166183476,0.000166183476,0.000502635845,0.000502635845,0.477300431,2883.4238,48.98945,0.00186993573,-1.5401545e-05,0.0,6908.23466,2874.58839,0.0359149432,-59.4130043,8.9385363e-05
755.5,81.3239061,6910.97761,-33.7525358,-33.7525358,-24.4271495,-24.4271495,-23.3816963,-23.3816963,0.0355067631,44.185932,44.185932,0.000164294772,0.000164294772,0.0004969239,0.0004969239,0.477458204,2883.4238,48.98945,0.00184868357,-8.425092e-06,0.0,6910.97761,2875.72951,0.0355067631,-57.1911703,8.5061701e-05
756.0,80.664856,6919.491039999999,-33.5414386,-33.5414386,-24.3043765,-24.3043765,-23.2632111,-23.2632111,0.0354662603,44.185932,44.185932,0.000164107359,0.000164107359,0.000496357104,0.000496357104,0.477610741,2883.4238,48.98945,0.00184657475,3.948667e-06,0.0,6919.491039999999,2879.27202,0.0354662603,-56.9706998,8.4636085e-05
756.5,80.664856,6920.15387,-33.5647417,-33.5647417,-24.3235907,-24.3235907,-23.2818703,-23.2818703,0.0354676956,44.185932,44.185932,0.000164113997,0.000164113997,0.000496377172,0.000496377172,0.47776349,2883.4238,48.98945,0.00184664945,-2.773535e-06,0.0,6920.15387,2879.54785,0.0354676956,-56.9785087,8.4651109e-05
757.0,80.664856,6920.167200000001,-33.5652318,-33.5652318,-24.3239918,-24.3239918,-23.2822597,-23.2822597,0.0354677551,44.185932,44.185932,0.00016411428,0.00016411428,0.000496378027,0.000496378027,0.477916262,2883.4238,48.98945,0.00184665257,6.77065e-07,0.0,6920.167200000001,2879.55336,0.0354677551,-56.9788389,8.4651744e-05
757.5,80.664856,6920.167499999999,-33.56524,-33.56524,-24.324,-24.324,-23.282267,-23.282267,0.0354677419,44.185932,44.185932,0.00016411421,0.00016411421,0.00049637782,0.00049637782,0.478069027,2883.4238,48.98945,0.00184665186,1.61027e-07,0.0,6920.167499999999,2879.5535,0.0354677419,-56.9787612,8.4651596e-05
758.0,80.664856,6920.168089999999,-33.565218,-33.565218,-24.3239857,-24.3239857,-23.2822535,-23.2822535,0.0349278821,39.4548783,39.4548783,0.000145141228,0.000145141228,0.000438995819,0.000438995819,0.478221796,2883.4238,48.98945,0.00181854372,-9.2721913e-05,0.0,6920.168089999999,2879.55341,0.0349278821,-54.0401607,7.9270156e-05
758.5,80.664856,6920.195239999999,-33.5646886,-33.5646886,-24.3236979,-24.3236979,-23.2819765,-23.2819765,0.0132489398,-31.666106744,-31.666106744,1.176085e-05,1.176085e-05,0.000136991988,0.000136991988,0.478374556,2883.4238,48.98945,0.00068981498,-0.002773074012,0.0,6920.195239999999,2879.55206,0.0132489398,-10.14398311,1.9027452e-05
759.0,80.664856,6920.26706,-33.5651901,-33.5651901,-24.3243135,-24.3243135,-23.282578,-23.282578,-0.0338192578,-124.116594,-124.116594,0.000448038068,0.000448038068,0.00135511957,0.00135511957,0.478527316,2883.4238,48.98945,-0.00176082246,-0.000308392687,0.0,6920.26706,2879.5545,-0.0338192578,48.0056186,7.0123322e-05
759.5,80.664856,6920.279390000001,-33.5651592,-33.5651592,-24.3243335,-24.3243335,-23.282598,-23.282598,-0.0444295363,-216.558696,-216.558696,0.001016046264,0.001016046264,0.00307311169,0.00307311169,0.478680058,2883.4238,48.98945,-0.00231325374,-0.00030771263,0.0,6920.279390000001,2879.55341,-0.0444295363,105.7602489,0.000198943966
760.0,80.664856,6920.29423,-33.565155,-33.565155,-24.324383,-24.324383,-23.2826469,-23.2826469,-0.0550399834,-309.001686,-309.001686,0.00178948956,0.00178948956,0.00541256869,0.00541256869,0.478832799,2883.4238,48.98945,-0.00286569383,-0.000304470241,0.0,6920.29423,2879.5532,-0.0550399834,163.515797,0.000379104881
760.5,80.664856,6920.30214,-33.5652385,-33.5652385,-24.3244718,-24.3244718,-23.2827335,-23.2827335,-0.0605385263,-356.81726,-356.81726,0.0022620714,0.0022620714,0.00684205106,0.00684205106,0.478985523,2883.4238,48.98945,-0.00315197916,5.14325e-07,0.0,6920.30214,2879.5535,-0.0605385263,193.445861,0.000490546181
761.0,80.664856,6920.301999999999,-33.565243,-33.565243,-24.324472,-24.324472,-23.282734,-23.282734,-0.0605384874,-356.81726,-356.81726,0.00226206994,0.00226206994,0.00684204674,0.00684204674,0.479138236,2883.4238,48.98945,-0.00315197719,-2.527582e-06,0.0,6920.301999999999,2879.5532,-0.0605384874,193.44565,0.000490545335
761.5,80.664856,6920.301999999999,-33.5652403,-33.5652403,-24.324472,-24.324472,-23.282734,-23.282734,-0.060538482,-356.81726,-356.81726,0.0022620697,0.0022620697,0.00684204607,0.00684204607,0.479290953,2883.4238,48.98945,-0.00315197687,-7.18546e-07,0.0,6920.301999999999,2879.5532,-0.060538482,193.445616,0.000490545196
762.0,80.664856,6920.301999999999,-33.56524,-33.56524,-24.324472,-24.324472,-23.282734,-23.282734,-0.0605386132,-356.81726,-356.81726,0.00226207461,0.00226207461,0.0068420609,0.0068420609,0.479443661,2883.4238,48.98945,-0.00315198368,-2.564308e-06,0.0,6920.301999999999,2879.5532,-0.0605386132,193.446334,0.000490548077
762.5,80.664856,6920.301999999999,-33.56524,-33.56524,-24.324472,-24.324472,-23.282734,-23.282734,-0.0605385191,-356.81726,-356.81726,0.0022620711,0.0022620711,0.00684205029,0.00684205029,0.479596364,2883.4238,48.98945,-0.00315197878,1.091799e-06,0.0,6920.301999999999,2879.5532,-0.0605385191,193.445818,0.000490545999
763.0,80.664856,6920.301999999999,-33.56524,-33.56524,-24.324472,-24.324472,-23.282734,-23.282734,-0.0605385052,-356.81726,-356.81726,0.00226207057,0.00226207057,0.00684204867,0.00684204867,0.47974907,2883.4238,48.98945,-0.00315197811,7.62801e-07,0.0,6920.301999999999,2879.5532,-0.0605385052,193.445744,0.000490545703
763.5,80.664856,6920.301999999999,-33.56524,-33.56524,-24.324472,-24.324472,-23.282734,-23.282734,-0.0605385431,-356.81726,-356.81726,0.00226207199,0.00226207199,0.00684205297,0.00684205297,0.479901775,2883.4238,48.98945,-0.00315198007,-5.77274e-07,0.0,6920.301999999999,2879.5532,-0.0605385431,193.445949,0.000490546532
764.0,80.664856,6920.301999999999,-33.56524,-33.56524,-24.324472,-24.324472,-23.282734,-23.282734,-0.0605385661,-356.81726,-356.81726,0.00226207291,0.00226207291,0.00684205551,0.00684205551,0.480054479,2883.4238,48.98945,-0.00315198124,-1.016013e-06,0.0,6920.301999999999,2879.5532,-0.0605385661,193.446074,0.000490547034
764.5,80.664856,6920.301759999999,-33.5652471,-33.5652471,-24.3244756,-24.3244756,-23.2827374,-23.2827374,-0.0603373672,-355.055585,-355.055585,0.00224349346,0.00224349346,0.00678585486,0.00678585486,0.480207168,2883.4238,48.98945,-0.00314150569,2.7141764e-05,0.0,6920.301759999999,2879.55332,-0.0603373672,192.350897,0.000486166125
765.0,80.4692614,6919.976570000001,-33.5298429,-33.5298429,-24.2976852,-24.2976852,-23.2567603,-23.2567603,-0.0587294495,-340.950934,-340.950934,0.00209715486,0.00209715486,0.00634319887,0.00634319887,0.48035986,2883.4238,48.98945,-0.00305778835,4.8925494e-05,0.0,6919.976570000001,2879.41892,-0.0587294495,183.59856,0.000451725766
765.5,72.6616465,6905.210459999999,-30.3685264,-30.3685264,-21.9604336,-21.9604336,-20.9844869,-20.9844869,-0.0573576966,-324.492338,-324.492338,0.00194921181,0.00194921181,0.00589568582,0.00589568582,0.480507718,2883.4238,48.98945,-0.00298636711,3.1350235e-05,0.0,6905.210459999999,2873.27557,-0.0573576966,176.131737,0.000423195003
766.0,60.9529209,6900.909270000001,-25.3669343,-25.3669343,-18.3317215,-18.3317215,-17.4482269,-17.4482269,-0.0562613819,-308.035201,-308.035201,0.00181500121,0.00181500121,0.00548971159,0.00548971159,0.480637099,2883.4238,48.98945,-0.00292928683,2.964652e-05,0.0,6900.909270000001,2871.48646,-0.0562613819,170.164203,0.000401043995
766.5,49.2441955,6960.744349999999,-19.1083486,-19.1083486,-13.9196453,-13.9196453,-13.1292249,-13.1292249,-0.0552424834,-291.57631,-291.57631,0.00168690646,0.00168690646,0.00510223998,0.00510223998,0.480743542,2910.87306,48.98945,-0.00287623718,2.8090118e-05,0.0,6960.744349999999,2896.38487,-0.0552424834,164.618062,0.000380944133
767.0,37.5354704,7134.422839999999,-14.0252831,-14.0252831,-10.4713866,-10.4713866,-9.71810925,-9.71810925,-0.0541512706,-275.118092,-275.118092,0.00156027177,0.00156027177,0.00471918995,0.00471918995,0.480824776,2980.93979,48.98945,-0.00281942237,3.268871e-05,0.0,7134.422839999999,2968.6544,-0.0541512706,158.678291,0.000359950348
767.5,25.8267443,7304.13872,-9.16776037,-9.16776037,-7.00518046,-7.00518046,-6.24133918,-6.24133918,-0.0530459602,-258.659382,-258.659382,0.00143699955,0.00143699955,0.00434631514,0.00434631514,0.480883776,3051.48381,48.98945,-0.00276187367,3.237498e-05,0.0,7304.13872,3039.27512,-0.0530459602,152.661785,0.000339234994
768.0,14.11801885,7432.2138,-5.43614336,-5.43614336,-4.23049674,-4.23049674,-3.48145141,-3.48145141,-0.0518714458,-242.201722,-242.201722,0.00131580867,0.00131580867,0.00397974099,0.00397974099,0.480919534,3102.55912,48.98945,-0.00270072176,3.1623742e-05,0.0,7432.2138,3092.56877,-0.0518714458,146.268588,0.000317839746
768.5,2.409293304,7432.80593,-1.027391379,-1.027391379,-0.799777414,-0.799777414,-0.548088625,-0.548088625,-0.0507384233,-225.743257,-225.743257,0.00119960142,0.00119960142,0.00362824434,0.00362824434,0.480936224,3104.797,48.98945,-0.00264173011,3.3070361e-05,0.0,7432.80593,3092.81577,-0.0507384233,140.101233,0.000297783533
769.0,-6.06958012,7439.433620000001,2.6825664,2.6825664,2.09001161,2.09001161,2.66286574,2.66286574,-0.0494295364,-209.286934,-209.286934,0.00108357071,0.00108357071,0.00327728797,0.00327728797,0.480925743,3104.797,48.98945,-0.00257358211,4.4908074e-05,0.0,7439.433620000001,3095.57446,-0.0494295364,132.976604,0.000275386258
769.5,-6.4416666,7451.011380000001,2.70086405,2.70086405,2.10739671,2.10739671,2.68582366,2.68582366,-0.0477735127,-194.720373,-194.720373,0.000974245441,0.000974245441,0.0029466221,0.0029466221,0.48090285,3104.797,48.98945,-0.00248736016,2.8528128e-05,0.0,7451.011380000001,3100.39295,-0.0477735127,123.9624184,0.000248088431
770.0,-6.4416666,7451.568270000001,2.68083401,2.68083401,2.09192558,2.09192558,2.66614669,2.66614669,-0.047516416,-192.4991,-192.4991,0.000957857673,0.000957857673,0.00289705588,0.00289705588,0.48088072,3104.797,48.98945,-0.00247397428,1.22283e-07,0.0,7451.568270000001,3100.62485,-0.047516416,122.562972,0.0002439448
770.5,-6.4416666,7451.578960000001,2.68043271,2.68043271,2.09161545,2.09161545,2.66575222,2.66575222,-0.0475163582,-192.4991,-192.4991,0.000957856515,0.000957856515,0.00289705233,0.00289705233,0.480858629,3104.797,48.98945,-0.00247397118,1.135828e-06,0.0,7451.578960000001,3100.62936,-0.0475163582,122.56266,0.000243943885
771.0,-6.4416666,7451.57948,2.68042524,2.68042524,2.09160965,2.09160965,2.66574489,2.66574489,-0.0475163511,-192.4991,-192.4991,0.000957856399,0.000957856399,0.00289705199,0.00289705199,0.480836536,3104.797,48.98945,-0.00247397086,2.163647e-06,0.0,7451.57948,3100.6294,-0.0475163511,122.5626256,0.000243943781
771.5,-6.4416666,7451.5796,2.68042516,2.68042516,2.0916095,2.0916095,2.6657448,2.6657448,-0.0475164081,-192.4991,-192.4991,0.000957857516,0.000957857516,0.00289705537,0.00289705537,0.480814442,3104.797,48.98945,-0.0024739738,2.150251e-06,0.0,7451.5796,3100.6294,-0.0475164081,122.5629279,0.000243944673
772.0,-6.4416666,7451.5796,2.68042512,2.68042512,2.0916095,2.0916095,2.6657448,2.6657448,-0.0475163433,-192.4991,-192.4991,0.000957856217,0.000957856217,0.00289705144,0.00289705144,0.480792355,3104.797,48.98945,-0.00247397044,2.12338e-07,0.0,7451.5796,3100.6294,-0.0475163433,122.562577,0.000243943646
772.5,-6.4416666,7451.5796,2.68042516,2.68042516,2.0916095,2.0916095,2.6657448,2.6657448,-0.0475163314,-192.4991,-192.4991,0.000957855985,0.000957855985,0.00289705075,0.00289705075,0.480770258,3104.797,48.98945,-0.00247396987,2.191235e-06,0.0,7451.5796,3100.6294,-0.0475163314,122.5625146,0.000243943457
773.0,-6.4416666,7451.5796,2.68042506,2.68042506,2.0916095,2.0916095,2.6657448,2.6657448,-0.0475163536,-192.4991,-192.4991,0.000957856425,0.000957856425,0.00289705204,0.00289705204,0.480748168,3104.797,48.98945,-0.00247397097,-8.70031e-07,0.0,7451.5796,3100.6294,-0.0475163536,122.562634,0.000243943806
773.5,-6.4416666,7451.5796,2.68042508,2.68042508,2.0916095,2.0916095,2.6657448,2.6657448,-0.0475163958,-192.4991,-192.4991,0.000957857253,0.000957857253,0.0028970546,0.0028970546,0.480726077,3104.797,48.98945,-0.00247397315,-1.622673e-06,0.0,7451.5796,3100.6294,-0.0475163958,122.5628596,0.000243944473
774.0,-6.4416666,7451.5796,2.68042516,2.68042516,2.0916095,2.0916095,2.6657448,2.6657448,-0.0475163701,-192.4991,-192.4991,0.000957856761,0.000957856761,0.00289705309,0.00289705309,0.480703988,3104.797,48.98945,-0.00247397185,1.299865e-06,0.0,7451.5796,3100.6294,-0.0475163701,122.5627246,0.000243944072
774.5,-6.4416666,7451.5796,2.6804251,2.6804251,2.0916095,2.0916095,2.6657448,2.6657448,-0.0475163489,-192.4991,-192.4991,0.000957856338,0.000957856338,0.00289705179,0.00289705179,0.480681891,3104.797,48.98945,-0.00247397073,2.7514e-08,0.0,7451.5796,3100.6294,-0.0475163489,122.5626097,0.000243943742
775.0,-6.4416666,7451.5796,2.68042512,2.68042512,2.0916095,2.0916095,2.6657448,2.6657448,-0.0475163269,-192.4991,-192.4991,0.000957855894,0.000957855894,0.00289705044,0.00289705044,0.480659798,3104.797,48.98945,-0.00247396959,1.165746e-06,0.0,7451.5796,3100.6294,-0.0475163269,122.5624905,0.000243943386
775.5,-6.4416666,7451.5796,2.6804251,2.6804251,2.0916095,2.0916095,2.6657448,2.6657448,-0.0475164295,-192.4991,-192.4991,0.000957857949,0.000957857949,0.00289705664,0.00289705664,0.48063771,3104.797,48.98945,-0.00247397489,-2.709551e-06,0.0,7451.5796,3100.6294,-0.0475164295,122.5630446,0.000243945012
776.0,-6.4416666,7451.5796,2.68042512,2.68042512,2.0916095,2.0916095,2.6657448,2.6657448,-0.0475163963,-192.4991,-192.4991,0.000957857299,0.000957857299,0.00289705471,0.00289705471,0.48061561,3104.797,48.98945,-0.00247397323,-3.1636e-08,0.0,7451.5796,3100.6294,-0.0475163963,122.5628688,0.000243944495
776.5,-6.4416666,7451.5796,2.6804251,2.6804251,2.0916095,2.0916095,2.6657448,2.6657448,-0.0475163267,-192.4991,-192.4991,0.000957855884,0.000957855884,0.00289705044,0.00289705044,0.480593523,3104.797,48.98945,-0.00247396956,-1.186723e-06,0.0,7451.5796,3100.6294,-0.0475163267,122.562489,0.000243943384
777.0,-6.48888464,7451.50512,2.68840878,2.68840878,2.09781789,2.09781789,2.67365176,2.67365176,-0.0475187746,-192.4991,-192.4991,0.000957905224,0.000957905224,0.00289719969,0.00289719969,0.480571427,3104.797,48.98945,-0.00247409699,6.47096e-07,0.0,7451.50512,3100.59845,-0.0475187746,122.5758104,0.000243982475
777.5,-9.32800153,7446.05631,3.82747506,3.82747506,2.98437896,2.98437896,3.75844576,3.75844576,-0.0477061772,-192.4991,-192.4991,0.000961682976,0.000961682976,0.00290862404,0.00290862404,0.480545841,3104.797,48.98945,-0.00248385424,-1.040736e-05,0.0,7446.05631,3098.33117,-0.0477061772,123.595894,0.000246984861
778.0,-13.74507565,7444.27122,5.71789046,5.71789046,4.45744938,4.45744938,5.39397505,5.39397505,-0.0480054516,-192.4991,-192.4991,0.00096771589,0.00096771589,0.00292686828,0.00292686828,0.480506694,3104.797,48.98945,-0.00249943618,-4.498199e-06,0.0,7444.27122,3097.58817,-0.0480054516,125.2249244,0.000251809896
778.5,-18.1621497,7444.229550000001,7.55750883,7.55750883,5.89151566,5.89151566,6.85260568,6.85260568,-0.0483014791,-192.4991,-192.4991,0.000973683345,0.000973683345,0.00294491459,0.00294491459,0.480453358,3104.797,48.98945,-0.00251484906,-7.197216e-06,0.0,7444.229550000001,3097.57068,-0.0483014791,126.8362857,0.00025662286
779.0,-22.579224,7444.22875,9.3954481,9.3954481,7.32429508,7.32429508,8.2002575,8.2002575,-0.0485975299,-192.4991,-192.4991,0.00097965129,0.00097965129,0.00296296232,0.00296296232,0.480386418,3104.797,48.98945,-0.00253026317,-8.284926e-06,0.0,7444.22875,3097.57021,-0.0485975299,128.447774,0.000261476174
779.5,-26.9962982,7444.227929999999,11.2334019,11.2334019,8.7570851,8.7570851,9.5680501,9.5680501,-0.0478676978,-183.540761,-183.540761,0.000920451845,0.000920451845,0.00278390685,0.00278390685,0.480305869,3104.797,48.98945,-0.00249226403,5.8536982e-05,0.0,7444.227929999999,3097.57027,-0.0478676978,124.475102,0.000249674377
780.0,-31.413372,7444.22486,13.0712837,13.0712837,10.189816,10.189816,11.04148435,11.04148435,-0.0455893329,-161.108288,-161.108288,0.000769594965,0.000769594965,0.00232763102,0.00232763102,0.480209814,3104.797,48.98945,-0.00237363938,6.6547503e-05,0.0,7444.22486,3097.57027,-0.0455893329,112.0733355,0.000214118899
780.5,-35.8304462,7444.2213,14.9092344,14.9092344,11.6225987,11.6225987,12.49151765,12.49151765,-0.0432951992,-138.542282,-138.542282,0.000628579029,0.000628579029,0.00190112548,0.00190112548,0.480096934,3104.797,48.98945,-0.00225419376,6.7890836e-05,0.0,7444.2213,3097.57018,-0.0432951992,99.5857454,0.000180702252
781.0,-40.2475215,7444.21837,16.7475187,16.7475187,13.0556407,13.0556407,13.91897955,13.91897955,-0.0410008224,-115.9720261,-115.9720261,0.000498384176,0.000498384176,0.00150735357,0.00150735357,0.479966198,3104.797,48.98945,-0.00213473549,6.9124146e-05,0.0,7444.21837,3097.57021,-0.0410008224,87.09683,0.000149682432
781.5,-44.6645947,7444.21552,18.5853006,18.5853006,14.48829045,14.48829045,15.3698551,15.3698551,-0.0389124341,-95.207309,-95.207309,0.00038816322,0.00038816322,0.00117399565,0.00117399565,0.47981604,3104.797,48.98945,-0.00202600219,3.6245681e-05,0.0,7444.21552,3097.57027,-0.0389124341,75.7291646,0.000123478586
782.0,-47.03266,7448.466990000001,19.6354752,19.6354752,15.3156975,15.3156975,16.2187408,16.2187408,-0.0386066289,-91.13654,-91.13654,0.000368453814,0.000368453814,0.00111438516,0.00111438516,0.479646818,3104.797,48.98945,-0.00201008009,3.811204e-06,0.0,7448.466990000001,3099.33958,-0.0386066289,74.064575,0.000119773579
782.5,-47.03266,7451.475659999999,19.5739671,19.5739671,15.27389365,15.27389365,16.1764336,16.1764336,-0.0386028674,-91.13654,-91.13654,0.000368417926,0.000368417926,0.00111427664,0.00111427664,0.47947331,3104.797,48.98945,-0.00200988436,-2.042075e-06,0.0,7451.475659999999,3100.59154,-0.0386028674,74.0441048,0.00011972881
783.0,-47.03266,7451.56517,19.5707013,19.5707013,15.2715285,15.2715285,16.1740274,16.1740274,-0.0386026358,-91.13654,-91.13654,0.000368415713,0.000368415713,0.00111426997,0.00111426997,0.479300103,3104.797,48.98945,-0.00200987225,-1.447628e-06,0.0,7451.56517,3100.62877,-0.0386026358,74.0428469,0.000119726056
783.5,-47.03266,7451.567,19.5706384,19.5706384,15.2714827,15.2714827,16.1739806,16.1739806,-0.0386026111,-91.13654,-91.13654,0.000368415471,0.000368415471,0.00111426923,0.00111426923,0.479126894,3104.797,48.98945,-0.00200987099,-2.45249e-07,0.0,7451.567,3100.6294,-0.0386026111,74.0427095,0.000119725757
784.0,-47.03266,7451.567,19.570637,19.570637,15.271482,15.271482,16.17398,16.17398,-0.038602571,-91.13654,-91.13654,0.000368415098,0.000368415098,0.00111426809,0.00111426809,0.478953672,3104.797,48.98945,-0.00200986892,-2.184921e-06,0.0,7451.567,3100.6294,-0.038602571,74.0424933,0.000119725286
784.5,-47.03266,7451.567,19.570637,19.570637,15.271482,15.271482,16.17398,16.17398,-0.0386026348,-91.13654,-91.13654,0.000368415701,0.000368415701,0.00111426996,0.00111426996,0.478780429,3104.797,48.98945,-0.00200987223,-3.28303e-07,0.0,7451.567,3100.6294,-0.0386026348,74.0428407,0.000119726044
785.0,-47.03266,7451.56704,19.5706408,19.5706408,15.2714851,15.2714851,16.1739831,16.1739831,-0.0386674597,-91.70701,-91.70701,0.000371379193,0.000371379193,0.00112323283,0.00112323283,0.478607172,3104.797,48.98945,-0.00201324737,-1.9549247e-05,0.0,7451.56704,3100.6294,-0.0386674597,74.3957021,0.000120507241
785.5,-47.03266,7451.57293,19.5706966,19.5706966,15.27154075,15.27154075,16.1740411,16.1740411,-0.0430526024,-129.968098,-129.968098,0.000589553526,0.000589553526,0.00178309047,0.00178309047,0.47843389,3104.797,48.98945,-0.00224156279,-0.000199692183,0.0,7451.57293,3100.6294,-0.0430526024,98.2652224,0.00017810902
786.0,-47.03266,7451.58288,19.5706926,19.5706926,15.271558,15.271558,16.1740601,16.1740601,-0.0499657986,-190.199112,-190.199112,0.000998796423,0.000998796423,0.00302085469,0.00302085469,0.478260585,3104.797,48.98945,-0.002601503,-0.000201510622,0.0,7451.58288,3100.6294,-0.0499657986,135.8956324,0.000285323474
786.5,-47.03266,7451.59239,19.570692,19.570692,15.27157785,15.27157785,16.1740819,16.1740819,-0.0568791649,-250.437104,-250.437104,0.00149529455,0.00149529455,0.00452258055,0.00452258055,0.478087236,3104.797,48.98945,-0.0029614521,-0.000213990932,0.0,7451.59239,3100.6294,-0.0568791649,173.52696,0.000414335542
787.0,-47.03266,7451.60171,19.5706778,19.5706778,15.2715859,15.2715859,16.1740912,16.1740912,-0.0634495196,-307.661211,-307.661211,0.00204647269,0.00204647269,0.00618975813,0.00618975813,0.477913848,3104.797,48.98945,-0.00330354204,-0.000144932963,0.0,7451.60171,3100.62946,-0.0634495196,209.291191,0.000556808707
787.5,26.02075038,7604.793210000001,-8.75286239,-8.75286239,-7.1454297,-7.1454297,-6.23266585,-6.23266585,-0.0603112649,-321.72876,-321.72876,0.00203196829,0.00203196829,0.00614595903,0.00614595903,0.477805315,3104.797,48.98945,-0.00314014668,0.000286807355,0.0,7604.793210000001,3164.37541,-0.0603112649,192.208811,0.000487782998
788.0,91.09174,7526.319,-39.9715626,-39.9715626,-31.5131455,-31.5131455,-30.2606908,-30.2606908,-0.0556847037,-321.72876,-321.72876,0.00187609318,0.00187609318,0.00567453414,0.00567453414,0.477950962,3104.797,48.98945,-0.0028992616,-7.591822e-06,0.0,7526.319,3131.72437,-0.0556847037,167.025186,0.000389590615
788.5,91.09174,7453.45185,-37.9722836,-37.9722836,-29.6382795,-29.6382795,-28.4511925,-28.4511925,-0.0558082136,-321.72876,-321.72876,0.00188025445,0.00188025445,0.0056871193,0.0056871193,0.478134438,3104.797,48.98945,-0.00290569227,1.413756e-06,0.0,7453.45185,3101.40378,-0.0558082136,167.697482,0.000392024566
789.0,91.09174,7451.625999999999,-37.9052521,-37.9052521,-29.5786984,-29.5786984,-28.3933215,-28.3933215,-0.0558123903,-321.72876,-321.72876,0.00188039513,0.00188039513,0.00568754492,0.00568754492,0.478314868,3104.797,48.98945,-0.00290590972,-9.3631e-07,0.0,7451.625999999999,3100.64409,-0.0558123903,167.720214,0.000392107045
789.5,91.09174,7451.59168,-37.903972,-37.903972,-29.5775622,-29.5775622,-28.3922184,-28.3922184,-0.0558124844,-321.72876,-321.72876,0.00188039829,0.00188039829,0.00568755437,0.00568755437,0.478495207,3104.797,48.98945,-0.0029059146,7.89679e-07,0.0,7451.59168,3100.62969,-0.0558124844,167.72073,0.000392108902
790.0,91.09174,7451.591,-37.9039468,-37.9039468,-29.577541,-29.577541,-28.392198,-28.392198,-0.0558124644,-321.72876,-321.72876,0.00188039766,0.00188039766,0.00568755246,0.00568755246,0.478675547,3104.797,48.98945,-0.0029059136,-1.132944e-06,0.0,7451.591,3100.6294,-0.0558124644,167.720619,0.000392108516
790.5,91.09174,7451.591,-37.903946,-37.903946,-29.577541,-29.577541,-28.392197,-28.392197,-0.0558124358,-321.72876,-321.72876,0.0018803967,0.0018803967,0.00568754952,0.00568754952,0.478855883,3104.797,48.98945,-0.00290591214,-1.283658e-06,0.0,7451.591,3100.6294,-0.0558124358,167.720467,0.000392107967
791.0,91.09174,7451.591,-37.903946,-37.903946,-29.577541,-29.577541,-28.392197,-28.392197,-0.0558124374,-321.72876,-321.72876,0.00188039672,0.00188039672,0.00568754966,0.00568754966,0.479036213,3104.797,48.98945,-0.00290591221,7.30599e-07,0.0,7451.591,3100.6294,-0.0558124374,167.720475,0.000392107986
791.5,91.09174,7451.591,-37.903946,-37.903946,-29.577541,-29.577541,-28.392197,-28.392197,-0.0558124157,-321.72876,-321.72876,0.001880396,0.001880396,0.00568754751,0.00568754751,0.479216545,3104.797,48.98945,-0.00290591103,3.79001e-07,0.0,7451.591,3100.6294,-0.0558124157,167.720354,0.000392107552
792.0,91.09174,7451.591,-37.903946,-37.903946,-29.577541,-29.577541,-28.392197,-28.392197,-0.0558124841,-321.72876,-321.72876,0.0018803983,0.0018803983,0.00568755445,0.00568755445,0.479396865,3104.797,48.98945,-0.00290591459,-2.183362e-06,0.0,7451.591,3100.6294,-0.0558124841,167.720726,0.0003921089
792.5,86.9538471,7442.15198,-36.400343,-36.400343,-28.3696383,-28.3696383,-27.2178945,-27.2178945,-0.0560755417,-321.72876,-321.72876,0.00188926109,0.00188926109,0.00571435909,0.00571435909,0.479575847,3104.797,48.98945,-0.00291961085,-2.3447563e-05,0.0,7442.15198,3096.70159,-0.0560755417,169.152625,0.000397334827
793.0,71.6084684,7425.865059999999,-29.8269309,-29.8269309,-23.1946155,-23.1946155,-22.1820401,-22.1820401,-0.0571152138,-321.72876,-321.72876,0.00192428906,0.00192428906,0.0058202974,0.0058202974,0.479736787,3104.797,48.98945,-0.00297374214,-2.9691084e-05,0.0,7425.865059999999,3089.92398,-0.0571152138,174.811841,0.000418248005
793.5,55.6414126,7425.035459999999,-23.1531422,-23.1531422,-18.0026802,-18.0026802,-17.10447275,-17.10447275,-0.0581870488,-321.72876,-321.72876,0.00196040063,0.00196040063,0.00592951292,0.00592951292,0.479868706,3104.797,48.98945,-0.0030295479,-3.3591322e-05,0.0,7425.035459999999,3089.57809,-0.0581870488,180.646126,0.000440316393
794.0,39.6743582,7221.91259,-23.9208829,-23.9208829,-17.9913922,-17.9913922,-17.0957332,-17.0957332,-0.0588007904,-321.72876,-321.72876,0.00198107833,0.00198107833,0.00599205035,0.00599205035,0.479978428,3002.62124,48.98945,-0.00306150277,-3.572971e-06,0.0,7221.91259,3005.05683,-0.0588007904,183.98689,0.000453173787
794.5,23.7073033,5911.38477,-23.2064617,-23.2064617,-14.46025735,-14.46025735,-13.6993094,-13.6993094,-0.0595038931,-321.72876,-321.72876,0.00200476693,0.00200476693,0.00606369343,0.00606369343,0.480093316,2469.85512,48.98945,-0.00309811032,-3.2762574e-05,0.0,5911.38477,2459.73607,-0.0595038931,187.814078,0.000468149522
795.0,14.2517173,4521.28103,-18.6996113,-18.6996113,-8.8539527,-8.8539527,-8.28172347,-8.28172347,-0.0601739713,-321.72876,-321.72876,0.0020273427,0.0020273427,0.00613197099,0.00613197099,0.480169137,1889.04391,48.98945,-0.00313299842,1.26543e-07,0.0,4521.28103,1881.3033,-0.0601739713,191.461485,0.00048259055
795.5,14.176861,3139.49362,-18.7539307,-18.7539307,-6.17338218,-6.17338218,-5.70057156,-5.70057156,-0.0601730309,-321.72876,-321.72876,0.00202731099,0.00202731099,0.0061318753,0.0061318753,0.48022127,1308.83334,48.98945,-0.00313294941,-2.3328314e-05,0.0,3139.49362,1306.33134,-0.0601730309,191.456369,0.000482570091
796.0,14.176861,2478.55822,-5.35561624,-5.35561624,-1.38921878,-1.38921878,-1.090046319,-1.090046319,-0.0611787211,-323.290182,-323.290182,0.0020712359,0.0020712359,0.00626472752,0.00626472752,0.480245462,1052.8741,48.98945,-0.00318531135,-3.2100102e-05,0.0,2478.55822,1031.310677,-0.0611787211,196.930615,0.000504674935
796.5,14.176861,2525.24822,-5.83599096,-5.83599096,-1.54330062,-1.54330062,-1.21946618,-1.21946618,-0.0621356503,-331.885913,-331.885913,0.00215961268,0.00215961268,0.00653205389,0.00653205389,0.480254322,1052.8741,48.98945,-0.00323513445,-3.0390157e-05,0.0,2525.24822,1050.73815,-0.0621356503,202.139441,0.000526136406
797.0,14.176861,2526.95319,-5.89785411,-5.89785411,-1.5607015,-1.5607015,-1.23520679,-1.23520679,-0.0632158781,-341.330679,-341.330679,0.00225968095,0.00225968095,0.00683474727,0.00683474727,0.480263997,1052.8741,48.98945,-0.00329137739,-3.2055339e-05,0.0,2526.95319,1051.44699,-0.0632158781,208.019421,0.00055085349
797.5,14.176861,2526.98697,-5.89907032,-5.89907032,-1.56104418,-1.56104418,-1.23551762,-1.23551762,-0.064055027,-348.63549,-348.63549,0.0023385957,0.0023385957,0.00707345472,0.00707345472,0.480273706,1052.8741,48.98945,-0.0033350681,-9.71295e-06,0.0,2526.98697,1051.46057,-0.064055027,212.587126,0.000570401344
798.0,14.176861,2526.9878,-5.8990961,-5.8990961,-1.56105145,-1.56105145,-1.23552424,-1.23552424,-0.0641126589,-349.13507,-349.13507,0.00234404475,0.00234404475,0.00708993765,0.00708993765,0.480283416,1052.8741,48.98945,-0.00333806876,-1.562496e-06,0.0,2526.9878,1051.4608,-0.0641126589,212.900838,0.000571754734
798.5,14.176861,2526.9878,-5.8990965,-5.8990965,-1.5610515,-1.5610515,-1.2355243,-1.2355243,-0.064112696,-349.13507,-349.13507,0.00234404602,0.00234404602,0.00708994161,0.00708994161,0.48029312,1052.8741,48.98945,-0.00333807071,9.98103e-07,0.0,2526.9878,1051.4608,-0.064112696,212.901033,0.000571755583
799.0,14.176861,2526.9878,-5.8990965,-5.8990965,-1.5610515,-1.5610515,-1.2355243,-1.2355243,-0.0641126702,-349.13507,-349.13507,0.00234404515,0.00234404515,0.00708993883,0.00708993883,0.480302829,1052.8741,48.98945,-0.00333806941,2.924731e-06,0.0,2526.9878,1051.4608,-0.0641126702,212.900901,0.000571755004
799.5,14.176861,2526.9878,-5.8990965,-5.8990965,-1.5610515,-1.5610515,-1.2355243,-1.2355243,-0.0641127069,-349.13507,-349.13507,0.00234404644,0.00234404644,0.00708994274,0.00708994274,0.480312538,1052.8741,48.98945,-0.00333807125,-7.99982e-07,0.0,2526.9878,1051.4608,-0.0641127069,212.90109,0.000571755837
800.0,14.176861,2526.9878,-5.8990965,-5.8990965,-1.5610515,-1.5610515,-1.2355243,-1.2355243,-0.0641126401,-349.13507,-349.13507,0.0023440441,0.0023440441,0.00708993557,0.00708993557,0.480322249,1052.8741,48.98945,-0.00333806788,1.412088e-06,0.0,2526.9878,1051.4608,-0.0641126401,212.900739,0.0005717543
800.5,14.176861,2526.9878,-5.8990965,-5.8990965,-1.5610515,-1.5610515,-1.2355243,-1.2355243,-0.0641126541,-349.13507,-349.13507,0.00234404456,0.00234404456,0.00708993704,0.00708993704,0.480331949,1052.8741,48.98945,-0.00333806852,1.029668e-06,0.0,2526.9878,1051.4608,-0.0641126541,212.900811,0.000571754623
801.0,14.176861,2526.9878,-5.8990965,-5.8990965,-1.5610515,-1.5610515,-1.2355243,-1.2355243,-0.0641126244,-349.13507,-349.13507,0.00234404348,0.00234404348,0.00708993394,0.00708993394,0.480341662,1052.8741,48.98945,-0.00333806705,-5.18794e-07,0.0,2526.9878,1051.4608,-0.0641126244,212.900658,0.00057175394
801.5,14.176861,2526.9878,-5.8990965,-5.8990965,-1.5610515,-1.5610515,-1.2355243,-1.2355243,-0.064112634,-349.13507,-349.13507,0.00234404378,0.00234404378,0.00708993476,0.00708993476,0.480351367,1052.8741,48.98945,-0.00333806747,3.069511e-06,0.0,2526.9878,1051.4608,-0.064112634,212.900699,0.000571754151
802.0,14.176861,2526.9878,-5.8990965,-5.8990965,-1.5610515,-1.5610515,-1.2355243,-1.2355243,-0.064112583,-349.13507,-349.13507,0.00234404184,0.00234404184,0.00708992889,0.00708992889,0.480361075,1052.8741,48.98945,-0.00333806474,3.448698e-06,0.0,2526.9878,1051.4608,-0.064112583,212.900407,0.000571752877
802.5,14.176861,2526.98769,-5.89909986,-5.89909986,-1.56105236,-1.56105236,-1.23552509,-1.23552509,-0.0640335966,-348.441267,-348.441267,0.002336521,0.002336521,0.00706717937,0.00706717937,0.480370782,1052.8741,48.98945,-0.00333395229,1.4188078e-05,0.0,2526.98769,1051.4608,-0.0640335966,212.470473,0.000569900123
803.0,14.176861,2526.9857,-5.89911167,-5.89911167,-1.56105437,-1.56105437,-1.2355269,-1.2355269,-0.0626790106,-336.628868,-336.628868,0.00220978504,0.00220978504,0.00668381859,0.00668381859,0.480380493,1052.8741,48.98945,-0.00326342491,5.2714806e-05,0.0,2526.9857,1051.4608,-0.0626790106,205.097098,0.000538541751
803.5,14.176861,2526.98326,-5.899111,-5.899111,-1.56105256,-1.56105256,-1.23552529,-1.23552529,-0.0608791192,-320.945858,-320.945858,0.0020463529,0.0020463529,0.00618946124,0.00618946124,0.480390205,1052.8741,48.98945,-0.00316971238,5.519017e-05,0.0,2526.98326,1051.4608,-0.0608791192,195.2998,0.000498094701
804.0,14.176861,2526.98059,-5.899111,-5.899111,-1.56105099,-1.56105099,-1.23552389,-1.23552389,-0.0590792061,-305.265861,-305.265861,0.00188885047,0.00188885047,0.00571304475,0.00571304475,0.480399922,1052.8741,48.98945,-0.0030759986,5.0555448e-05,0.0,2526.98059,1051.4608,-0.0590792061,185.502382,0.000459124426
804.5,14.918494,2528.72844,-6.13952317,-6.13952317,-1.62588077,-1.62588077,-1.29532612,-1.29532612,-0.0572339296,-289.581556,-289.581556,0.00173588283,0.00173588283,0.00525035118,0.00525035118,0.480409706,1052.8741,48.98945,-0.0029799231,5.7985573e-05,0.0,2528.72844,1052.18915,-0.0572339296,175.458042,0.000420719121
805.0,20.204771,2536.30211,-8.38101526,-8.38101526,-2.2260588,-2.2260588,-1.87474844,-1.87474844,-0.0550773385,-273.900304,-273.900304,0.00158007036,0.00158007036,0.00477906144,0.00477906144,0.48042186,1052.8741,48.98945,-0.00286763876,6.1965815e-05,0.0,2536.30211,1055.34187,-0.0550773385,163.719133,0.000377804151
805.5,26.2642961,2537.04372,-10.92827995,-10.92827995,-2.90341117,-2.90341117,-2.56152417,-2.56152417,-0.0537144911,-265.5939,-265.5939,0.00149395729,0.00149395729,0.00451859772,0.00451859772,0.480439177,1052.8741,48.98945,-0.00279668125,1.2714479e-05,0.0,2537.04372,1055.65128,-0.0537144911,156.300785,0.000351677895
806.0,32.3238209,2537.0578,-13.4500085,-13.4500085,-3.57339927,-3.57339927,-3.19673867,-3.19673867,-0.0533083175,-265.5939,-265.5939,0.00148266041,0.00148266041,0.004484433,0.004484433,0.480461483,1052.8741,48.98945,-0.00277553352,1.4443015e-05,0.0,2537.0578,1055.65735,-0.0533083175,154.089871,0.000344081708
806.5,38.3833461,2537.05774,-15.971583,-15.971583,-4.24333107,-4.24333107,-3.84125161,-3.84125161,-0.0529022943,-265.5939,-265.5939,0.00147136772,0.00147136772,0.00445028088,0.00445028088,0.480488562,1052.8741,48.98945,-0.00275439361,1.2062767e-05,0.0,2537.05774,1055.65755,-0.0529022943,151.879776,0.00033656354
807.0,44.4428713,2537.05749,-18.4932482,-18.4932482,-4.91328681,-4.91328681,-4.48482514,-4.48482514,-0.0524961588,-265.5939,-265.5939,0.00146007188,0.00146007188,0.0044161191,0.0044161191,0.480520414,1052.8741,48.98945,-0.00273324788,1.1982684e-05,0.0,2537.05749,1055.65769,-0.0524961588,149.669067,0.000329118485
807.5,50.5023958,2537.05643,-21.0142514,-21.0142514,-5.58306469,-5.58306469,-5.1165576,-5.1165576,-0.0520900939,-265.5939,-265.5939,0.00144877806,0.00144877806,0.00438196337,0.00438196337,0.480556911,1052.8741,48.98945,-0.00271210591,1.069766e-05,0.0,2537.05643,1055.65747,-0.0520900939,147.458752,0.000321749937
808.0,54.9065311,2533.29786,-22.9289514,-22.9289514,-6.08269822,-6.08269822,-5.59051277,-5.59051277,-0.0517896002,-265.5939,-265.5939,0.00144042041,0.00144042041,0.00435668753,0.00435668753,0.480597712,1052.8741,48.98945,-0.00269646044,4.783422e-06,0.0,2533.29786,1054.09369,-0.0517896002,145.823078,0.000316342622
808.5,55.106007,2527.26824,-22.9407646,-22.9407646,-6.0713864,-6.0713864,-5.5793532,-5.5793532,-0.0512205414,-260.701791,-260.701791,0.00139855749,0.00139855749,0.00423006403,0.00423006403,0.480639919,1052.8741,48.98945,-0.00266683201,4.3225883e-05,0.0,2527.26824,1051.58507,-0.0512205414,142.725536,0.000306271641
809.0,55.106007,2526.97296,-22.9302456,-22.9302456,-6.06789296,-6.06789296,-5.57600892,-5.57600892,-0.0494040081,-244.866406,-244.866406,0.0012670963,0.0012670963,0.0038324332,0.0038324332,0.480682004,1052.8741,48.98945,-0.00257225301,5.3508886e-05,0.0,2526.97296,1051.46323,-0.0494040081,132.837651,0.00027496359
809.5,55.106007,2526.96458,-22.9300345,-22.9300345,-6.06781726,-6.06781726,-5.57593636,-5.57593636,-0.0475404541,-228.630641,-228.630641,0.0011384818,0.0011384818,0.00344341612,0.00344341612,0.480724084,1052.8741,48.98945,-0.00247522576,5.0330002e-05,0.0,2526.96458,1051.46083,-0.0475404541,122.6938145,0.000244394091
810.0,55.106007,2526.96191,-22.93003,-22.93003,-6.06780959,-6.06780959,-5.57592894,-5.57592894,-0.0456768971,-212.393818,-212.393818,0.001016199109,0.001016199109,0.00307355434,0.00307355434,0.480766169,1052.8741,48.98945,-0.00237819841,5.3817407e-05,0.0,2526.96191,1051.4608,-0.0456768971,112.5499723,0.000215408251
810.5,54.5646533,2526.43608,-22.8789198,-22.8789198,-6.05305009,-6.05305009,-5.56185625,-5.56185625,-0.0438386682,-196.159603,-196.159603,0.000900766812,0.000900766812,0.00272441519,0.00272441519,0.480808252,1052.8741,48.98945,-0.00228248984,3.844769e-05,0.0,2526.43608,1051.24305,-0.0438386682,102.5439925,0.000188359585
811.0,-5.33971992,2408.62473,1.339398827,1.339398827,0.290825505,0.290825505,0.6436138745,0.6436138745,-0.0459403979,-179.92157,-179.92157,0.000864934453,0.000864934453,0.00261600359,0.00261600359,0.48083371,1052.8741,48.98945,-0.00239191778,-0.000116745691,0.0,2408.62473,1002.219678,-0.0459403979,113.9842794,0.000219759303
811.5,-35.836937,2495.20604,15.9066326,15.9066326,4.15384936,4.15384936,4.5955861,4.5955861,-0.04674861,-163.685439,-163.685439,0.000801408974,0.000801408974,0.00242384641,0.00242384641,0.480803036,1052.8741,47.8366046,-0.00243399794,2.3623466e-05,0.0,2495.20604,1038.24636,-0.04674861,115.622037,0.000226434992
812.0,-35.836937,2526.25105,14.9383221,14.9383221,3.95190702,3.95190702,4.38877528,4.38877528,-0.0474390884,-155.92403,-155.92403,0.000774600916,0.000774600916,0.00234275255,0.00234275255,0.480765319,1052.8741,44.3115509,-0.00246994813,-5.030976e-05,0.0,2526.25105,1051.16399,-0.0474390884,110.4296609,0.000219437223
812.5,-35.836937,2526.95374,14.9125282,14.9125282,3.94618268,3.94618268,4.3828649,4.3828649,-0.0494201752,-155.92403,-155.92403,0.000806948741,0.000806948741,0.00244057257,0.00244057257,0.480728164,1052.8741,40.7150587,-0.00257309471,-6.7123211e-05,0.0,2526.95374,1051.45526,-0.0494201752,110.4139746,0.000228568752
813.0,-35.836937,2526.9702,14.9120441,14.9120441,3.94608025,3.94608025,4.38275909,4.38275909,-0.0517872359,-155.92403,-155.92403,0.000845598906,0.000845598906,0.00255744938,0.00255744938,0.480691021,1052.8741,37.1185676,-0.00269633737,-7.7332401e-05,0.0,2526.9702,1051.46071,-0.0517872359,110.406646,0.000239500508
813.5,-35.836937,2526.97249,14.9120147,14.9120147,3.94607609,3.94607609,4.38275483,4.38275483,-0.0531815431,-155.92403,-155.92403,0.00086836559,0.00086836559,0.00262629425,0.00262629425,0.480653879,1052.8741,35.26305,-0.00276893291,-4.00572e-07,0.0,2526.97249,1051.46082,-0.0531815431,110.41857,0.000245975396
814.0,-35.836937,2526.9724,14.912014,14.912014,3.9460757,3.9460757,4.3827543,4.3827543,-0.0531815413,-155.92403,-155.92403,0.000868365572,0.000868365572,0.00262629418,0.00262629418,0.480616737,1052.8741,35.26305,-0.0027689328,-2.75595e-07,0.0,2526.9724,1051.4608,-0.0531815413,110.4185626,0.000245975362
814.5,-35.836937,2526.9724,14.912014,14.912014,3.9460757,3.9460757,4.3827543,4.3827543,-0.053181561,-155.92403,-155.92403,0.000868365881,0.000868365881,0.00262629516,0.00262629516,0.480579591,1052.8741,35.26305,-0.00276893383,-1.54194e-07,0.0,2526.9724,1051.4608,-0.053181561,110.4186396,0.000245975628
815.0,-35.836937,2526.9724,14.912014,14.912014,3.9460757,3.9460757,4.3827543,4.3827543,-0.0531815493,-155.92403,-155.92403,0.000868365693,0.000868365693,0.0026262946,0.0026262946,0.48054245,1052.8741,35.26305,-0.00276893318,-1.1999e-08,0.0,2526.9724,1051.4608,-0.0531815493,110.4185931,0.000245975471
815.5,-35.836937,2526.9724,14.912014,14.912014,3.9460757,3.9460757,4.3827543,4.3827543,-0.053181544,-155.92403,-155.92403,0.000868365605,0.000868365605,0.00262629436,0.00262629436,0.480505307,1052.8741,35.26305,-0.00276893294,3.4104e-08,0.0,2526.9724,1051.4608,-0.053181544,110.418574,0.000245975399
816.0,-35.836937,2526.9724,14.912014,14.912014,3.9460757,3.9460757,4.3827543,4.3827543,-0.0531815452,-155.92403,-155.92403,0.000868365631,0.000868365631,0.00262629439,0.00262629439,0.48046816,1052.8741,35.26305,-0.00276893299,-8.15039e-07,0.0,2526.9724,1051.4608,-0.0531815452,110.418579,0.000245975426
816.5,-35.836937,2526.9724,14.912014,14.912014,3.9460757,3.9460757,4.3827543,4.3827543,-0.0531815567,-155.92403,-155.92403,0.000868365803,0.000868365803,0.002626295,0.002626295,0.480431018,1052.8741,35.26305,-0.00276893359,-5.82e-07,0.0,2526.9724,1051.4608,-0.0531815567,110.4186225,0.000245975574
817.0,-35.836937,2526.9724,14.912014,14.912014,3.9460757,3.9460757,4.3827543,4.3827543,-0.0531815636,-155.92403,-155.92403,0.000868365929,0.000868365929,0.00262629527,0.00262629527,0.480393871,1052.8741,35.26305,-0.00276893395,-4.90413e-07,0.0,2526.9724,1051.4608,-0.0531815636,110.4186505,0.000245975661
817.5,-34.5423244,2530.05661,14.5034675,14.5034675,3.84234262,3.84234262,4.27489913,4.27489913,-0.0530728579,-155.92403,-155.92403,0.000866590959,0.000866590959,0.00262092791,0.00262092791,0.480356847,1052.8741,35.26305,-0.0027632741,1.3664156e-05,0.0,2530.05661,1052.74425,-0.0530728579,109.9927275,0.000244530153
818.0,-23.4942494,2546.70959,9.8410325,9.8410325,2.62422346,2.62422346,3.02863883,3.02863883,-0.0520398771,-155.92403,-155.92403,0.000849724095,0.000849724095,0.00256992373,0.00256992373,0.480325438,1052.8741,35.26305,-0.00270949126,3.5628601e-05,0.0,2546.70959,1059.67428,-0.0520398771,105.9453886,0.000230964552
818.5,-10.48545523,2573.21797,8.11362162,8.11362162,2.2400992,2.2400992,2.64459937,2.64459937,-0.0511399106,-155.92403,-155.92403,0.00083502914,0.00083502914,0.00252548691,0.00252548691,0.480305897,1076.80424,35.26305,-0.00266263387,-6.5809963e-05,0.0,2573.21797,1070.70514,-0.0511399106,102.4192146,0.000219450589
819.0,2.523338973,4717.66045,24.13307597,24.13307597,10.66319301,10.66319301,11.46572594,11.46572594,-0.0518212723,-156.2059,-156.2059,0.000847607361,0.000847607361,0.00256352353,0.00256352353,0.480211043,1966.78845,35.26305,-0.00269810958,0.000150362126,0.0,4717.66045,1963.0231,-0.0518212723,105.088875,0.000228540423
819.5,13.6128169,5506.9896,-7.45166667,-7.45166667,-4.29954256,-4.29954256,-3.69507307,-3.69507307,-0.0492252036,-160.949055,-160.949055,0.000829712422,0.000829712422,0.00250942764,0.00250942764,0.4801789,2264.6836,35.26305,-0.00256294336,-2.0913581e-05,0.0,5506.9896,2291.47033,-0.0492252036,94.9171694,0.000195723048
820.0,25.2734031,5459.81062,-10.25131184,-10.25131184,-5.86447997,-5.86447997,-5.27830153,-5.27830153,-0.0493204307,-167.236178,-167.236178,0.000863678119,0.000863678119,0.00261216252,0.00261216252,0.480208919,2264.6836,35.26305,-0.00256790148,2.9231408e-05,0.0,5459.81062,2271.83871,-0.0493204307,95.2902845,0.000196883993
820.5,49.6823842,5475.51856,-20.6520011,-20.6520011,-11.8419085,-11.8419085,-11.1602496,-11.1602496,-0.048029976,-173.522923,-173.522923,0.000872696406,0.000872696406,0.00263945607,0.00263945607,0.480269051,2264.6836,35.26305,-0.00250071311,3.7124501e-05,0.0,5475.51856,2278.3756,-0.048029976,90.2341285,0.000181562051
821.0,74.1681304,5476.04807,-30.8601256,-30.8601256,-17.6967529,-17.6967529,-16.8414652,-16.8414652,-0.0467513757,-179.81061,-179.81061,0.000880246093,0.000880246093,0.00266230782,0.00266230782,0.480366992,2264.6836,35.26305,-0.00243414191,3.7066862e-05,0.0,5476.04807,2278.59676,-0.0467513757,85.2244265,0.00016691852
821.5,87.43166,5452.65023,-36.7383729,-36.7383729,-20.9777616,-20.9777616,-20.0038218,-20.0038218,-0.0464852444,-186.098478,-186.098478,0.000905969566,0.000905969566,0.00274011873,0.00274011873,0.48049478,2264.6836,35.26305,-0.00242028562,-2.7202392e-05,0.0,5452.65023,2268.86086,-0.0464852444,84.1816922,0.000163930672
822.0,87.43166,5435.81459,-36.3995573,-36.3995573,-20.7199817,-20.7199817,-19.7546321,-19.7546321,-0.0474497536,-191.963109,-191.963109,0.000953879845,0.000953879845,0.00288502466,0.00288502466,0.480628051,2264.6836,35.26305,-0.00247050344,-1.7346335e-05,0.0,5435.81459,2261.85484,-0.0474497536,87.9607535,0.000174835592
822.5,87.43166,5435.31676,-36.3813155,-36.3813155,-20.7076999,-20.7076999,-19.7427793,-19.7427793,-0.0476516917,-193.21461,-193.21461,0.000964155085,0.000964155085,0.00291610248,0.00291610248,0.480760716,2264.6836,35.26305,-0.00248101741,1.27556e-07,0.0,5435.31676,2261.64763,-0.0476516917,88.751969,0.000177151533
823.0,87.43166,5435.30724,-36.380966,-36.380966,-20.7074658,-20.7074658,-19.7425537,-19.7425537,-0.0476517302,-193.21461,-193.21461,0.000964155878,0.000964155878,0.00291610482,0.00291610482,0.480893359,2264.6836,35.26305,-0.00248101949,-2.36733e-07,0.0,5435.30724,2261.6437,-0.0476517302,88.7521195,0.000177151984
823.5,87.43166,5435.307,-36.38096,-36.38096,-20.707462,-20.707462,-19.74255,-19.74255,-0.0476517301,-193.21461,-193.21461,0.000964155864,0.000964155864,0.00291610477,0.00291610477,0.481026008,2264.6836,35.26305,-0.00248101949,1.00826e-07,0.0,5435.307,2261.6436,-0.0476517301,88.7521166,0.000177151977
824.0,87.43166,5435.307,-36.38096,-36.38096,-20.707462,-20.707462,-19.74255,-19.74255,-0.0476517489,-193.21461,-193.21461,0.000964156252,0.000964156252,0.00291610596,0.00291610596,0.481158639,2264.6836,35.26305,-0.00248102041,1.94757e-07,0.0,5435.307,2261.6436,-0.0476517489,88.7521933,0.000177152198
824.5,83.763071,5427.16536,-35.393588,-35.393588,-20.1184223,-20.1184223,-19.1750395,-19.1750395,-0.047944339,-193.21461,-193.21461,0.00097007635,0.00097007635,0.00293400903,0.00293400903,0.481290989,2264.6836,35.26305,-0.00249625441,-5.509447e-05,0.0,5427.16536,2258.2556,-0.047944339,89.8985966,0.000180588187
825.0,32.2856683,5340.321809999999,-13.52676715,-13.52676715,-7.57163444,-7.57163444,-6.9809751,-6.9809751,-0.0527705079,-193.21461,-193.21461,0.00106772608,0.00106772608,0.00322930964,0.00322930964,0.481388529,2264.6836,35.26305,-0.00274753205,-0.000142151201,0.0,5340.321809999999,2222.1165,-0.0527705079,108.8080876,0.000240964679
825.5,13.675129,5416.0875,-5.072403,-5.072403,-2.87791509,-2.87791509,-2.35480849,-2.35480849,-0.0545708923,-193.21461,-193.21461,0.00110415397,0.00110415397,0.00333946916,0.00333946916,0.481413864,2264.6836,35.26305,-0.00284127025,4.332331e-06,0.0,5416.0875,2253.64212,-0.0545708923,115.8622039,0.000264845139
826.0,13.675129,5434.898889999999,-5.67485676,-5.67485676,-3.22979601,-3.22979601,-2.67355762,-2.67355762,-0.054519052,-193.21461,-193.21461,0.00110310507,0.00110310507,0.00333629729,0.00333629729,0.481433976,2264.6836,35.26305,-0.00283857124,-2.71099e-07,0.0,5434.898889999999,2261.46972,-0.054519052,115.6590898,0.000264129358
826.5,13.675129,5435.30912,-5.69003353,-5.69003353,-3.23867738,-3.23867738,-2.6817657,-2.6817657,-0.0545177488,-193.21461,-193.21461,0.0011030787,0.0011030787,0.00333621755,0.00333621755,0.481454794,2264.6836,35.26305,-0.00283850337,3.56117e-07,0.0,5435.30912,2261.64037,-0.0545177488,115.6539841,0.000264111382
827.0,13.675129,5435.31682,-5.69031664,-5.69031664,-3.23884304,-3.23884304,-2.68191888,-2.68191888,-0.0545177251,-193.21461,-193.21461,0.00110307819,0.00110307819,0.00333621605,0.00333621605,0.48147562,2264.6836,35.26305,-0.0028385021,5.7072e-08,0.0,5435.31682,2261.64357,-0.0545177251,115.6538865,0.00026411105
827.5,13.675129,5435.317,-5.69032303,-5.69032303,-3.23884665,-3.23884665,-2.68192225,-2.68192225,-0.0544983003,-193.090138,-193.090138,0.00110197661,0.00110197661,0.00333288427,0.00333288427,0.481496448,2264.6836,35.26305,-0.00283749074,9.640022e-06,0.0,5435.317,2261.6436,-0.0544983003,115.5777763,0.00026384364
828.0,13.675129,5435.31546,-5.6903354,-5.6903354,-3.23885291,-3.23885291,-2.6819281,-2.6819281,-0.0534847676,-186.721904,-186.721904,0.00104594472,0.00104594472,0.00316341577,0.00316341577,0.481517282,2264.6836,35.26305,-0.0027847205,4.4145346e-05,0.0,5435.31546,2261.6436,-0.0534847676,111.60664,0.000250072514
828.5,13.675129,5435.3132,-5.69033437,-5.69033437,-3.23885112,-3.23885112,-2.6819265,-2.6819265,-0.0519250855,-176.938912,-176.938912,0.00096225176,0.00096225176,0.00291028737,0.00291028737,0.481538118,2264.6836,35.26305,-0.00270351455,4.4712462e-05,0.0,5435.3132,2261.6436,-0.0519250855,105.495622,0.000229489394
829.0,13.675129,5435.3111,-5.69032989,-5.69032989,-3.23884738,-3.23884738,-2.68192312,-2.68192312,-0.0504915416,-167.952628,-167.952628,0.00088810479,0.00088810479,0.00268603179,0.00268603179,0.481558949,2264.6836,35.26305,-0.00262887617,2.6653096e-05,0.0,5435.3111,2261.6436,-0.0504915416,99.8788294,0.000211257659
829.5,13.675129,5435.310799999999,-5.69032142,-5.69032142,-3.23884219,-3.23884219,-2.68191839,-2.68191839,-0.0502132911,-166.2157,-166.2157,0.000874015912,0.000874015912,0.00264342045,0.00264342045,0.481579785,2264.6836,35.26305,-0.0026143888,2.28013e-07,0.0,5435.310799999999,2261.6436,-0.0502132911,98.7886126,0.000207784993
830.0,13.675129,5435.311,-5.690322,-5.690322,-3.2388425,-3.2388425,-2.6819186,-2.6819186,-0.0502132639,-166.2157,-166.2157,0.000874015466,0.000874015466,0.0026434191,0.0026434191,0.48160062,2264.6836,35.26305,-0.00261438744,3.81356e-07,0.0,5435.311,2261.6436,-0.0502132639,98.7885074,0.000207784665
830.5,13.675129,5435.311,-5.690322,-5.690322,-3.2388425,-3.2388425,-2.6819186,-2.6819186,-0.0502132767,-166.2157,-166.2157,0.000874015681,0.000874015681,0.00264341974,0.00264341974,0.481621458,2264.6836,35.26305,-0.00261438807,8.9176e-08,0.0,5435.311,2261.6436,-0.0502132767,98.788556,0.000207784819
831.0,13.675129,5435.311,-5.690322,-5.690322,-3.2388425,-3.2388425,-2.6819186,-2.6819186,-0.0502132817,-166.2157,-166.2157,0.000874015765,0.000874015765,0.00264341997,0.00264341997,0.481642295,2264.6836,35.26305,-0.00261438831,2.53643e-07,0.0,5435.311,2261.6436,-0.0502132817,98.7885761,0.000207784879
831.5,13.675129,5435.311,-5.690322,-5.690322,-3.2388425,-3.2388425,-2.6819186,-2.6819186,-0.0502132851,-166.2157,-166.2157,0.000874015823,0.000874015823,0.00264342017,0.00264342017,0.481663128,2264.6836,35.26305,-0.00261438857,3.35076e-07,0.0,5435.311,2261.6436,-0.0502132851,98.7885905,0.000207784923
832.0,13.675129,5435.311,-5.690322,-5.690322,-3.2388425,-3.2388425,-2.6819186,-2.6819186,-0.0502132851,-166.2157,-166.2157,0.000874015821,0.000874015821,0.00264342015,0.00264342015,0.481683965,2264.6836,35.26305,-0.00261438849,1.88803e-07,0.0,5435.311,2261.6436,-0.0502132851,98.788588,0.000207784916
832.5,13.675129,5435.311,-5.690322,-5.690322,-3.2388425,-3.2388425,-2.6819186,-2.6819186,-0.0502132872,-166.2157,-166.2157,0.000874015873,0.000874015873,0.00264342029,0.00264342029,0.481704802,2264.6836,35.26305,-0.0026143887,-6.936e-09,0.0,5435.311,2261.6436,-0.0502132872,98.7885991,0.000207784952
833.0,13.675129,5435.311,-5.690322,-5.690322,-3.2388425,-3.2388425,-2.6819186,-2.6819186,-0.0502132672,-166.2157,-166.2157,0.000874015512,0.000874015512,0.00264341922,0.00264341922,0.481725634,2264.6836,35.26305,-0.00261438764,2.12655e-07,0.0,5435.311,2261.6436,-0.0502132672,98.7885199,0.000207784704
833.5,13.675129,5435.311,-5.690322,-5.690322,-3.2388425,-3.2388425,-2.6819186,-2.6819186,-0.0502132608,-166.2157,-166.2157,0.000874015418,0.000874015418,0.00264341893,0.00264341893,0.481746467,2264.6836,35.26305,-0.00261438726,1.2844e-07,0.0,5435.311,2261.6436,-0.0502132608,98.788495,0.000207784623
834.0,13.797977,5435.40383,-5.69907224,-5.69907224,-3.24387921,-3.24387921,-2.68659049,-2.68659049,-0.0502057752,-166.2157,-166.2157,0.000873885101,0.000873885101,0.00264302481,0.00264302481,0.481767302,2264.6836,35.26305,-0.0026139975,6.15695e-06,0.0,5435.40383,2261.68224,-0.0502057752,98.759163,0.000207692047
834.5,32.5934679,5472.61582,-13.11639261,-13.11639261,-7.52263209,-7.52263209,-6.91715085,-6.91715085,-0.0463443443,-152.66747,-152.66747,0.000745946008,0.000745946008,0.00225609106,0.00225609106,0.481798516,2264.6836,35.26305,-0.00241294951,0.000290168775,0.0,5472.61582,2277.1688,-0.0463443443,83.6296291,0.000164053077
835.0,64.7568463,5488.410089999999,-26.930717,-26.930717,-15.4784429,-15.4784429,-14.69315705,-14.69315705,-0.032184775,-82.8199478,-82.8199478,0.000289062568,0.000289062568,0.000874284317,0.000874284317,0.481876132,2264.6836,35.26305,-0.00167572204,0.000438340296,0.0,5488.410089999999,2283.74915,-0.032184775,28.15078774,4.1045879e-05
835.5,96.920229,5488.72435,-40.3294858,-40.3294858,-23.1804887,-23.1804887,-22.1168973,-22.1168973,0.0308538401,-6.80322587,-6.80322587,-4.700635e-06,-4.700635e-06,6.7692716e-05,6.7692716e-05,0.482000634,2264.6836,35.26305,0.001606425966,0.002722309914,0.0,5488.72435,2283.91665,0.0308538401,-30.5361864,4.5303197e-05
836.0,129.0836055,5488.70733,-53.7125481,-53.7125481,-30.8726875,-30.8726875,-29.4435163,-29.4435163,0.0479829548,68.9936091,68.9936091,0.000356322697,0.000356322697,0.001077660017,0.001077660017,0.482166744,2264.6836,35.26305,0.0024982649,0.000403648152,0.0,5488.70733,2283.91969,0.0479829548,-90.049896,0.000184008739
836.5,146.14436,5457.40346,-61.2882736,-61.2882736,-35.0264163,-35.0264163,-33.3585085,-33.3585085,0.0547568686,101.14161,101.14161,0.000579958703,0.000579958703,0.00175398428,0.00175398428,0.482365909,2264.6836,35.26305,0.00285095327,1.649494e-06,0.0,5457.40346,2270.89778,0.0547568686,-116.5908794,0.000267418812
837.0,146.14436,5435.80235,-60.8351525,-60.8351525,-34.6295536,-34.6295536,-32.9793179,-32.9793179,0.0547181214,101.14161,101.14161,0.000579548315,0.000579548315,0.00175274336,0.00175274336,0.482570466,2264.6836,35.26305,0.00284893587,-5.19614e-07,0.0,5435.80235,2261.90945,0.0547181214,-116.4390649,0.000266881524
837.5,146.14436,6086.13021,-47.867541,-47.867541,-30.4576766,-30.4576766,-29.1412647,-29.1412647,0.0536082151,101.14161,101.14161,0.000567792722,0.000567792722,0.00171719725,0.00171719725,0.48276249,2556.66064,35.26305,0.00279114788,-3.3154391e-05,0.0,6086.13021,2532.51504,0.0536082151,-112.0903239,0.000251709648
838.0,146.14436,7514.35585,-47.8650311,-47.8650311,-37.6679281,-37.6679281,-36.1866168,-36.1866168,0.0536063559,101.14161,101.14161,0.000567773021,0.000567773021,0.00171713768,0.00171713768,0.482963655,3131.88035,35.26305,0.00279105109,6.56757e-07,0.0,7514.35585,3126.81024,0.0536063559,-112.0830365,0.000251677741
838.5,146.14436,8896.9251,-47.9392587,-47.9392587,-44.6642889,-44.6642889,-42.7769997,-42.7769997,0.053612758,101.14161,101.14161,0.000567840813,0.000567840813,0.00171734268,0.00171734268,0.483199304,3707.09988,35.26305,0.00279138437,7.5749e-08,0.0,8896.9251,3702.10757,0.053612758,-112.1081178,0.000251764113
839.0,146.14436,9916.84395,-57.6321551,-57.6321551,-59.9021119,-59.9021119,-57.3365142,-57.3365142,0.0544413514,101.14161,101.14161,0.000576616891,0.000576616891,0.00174387943,0.00174387943,0.483477807,4112.84442,35.26305,0.00283452566,4.6274155e-05,0.0,9916.84395,4126.50366,0.0544413514,-115.3546441,0.00026310233
839.5,146.14436,9912.3595,-60.9969507,-60.9969507,-63.3161438,-63.3161438,-60.6434199,-60.6434199,0.0547320746,101.14161,101.14161,0.000579696099,0.000579696099,0.00175319024,0.00175319024,0.483806536,4127.9976,35.26305,0.00284966236,-1.801792e-06,0.0,9912.3595,4124.63786,0.0547320746,-116.4937346,0.000267074946
840.0,146.14436,9907.22,-60.8155689,-60.8155689,-63.0950367,-63.0950367,-60.4298479,-60.4298479,0.0547164424,101.14161,101.14161,0.000579530533,0.000579530533,0.00175268958,0.00175268958,0.484134742,4127.9976,35.26305,0.00284884843,-1.6472e-08,0.0,9907.22,4122.49925,0.0547164424,-116.432483,0.000266858246
840.5,146.14436,9907.1187,-60.81182,-60.81182,-63.0905036,-63.0905036,-60.4254691,-60.4254691,0.0547161179,101.14161,101.14161,0.000579527098,0.000579527098,0.00175267917,0.00175267917,0.484462711,4127.9976,35.26305,0.00284883154,2.65938e-07,0.0,9907.1187,4122.45725,0.0547161179,-116.4312144,0.000266853751
841.0,146.14436,9907.117,-60.8117504,-60.8117504,-63.0904204,-63.0904204,-60.4253904,-60.4253904,0.0547161105,101.14161,101.14161,0.000579527016,0.000579527016,0.00175267894,0.00175267894,0.484790673,4127.9976,35.26305,0.00284883116,1.44552e-07,0.0,9907.117,4122.4565,0.0547161105,-116.4311826,0.000266853651
841.5,146.14436,9907.117,-60.81175,-60.81175,-63.0904164,-63.0904164,-60.42539,-60.42539,0.054716098,101.14161,101.14161,0.000579526886,0.000579526886,0.00175267858,0.00175267858,0.485118626,4127.9976,35.26305,0.00284883051,1.22851e-07,0.0,9907.117,4122.4565,0.054716098,-116.4311376,0.000266853482
842.0,146.14436,9907.117,-60.81175,-60.81175,-63.090416,-63.090416,-60.42539,-60.42539,0.0547161066,101.14161,101.14161,0.000579526977,0.000579526977,0.00175267882,0.00175267882,0.485446574,4127.9976,35.26305,0.00284883096,2.42633e-07,0.0,9907.117,4122.4565,0.0547161066,-116.4311693,0.000266853601
842.5,146.14436,9907.117,-60.81175,-60.81175,-63.090416,-63.090416,-60.42539,-60.42539,0.0547161299,101.14161,101.14161,0.00057952721,0.00057952721,0.00175267951,0.00175267951,0.485774515,4127.9976,35.26305,0.00284883212,1.22201e-07,0.0,9907.117,4122.4565,0.0547161299,-116.4312565,0.0002668539
843.0,146.14436,9907.117,-60.81175,-60.81175,-63.090416,-63.090416,-60.42539,-60.42539,0.0547161081,101.14161,101.14161,0.00057952698,0.00057952698,0.00175267888,0.00175267888,0.486102446,4127.9976,35.26305,0.00284883102,-1.33964e-07,0.0,9907.117,4122.4565,0.0547161081,-116.431174,0.000266853617
843.5,146.14436,9907.117,-60.81175,-60.81175,-63.090416,-63.090416,-60.42539,-60.42539,0.0547160912,101.14161,101.14161,0.000579526819,0.000579526819,0.00175267832,0.00175267832,0.486430373,4127.9976,35.26305,0.00284883017,1.87437e-07,0.0,9907.117,4122.4565,0.0547160912,-116.4311096,0.000266853388
844.0,146.14436,9907.117,-60.81175,-60.81175,-63.090416,-63.090416,-60.42539,-60.42539,0.0547161269,101.14161,101.14161,0.000579527185,0.000579527185,0.00175267946,0.00175267946,0.486758294,4127.9976,35.26305,0.00284883197,8.5311e-08,0.0,9907.117,4122.4565,0.0547161269,-116.431246,0.000266853861
844.5,146.14436,9907.1137,-60.8117864,-60.8117864,-63.0904379,-63.0904379,-60.4254078,-60.4254078,0.0570374059,115.7455168,115.7455168,0.00069270629,0.00069270629,0.00209496292,0.00209496292,0.487086209,4127.9976,35.26305,0.00296969095,0.000144726857,0.0,9907.1137,4122.4565,0.0570374059,-125.5262925,0.000300245609
845.0,146.14436,9907.10655,-60.81179,-60.81179,-63.0903945,-63.0903945,-60.425366,-60.425366,0.0620566605,147.22789,147.22789,0.000958134241,0.000958134241,0.00289769865,0.00289769865,0.487414106,4127.9976,35.26305,0.0032310219,0.000143878645,0.0,9907.10655,4122.4565,0.0620566605,-145.192318,0.000377757426
845.5,146.14436,9907.1002,-60.81179,-60.81179,-63.0903493,-63.0903493,-60.425324,-60.425324,0.0670758104,178.711798,178.711798,0.00125666616,0.00125666616,0.00380057192,0.00380057192,0.487742005,4127.9976,35.26305,0.00349234727,0.000149102597,0.0,9907.1002,4122.4565,0.0670758104,-164.857931,0.000463536681
846.0,145.995419,8753.495149999999,-88.2689604,-88.2689604,-79.9229674,-79.9229674,-76.6968007,-76.6968007,0.074439384,210.198015,210.198015,0.00164080107,0.00164080107,0.00496233687,0.00496233687,0.488100153,3597.56785,35.26305,0.00387573675,0.000174007638,0.0,8753.495149999999,3642.43735,0.074439384,-193.709271,0.000605032649
846.5,78.4025799,6627.90691,-33.8765397,-33.8765397,-23.5290564,-23.5290564,-22.4176828,-22.4176828,0.0709316373,241.672593,241.672593,0.00179366101,0.00179366101,0.00542480381,0.00542480381,0.488387995,2865.422,35.26305,0.00369310352,-0.000194571494,0.0,6627.90691,2757.96243,0.0709316373,-179.965511,0.00053536907
847.0,53.963863,6297.84095,-39.4283976,-39.4283976,-25.1978828,-25.1978828,-24.018919,-24.018919,0.0728559056,259.639739,259.639739,0.00198092262,0.00198092262,0.00599121373,0.00599121373,0.488507653,2595.99142,35.26305,0.00379329182,6.9031228e-05,0.0,6297.84095,2620.62062,0.0728559056,-187.505017,0.000572530827
847.5,53.963863,3360.73552,-47.8075638,-47.8075638,-17.38538757,-17.38538757,-16.2975742,-16.2975742,0.0735919358,259.71155,259.71155,0.00200147466,0.00200147466,0.00605336393,0.00605336393,0.488662539,1407.85448,35.26305,0.00383161374,-6.3205755e-05,0.0,3360.73552,1398.469806,0.0735919358,-190.388864,0.000586998536
848.0,53.963863,2343.37967,-20.5182472,-20.5182472,-5.04203767,-5.04203767,-4.59509502,-4.59509502,0.0712496514,259.71155,259.71155,0.00193777173,0.00193777173,0.00586072531,0.00586072531,0.488723778,1008.9943,35.26305,0.00370966107,3.430788e-06,0.0,2343.37967,975.139181,0.0712496514,-181.211521,0.000540827166
848.5,53.963863,2419.41638,-22.3786363,-22.3786363,-5.66988354,-5.66988354,-5.19153108,-5.19153108,0.071409239,259.71155,259.71155,0.00194211206,0.00194211206,0.00587385059,0.00587385059,0.488761622,1008.9943,35.26305,0.00371797015,7.25005e-07,0.0,2419.41638,1006.778686,0.071409239,-181.836807,0.000543907225
849.0,53.963863,2421.44777,-22.4533207,-22.4533207,-5.69356512,-5.69356512,-5.21409904,-5.21409904,0.0714156715,259.71155,259.71155,0.00194228695,0.00194228695,0.00587437957,0.00587437957,0.488801002,1008.9943,35.26305,0.00371830501,-3.16876e-07,0.0,2421.44777,1007.623986,0.0714156715,-181.862006,0.000544031566
849.5,53.963863,2421.48558,-22.4547374,-22.4547374,-5.69401354,-5.69401354,-5.21452643,-5.21452643,0.0714812052,260.123142,260.123142,0.0019471521,0.0019471521,0.00588909474,0.00588909474,0.488840419,1008.9943,35.26305,0.00372171718,4.669753e-06,0.0,2421.48558,1007.63979,0.0714812052,-182.118782,0.000545300082
850.0,53.963863,2421.48598,-22.454763,-22.454763,-5.694021,-5.694021,-5.214534,-5.214534,0.0716749863,261.338939,261.338939,0.00196155652,0.00196155652,0.00593266307,0.00593266307,0.488879837,1008.9943,35.26305,0.00373180642,5.685855e-06,0.0,2421.48598,1007.6401,0.0716749863,-182.878033,0.000549057952
850.5,53.963863,2421.48576,-22.454763,-22.454763,-5.69402065,-5.69402065,-5.21453324,-5.21453324,0.0718721098,262.575385,262.575385,0.00197625724,0.00197625724,0.00597712769,0.00597712769,0.488919262,1008.9943,35.26305,0.00374206982,5.93746e-06,0.0,2421.48576,1007.6401,0.0718721098,-183.650386,0.000552893213
851.0,51.1207554,2414.95922,-21.428152,-21.428152,-5.4197386,-5.4197386,-4.95491451,-4.95491451,0.071818994,263.811822,263.811822,0.00198408703,0.00198408703,0.00600081443,0.00600081443,0.488958279,1008.9943,35.26305,0.00373930435,-1.5039288e-05,0.0,2414.95922,1004.924297,0.071818994,-183.442278,0.000551864017
851.5,40.1538915,2403.03804,-16.7319875,-16.7319875,-4.21061552,-4.21061552,-3.80893455,-3.80893455,0.0709842878,265.048008,265.048008,0.00197021369,0.00197021369,0.00595886966,0.00595886966,0.488991833,1008.9943,35.26305,0.0036958448,-2.5529592e-05,0.0,2403.03804,999.96334,0.0709842878,-180.171801,0.000535730159
852.0,28.6851993,2402.41195,-11.9365552,-11.9365552,-3.00299977,-3.00299977,-2.65457531,-2.65457531,0.070111799,266.284569,266.284569,0.00195507611,0.00195507611,0.00591310152,0.00591310152,0.489016721,1008.9943,35.26305,0.00365041813,-2.5572161e-05,0.0,2402.41195,999.702287,0.070111799,-176.753292,0.000519105712
852.5,17.2165073,2402.40063,-7.1637867,-7.1637867,-1.80225713,-1.80225713,-1.472949535,-1.472949535,0.0692412573,267.521091,267.521091,0.00193976676,0.00193976676,0.00586681333,0.00586681333,0.489032808,1008.9943,35.26305,0.00360509276,-2.4838711e-05,0.0,2402.40063,999.697056,0.0692412573,-173.342401,0.000502767532
853.0,5.74781536,2402.40094,-2.392421586,-2.392421586,-0.601882799,-0.601882799,-0.4480265415,-0.4480265415,0.0683708313,268.757306,268.757306,0.00192423299,0.00192423299,0.00581984607,0.00581984607,0.489040207,1008.9943,35.26305,0.0035597734,-2.4853626e-05,0.0,2402.40094,999.69669,0.0683708313,-169.93197,0.000486680236
853.5,-5.720876933,2402.40327,2.380069974,2.380069974,0.5987759148,0.5987759148,0.804620567,0.804620567,0.067500303,269.993792,269.993792,0.00190847294,0.00190847294,0.00577219383,0.00577219383,0.489039184,1008.9943,35.26305,0.00351444877,-2.5135735e-05,0.0,2402.40327,999.697154,0.067500303,-166.521141,0.000470839808
854.0,-17.1895691,2402.4022,7.15241853,7.15241853,1.79939848,1.79939848,2.20473636,2.20473636,0.0666053995,271.076418,271.076418,0.00189072615,0.00189072615,0.00571853217,0.00571853217,0.489026614,1008.9943,35.26305,0.00346785501,-2.8082522e-05,0.0,2402.4022,999.696194,0.0666053995,-163.014807,0.000454817588
854.5,-28.6582606,2402.40649,11.92409785,11.92409785,2.99985741,2.99985741,3.39421306,3.39421306,0.0655627409,271.23187,271.23187,0.00186220049,0.00186220049,0.00563226757,0.00563226757,0.489003408,1008.9943,35.26305,0.00341356829,-3.0567161e-05,0.0,2402.40649,999.697355,0.0655627409,-158.929546,0.000436481373
855.0,-39.8226347,2403.00587,16.6295564,16.6295564,4.18480189,4.18480189,4.62738108,4.62738108,0.0645180426,271.23187,271.23187,0.00183252757,0.00183252757,0.00554253233,0.00554253233,0.488969544,1008.9943,35.26305,0.0033591754,-2.5008406e-05,0.0,2403.00587,999.946172,0.0645180426,-154.836295,0.000418461498
855.5,-43.19284,2417.85974,18.0876956,18.0876956,4.57972904,4.57972904,5.03624512,5.03624512,0.0641983087,271.23187,271.23187,0.0018234461,0.0018234461,0.00551506844,0.00551506844,0.488927473,1008.9943,35.26305,0.00334252826,3.77005e-07,0.0,2417.85974,1006.126789,0.0641983087,-153.583546,0.00041300651
856.0,-42.4597284,2422.97417,17.7921031,17.7921031,4.51431709,4.51431709,4.96695286,4.96695286,0.0642651644,271.23187,271.23187,0.00182534499,0.00182534499,0.0055208109,0.0055208109,0.488884653,1008.9943,35.26305,0.00334600907,1.1937606e-05,0.0,2422.97417,1008.25496,0.0642651644,-153.845484,0.000414143707
856.5,-29.6297495,2445.55593,12.47270945,12.47270945,3.19335951,3.19335951,3.6001888,3.6001888,0.0651783088,269.480578,269.480578,0.00183930995,0.00183930995,0.00556303306,0.00556303306,0.488847079,1008.9943,35.26305,0.0033935526,1.9928172e-05,0.0,2445.55593,1017.651944,0.0651783088,-157.423293,0.000429801855
857.0,-12.52300326,2449.87278,5.21410436,5.21410436,1.337659784,1.337659784,1.69038928,1.69038928,0.064984959,258.194118,258.194118,0.00175711248,0.00175711248,0.00531439017,0.00531439017,0.48882501,1008.9943,35.26305,0.00338348563,-1.2945839e-05,0.0,2449.87278,1019.448092,0.064984959,-156.665728,0.000426459745
857.5,4.58374322,2449.96456,-1.9073886505,-1.9073886505,-0.4893596594,-0.4893596594,-0.3394499116,-0.3394499116,0.0645507091,245.480788,245.480788,0.00165943258,0.00165943258,0.00501892228,0.00501892228,0.488819794,1008.9943,35.26305,0.00336087611,-1.2225994e-05,0.0,2449.96456,1019.486034,0.0645507091,-154.96428,0.000419009505
858.0,21.6904896,2449.97236,-9.0257852,-9.0257852,-2.31565922,-2.31565922,-1.97651796,-1.97651796,0.0641167785,232.769536,232.769536,0.00156293063,0.00156293063,0.00472702055,0.00472702055,0.488828662,1008.9943,35.26305,0.00333828323,-1.2591201e-05,0.0,2449.97236,1019.489037,0.0641167785,-153.264093,0.000411626587
858.5,35.6166809,2442.48868,-15.0390977,-15.0390977,-3.84613884,-3.84613884,-3.45783361,-3.45783361,0.0637375023,222.143856,222.143856,0.00148272785,0.00148272785,0.00448442422,0.00448442422,0.488850387,1008.9943,35.26305,0.00331853603,-5.314698e-06,0.0,2442.48868,1016.374788,0.0637375023,-151.778049,0.000405222413
859.0,36.91766,2422.86879,-15.4104872,-15.4104872,-3.90998997,-3.90998997,-3.51852984,-3.51852984,0.063660612,220.99506,220.99506,0.00147326878,0.00147326878,0.0044558133,0.0044558133,0.488877648,1008.9943,35.26305,0.00331453267,-1.1038e-08,0.0,2422.86879,1008.210772,0.063660612,-151.476785,0.000403929438
859.5,36.91766,3429.88514,17.9283218,15.9798141,9.08556383,7.98707583,9.83251471,8.67949381,0.0595431852,220.99506,211.891366,0.00137798106,0.00132936581,0.00416764254,0.00402060808,0.488871293,1503.56997,35.26305,0.00310015614,-0.000511485414,0.0,3429.88514,1427.235309,0.0595431852,-135.344232,0.000340718095
860.0,36.91766,6332.31295,-10.29113473,-11.61984443,-6.98956843,-7.83103713,-6.1995101,-7.081754,0.0621735949,220.99506,213.924447,0.00143885543,0.00140323128,0.00435173242,0.00424398897,0.48878168,2568.2417,35.26305,0.00323711011,0.000719520675,0.0,6332.31295,2634.9585,0.0621735949,-145.650482,0.000382987358
860.5,36.91766,6174.31688,-15.7450455,-15.7450455,-10.1807424,-10.1807424,-9.4950788,-9.4950788,0.0636894099,220.99506,220.99506,0.00147393524,0.00147393524,0.00445782863,0.00445782863,0.488855237,2568.2417,35.26305,0.00331603209,-3.710714e-06,0.0,6174.31688,2569.21602,0.0636894099,-151.589621,0.000404413355
861.0,36.91766,6163.89424,-15.3692689,-15.3692689,-9.9205789,-9.9205789,-9.237524,-9.237524,0.0636570529,220.99506,220.99506,0.00147318641,0.00147318641,0.0044555642,0.0044555642,0.488922961,2568.2417,35.26305,0.00331434739,-1.04623e-07,0.0,6163.89424,2564.87906,0.0636570529,-151.462841,0.000403869669
861.5,36.91766,6163.69472,-15.3618503,-15.3618503,-9.9154691,-9.9154691,-9.2324792,-9.2324792,0.0636564284,220.99506,220.99506,0.00147317194,0.00147317194,0.00445552051,0.00445552051,0.488990238,2568.2417,35.26305,0.00331431486,2.93517e-07,0.0,6163.69472,2564.79604,0.0636564284,-151.460394,0.00040385917
862.0,36.91766,6163.691,-15.3617131,-15.3617131,-9.9153749,-9.9153749,-9.23238655,-9.23238655,0.06365643,220.99506,220.99506,0.00147317196,0.00147317196,0.00445552057,0.00445552057,0.489057507,2568.2417,35.26305,0.00331431483,-4.0556e-08,0.0,6163.691,2564.79443,0.06365643,-151.46039,0.000403859176
862.5,36.91766,6163.691,-15.361711,-15.361711,-9.915373,-9.915373,-9.232385,-9.232385,0.0636564124,220.99506,220.99506,0.00147317158,0.00147317158,0.00445551935,0.00445551935,0.489124777,2568.2417,35.26305,0.00331431402,9.359e-08,0.0,6163.691,2564.7944,0.0636564124,-151.460329,0.0004038589
863.0,36.91766,6163.691,-15.361711,-15.361711,-9.915373,-9.915373,-9.232385,-9.232385,0.0636564169,220.99506,220.99506,0.00147317169,0.00147317169,0.00445551977,0.00445551977,0.489192049,2568.2417,35.26305,0.00331431426,4.8669e-08,0.0,6163.691,2564.7944,0.0636564169,-151.460347,0.000403858982
863.5,36.91766,6163.691,-15.361711,-15.361711,-9.915373,-9.915373,-9.232385,-9.232385,0.0636564075,220.99506,220.99506,0.0014731715,0.0014731715,0.00445551906,0.00445551906,0.489259314,2568.2417,35.26305,0.00331431374,1.98307e-07,0.0,6163.691,2564.7944,0.0636564075,-151.460308,0.000403858824
864.0,36.91766,6163.691,-15.361711,-15.361711,-9.915373,-9.915373,-9.232385,-9.232385,0.063656415,220.99506,220.99506,0.00147317163,0.00147317163,0.00445551955,0.00445551955,0.489326585,2568.2417,35.26305,0.00331431414,-1.11248e-07,0.0,6163.691,2564.7944,0.063656415,-151.460337,0.000403858932
864.5,36.91766,6163.691,-15.361711,-15.361711,-9.915373,-9.915373,-9.232385,-9.232385,0.0636564155,220.99506,220.99506,0.00147317166,0.00147317166,0.00445551957,0.00445551957,0.489393848,2568.2417,35.26305,0.00331431416,-4.87401e-07,0.0,6163.691,2564.7944,0.0636564155,-151.460343,0.000403858945
865.0,36.91766,6163.691,-15.3617098,-15.3617098,-9.9153723,-9.9153723,-9.2323842,-9.2323842,0.063641031,220.894587,220.894587,0.00147214745,0.00147214745,0.00445242192,0.00445242192,0.489461117,2568.2417,35.26305,0.00331351312,-1.3056371e-05,0.0,6163.691,2564.7944,0.063641031,-151.400063,0.000403601002
865.5,37.1700505,6164.28918,-15.4482243,-15.4482243,-9.97219,-9.97219,-9.2886547,-9.2886547,0.0610115052,204.228001,204.228001,0.00130594616,0.00130594616,0.00394974131,0.00394974131,0.489528446,2568.2417,35.26305,0.00317660511,-0.000130096201,0.0,6164.28918,2565.04186,0.0610115052,-141.097272,0.000360867023
866.0,38.5267597,6166.04077,-16.0266006,-16.0266006,-10.34847885,-10.34847885,-9.662317,-9.662317,0.0565699023,175.56831,175.56831,0.001041160296,0.001041160296,0.00314889915,0.00314889915,0.489597234,2568.2417,35.26305,0.00294535003,-0.000132064603,0.0,6166.04077,2565.76809,0.0565699023,-123.6945519,0.000293371478
866.5,40.0123207,6166.17695,-16.6493042,-16.6493042,-10.750798,-10.750798,-10.06377975,-10.06377975,0.0521397632,146.912621,146.912621,0.000803249263,0.000803249263,0.00242935296,0.00242935296,0.489668709,2568.2417,35.26305,0.00271469188,-0.000127184229,0.0,6166.17695,2565.82219,0.0521397632,-106.3367546,0.000232507931
867.0,41.4978817,6166.18577,-17.2675185,-17.2675185,-11.1500074,-11.1500074,-10.46350545,-10.46350545,0.0477093643,118.2568085,118.2568085,0.00059192138,0.00059192138,0.0017902156,0.0017902156,0.489742832,2568.2417,35.26305,0.00248402019,-0.000125877732,0.0,6166.18577,2565.8232,0.0477093643,-88.9779335,0.000178083336
867.5,42.9834424,6166.1922,-17.8856651,-17.8856651,-11.54916995,-11.54916995,-10.8533852,-10.8533852,0.0432790681,89.6004806,89.6004806,0.00040718193,0.00040718193,0.00123149824,0.00123149824,0.489819556,2568.2417,35.26305,0.00225335388,-0.000128195711,0.0,6166.1922,2565.82326,0.0432790681,-71.6195217,0.000130102651
868.0,44.4690038,6166.19828,-18.5038543,-18.5038543,-11.94836035,-11.94836035,-11.2397167,-11.2397167,0.0388482943,60.941312,60.941312,0.000249017158,0.000249017158,0.000753154202,0.000753154202,0.489898807,2568.2417,35.26305,0.0020226626,-0.000128783439,0.0,6166.19828,2565.82323,0.0388482943,-54.2592299,8.8560341e-05
868.5,45.8941198,6166.07763,-19.1069901,-19.1069901,-12.3375751,-12.3375751,-11.61711205,-11.61711205,0.0344132251,32.2857694,32.2857694,0.000117452258,0.000117452258,0.000355253591,0.000355253591,0.489980565,2568.2417,35.26305,0.00179174775,-0.000128692647,0.0,6166.07763,2565.77044,0.0344132251,-36.8821134,5.3434059e-05
869.0,46.273026,6164.13256,-19.2672993,-19.2672993,-12.4371665,-12.4371665,-11.7138432,-11.7138432,0.029879749,3.62791115,3.62791115,1.2483356e-05,1.2483356e-05,5.355672e-05,5.355672e-05,0.49006403,2568.2417,35.26305,0.00155570925,-0.000127505423,0.0,6164.13256,2564.95854,0.029879749,-19.1194253,2.4212841e-05
869.5,45.8015145,6162.67692,-19.1131564,-19.1131564,-12.3347952,-12.3347952,-11.614571,-11.614571,0.0093823098,-25.0279703,-25.0279703,-7.339332e-06,-7.339332e-06,7.3868469e-05,7.3868469e-05,0.490147501,2568.2417,35.26305,0.000488496295,-0.001129121281,0.0,6162.67692,2564.34083,0.0093823098,-1.591192747,4.656594e-06
870.0,41.1338187,6155.371059999999,-17.1492413,-17.1492413,-11.0542757,-11.0542757,-10.36498055,-10.36498055,-0.0279932429,-42.9030983,-42.9030983,0.000125782465,0.000125782465,0.000380448799,0.000380448799,0.490227014,2568.2417,35.26305,-0.00145748706,-2.92776e-05,0.0,6155.371059999999,2561.279,-0.0279932429,11.7278746,1.3760895e-05
870.5,35.476063,6154.42267,-14.7623512,-14.7623512,-9.5141834,-9.5141834,-8.8378482,-8.8378482,-0.028560784,-43.137672,-43.137672,0.000129019527,0.000129019527,0.000390239098,0.000390239098,0.490296714,2568.2417,35.26305,-0.0014870365,-1.5226796e-05,0.0,6154.42267,2560.88407,-0.028560784,13.9515678,1.6694736e-05
871.0,29.8183072,6154.40419,-12.4077342,-12.4077342,-7.9966322,-7.9966322,-7.35573916,-7.35573916,-0.0290874668,-43.137672,-43.137672,0.000131398747,0.000131398747,0.000397434793,0.000397434793,0.490356304,2568.2417,35.26305,-0.00151445855,-1.5415843e-05,0.0,6154.40419,2560.87606,-0.0290874668,16.01517085,1.9516848e-05
871.5,24.1605523,6154.40416,-10.0533903,-10.0533903,-6.47928635,-6.47928635,-5.85844103,-5.85844103,-0.0296141568,-43.137672,-43.137672,0.000133777997,0.000133777997,0.000404630573,0.000404630573,0.490405681,2568.2417,35.26305,-0.00154188104,-1.4518575e-05,0.0,6154.40416,2560.87573,-0.0296141568,18.0788037,2.2430058e-05
872.0,18.5027969,6154.40482,-7.69924358,-7.69924358,-4.96206817,-4.96206817,-4.29404633,-4.29404633,-0.0301408596,-43.137672,-43.137672,0.000136157304,0.000136157304,0.000411826496,0.000411826496,0.490444093,2568.2417,35.26305,-0.00156930414,-1.5622898e-05,0.0,6154.40482,2560.87564,-0.0301408596,20.1424866,2.54344e-05
872.5,12.8450412,6154.40589,-5.34478733,-5.34478733,-3.44465058,-3.44465058,-2.841405,-2.841405,-0.0306675218,-43.137672,-43.137672,0.00013853643,0.00013853643,0.000419021853,0.000419021853,0.490471447,2568.2417,35.26305,-0.00159672518,-1.5731007e-05,0.0,6154.40589,2560.87575,-0.0306675218,22.2060107,2.8529555e-05
873.0,7.18728615,6154.406590000001,-2.99086898,-2.99086898,-1.92757908,-1.92757908,-1.529093756,-1.529093756,-0.0311941934,-43.137672,-43.137672,0.0001409156,0.0001409156,0.000426217304,0.000426217304,0.49048839,2568.2417,35.26305,-0.00162414669,-1.4831263e-05,0.0,6154.406590000001,2560.87581,-0.0311941934,24.2695708,3.1715817e-05
873.5,4.3008113,6160.10079,-1.70476791,-1.70476791,-1.09972995,-1.09972995,-0.869900043,-0.869900043,-0.031470913,-43.137672,-43.137672,0.00014216564,0.00014216564,0.000429997874,0.000429997874,0.490497004,2568.2417,35.26305,-0.00163855428,3.14669e-07,0.0,6160.10079,2563.24507,-0.031470913,25.35379,3.3422649e-05
874.0,4.3008113,6163.72065,-1.78579794,-1.78579794,-1.15266709,-1.15266709,-0.91178498,-0.91178498,-0.0314639532,-43.137672,-43.137672,0.000142134207,0.000142134207,0.000429902798,0.000429902798,0.490504094,2568.2417,35.26305,-0.00163819197,4.42814e-07,0.0,6163.72065,2564.7513,-0.0314639532,25.3265239,3.3379321e-05
874.5,4.3008113,6163.82216,-1.7895271,-1.7895271,-1.15509314,-1.15509314,-0.913704356,-0.913704356,-0.0314636546,-43.137672,-43.137672,0.000142132858,0.000142132858,0.000429898717,0.000429898717,0.490511324,2568.2417,35.26305,-0.00163817641,-2.4247e-07,0.0,6163.82216,2564.79354,-0.0314636546,25.3253537,3.3377461e-05
875.0,4.3008113,6163.823969999999,-1.78959797,-1.78959797,-1.15513919,-1.15513919,-0.913740823,-0.913740823,-0.0314636358,-43.137672,-43.137672,0.000142132773,0.000142132773,0.000429898463,0.000429898463,0.490518547,2568.2417,35.26305,-0.00163817543,3.91157e-07,0.0,6163.823969999999,2564.79436,-0.0314636358,25.3252801,3.3377344e-05
875.5,4.3008113,6163.824,-1.78959928,-1.78959928,-1.15514,-1.15514,-0.913741479,-0.913741479,-0.0314636329,-43.137672,-43.137672,0.000142132758,0.000142132758,0.000429898414,0.000429898414,0.490525775,2568.2417,35.26305,-0.00163817522,-7.7189e-08,0.0,6163.824,2564.7944,-0.0314636329,25.325266,3.3377322e-05
876.0,4.3008113,6163.824,-1.7895993,-1.7895993,-1.15514,-1.15514,-0.9137415,-0.9137415,-0.0314636365,-43.137672,-43.137672,0.000142132772,0.000142132772,0.000429898461,0.000429898461,0.490532999,2568.2417,35.26305,-0.00163817541,-3.3744e-08,0.0,6163.824,2564.7944,-0.0314636365,25.3252803,3.3377344e-05
876.5,4.3008113,6163.824,-1.7895993,-1.7895993,-1.15514,-1.15514,-0.9137415,-0.9137415,-0.0314636276,-43.137672,-43.137672,0.000142132732,0.000142132732,0.000429898351,0.000429898351,0.49054023,2568.2417,35.26305,-0.00163817501,7.1155e-08,0.0,6163.824,2564.7944,-0.0314636276,25.325246,3.337729e-05
877.0,4.3008113,6163.824,-1.7895993,-1.7895993,-1.15514,-1.15514,-0.9137415,-0.9137415,-0.0314636203,-43.137672,-43.137672,0.000142132698,0.000142132698,0.000429898233,0.000429898233,0.490547456,2568.2417,35.26305,-0.00163817456,-4.9246e-08,0.0,6163.824,2564.7944,-0.0314636203,25.3252144,3.337724e-05
877.5,4.3008113,6163.824,-1.7895993,-1.7895993,-1.15514,-1.15514,-0.9137415,-0.9137415,-0.0314636243,-43.137672,-43.137672,0.000142132717,0.000142132717,0.000429898298,0.000429898298,0.490554685,2568.2417,35.26305,-0.00163817478,1.29663e-07,0.0,6163.824,2564.7944,-0.0314636243,25.325232,3.3377268e-05
878.0,4.3008113,6163.824,-1.7895993,-1.7895993,-1.15514,-1.15514,-0.9137415,-0.9137415,-0.0314636314,-43.137672,-43.137672,0.000142132754,0.000142132754,0.000429898396,0.000429898396,0.490561906,2568.2417,35.26305,-0.00163817518,3.40147e-07,0.0,6163.824,2564.7944,-0.0314636314,25.3252616,3.3377315e-05
878.5,4.3008113,6163.824,-1.7895993,-1.7895993,-1.15514,-1.15514,-0.9137415,-0.9137415,-0.0314636262,-43.137672,-43.137672,0.00014213273,0.00014213273,0.000429898327,0.000429898327,0.49056914,2568.2417,35.26305,-0.00163817493,5.357e-07,0.0,6163.824,2564.7944,-0.0314636262,25.3252422,3.3377284e-05
879.0,4.3008113,6163.824,-1.7895993,-1.7895993,-1.15514,-1.15514,-0.9137415,-0.9137415,-0.0314636349,-43.137672,-43.137672,0.000142132766,0.000142132766,0.000429898442,0.000429898442,0.490576363,2568.2417,35.26305,-0.00163817535,-4.50747e-07,0.0,6163.824,2564.7944,-0.0314636349,25.3252741,3.3377335e-05
879.5,4.3008113,6163.82101,-1.78965409,-1.78965409,-1.15517485,-1.15517485,-0.913768991,-0.913768991,-0.0289896645,-27.56471138,-27.56471138,8.7169397e-05,8.7169397e-05,0.00026366009,0.00026366009,0.4905836,2568.2417,35.26305,-0.00150936639,0.000199745712,0.0,6163.82101,2564.79446,-0.0289896645,15.63532625413,1.9856208e-05
880.0,4.3008113,6163.74012,-1.79009467,-1.79009467,-1.15544407,-1.15544407,-0.913981712,-0.913981712,0.0288139061,31.2816737,31.2816737,0.000104043776,0.000104043776,0.000314695842,0.000314695842,0.490590824,2568.2417,35.26305,0.00150021546,0.002286979548,0.0,6163.74012,2564.79457,0.0288139061,-20.6271495,2.7597598e-05
880.5,4.3008113,6163.72353,-1.78966744,-1.78966744,-1.15516521,-1.15516521,-0.913761098,-0.913761098,0.0401438194,92.6469079,92.6469079,0.000394660655,0.000394660655,0.001193641337,0.001193641337,0.490598053,2568.2417,35.26305,0.00209011502,0.000285315597,0.0,6163.72353,2564.7943,0.0401438194,-59.3352505,0.000101070547
881.0,4.3008113,6163.71017,-1.78967778,-1.78967778,-1.15516937,-1.15516937,-0.913764325,-0.913764325,0.0499281203,154.013371,154.013371,0.000810440441,0.000810440441,0.00245112863,0.00245112863,0.490605267,2568.2417,35.26305,0.00259954118,0.000273256072,0.0,6163.71017,2564.7944,0.0499281203,-97.6712784,0.000205564456
881.5,4.3008113,6163.697389999999,-1.78964991,-1.78964991,-1.15514899,-1.15514899,-0.913748144,-0.913748144,0.0589255141,210.417221,210.417221,0.00130085807,0.00130085807,0.0039343891,0.0039343891,0.490612477,2568.2417,35.26305,0.00306799661,0.000169680798,0.0,6163.697389999999,2564.79434,0.0589255141,-132.924118,0.00032870429
882.0,-0.30179849,6152.73241,-0.227722693,-0.227722693,-0.1496131666,-0.1496131666,0.1206284265,0.1206284265,0.0602852315,221.37799,221.37799,0.00139757133,0.00139757133,0.00422690614,0.00422690614,0.490618441,2568.2417,35.26305,0.00313879119,-4.5681881e-05,0.0,6152.73241,2560.23252,0.0602852315,-138.251649,0.000349155199
882.5,-24.398687,6123.83306,10.35013262,10.35013262,6.63841383,6.63841383,7.35290556,7.35290556,0.0579948378,221.37799,221.37799,0.00134447395,0.00134447395,0.00406633733,0.00406633733,0.490586696,2568.2417,35.26305,0.00301954028,-4.6487998e-05,0.0,6123.83306,2548.20598,0.0579948378,-129.2776206,0.000314098781
883.0,-28.884905,6159.39004,12.1677103,12.1677103,7.84823156,7.84823156,8.5418458,8.5418458,0.0575791094,221.37799,221.37799,0.00133483627,0.00133483627,0.00403719239,0.00403719239,0.490510932,2568.2417,35.26305,0.00299789516,1.348711e-06,0.0,6159.39004,2563.0013,0.0575791094,-127.6487461,0.000307871966
883.5,-28.884905,6163.61245,12.0224505,12.0224505,7.75991458,7.75991458,8.4508796,8.4508796,0.057591645,221.37799,221.37799,0.00133512686,0.00133512686,0.00403807113,0.00403807113,0.490434747,2568.2417,35.26305,0.0029985478,-1.53664e-07,0.0,6163.61245,2564.75825,0.057591645,-127.697863,0.000308057457
884.0,-28.884905,5755.25205,7.22235391,7.22235391,4.27216617,4.27216617,4.91139141,4.91139141,0.0580017239,221.37799,221.37799,0.00134463358,0.00134463358,0.00406682,0.00406682,0.490382244,2395.26192,35.26305,0.00301989886,2.7042587e-05,0.0,5755.25205,2394.83676,0.0580017239,-129.3046009,0.000314217101
884.5,-28.884905,5677.3013,12.1949934,12.1949934,7.25015025,7.25015025,7.8976744,7.8976744,0.057576766,221.37799,221.37799,0.00133478194,0.00133478194,0.00403702806,0.00403702806,0.490316802,2367.697,35.26305,0.00299777309,1.602881e-06,0.0,5677.3013,2362.40059,0.057576766,-127.6395644,0.000307837294
885.0,-28.884905,5682.28943,12.02303045,12.02303045,7.15427945,7.15427945,7.79879751,7.79879751,0.0575915779,221.37799,221.37799,0.00133512534,0.00133512534,0.00403806645,0.00403806645,0.490247204,2367.697,35.26305,0.00299854432,-1.12091e-07,0.0,5682.28943,2364.47619,0.0575915779,-127.6975994,0.000308056456
885.5,-28.884905,5682.39004,12.0192929,12.0192929,7.15218233,7.15218233,7.79663098,7.79663098,0.0575919085,221.37799,221.37799,0.00133513303,0.00133513303,0.00403808972,0.00403808972,0.490177866,2367.697,35.26305,0.00299856154,5.0792e-08,0.0,5682.39004,2364.51811,0.0575919085,-127.698898,0.000308061365
886.0,-28.884905,5682.392,12.0192232,12.0192232,7.15214353,7.15214353,7.79659093,7.79659093,0.0575918789,221.37799,221.37799,0.00133513229,0.00133513229,0.00403808752,0.00403808752,0.490108535,2367.697,35.26305,0.00299855998,-4.09855e-07,0.0,5682.392,2364.5188,0.0575918789,-127.6987823,0.000308060924
886.5,-28.884905,5682.392,12.019222,12.019222,7.15214255,7.15214255,7.79659012,7.79659012,0.0575919134,221.37799,221.37799,0.00133513309,0.00133513309,0.00403809008,0.00403809008,0.490039199,2367.697,35.26305,0.00299856184,-2.31267e-07,0.0,5682.392,2364.5188,0.0575919134,-127.6989171,0.000308061435
887.0,-28.884905,6534.502350000001,59.4315616,27.710592,42.11154375,18.93255855,44.187231,19.8703815,0.0408989429,205.547264,124.8664687,0.000891892051,0.000603184069,0.00269754594,0.00182433224,0.489884298,2825.39342,35.26305,0.00212943102,-0.000802435761,0.0,6534.502350000001,2719.07855,0.0408989429,-62.29391,0.000123729254
887.5,-28.884905,7996.964320000001,235.882967,23.2804668,199.749413,19.4557446,211.1103,20.5372906,0.010447528314,166.320206,15.71500569,0.000193108949,2.819321e-05,0.000584112078,8.527787e-05,0.489616541,3696.36666,35.26305,0.000543957606,0.040016920497,0.0,7996.964320000001,3327.60203,0.010447528314,-1.1088324,1.22868e-06
888.0,-0.80961947,9153.8993,285.033551,20.0118241,271.758467,19.1282597,291.622943,20.5340281,0.009150059995,126.9045896,10.17273236,0.000114664009,8.822562e-06,0.000346847445,2.6687388e-05,0.489348074,3988.7583,35.26305,0.000476404026,-0.00484113041,0.0,9153.8993,3809.01049,0.009150059995,-4.0740539,5.269024e-06
888.5,203.145798,10862.2111,-87.0325323,-93.3504981,-98.2970701,-105.6662207,-93.6643479,-101.7837024,0.0602883027,106.786865,98.2246298,0.000674185681,0.000640744369,0.00203892609,0.001937772823,0.489397512,3988.7583,35.26305,0.00313895109,0.00052402271,0.0,10862.2111,4519.88151,0.0602883027,-138.263681,0.000359288521
889.0,205.50438,9627.8913,-87.5069881,-87.5069881,-88.2386837,-88.2386837,-84.894823,-84.894823,0.0613138719,106.786865,106.786865,0.000685654293,0.000685654293,0.0020735982,0.0020735982,0.489864486,3988.7583,35.26305,0.00319234799,-1.8935664e-05,0.0,9627.8913,4006.27245,0.0613138719,-142.281979,0.000365428923
889.5,205.50438,9573.9777,-85.550732,-85.550732,-85.7718544,-85.7718544,-82.4920094,-82.4920094,0.0611452937,106.786865,106.786865,0.000683769149,0.000683769149,0.00206789818,0.00206789818,0.49027961,3988.7583,35.26305,0.00318357091,5.7229e-08,0.0,9573.9777,3983.83853,0.0611452937,-141.621474,0.000362727721
890.0,205.50438,9572.9532,-85.5126041,-85.5126041,-85.7244455,-85.7244455,-82.4458767,-82.4458767,0.0611420276,106.786865,106.786865,0.000683732614,0.000683732614,0.00206778781,0.00206778781,0.490692524,3988.7583,35.26305,0.00318340081,2.57338e-07,0.0,9572.9532,3983.41226,0.0611420276,-141.608672,0.000362675566
890.5,205.50438,9571.36,-86.0063702,-86.0063702,-86.2043463,-86.2043463,-82.912982,-82.912982,0.0611834697,106.786865,106.786865,0.000684196064,0.000684196064,0.00206918904,0.00206918904,0.491105446,3986.15024,35.26305,0.0031855586,1.7975588e-05,0.0,9571.36,3982.74902,0.0611834697,-141.771051,0.000363340089
891.0,205.50438,8936.025,-96.4621516,-96.4621516,-90.2687536,-90.2687536,-86.8088095,-86.8088095,0.0620802275,106.786865,106.786865,0.00069422423,0.00069422423,0.00209951035,0.00209951035,0.491531173,3708.42353,35.26305,0.0032322489,6.484734e-06,0.0,8936.025,3718.38233,0.0620802275,-145.284654,0.000377800178
891.5,205.50438,7791.79279,-95.8973919,-95.8973919,-78.249189,-78.249189,-74.9743116,-74.9743116,0.0620321397,106.786865,106.786865,0.00069368647,0.00069368647,0.00209788439,0.00209788439,0.491937951,3246.14299,35.26305,0.00322974512,-5.86286e-07,0.0,7791.79279,3242.25867,0.0620321397,-145.096236,0.000377017517
892.0,205.50438,6681.204949999999,-95.8565888,-95.8565888,-67.0664844,-67.0664844,-63.9002601,-63.9002601,0.0616917539,104.6603574,104.6603574,0.000676273735,0.000676273735,0.00204522492,0.00204522492,0.492301627,2783.8625,35.26305,0.00321202276,-4.4500944e-05,0.0,6681.204949999999,2780.13467,0.0616917539,-143.762566,0.000371535125
892.5,205.50438,5987.277550000001,-86.5382026,-86.5382026,-54.2669306,-54.2669306,-51.5434291,-51.5434291,0.0583550118,88.7209889,88.7209889,0.000542756768,0.000542756768,0.00164144898,0.00164144898,0.492615961,2511.07594,35.26305,0.003038293,-0.000109324904,0.0,5987.277550000001,2491.3845,0.0583550118,-130.688821,0.000319645897
893.0,205.50438,6019.0627,-85.4219164,-85.4219164,-53.842719,-53.842719,-51.1659603,-51.1659603,0.0553222726,70.3063623,70.3063623,0.000407771634,0.000407771634,0.00123323269,0.00123323269,0.492903429,2509.0168,35.26305,0.00288039138,-8.4911398e-05,0.0,6019.0627,2504.60871,0.0553222726,-118.8061975,0.000275428467
893.5,205.50438,6021.51903,-85.5100735,-85.5100735,-53.9202576,-53.9202576,-51.2396192,-51.2396192,0.0523931147,51.8872058,51.8872058,0.000285151227,0.000285151227,0.000862411903,0.000862411903,0.49319231,2509.0168,35.26305,0.0027278828,-8.20765e-05,0.0,6021.51903,2505.62916,0.0523931147,-107.3294161,0.000235665884
894.0,203.623527,6017.29021,-84.8237382,-84.8237382,-53.4501835,-53.4501835,-50.7987944,-50.7987944,0.0492910084,33.4721103,33.4721103,0.000173325763,0.000173325763,0.000524233469,0.000524233469,0.493480835,2509.0168,35.26305,0.00256636953,-9.473265e-05,0.0,6017.29021,2503.86766,0.0492910084,-95.174999,0.0001966703
894.5,196.904853,6010.34389,-81.945992,-81.945992,-51.5769787,-51.5769787,-49.0465696,-49.0465696,0.0457224495,15.0533581,15.0533581,7.2647148e-05,7.2647148e-05,0.000219745041,0.000219745041,0.493764114,2509.0168,35.26305,0.00238057012,-0.000104276336,0.0,6010.34389,2500.97514,0.0457224495,-81.1929685,0.000155676476
895.0,189.948858,6010.0106,-79.0393176,-79.0393176,-49.7447255,-49.7447255,-47.3347361,-47.3347361,0.0421374208,-3.364727464,-3.364727464,-1.4276807e-05,-1.4276807e-05,6.638787e-06,6.638787e-06,0.494039622,2509.0168,35.26305,0.00219391324,-0.000103561646,0.0,6010.0106,2500.8344,0.0421374208,-67.1464136,0.000118690626
895.5,182.992868,6010.00896,-76.1447086,-76.1447086,-47.9229411,-47.9229411,-45.6318368,-45.6318368,0.0385537567,-21.7818231,-21.7818231,-8.7370412e-05,-8.7370412e-05,-2.8884918e-05,-2.8884918e-05,0.494307491,2509.0168,35.26305,0.00200732733,-0.000106480432,0.0,6010.00896,2500.83161,0.0385537567,-53.1051993,8.5935376e-05
896.0,176.036875,6010.01371,-73.2503095,-73.2503095,-46.1013401,-46.1013401,-43.9266922,-43.9266922,0.0349700603,-40.1986278,-40.1986278,-0.000146639281,-0.000146639281,-4.8481975e-05,-4.8481975e-05,0.494567627,2509.0168,35.26305,0.00182073973,-0.000103847336,0.0,6010.01371,2500.83152,0.0349700603,-39.0638561,5.7395553e-05
896.5,169.080882,6010.01463,-70.3560317,-70.3560317,-44.2797824,-44.2797824,-42.2185217,-42.2185217,0.0320183165,-54.6324153,-54.6324153,-0.000183097096,-0.000183097096,-6.0536123e-05,-6.0536123e-05,0.494819915,2509.0168,35.26305,0.00166705523,-4.2577959e-05,0.0,6010.01463,2500.83009,0.0320183165,-27.4985843,3.6913942e-05
897.0,162.124891,6010.01943,-67.4617078,-67.4617078,-42.4582247,-42.4582247,-40.5079506,-40.5079506,0.0312011852,-55.68887,-55.68887,-0.00018195672,-0.00018195672,-6.0158982e-05,-6.0158982e-05,0.495064245,2509.0168,35.26305,0.0016245107,-1.8745697e-05,0.0,6010.01943,2500.83168,0.0312011852,-24.2969647,3.1760643e-05
897.5,156.618919,6013.417930000001,-65.0819918,-65.0819918,-40.983591,-40.983591,-39.1208671,-39.1208671,0.0306805356,-55.68887,-55.68887,-0.000178920439,-0.000178920439,-5.9155019e-05,-5.9155019e-05,0.495300793,2509.0168,35.26305,0.00159740277,-7.604877e-06,0.0,6013.417930000001,2502.24543,0.0306805356,-22.2570007,2.8604277e-05
898.0,155.336224,6019.07852,-64.7036442,-64.7036442,-40.7838843,-40.7838843,-38.9340478,-38.9340478,0.0305745824,-55.68887,-55.68887,-0.000178302547,-0.000178302547,-5.8950711e-05,-5.8950711e-05,0.495534155,2509.0168,35.26305,0.00159188622,-9.855259e-06,0.0,6019.07852,2504.60085,0.0305745824,-21.8418626,2.7974683e-05
898.5,148.445947,6009.32345,-61.8079627,-61.8079627,-38.8955381,-38.8955381,-37.1490626,-37.1490626,0.0295923484,-57.8220975,-57.8220975,-0.000179110736,-0.000179110736,-5.9217823e-05,-5.9217823e-05,0.495763232,2509.0168,35.26305,0.00154074557,-4.5291467e-05,0.0,6009.32345,2500.54113,0.0295923484,-17.993357,2.2338958e-05
899.0,140.403149,6008.2362,-58.4226415,-58.4226415,-36.7584208,-36.7584208,-35.1276547,-35.1276547,0.0279604597,-63.342752,-63.342752,-0.000185389872,-0.000185389872,-6.1293735e-05,-6.1293735e-05,0.4959825,2509.0168,35.26305,0.00145578018,-5.1121234e-05,0.0,6008.2362,2500.08782,0.0279604597,-11.5994263,1.3621508e-05
899.5,132.360349,6008.21814,-55.0761856,-55.0761856,-34.6527861,-34.6527861,-33.1295822,-33.1295822,0.0263253509,-68.9014576,-68.9014576,-0.000189867902,-0.000189867902,-6.2773982e-05,-6.2773982e-05,0.496191868,2509.0168,35.26305,0.00137064711,-4.695456e-05,0.0,6008.21814,2500.07926,0.0263253509,-5.19287873,5.762462e-06
900.0,124.3175515,6008.25163,-51.7288523,-51.7288523,-32.5468922,-32.5468922,-31.1274766,-31.1274766,0.0002405467,-74.462023,-74.462023,1.750847e-06,1.750847e-06,0.000238725302,0.000238725302,0.496391197,2509.0168,35.26305,1.2524225e-05,-0.001411117916,0.0,6008.25163,2500.07793,0.0002405467,0.90436132,1.638969e-06
900.5,116.274752,6008.29409,-48.3832467,-48.3832467,-30.442114,-30.442114,-29.1188656,-29.1188656,-0.0269181039,-80.0214912,-80.0214912,0.000225647737,0.000225647737,0.000682498091,0.000682498091,0.496580249,2509.0168,35.26305,-0.00140150922,-4.6573471e-05,0.0,6008.29409,2500.07978,-0.0269181039,7.51535415,8.510105e-06
901.0,110.1047586,6012.62143,-45.7071266,-45.7071266,-28.7789548,-28.7789548,-27.5314027,-27.5314027,-0.0283890223,-85.5827958,-85.5827958,0.000254480151,0.000254480151,0.000769700747,0.000769700747,0.496759252,2509.0168,35.26305,-0.00147809353,-3.3044175e-05,0.0,6012.62143,2501.87958,-0.0283890223,13.2785834,1.5806424e-05
901.5,109.70097,6021.19433,-45.6298859,-45.6298859,-28.7713773,-28.7713773,-27.5251693,-27.5251693,-0.0292355547,-90.7000201,-90.7000201,0.000277701898,0.000277701898,0.000839934599,0.000839934599,0.496934458,2509.0168,35.26305,-0.00152216886,-1.5014121e-05,0.0,6021.19433,2505.4463,-0.0292355547,16.5953978,2.0327996e-05
902.0,109.70097,6021.6724,-45.6470382,-45.6470382,-28.7844766,-28.7844766,-27.5377342,-27.5377342,-0.02939493,-91.704254,-91.704254,0.000282286766,0.000282286766,0.000853801582,0.000853801582,0.497109943,2509.0168,35.26305,-0.00153046683,1.87555e-07,0.0,6021.6724,2505.64517,-0.02939493,17.2198473,2.1202659e-05
902.5,109.70097,6021.68154,-45.6473801,-45.6473801,-28.7847365,-28.7847365,-27.5379838,-27.5379838,-0.0293949135,-91.704254,-91.704254,0.000282286613,0.000282286613,0.00085380112,0.00085380112,0.497285431,2509.0168,35.26305,-0.00153046599,-2.71406e-07,0.0,6021.68154,2505.6491,-0.0293949135,17.219785,2.1202571e-05
903.0,109.70097,6021.6816,-45.647385,-45.647385,-28.7847418,-28.7847418,-27.537989,-27.537989,-0.0293948883,-91.704254,-91.704254,0.000282286368,0.000282286368,0.000853800366,0.000853800366,0.497460928,2509.0168,35.26305,-0.00153046465,-2.8677e-08,0.0,6021.6816,2505.6492,-0.0293948883,17.2196841,2.1202428e-05
903.5,109.70097,6021.6816,-45.647385,-45.647385,-28.784742,-28.784742,-27.537989,-27.537989,-0.0293949,-91.704254,-91.704254,0.000282286486,0.000282286486,0.000853800719,0.000853800719,0.497636418,2509.0168,35.26305,-0.00153046528,-2.89561e-07,0.0,6021.6816,2505.6492,-0.0293949,17.2197314,2.1202495e-05
904.0,109.70097,6021.6816,-45.647385,-45.647385,-28.784742,-28.784742,-27.537989,-27.537989,-0.0293948951,-91.704254,-91.704254,0.000282286432,0.000282286432,0.000853800555,0.000853800555,0.497811902,2509.0168,35.26305,-0.00153046501,3.85844e-07,0.0,6021.6816,2505.6492,-0.0293948951,17.2197099,2.1202465e-05
904.5,109.70097,6021.6816,-45.647385,-45.647385,-28.784742,-28.784742,-27.537989,-27.537989,-0.0293949033,-91.704254,-91.704254,0.000282286515,0.000282286515,0.000853800798,0.000853800798,0.497987381,2509.0168,35.26305,-0.00153046544,-9.5829e-08,0.0,6021.6816,2505.6492,-0.0293949033,17.2197423,2.1202511e-05
905.0,109.70097,6021.6816,-45.647385,-45.647385,-28.784742,-28.784742,-27.537989,-27.537989,-0.0293949266,-91.704254,-91.704254,0.000282286739,0.000282286739,0.000853801481,0.000853801481,0.49816286,2509.0168,35.26305,-0.00153046666,1.04404e-07,0.0,6021.6816,2505.6492,-0.0293949266,17.2198347,2.120264e-05
905.5,109.70097,6021.681409999999,-45.6474003,-45.6474003,-28.7847502,-28.7847502,-27.537997,-27.537997,-0.0291271831,-89.9956672,-89.9956672,0.000274787814,0.000274787814,0.000831121045,0.000831121045,0.498338336,2509.0168,35.26305,-0.00151652643,9.6992863e-05,0.0,6021.681409999999,2505.64922,-0.0291271831,16.1707836,1.9799684e-05
906.0,109.70097,6021.607099999999,-45.6479388,-45.6479388,-28.7847323,-28.7847323,-27.5379706,-27.5379706,0.02463726876,-20.10876364,-20.10876364,-2.897863e-06,-2.897863e-06,0.000102020645,0.000102020645,0.498513813,2509.0168,35.26305,0.001282756005,0.00276995536,0.0,6021.607099999999,2505.64951,0.02463726876,-26.88766751,4.0356725e-05
906.5,109.70097,6021.57211,-45.6474971,-45.6474971,-28.7842868,-28.7842868,-27.5375411,-27.5375411,0.0485762277,84.0393724,84.0393724,0.000441349934,0.000441349934,0.00133481225,0.00133481225,0.498689279,2509.0168,35.26305,0.00252915406,0.000431567113,0.0,6021.57211,2505.64904,0.0485762277,-92.3744109,0.000191422328
907.0,109.70097,6021.563599999999,-45.6473775,-45.6473775,-28.7841705,-28.7841705,-27.5374294,-27.5374294,0.0547668169,122.73876,122.73876,0.000703927355,0.000703927355,0.00212892083,0.00212892083,0.498864738,2509.0168,35.26305,0.00285147122,-1.34542e-07,0.0,6021.563599999999,2505.64907,0.0547668169,-116.6298564,0.000267556712
907.5,109.70097,6021.564,-45.647385,-45.647385,-28.784178,-28.784178,-27.5374367,-27.5374367,0.0547668227,122.73876,122.73876,0.00070392744,0.00070392744,0.00212892113,0.00212892113,0.499040189,2509.0168,35.26305,0.00285147156,1.67247e-07,0.0,6021.564,2505.6492,0.0547668227,-116.6298824,0.000267556807
908.0,109.70097,6021.564,-45.647385,-45.647385,-28.784178,-28.784178,-27.537437,-27.537437,0.0547668152,122.73876,122.73876,0.000703927345,0.000703927345,0.00212892073,0.00212892073,0.49921564,2509.0168,35.26305,0.00285147115,2.73126e-07,0.0,6021.564,2505.6492,0.0547668152,-116.6298521,0.000267556701
908.5,109.70097,6021.564,-45.647385,-45.647385,-28.784178,-28.784178,-27.537437,-27.537437,0.0547668319,122.73876,122.73876,0.000703927541,0.000703927541,0.0021289214,0.0021289214,0.499391083,2509.0168,35.26305,0.00285147197,-1.67026e-07,0.0,6021.564,2505.6492,0.0547668319,-116.6299165,0.000267556914
909.0,109.70097,6021.564,-45.647385,-45.647385,-28.784178,-28.784178,-27.537437,-27.537437,0.0547668449,122.73876,122.73876,0.000703927732,0.000703927732,0.002128922,0.002128922,0.499566526,2509.0168,35.26305,0.00285147273,-2.65183e-07,0.0,6021.564,2505.6492,0.0547668449,-116.629974,0.000267557118
909.5,79.26184213,5947.52286,-35.914995894,-35.914995894,-22.555124722,-22.555124722,-21.533206743,-21.533206743,0.0521991104,122.73876,122.73876,0.000670924181,0.000670924181,0.00202912341,0.00202912341,0.499737678,2509.0168,35.26305,0.00271778185,-0.000291451025,0.0,5947.52286,2474.83864,0.0521991104,-106.569285,0.00023536113
910.0,-3.4802017,5910.37464,4.28581138,4.28581138,2.63703971,2.63703971,3.21487676,3.21487676,0.0439873753,122.73876,122.73876,0.000565377335,0.000565377335,0.00170995928,0.00170995928,0.499776841,2509.0168,35.26305,0.00229023236,4.650784e-06,0.0,5910.37464,2459.3762,0.0439873753,-74.3947495,0.000137079
910.5,-3.4802017,6018.68382,1.55469379,1.55469379,0.97985171,0.97985171,1.23905169,1.23905169,0.0442216104,122.73876,122.73876,0.000568387998,0.000568387998,0.00171906356,0.00171906356,0.499761053,2509.0168,35.26305,0.00230242796,9.48725e-07,0.0,6018.68382,2504.44453,0.0442216104,-75.3125096,0.000139505177
911.0,-3.4802017,6021.52465,1.45015084,1.45015084,0.914425348,0.914425348,1.15631325,1.15631325,0.0442306406,122.73876,122.73876,0.00056850407,0.00056850407,0.00171941451,0.00171941451,0.499751525,2509.0168,35.26305,0.00230289814,2.41013e-07,0.0,6021.52465,2505.6267,0.0442306406,-75.3478906,0.000139599203
911.5,-3.4802017,6021.577670000001,1.44817465,1.44817465,0.913187293,0.913187293,1.15474757,1.15474757,0.0442307969,122.73876,122.73876,0.000568506078,0.000568506078,0.00171942065,0.00171942065,0.499742165,2509.0168,35.26305,0.00230290625,8.0116e-08,0.0,6021.577670000001,2505.64881,0.0442307969,-75.3485049,0.000139600837
912.0,-3.4802017,6295.705120000001,8.82350681,8.82350681,5.91141069,5.91141069,6.51695863,6.51695863,0.0436003201,122.73876,122.73876,0.000560402438,0.000560402438,0.0016949151,0.0016949151,0.499716352,2637.86089,35.26305,0.00227007995,-3.4966161e-05,0.0,6295.705120000001,2619.71487,0.0436003201,-72.8782205,0.000133124964
912.5,-3.4802017,7352.02612,11.4097988,11.4097988,8.7803913,8.7803913,9.5902809,9.5902809,0.0433769,122.73876,122.73876,0.000557530778,0.000557530778,0.00168623118,0.00168623118,0.499636432,3065.04078,35.26305,0.00225844752,1.328249e-06,0.0,7352.02612,3059.25764,0.0433769,-72.002838,0.000130826828
913.0,-3.4802017,8409.21066,11.27082095,11.27082095,9.9251178,9.9251178,10.99129795,10.99129795,0.0419940954,113.963992,113.963992,0.000501905672,0.000501905672,0.00151799814,0.00151799814,0.499541597,3503.89511,35.26305,0.00218645089,-8.7298115e-05,0.0,8409.21066,3499.15914,0.0419940954,-66.5848494,0.000117309406
913.5,-3.88436559,9338.39135,6.470948444,6.470948444,6.258264291,6.258264291,7.2247997,7.2247997,0.0385383285,89.8500731,89.8500731,0.000363161306,0.000363161306,0.001098378784,0.001098378784,0.499441521,3879.20054,35.26305,0.00200652408,-9.7397262e-05,0.0,9338.39135,3885.79608,0.0385383285,-53.0447508,8.5727263e-05
914.0,-5.60947336,9427.24665,2.01883757,2.01883757,1.99257655,1.99257655,2.76976368,2.76976368,0.0349380605,65.4862672,65.4862672,0.000240464139,0.000240464139,0.000727293477,0.000727293477,0.499410987,3925.3652,35.26305,0.00181907361,-0.000127607972,0.0,9427.24665,3922.76725,0.0349380605,-38.9384769,5.7216997e-05
914.5,-7.4352319,9417.9933,3.08652852,3.08652852,3.04408437,3.04408437,4.23001012,4.23001012,0.0308584565,41.131765,41.131765,0.000133770276,0.000133770276,0.000404606886,0.000404606886,0.499380906,3925.3652,35.26305,0.00160666634,-0.00011818228,0.0,9417.9933,3918.9145,0.0308584565,-22.9541163,2.9893077e-05
915.0,-9.26099015,9417.8039,3.8533885,3.8533885,3.80032773,3.80032773,5.21630297,5.21630297,0.0268015057,16.7764854,16.7764854,4.7941927e-05,4.7941927e-05,0.00014501626,0.00014501626,0.499340767,3925.3652,35.26305,0.00139543844,-0.000148606012,0.0,9417.8039,3918.83331,0.0268015057,-7.07779131,8.168711e-06
915.5,-11.08674875,9417.870599999998,4.61375185,4.61375185,4.55025345,4.55025345,6.09758441,6.09758441,-0.02378242555,-7.582473306,-7.582473306,2.3690341e-05,2.3690341e-05,7.2345689e-05,7.2345689e-05,0.499292168,3925.3652,35.26305,-0.00123824801,-0.000973389098,0.0,9417.870599999998,3918.8316,-0.02378242555,8.55056861,9.984361e-06
916.0,-12.912507,9417.882,5.37297243,5.37297243,5.29903109,5.29903109,6.93662611,6.93662611,-0.0312752744,-31.9409992,-31.9409992,0.00010546409,0.00010546409,0.000318996162,0.000318996162,0.499235489,3925.3652,35.26305,-0.00162836822,-0.00011725723,0.0,9417.882,3918.83189,-0.0312752744,24.5872559,3.24331e-05
916.5,-14.7382656,9417.8873,6.13270978,6.13270978,6.04831649,6.04831649,7.73816242,7.73816242,-0.035328631,-56.2991335,-56.2991335,0.000209137603,0.000209137603,0.000632547451,0.000632547451,0.499170879,3925.3652,35.26305,-0.00183940898,-0.000117701115,0.0,9417.8873,3918.83177,-0.035328631,40.4687798,6.0109872e-05
917.0,-16.564024,9417.8918,6.89238024,6.89238024,6.79753618,6.79753618,8.5040727,8.5040727,-0.0390621774,-78.6375024,-78.6375024,0.00032207408,0.00032207408,0.0009741094,0.0009741094,0.499098464,3925.3652,35.26305,-0.00203379853,-7.1459023e-05,0.0,9417.8918,3918.83142,-0.0390621774,55.0972462,9.0258458e-05
917.5,-18.3897825,9337.5245,0.14889452,0.14889452,0.40176079,0.40176079,2.01861565,2.01861565,-0.0392819754,-82.916145,-82.916145,0.000341083776,0.000341083776,0.00103160281,0.00103160281,0.499023952,3866.95185,35.26305,-0.00204524256,0.000150532844,0.0,9337.5245,3885.38983,-0.0392819754,55.9584475,9.2309267e-05
918.0,-19.7557455,6849.78489,-12.4245907,-12.4245907,-10.28227787,-10.28227787,-9.4127878,-9.4127878,-0.0382681436,-82.916145,-82.916145,0.000332280713,0.000332280713,0.001004981426,0.001004981426,0.499087769,2867.31439,35.26305,-0.00199245669,-0.000149644167,0.0,6849.78489,2850.22367,-0.0382681436,51.9861334,8.3918877e-05
918.5,-19.832554,6462.14201,9.3013916,9.3013916,6.29140243,6.29140243,7.05005992,7.05005992,-0.0401424103,-82.916145,-82.916145,0.000348554879,0.000348554879,0.00105419597,0.00105419597,0.499049666,2705.5515,35.26305,-0.00209004157,8.254608e-06,0.0,6462.14201,2688.92147,-0.0401424103,59.3297243,9.976292e-05
919.0,-19.832554,6492.72999,8.2765351,8.2765351,5.62735602,5.62735602,6.43242489,6.43242489,-0.0400541564,-82.916145,-82.916145,0.00034778859,0.00034778859,0.00105187866,0.00105187866,0.498992283,2705.5515,35.26305,-0.00208544659,1.63353e-07,0.0,6492.72999,2701.64955,-0.0400541564,58.9839384,9.8962342e-05
919.5,-19.832554,6493.36752,8.25292,8.25292,5.61185237,5.61185237,6.41771592,6.41771592,-0.0400521003,-82.916145,-82.916145,0.000347770733,0.000347770733,0.00105182466,0.00105182466,0.498936549,2705.5515,35.26305,-0.00208533962,2.77611e-07,0.0,6493.36752,2701.91477,-0.0400521003,58.9758837,9.8943749e-05
920.0,-19.832554,6493.37932,8.25248055,8.25248055,5.61156376,5.61156376,6.41744172,6.41744172,-0.0400521084,-82.916145,-82.916145,0.000347770799,0.000347770799,0.00105182489,0.00105182489,0.498880839,2705.5515,35.26305,-0.00208534003,1.60108e-07,0.0,6493.37932,2701.91967,-0.0400521084,58.9759143,9.8943818e-05
920.5,-19.832554,6493.3794,8.2524725,8.2524725,5.61155846,5.61155846,6.41743664,6.41743664,-0.0400520833,-82.916145,-82.916145,0.000347770588,0.000347770588,0.00105182421,0.00105182421,0.498825131,2705.5515,35.26305,-0.00208533872,-1.15642e-07,0.0,6493.3794,2701.9197,-0.0400520833,58.9758166,9.8943594e-05
921.0,-19.832554,6493.3794,8.252472,8.252472,5.6115584,5.6115584,6.4174366,6.4174366,-0.0400521002,-82.916145,-82.916145,0.000347770734,0.000347770734,0.00105182467,0.00105182467,0.498769419,2705.5515,35.26305,-0.00208533957,1.17392e-07,0.0,6493.3794,2701.9197,-0.0400521002,58.9758829,9.8943747e-05
921.5,-19.832554,6493.3794,8.252472,8.252472,5.6115584,5.6115584,6.4174366,6.4174366,-0.0400520788,-82.916145,-82.916145,0.000347770555,0.000347770555,0.00105182412,0.00105182412,0.498713716,2705.5515,35.26305,-0.00208533847,-2.9555e-08,0.0,6493.3794,2701.9197,-0.0400520788,58.9757986,9.8943553e-05
922.0,-19.7387218,6493.516259999999,8.2383759,8.2383759,5.60208951,5.60208951,6.40837688,6.40837688,-0.0400456129,-82.916145,-82.916145,0.000347714402,0.000347714402,0.00105165435,0.00105165435,0.498658011,2705.5515,35.26305,-0.00208500185,2.399862e-06,0.0,6493.516259999999,2701.97666,-0.0400456129,58.9504664,9.8885151e-05
922.5,-12.9637842,6506.65107,5.53102624,5.53102624,3.76813171,3.76813171,4.52527458,4.52527458,-0.0394258217,-82.916145,-82.916145,0.000342332789,0.000342332789,0.00103537998,0.00103537998,0.498608385,2705.5515,35.26305,-0.00205273196,2.9671334e-05,0.0,6506.65107,2707.44257,-0.0394258217,56.5220488,9.3358648e-05
923.0,-2.181150705,6511.21235,0.911938559,0.911938559,0.62179416,0.62179416,0.8492216535,0.8492216535,-0.0384106848,-82.916145,-82.916145,0.000333518389,0.000333518389,0.0010087246,0.0010087246,0.49858587,2705.5515,35.26305,-0.00199987819,2.942003e-05,0.0,6511.21235,2709.34108,-0.0384106848,52.5446257,8.4554981e-05
923.5,8.60148271,6511.3212,-3.57976295,-3.57976295,-2.4409114,-2.4409114,-1.96867759,-1.96867759,-0.0374064975,-82.916145,-82.916145,0.000324799075,0.000324799075,0.000982356533,0.000982356533,0.498590803,2705.5515,35.26305,-0.00194759451,2.9227155e-05,0.0,6511.3212,2709.387,-0.0374064975,48.6101023,7.6179824e-05
924.0,19.3841159,6511.32136,-8.06561872,-8.06561872,-5.49965498,-5.49965498,-4.81080676,-4.81080676,-0.0364028147,-82.916145,-82.916145,0.000316084136,0.000316084136,0.000956001537,0.000956001537,0.498616415,2705.5515,35.26305,-0.0018953371,2.8932757e-05,0.0,6511.32136,2709.38765,-0.0364028147,44.6775581,6.8139653e-05
924.5,30.1667498,6511.31985,-12.5523663,-12.5523663,-8.55900423,-8.55900423,-7.88454043,-7.88454043,-0.0357389595,-85.0572675,-85.0572675,0.000318346285,0.000318346285,0.000962845398,0.000962845398,0.498663776,2705.5515,35.26305,-0.00186077299,-9.95681e-07,0.0,6511.31985,2709.38737,-0.0357389595,42.0764947,6.2991308e-05
925.0,40.9493831,6511.31895,-17.0399771,-17.0399771,-11.6189422,-11.6189422,-10.89271965,-10.89271965,-0.0361662416,-94.0390354,-94.0390354,0.000356197604,0.000356197604,0.00107732619,0.00107732619,0.498731859,2705.5515,35.26305,-0.00188301973,-1.8702833e-05,0.0,6511.31895,2709.38675,-0.0361662416,43.7506362,6.6282568e-05
925.5,51.5118506,6510.93344,-21.4824723,-21.4824723,-14.64718315,-14.64718315,-13.85523555,-13.85523555,-0.0366904169,-103.5201026,-103.5201026,0.000397794659,0.000397794659,0.00120313699,0.00120313699,0.49881955,2705.5515,35.26305,-0.00191031136,-1.9825091e-05,0.0,6510.93344,2709.22611,-0.0366904169,45.804422,7.0400997e-05
926.0,54.94424,6497.16651,-22.9798509,-22.9798509,-15.6351042,-15.6351042,-14.82372545,-14.82372545,-0.0378761088,-113.0059469,-113.0059469,0.000448350235,0.000448350235,0.00135603997,0.00135603997,0.498921149,2705.5515,35.26305,-0.00197204511,-4.5123973e-05,0.0,6497.16651,2703.49681,-0.0378761088,50.450094,8.0073706e-05
926.5,54.94424,6493.464089999999,-22.8658445,-22.8658445,-15.54863635,-15.54863635,-14.7389182,-14.7389182,-0.0393980799,-122.4910669,-122.4910669,0.000505492349,0.000505492349,0.00152886314,0.00152886314,0.499023795,2705.5515,35.26305,-0.00205128752,-4.3964909e-05,0.0,6493.464089999999,2701.95525,-0.0393980799,56.4133528,9.3130094e-05
927.0,54.94424,6493.38242,-22.8627515,-22.8627515,-15.5463375,-15.5463375,-14.7366633,-14.7366633,-0.0409104921,-131.975155,-131.975155,0.00056552348,0.00056552348,0.00171042428,0.00171042428,0.49912629,2705.5515,35.26305,-0.00213003231,-4.254884e-05,0.0,6493.38242,2701.92045,-0.0409104921,62.3391617,0.000106858745
927.5,54.94424,6493.38295,-22.8626938,-22.8626938,-15.5462996,-15.5462996,-14.7366259,-14.7366259,-0.0424224331,-141.459031,-141.459031,0.000628550943,0.000628550943,0.00190104775,0.00190104775,0.499228776,2705.5515,35.26305,-0.00220875253,-4.3031104e-05,0.0,6493.38295,2701.91976,-0.0424224331,68.2631231,0.000121333622
928.0,54.94424,6493.385029999999,-22.862692,-22.862692,-15.5463039,-15.5463039,-14.7366295,-14.7366295,-0.0439345482,-150.94324,-150.94324,0.000694585797,0.000694585797,0.00210076786,0.00210076786,0.499331259,2705.5515,35.26305,-0.00228748188,-4.3324789e-05,0.0,6493.385029999999,2701.9197,-0.0439345482,74.1877665,0.000136560631
928.5,54.94424,6493.38698,-22.862692,-22.862692,-15.5463087,-15.5463087,-14.7366345,-14.7366345,-0.0454466367,-160.42711,-160.42711,0.000763622285,0.000763622285,0.00230956676,0.00230956676,0.499433737,2705.5515,35.26305,-0.0023662098,-4.212085e-05,0.0,6493.38698,2701.9197,-0.0454466367,80.1123062,0.000152537896
929.0,54.94424,6493.38905,-22.8626965,-22.8626965,-15.5463162,-15.5463162,-14.73664205,-14.73664205,-0.0468441925,-169.187976,-169.187976,0.000830014611,0.000830014611,0.00251036912,0.00251036912,0.499536215,2705.5515,35.26305,-0.00243897449,-2.4521816e-05,0.0,6493.38905,2701.91976,-0.0468441925,85.588095,0.000167956634
929.5,57.1779364,6275.304679999999,-27.8911148,-27.8911148,-18.313149,-18.313149,-17.4390226,-17.4390226,-0.046568049,-170.94695,-170.94695,0.000833638949,0.000833638949,0.00252133499,0.00252133499,0.499646263,2605.8075,35.26305,-0.00242459688,2.9504503e-05,0.0,6275.304679999999,2611.17342,-0.046568049,84.50613,0.000164851679
930.0,72.0695811,5832.19675,-34.1254353,-34.1254353,-20.8144738,-20.8144738,-19.8612102,-19.8612102,-0.0451792707,-170.94695,-170.94695,0.000808777703,0.000808777703,0.00244615221,0.00244615221,0.499771459,2418.90436,35.26305,-0.00235228916,4.5689531e-05,0.0,5832.19675,2426.79378,-0.0451792707,79.0647347,0.000149661174
930.5,88.946846,5589.56882,-37.0510559,-37.0510559,-21.6890427,-21.6890427,-20.6945523,-20.6945523,-0.043958864,-170.94695,-170.94695,0.000786930547,0.000786930547,0.00238008387,0.00238008387,0.499906707,2324.009,35.26305,-0.00228874787,3.364707e-05,0.0,5589.56882,2325.83518,-0.043958864,74.2830375,0.000136808763
931.0,105.8241129,5605.05531,-44.0077185,-44.0077185,-25.8309119,-25.8309119,-24.6662455,-24.6662455,-0.0423939211,-170.94695,-170.94695,0.000758915699,0.000758915699,0.00229536295,0.00229536295,0.500055166,2324.009,35.26305,-0.00220726808,4.5389896e-05,0.0,5605.05531,2332.28017,-0.0423939211,68.1514116,0.000121056479
931.5,121.3147675,5602.52938,-50.642896,-50.642896,-29.7114526,-29.7114526,-28.3650868,-28.3650868,-0.0409348029,-170.94695,-170.94695,0.000732795243,0.000732795243,0.0022163704,0.0022163704,0.500225589,2324.009,35.26305,-0.00213129809,2.7050423e-05,0.0,5602.52938,2331.22994,-0.0409348029,62.4344156,0.000107071548
932.0,124.298035,5580.584720000001,-51.8202625,-51.8202625,-30.2836574,-30.2836574,-28.9061204,-28.9061204,-0.0406611756,-170.94695,-170.94695,0.000727896901,0.000727896901,0.00220155689,0.00220155689,0.500408107,2324.009,35.26305,-0.00211705147,-3.48612e-07,0.0,5580.584720000001,2322.09877,-0.0406611756,61.3623089,0.000104512989
932.5,124.298035,5577.73837,-51.7235383,-51.7235383,-30.211688,-30.211688,-28.8372074,-28.8372074,-0.0406695182,-170.94695,-170.94695,0.000728046249,0.000728046249,0.00220200848,0.00220200848,0.500590457,2324.009,35.26305,-0.00211748586,2.3188e-07,0.0,5577.73837,2320.91438,-0.0406695182,61.3949959,0.000104590108
933.0,124.298035,5577.6799,-51.7213722,-51.7213722,-30.210106,-30.210106,-28.8356934,-28.8356934,-0.0406697205,-170.94695,-170.94695,0.000728049909,0.000728049909,0.00220201952,0.00220201952,0.50077273,2324.009,35.26305,-0.00211749646,-2.27954e-07,0.0,5577.6799,2320.89005,-0.0406697205,61.3957948,0.00010459199
933.5,114.332671,5557.4953,-47.8581189,-47.8581189,-27.8547369,-27.8547369,-26.5912287,-26.5912287,-0.0415705925,-170.94695,-170.94695,0.000744176852,0.000744176852,0.00225079027,0.00225079027,0.500951188,2324.009,35.26305,-0.00216440095,-5.1852097e-05,0.0,5557.4953,2312.49059,-0.0415705925,64.9255127,0.000113099851
934.0,95.3228189,5546.34587,-39.6753535,-39.6753535,-23.0439868,-23.0439868,-21.9925669,-21.9925669,-0.043363611,-170.94695,-170.94695,0.000776274626,0.000776274626,0.00234785895,0.00234785895,0.501108864,2324.009,35.26305,-0.0022577557,-5.1466005e-05,0.0,5546.34587,2307.85012,-0.043363611,71.9507685,0.00013073469
934.5,76.3129669,5546.05083,-31.7547117,-31.7547117,-18.4425374,-18.4425374,-17.5640957,-17.5640957,-0.0451341183,-170.94695,-170.94695,0.000807969392,0.000807969392,0.00244370783,0.00244370783,0.501241323,2324.009,35.26305,-0.00234993833,-5.124466e-05,0.0,5546.05083,2307.72633,-0.0451341183,78.8878205,0.000149185626
935.0,57.3031164,5546.04617,-23.8443355,-23.8443355,-13.8483265,-13.8483265,-13.1114375,-13.1114375,-0.0469038169,-170.94695,-170.94695,0.000839649695,0.000839649695,0.00253951204,0.00253951204,0.501347393,2324.009,35.26305,-0.00244207889,-5.0348026e-05,0.0,5546.04617,2307.72336,-0.0469038169,85.82171,0.000168656518
935.5,38.293265,5546.05003,-15.93278145,-15.93278145,-9.25345676,-9.25345676,-8.62550331,-8.62550331,-0.0486734382,-170.94695,-170.94695,0.000871328583,0.000871328583,0.00263531089,0.00263531089,0.501425254,2324.009,35.26305,-0.00253421533,-5.1327747e-05,0.0,5546.05003,2307.72394,-0.0486734382,92.7552872,0.000189154483
936.0,19.2834139,5546.05124,-8.02399143,-8.02399143,-4.66018283,-4.66018283,-4.0880771,-4.0880771,-0.0504429995,-170.94695,-170.94695,0.000903006452,0.000903006452,0.0027311057,0.0027311057,0.501472591,2324.009,35.26305,-0.00262634878,-5.1534496e-05,0.0,5546.05124,2307.72344,-0.0504429995,99.6886401,0.000210679658
936.5,2.473934675,5551.269139999999,-0.819901501,-0.819901501,-0.475925285,-0.475925285,-0.314160178,-0.314160178,-0.0520269929,-170.94695,-170.94695,0.000931362337,0.000931362337,0.00281685395,0.00281685395,0.501488211,2324.009,35.26305,-0.00270882046,-2.6117266e-05,0.0,5551.269139999999,2309.8937,-0.0520269929,105.8949101,0.000230792912
937.0,-0.07815579,5575.22275,0.1184454465,0.1184454465,0.0691321483,0.0691321483,0.0875028934,0.0875028934,-0.0522552675,-170.94695,-170.94695,0.000935448815,0.000935448815,0.0028292114,0.0028292114,0.501487353,2324.009,35.26305,-0.00272070571,8.78599e-07,0.0,5575.22275,2319.86079,-0.0522552675,106.7893181,0.000233747251
937.5,-0.07815579,5577.64562,0.034358257,0.034358257,0.0200682939,0.0200682939,0.0254008247,0.0254008247,-0.0522480264,-170.94695,-170.94695,0.000935319159,0.000935319159,0.00282881933,0.00282881933,0.501487002,2324.009,35.26305,-0.00272032865,2.27923e-07,0.0,5577.64562,2320.86896,-0.0522480264,106.760942,0.000233652748
938.0,-0.07815579,5577.69426,0.0325552061,0.0325552061,0.0190153255,0.0190153255,0.024068059,0.024068059,-0.0522478585,-170.94695,-170.94695,0.000935316171,0.000935316171,0.00282881022,0.00282881022,0.501486788,2324.009,35.26305,-0.00272031992,-2.10623e-07,0.0,5577.69426,2320.88921,-0.0522478585,106.7602854,0.000233650563
938.5,-0.07815579,5577.697340000001,0.032549614,0.032549614,0.0190120698,0.0190120698,0.024063938,0.024063938,-0.0539384666,-181.582279,-181.582279,0.00102634321,0.00102634321,0.00310411941,0.00310411941,0.501486574,2324.009,35.26305,-0.00280834266,-0.000104210005,0.0,5577.697340000001,2320.88954,-0.0539384666,113.3842891,0.000256349313
939.0,-0.07815579,5577.702319999999,0.0325500796,0.0325500796,0.019012359,0.019012359,0.024064304,0.024064304,-0.0575052177,-203.95406,-203.95406,0.00122888708,0.00122888708,0.00371671395,0.00371671395,0.501486342,2324.009,35.26305,-0.00299404793,-0.000102063015,0.0,5577.702319999999,2320.8896,-0.0575052177,127.359233,0.000306951758
939.5,-0.07815579,5577.70726,0.0325498861,0.0325498861,0.0190122633,0.0190122633,0.024064182,0.024064182,-0.0610725066,-226.330789,-226.330789,0.00144818778,0.00144818778,0.00437999934,0.00437999934,0.501486122,2324.009,35.26305,-0.00317978122,-0.000105770295,0.0,5577.70726,2320.8896,-0.0610725066,141.336283,0.000361738674
940.0,-0.671177542,5576.73366,0.139105958,0.139105958,0.0811536381,0.0811536381,0.1027196454,0.1027196454,-0.064681932,-248.703169,-248.703169,0.00168531758,0.00168531758,0.00509722012,0.00509722012,0.501485868,2324.009,35.26305,-0.00336770837,-0.000119577058,0.0,5576.73366,2320.48221,-0.064681932,155.478433,0.000421447436
940.5,-11.2759277,5560.33106,4.79454788,4.79454788,2.79189864,2.79189864,3.42061221,3.42061221,-0.0692571156,-271.07735,-271.07735,0.00196674978,0.00196674978,0.00594843723,0.00594843723,0.501471748,2324.009,35.26305,-0.00360591848,-0.000117337836,0.0,5560.33106,2313.65439,-0.0692571156,173.404542,0.000503251513
941.0,-11.592713,5576.93888,4.85224069,4.85224069,2.83378233,2.83378233,3.48189402,3.48189402,-0.0728480963,-293.453164,-293.453164,0.00223933483,0.00223933483,0.00677292414,0.00677292414,0.501442064,2324.009,35.26305,-0.0037928852,-0.000108077979,0.0,5576.93888,2320.56292,-0.0728480963,187.474419,0.000572241082
941.5,-11.592713,5577.71385,4.8244008,4.8244008,2.81791721,2.81791721,3.46446273,3.46446273,-0.0764127509,-315.824941,-315.824941,0.00252789696,0.00252789696,0.00764575339,0.00764575339,0.501413139,2324.009,35.26305,-0.00397848145,-0.000102936614,0.0,5577.71385,2320.88332,-0.0764127509,201.441151,0.000644939084
942.0,-11.592713,5577.73373,4.82385252,4.82385252,2.81760691,2.81760691,3.46412162,3.46412162,-0.0799795579,-338.19849,-338.19849,0.00283325038,0.00283325038,0.00856938915,0.00856938915,0.50138423,2324.009,35.26305,-0.00416418964,-0.000104394238,0.0,5577.73373,2320.88944,-0.0799795579,215.416317,0.000721854776
942.5,-11.592713,5577.73783,4.82382201,4.82382201,2.81759123,2.81759123,3.4641045,3.4641045,-0.082611883,-354.686976,-354.686976,0.0030684752,0.0030684752,0.0092809102,0.0092809102,0.50135532,2324.009,35.26305,-0.00430124344,-2.9907634e-05,0.0,5577.73783,2320.8896,-0.082611883,225.730073,0.000781136133
943.0,-11.592713,5577.738,4.82381305,4.82381305,2.81758599,2.81758599,3.46409874,3.46409874,-0.0827463219,-355.52078,-355.52078,0.00308064948,0.00308064948,0.0093177358,0.0093177358,0.501326402,2324.009,35.26305,-0.00430824302,6.09768e-07,0.0,5577.738,2320.8896,-0.0827463219,226.256812,0.000784221911
943.5,-11.592713,5577.738,4.8238134,4.8238134,2.8175862,2.8175862,3.464099,3.464099,-0.0827463169,-355.52078,-355.52078,0.00308064938,0.00308064938,0.0093177354,0.0093177354,0.501297471,2324.009,35.26305,-0.00430824281,-4.17071e-07,0.0,5577.738,2320.8896,-0.0827463169,226.256798,0.000784221824
944.0,-11.592713,5577.738,4.8238134,4.8238134,2.8175862,2.8175862,3.464099,3.464099,-0.0827463097,-355.52078,-355.52078,0.00308064915,0.00308064915,0.0093177347,0.0093177347,0.501268568,2324.009,35.26305,-0.00430824236,2.61144e-07,0.0,5577.738,2320.8896,-0.0827463097,226.256771,0.000784221638
944.5,-11.592713,5577.738,4.8238134,4.8238134,2.8175862,2.8175862,3.464099,3.464099,-0.0827463095,-355.52078,-355.52078,0.0030806491,0.0030806491,0.0093177345,0.0093177345,0.501239647,2324.009,35.26305,-0.00430824236,-9.0458e-08,0.0,5577.738,2320.8896,-0.0827463095,226.256769,0.000784221661
945.0,-11.592713,5577.738,4.8238134,4.8238134,2.8175862,2.8175862,3.464099,3.464099,-0.0827463436,-355.52078,-355.52078,0.00308065045,0.00308065045,0.0093177385,0.0093177385,0.50121072,2324.009,35.26305,-0.00430824419,9.4296e-08,0.0,5577.738,2320.8896,-0.0827463436,226.256911,0.000784222467
945.5,-11.592713,5577.738,4.8238134,4.8238134,2.8175862,2.8175862,3.464099,3.464099,-0.0827463023,-355.52078,-355.52078,0.00308064877,0.00308064877,0.0093177338,0.0093177338,0.501181813,2324.009,35.26305,-0.0043082419,-4.28991e-07,0.0,5577.738,2320.8896,-0.0827463023,226.256737,0.000784221449
946.0,-11.592713,5577.738,4.8238134,4.8238134,2.8175862,2.8175862,3.464099,3.464099,-0.0827463389,-355.52078,-355.52078,0.00308065021,0.00308065021,0.009317738,0.009317738,0.5011529,2324.009,35.26305,-0.00430824391,-2.77354e-07,0.0,5577.738,2320.8896,-0.0827463389,226.256882,0.000784222327
946.5,-11.592713,5577.738,4.8238134,4.8238134,2.8175862,2.8175862,3.464099,3.464099,-0.0827463205,-355.52078,-355.52078,0.00308064946,0.00308064946,0.0093177354,0.0093177354,0.501123967,2324.009,35.26305,-0.0043082429,-1.65866e-07,0.0,5577.738,2320.8896,-0.0827463205,226.256806,0.000784221863
947.0,-11.592713,5577.738,4.8238134,4.8238134,2.8175862,2.8175862,3.464099,3.464099,-0.0827463324,-355.52078,-355.52078,0.00308064994,0.00308064994,0.00931773725,0.00931773725,0.501095052,2324.009,35.26305,-0.00430824358,-8.126e-08,0.0,5577.738,2320.8896,-0.0827463324,226.256855,0.000784222181
947.5,-11.592713,5577.738,4.8238134,4.8238134,2.8175862,2.8175862,3.464099,3.464099,-0.0827463184,-355.52078,-355.52078,0.00308064944,0.00308064944,0.00931773545,0.00931773545,0.501066144,2324.009,35.26305,-0.00430824283,-1.5985e-07,0.0,5577.738,2320.8896,-0.0827463184,226.256803,0.00078422185
948.0,-11.592713,5577.738,4.8238134,4.8238134,2.8175862,2.8175862,3.464099,3.464099,-0.0827463219,-355.52078,-355.52078,0.00308064958,0.00308064958,0.0093177361,0.0093177361,0.501037213,2324.009,35.26305,-0.00430824298,1.7745e-07,0.0,5577.738,2320.8896,-0.0827463219,226.256818,0.000784221945
948.5,-11.592713,6205.991550000001,178.56314502,21.93441272,123.48792426,14.64569496,129.6652027,15.5126444,-0.0516543413,-355.52078,-150.3768535,0.00192309356,0.001149875652,0.00581658886,0.003477892772,0.500953798,3534.66433,35.26305,-0.0026894181,0.003061936649,0.0,6205.991550000001,2582.32872,-0.0516543413,104.4348138,0.000307269628
949.0,-11.592713,8336.15157,300.0,22.4396706,261.887928,19.4961282,277.861938,20.6742916,-0.0318212278,-355.52078,-26.6165364,0.00118470588,8.8786603e-05,0.00358344727,0.00026855775,0.500696881,4707.0063,35.26305,-0.00165679364,4.5014148e-05,0.0,8336.15157,3468.71558,-0.0318212278,26.7263645,3.5657662e-05
949.5,-11.6657148,9976.0641,300.0,18.2484165,313.4073,19.0272161,340.565249,20.6711443,-0.0306712869,-355.52078,-21.6372052,0.00114189352,6.9520632e-05,0.00345401452,0.000210286888,0.500427249,4707.0063,35.26305,-0.00159692123,2.2970541e-05,0.0,9976.0641,4151.09604,-0.0306712869,22.2207638,2.8556899e-05
950.0,-12.5774356,11260.2132,267.993572,15.9168485,314.971418,18.750547,347.079779,20.6679551,-0.0303232854,-341.261503,-20.3904351,0.00108345003,6.4759167e-05,0.00327724916,0.00019588524,0.500157636,4707.0063,35.26305,-0.0015788023,-1.4700251e-05,0.0,11260.2132,4685.44003,-0.0303232854,20.8572521,2.649466e-05
950.5,-13.723462,12121.2151,62.739967546,5.188817346,79.044086747,6.594359147,88.877257742,8.382988942,-0.0439509125,-242.770224,-111.3407852,0.001080154429,0.000619601278,0.00326698753,0.001873969857,0.499912269,4707.0063,35.26305,-0.0022883339,-0.000405671354,0.0,12121.2151,5043.70141,-0.0439509125,74.2518841,0.000161680254
951.0,-14.86948805,11424.4445,1.83831582,1.83831582,2.14639196,2.14639196,3.73437501,3.73437501,-0.0468248097,-130.486657,-130.486657,0.000656031146,0.000656031146,0.00198412878,0.00198412878,0.499880584,4707.0063,35.26305,-0.00243796534,0.000485010562,0.0,11424.4445,4753.76831,-0.0468248097,85.51215,0.000171497702
951.5,-16.0155146,11297.649800000005,6.5633094,6.5633094,7.76490113,7.76490113,9.9913466,9.9913466,-0.0193972926,-18.21408679,-18.21408679,0.000101260248,0.000101260248,0.00031314407,0.00031314407,0.499805916,4707.0063,35.26305,-0.00100993311,0.000550941349,0.0,11297.649800000005,4701.02418,-0.0193972926,17.25951095,2.9933692e-05
952.0,-17.1615407,11294.9023,7.13899368,7.13899368,8.4439967,8.4439967,10.671525,10.671525,0.0383636932,94.0756588,94.0756588,0.000395205899,0.000395205899,0.001195297126,0.001195297126,0.49970992,4707.0063,35.26305,0.00199743153,0.00049391016,0.0,11294.9023,4699.91467,0.0383636932,-52.3605093,8.8429614e-05
952.5,-18.0723861,11295.3806,7.53445347,7.53445347,8.9121264,8.9121264,11.1264852,11.1264852,0.0558825289,204.475335,204.475335,0.001211244986,0.001211244986,0.00366338067,0.00366338067,0.499607586,4707.0063,35.26305,0.00290956147,0.000411919351,0.0,11295.3806,4700.123799999999,0.0558825289,-121.001344,0.000286898893
953.0,-18.144804,11296.6467,7.55311671,7.55311671,8.9352015,8.9352015,11.1490065,11.1490065,0.061852747,241.83398,241.83398,0.00156640817,0.00156640817,0.00473758896,0.00473758896,0.499502658,4707.0063,35.26305,0.00322040494,-2.9433e-08,0.0,11296.6467,4700.65423,0.061852747,-144.393357,0.000374106127
953.5,-18.144804,11296.7278,7.55024637,7.55024637,8.93186985,8.93186985,11.1458349,11.1458349,0.0618529872,241.83398,241.83398,0.00156641427,0.00156641427,0.00473760737,0.00473760737,0.499397821,4707.0063,35.26305,0.00322041748,9.217e-09,0.0,11296.7278,4700.6878,0.0618529872,-144.394298,0.00037411001
954.0,-18.144804,11296.729,7.55018796,7.55018796,8.9318023,8.9318023,11.1457703,11.1457703,0.0618529994,241.83398,241.83398,0.0015664146,0.0015664146,0.00473760829,0.00473760829,0.499292992,4707.0063,35.26305,0.00322041812,6.67398e-07,0.0,11296.729,4700.6885,0.0618529994,-144.394351,0.000374110227
954.5,-18.144804,11296.729,7.550187,7.550187,8.931801,8.931801,11.145769,11.145769,0.0618529909,241.83398,241.83398,0.00156641435,0.00156641435,0.00473760752,0.00473760752,0.499188161,4707.0063,35.26305,0.0032204176,-3.12677e-07,0.0,11296.729,4700.6885,0.0618529909,-144.394308,0.000374110057
955.0,-18.144804,11296.729,7.550187,7.550187,8.931801,8.931801,11.145769,11.145769,0.0618529745,241.83398,241.83398,0.00156641391,0.00156641391,0.00473760631,0.00473760631,0.499083323,4707.0063,35.26305,0.00322041678,-4.31164e-07,0.0,11296.729,4700.6885,0.0618529745,-144.394247,0.000374109798
955.5,-18.144804,11296.729,7.550187,7.550187,8.931801,8.931801,11.145769,11.145769,0.061853002,241.83398,241.83398,0.00156641464,0.00156641464,0.00473760862,0.00473760862,0.498978487,4707.0063,35.26305,0.0032204183,-4.73652e-07,0.0,11296.729,4700.6885,0.061853002,-144.394363,0.000374110273
956.0,-18.144804,11296.729,7.550187,7.550187,8.931801,8.931801,11.145769,11.145769,0.0618529911,241.83398,241.83398,0.00156641439,0.00156641439,0.00473760771,0.00473760771,0.498873642,4707.0063,35.26305,0.00322041768,-3.04003e-07,0.0,11296.729,4700.6885,0.0618529911,-144.394317,0.000374110082
956.5,-18.144804,11296.729,7.550187,7.550187,8.931801,8.931801,11.145769,11.145769,0.0618529838,241.83398,241.83398,0.00156641422,0.00156641422,0.00473760718,0.00473760718,0.498768791,4707.0063,35.26305,0.00322041733,6.4918e-08,0.0,11296.729,4700.6885,0.0618529838,-144.394292,0.00037410997
957.0,-18.144804,11296.7297,7.5502116,7.5502116,8.9318306,8.9318306,11.14579785,11.14579785,0.0610700465,236.892797,236.892797,0.00151572501,0.00151572501,0.00458429296,0.00458429296,0.498663948,4707.0063,35.26305,0.00317965313,-9.9414125e-05,0.0,11296.7297,4700.6885,0.0610700465,-141.326648,0.00036171109
957.5,-16.0467869,10862.56965,-10.11116386,-10.11116386,-10.57273463,-10.57273463,-8.5706548,-8.5706548,0.056570486,198.433164,198.433164,0.00117618929,0.00117618929,0.00355733047,0.00355733047,0.498594731,4482.72235,35.26305,0.00294538047,-5.7273424e-05,0.0,10862.56965,4520.02854,0.056570486,-123.696843,0.000293219746
958.0,-0.603995235,7629.21725,-33.6202986,-33.6202986,-26.7134095,-26.7134095,-25.5165169,-25.5165169,0.0523527334,153.741639,153.741639,0.000845069083,0.000845069083,0.00255584091,0.00255584091,0.498737938,3155.06188,35.26305,0.00272578037,-0.000167627675,0.0,7629.21725,3174.60414,0.0523527334,-107.1711996,0.000235460861
958.5,17.1890379,4563.156059999999,-21.72240973,-21.72240973,-11.0225489,-11.0225489,-10.33489571,-10.33489571,0.0452339292,109.048321,109.048321,0.000520463042,0.000520463042,0.00157410401,0.00157410401,0.498866449,1932.75373,35.26305,0.00235513498,-0.000264960585,0.0,4563.156059999999,1898.7894,0.0452339292,-79.2788911,0.000151651646
959.0,34.9820708,4335.05779,-13.64901685,-13.64901685,-6.20372083,-6.20372083,-5.69730247,-5.69730247,0.038433324,64.3596376,64.3596376,0.000261052379,0.000261052379,0.000789554631,0.000789554631,0.498906605,1805.1287,35.26305,0.00200105691,-0.000148359994,0.0,4335.05779,1803.87197,0.038433324,-52.6333292,8.5105448e-05
959.5,52.7751037,4361.32107,-21.9392139,-21.9392139,-10.02011625,-10.02011625,-9.4120618,-9.4120618,0.0330408946,19.668399385,19.668399385,7.0163025e-05,7.0163025e-05,0.000212605748,0.000212605748,0.498962989,1805.1287,35.26305,0.00172029647,-0.000156146626,0.0,4361.32107,1814.79718,0.0330408946,-31.5051633,4.4007731e-05
960.0,70.5681372,4665.35358,-20.04396915,-20.04396915,-9.676744,-9.676744,-9.06549313,-9.06549313,0.0277775576,-18.716518,-18.716518,-5.3625199e-05,-5.3625199e-05,-1.7728351e-05,-1.7728351e-05,0.499034497,1951.64772,35.26305,0.00144625725,-9.5207496e-05,0.0,4665.35358,1941.30427,0.0277775576,-10.88279454,1.2900331e-05
960.5,88.3611684,6120.83164,-22.6364568,-22.6364568,-14.6166458,-14.6166458,-13.8455566,-13.8455566,0.0282388679,-23.58056,-23.58056,-6.9731661e-05,-6.9731661e-05,-2.3053295e-05,-2.3053295e-05,0.499108858,2541.20508,35.26305,0.00147027567,5.1966071e-05,0.0,6120.83164,2546.93966,0.0282388679,-12.69026125,1.5051245e-05
961.0,106.1542029,7615.64655,-30.299418,-30.299418,-24.2594494,-24.2594494,-23.1853185,-23.1853185,0.0299176422,-23.58056,-23.58056,-7.3877142e-05,-7.3877142e-05,-2.4423841e-05,-2.4423841e-05,0.499232623,3160.92678,35.26305,0.00155768216,4.8117535e-05,0.0,7615.64655,3168.94426,0.0299176422,-19.2678928,2.4183494e-05
961.5,116.167944,8677.97565,-45.4898701,-45.4898701,-41.3878416,-41.3878416,-39.6438105,-39.6438105,0.0317948125,-23.58056,-23.58056,-7.8512537e-05,-7.8512537e-05,-2.5956363e-05,-2.5956363e-05,0.499423859,3589.2528,35.26305,0.00165541837,4.5428033e-05,0.0,8677.97565,3610.98825,0.0317948125,-26.622869,3.5504479e-05
962.0,116.19323,8653.7363,-48.5504036,-48.5504036,-43.9973245,-43.9973245,-42.1776168,-42.1776168,0.0320609325,-23.58056,-23.58056,-7.9169681e-05,-7.9169681e-05,-2.6173624e-05,-2.6173624e-05,0.49967247,3603.376,35.26305,0.00166927408,-2.333383e-06,0.0,8653.7363,3600.9023,0.0320609325,-27.6655591,3.715393e-05
962.5,116.19323,8648.168099999999,-48.3529777,-48.3529777,-43.7901029,-43.7901029,-41.9790168,-41.9790168,0.0320438943,-23.58056,-23.58056,-7.9127606e-05,-7.9127606e-05,-2.6159713e-05,-2.6159713e-05,0.499919799,3603.376,35.26305,0.00166838694,-2.53076e-07,0.0,8648.168099999999,3598.58533,0.0320438943,-27.5987977,3.7044528e-05
963.0,116.19323,8648.059700000002,-48.3489361,-48.3489361,-43.7858912,-43.7858912,-41.9749812,-41.9749812,0.0320435444,-23.58056,-23.58056,-7.912674e-05,-7.912674e-05,-2.6159427e-05,-2.6159427e-05,0.500166889,3603.376,35.26305,0.00166836872,3.9906e-08,0.0,8648.059700000002,3598.54004,0.0320435444,-27.5974263,3.7042282e-05
963.5,115.07553,8645.4588,-48.0151418,-48.0151418,-43.4707687,-43.4707687,-41.6720947,-41.6720947,0.0319514224,-23.58056,-23.58056,-7.8899261e-05,-7.8899261e-05,-2.6084219e-05,-2.6084219e-05,0.500413793,3603.376,35.26305,0.00166357236,-1.4067464e-05,0.0,8645.4588,3597.45771,0.0319514224,-27.2364836,3.6456071e-05
964.0,103.903319,8627.8143,-43.3135796,-43.3135796,-39.1343011,-39.1343011,-37.4890396,-37.4890396,0.0309080375,-23.58056,-23.58056,-7.6322778e-05,-7.6322778e-05,-2.5232399e-05,-2.5232399e-05,0.500651064,3603.376,35.26305,0.00160924782,-3.7551471e-05,0.0,8627.8143,3590.11525,0.0309080375,-23.1483802,2.9991881e-05
964.5,90.3380919,8625.531299999999,-37.5925437,-37.5925437,-33.9559811,-33.9559811,-32.4694292,-32.4694292,0.0297311292,-22.9934185,-22.9934185,-7.1593413e-05,-7.1593413e-05,-2.3668794e-05,-2.3668794e-05,0.500864437,3603.376,35.26305,0.00154797128,-1.366678e-05,0.0,8625.531299999999,3589.16462,0.0297311292,-18.5371148,2.3097991e-05
965.0,76.772863,8625.4863,-31.9462316,-31.9462316,-28.855717,-28.855717,-27.5026054,-27.5026054,0.0311976108,-5.84669998,-5.84669998,-1.8532304e-05,-1.8532304e-05,1.492329e-06,1.492329e-06,0.501052612,3603.376,35.26305,0.00162432466,7.6039276e-05,0.0,8625.4863,3589.14684,0.0311976108,-24.2829619,3.1829531e-05
965.5,63.2076376,8625.476850000001,-26.3009304,-26.3009304,-23.7565208,-23.7565208,-22.5146893,-22.5146893,0.0338673256,18.82071523,18.82071523,6.7317872e-05,6.7317872e-05,0.00020362297,0.00020362297,0.501214382,3603.376,35.26305,0.00176332514,7.778998e-05,0.0,8625.476850000001,3589.14422,0.0338673256,-34.7432146,4.938427e-05
966.0,49.6424084,8625.4731,-20.6564944,-20.6564944,-18.6581315,-18.6581315,-17.5031163,-17.5031163,0.0365367782,43.4845379,43.4845379,0.000166946073,0.000166946073,0.000504942051,0.000504942051,0.501348143,3603.376,35.26305,0.00190231196,7.66966e-05,0.0,8625.4731,3589.14417,0.0365367782,-45.2024408,6.927653e-05
966.5,36.0771813,8625.4635,-15.0121673,-15.0121673,-13.55983725,-13.55983725,-12.4705002,-12.4705002,0.0386043805,64.3532843,64.3532843,0.000260241748,0.000260241748,0.000787101978,0.000787101978,0.501452052,3603.376,35.26305,0.00200996304,7.31029e-06,0.0,8625.4635,3589.14154,0.0386043805,-53.3035474,8.6209609e-05
967.0,22.5119535,8625.4694,-9.36691422,-9.36691422,-8.4607311,-8.4607311,-7.38990947,-7.38990947,0.037726678,66.75539,66.75539,0.0002637324,0.0002637324,0.000797660906,0.000797660906,0.501523791,3603.376,35.26305,0.00196426493,-3.565564e-05,0.0,8625.4694,3589.14346,0.037726678,-49.86461,7.8822196e-05
967.5,12.8657697,8634.325,-5.16705934,-5.16705934,-4.67180316,-4.67180316,-3.66481567,-3.66481567,0.0368114175,66.75539,66.75539,0.000257334174,0.000257334174,0.000778311872,0.000778311872,0.501562599,3603.376,35.26305,0.00191661126,-8.133801e-06,0.0,8634.325,3592.82774,0.0368114175,-46.2785098,7.1360453e-05
968.0,12.489008,8647.444500000001,-5.17483521,-5.17483521,-4.68611621,-4.68611621,-3.6711313,-3.6711313,0.0367900817,66.75539,66.75539,0.000257185025,0.000257185025,0.000777860845,0.000777860845,0.5015902,3603.376,35.26305,0.00191550045,2.75534e-07,0.0,8647.444500000001,3598.28688,0.0367900817,-46.1949188,7.1189113e-05
968.5,16.2145359,8656.8788,-6.41100819,-6.41100819,-5.81402783,-5.81402783,-4.76402233,-4.76402233,0.0371081207,66.75539,66.75539,0.000259408299,0.000259408299,0.000784584306,0.000784584306,0.501619528,3603.376,35.26305,0.00193205925,3.9145416e-05,0.0,8656.8788,3602.21286,0.0371081207,-47.4410254,7.377021e-05
969.0,41.9697045,8693.4201,-17.3419234,-17.3419234,-15.7888181,-15.7888181,-14.6535592,-14.6535592,0.0395219876,66.75539,66.75539,0.000276282704,0.000276282704,0.000835614174,0.000835614174,0.501685044,3603.376,35.26305,0.00205773891,8.1197998e-05,0.0,8693.4201,3617.41932,0.0395219876,-56.8988412,9.4299315e-05
969.5,71.3425595,8696.86225,-29.6836576,-29.6836576,-27.0339195,-27.0339195,-25.702436,-25.702436,0.042266571,66.75539,66.75539,0.000295469004,0.000295469004,0.000893634482,0.000893634482,0.501819263,3603.376,35.26305,0.00220063753,7.9830401e-05,0.0,8696.86225,3618.85331,0.042266571,-67.652437,0.000119877075
970.0,90.748126,8674.9557,-38.1783065,-38.1783065,-34.6822263,-34.6822263,-33.1689371,-33.1689371,0.0441120965,66.75539,66.75539,0.000308370353,0.000308370353,0.000932648177,0.000932648177,0.502008689,3603.376,35.26305,0.00229672601,1.4775546e-05,0.0,8674.9557,3609.73887,0.0441120965,-74.8834219,0.000138369219
970.5,91.19359,8649.0707,-37.9837772,-37.9837772,-34.4029958,-34.4029958,-32.9033657,-32.9033657,0.0441217717,66.75539,66.75539,0.00030843799,0.00030843799,0.000932852719,0.000932852719,0.502212836,3603.376,35.26305,0.0022972298,-9.96356e-07,0.0,8649.0707,3598.96791,0.0441217717,-74.9213306,0.000138467244
971.0,91.19359,8648.060099999999,-37.9470514,-37.9470514,-34.365712,-34.365712,-32.8671719,-32.8671719,0.0441186182,66.75539,66.75539,0.000308415943,0.000308415943,0.000932786044,0.000932786044,0.502415806,3603.376,35.26305,0.00229706559,-6.7141e-08,0.0,8648.060099999999,3598.54734,0.0441186182,-74.9089729,0.000138434504
971.5,91.19359,8648.040799999999,-37.946337,-37.946337,-34.3649893,-34.3649893,-32.86647,-32.86647,0.0441185536,66.75539,66.75539,0.000308415488,0.000308415488,0.000932784684,0.000932784684,0.502618739,3603.376,35.26305,0.00229706221,5.05611e-07,0.0,8648.040799999999,3598.53941,0.0441185536,-74.9087186,0.000138433835
972.0,91.19359,8648.04,-37.946323,-37.946323,-34.364975,-34.364975,-32.866455,-32.866455,0.0441185685,66.75539,66.75539,0.00030841559,0.00030841559,0.000932785004,0.000932785004,0.502821667,3603.376,35.26305,0.00229706296,4.5974e-07,0.0,8648.04,3598.5393,0.0441185685,-74.9087775,0.000138433985
972.5,91.19359,8594.9492,-41.8994894,-41.8994894,-37.6487773,-37.6487773,-36.0466984,-36.0466984,0.0444557264,66.75539,66.75539,0.000310772535,0.000310772535,0.000939912318,0.000939912318,0.503026547,3568.92025,35.26305,0.00231461737,3.4272315e-05,0.0,8594.9492,3576.44792,0.0444557264,-76.229806,0.000141999604
973.0,91.19359,7355.612270000001,-53.8262636,-53.8262636,-41.4934131,-41.4934131,-39.8502902,-39.8502902,0.0454798884,66.75539,66.75539,0.000317932049,0.000317932049,0.000961562439,0.000961562439,0.503263902,3052.43209,35.26305,0.00236794109,-4.211477e-06,0.0,7355.612270000001,3060.75113,0.0454798884,-80.2425904,0.000152867221
973.5,91.19359,5716.29696,-52.9845966,-52.9845966,-31.7182278,-31.7182278,-30.2909426,-30.2909426,0.045407559,66.75539,66.75539,0.000317426421,0.000317426421,0.000960033457,0.000960033457,0.503476724,2381.52209,35.26305,0.00236417518,-5.25618e-07,0.0,5716.29696,2378.61985,0.045407559,-79.9591963,0.000152084579
974.0,87.7077334,4787.49714,-37.302192,-37.302192,-18.7047936,-18.7047936,-17.7712996,-17.7712996,0.0440572242,67.9643014,67.9643014,0.000313630587,0.000313630587,0.000948557396,0.000948557396,0.503630809,2021.4773,35.26305,0.00229386907,-2.7097964e-05,0.0,4787.49714,1992.13865,0.0440572242,-74.6684244,0.000137847052
974.5,80.2203311,4836.27439,-33.2814184,-33.2814184,-16.8552844,-16.8552844,-16.0105122,-16.0105122,0.0489245589,103.4247085,103.4247085,0.000533175636,0.000533175636,0.00161253096,0.00161253096,0.503744101,2021.4773,35.26305,0.00254729011,0.000211587506,0.0,4836.27439,2012.43806,0.0489245589,-93.739209,0.000192859176
975.0,72.7329295,4838.9516,-30.2628383,-30.2628383,-15.3351995,-15.3351995,-14.5501369,-14.5501369,0.0563734719,154.46754,154.46754,0.000915167492,0.000915167492,0.00276781502,0.00276781502,0.503849954,2021.4773,35.26305,0.00293512282,0.000214118967,0.0,4838.9516,2013.55639,0.0563734719,-122.9249208,0.000291020505
975.5,65.245527,4838.99039,-27.1492585,-27.1492585,-13.7575585,-13.7575585,-13.02734125,-13.02734125,0.0631431847,201.272176,201.272176,0.00133234246,0.00133234246,0.00402954555,0.00402954555,0.503946485,2021.4773,35.26305,0.00328759249,0.000120998425,0.0,4838.99039,2013.57648,0.0631431847,-149.449444,0.000395607986
976.0,57.7581254,4838.98978,-24.0336439,-24.0336439,-12.17875635,-12.17875635,-11.50355855,-11.50355855,0.0638811914,210.2302,210.2302,0.00140636063,0.00140636063,0.00425342187,0.00425342187,0.504033409,2021.4773,35.26305,0.00332601727,-2.0496712e-05,0.0,4838.98978,2013.57666,0.0638811914,-152.341043,0.000407648209
976.5,50.2707228,4838.99705,-20.9178058,-20.9178058,-10.5998594,-10.5998594,-9.9668262,-9.9668262,0.0631841918,210.2302,210.2302,0.00139101604,0.00139101604,0.0042070206,0.0042070206,0.504110452,2021.4773,35.26305,0.00328972752,-2.0675882e-05,0.0,4838.99705,2013.5793,0.0631841918,-149.610113,0.00039597267
977.0,42.7833205,4838.993390000001,-17.8025654,-17.8025654,-9.0212403,-9.0212403,-8.43769236,-8.43769236,0.0624871909,210.2302,210.2302,0.00137567136,0.00137567136,0.00416061923,0.00416061923,0.504177351,2021.4773,35.26305,0.00325343769,-1.9769971e-05,0.0,4838.993390000001,2013.57739,0.0624871909,-146.879183,0.000384456572
977.5,35.2959188,4838.99922,-14.68659595,-14.68659595,-7.44226803,-7.44226803,-6.88406611,-6.88406611,0.0617901743,210.2302,210.2302,0.00136032639,0.00136032639,0.0041142167,0.0041142167,0.504233828,2021.4773,35.26305,0.00321714712,-2.0072619e-05,0.0,4838.99922,2013.57935,0.0617901743,-144.148191,0.000373099687
978.0,29.0892027,4842.01972,-12.0108828,-12.0108828,-6.09007665,-6.09007665,-5.57046108,-5.57046108,0.0612038179,210.2302,210.2302,0.00134741762,0.00134741762,0.00407518084,0.00407518084,0.50427983,2021.4773,35.26305,0.00318661805,-8.614102e-06,0.0,4842.01972,2014.83592,0.0612038179,-141.850781,0.000363664237
978.5,28.445513,4850.80029,-11.8130251,-11.8130251,-6.00071829,-6.00071829,-5.48401432,-5.48401432,0.0611494816,210.2302,210.2302,0.00134622135,0.00134622135,0.00407156361,0.00407156361,0.504320986,2021.4773,35.26305,0.00318378898,2.49723e-07,0.0,4850.80029,2018.48949,0.0611494816,-141.637881,0.0003627946
979.0,28.445513,4851.446959999999,-11.83590805,-11.83590805,-6.01314255,-6.01314255,-5.49590663,-5.49590663,0.0611514719,210.2302,210.2302,0.00134626519,0.00134626519,0.00407169601,0.00407169601,0.504362303,2021.4773,35.26305,0.00318389262,-3.69177e-07,0.0,4851.446959999999,2018.75865,0.0611514719,-141.645676,0.000362826378
979.5,28.445513,4851.45975,-11.836379,-11.836379,-6.01339738,-6.01339738,-5.49615084,-5.49615084,0.0611515108,210.2302,210.2302,0.00134626604,0.00134626604,0.00407169861,0.00407169861,0.504403639,2021.4773,35.26305,0.00318389458,1.00854e-07,0.0,4851.45975,2018.76388,0.0611515108,-141.64583,0.000362826992
980.0,28.445513,4851.46,-11.836388,-11.836388,-6.0134021,-6.0134021,-5.4961553,-5.4961553,0.0611515041,210.2302,210.2302,0.00134626589,0.00134626589,0.00407169813,0.00407169813,0.504444969,2021.4773,35.26305,0.00318389431,1.34134e-07,0.0,4851.46,2018.764,0.0611515041,-141.645805,0.000362826898
980.5,28.445513,4851.46,-11.836388,-11.836388,-6.0134025,-6.0134025,-5.4961553,-5.4961553,0.0611514976,210.2302,210.2302,0.00134626573,0.00134626573,0.00407169761,0.00407169761,0.504486301,2021.4773,35.26305,0.00318389391,-4.18237e-07,0.0,4851.46,2018.764,0.0611514976,-141.645776,0.000362826781
981.0,-0.88561122,4792.34128,-0.44668216,-0.44668216,-0.242935233,-0.242935233,0.205485126,0.205485126,0.0584980998,210.2302,210.2302,0.0012878505,0.0012878505,0.00389505004,0.00389505004,0.504513968,2021.4773,35.26305,0.00304574297,-0.000147363841,0.0,4792.34128,1994.16279,0.0584980998,-131.249457,0.000321982323
981.5,-34.0641165,4807.48506,14.9470241,14.9470241,7.52527808,7.52527808,8.12847496,8.12847496,0.0558372455,213.829529,213.829529,0.00125072122,0.00125072122,0.00378278764,0.00378278764,0.504468377,2021.4773,35.26305,0.00290720375,5.881071e-05,0.0,4807.48506,2000.46259,0.0558372455,-120.8239193,0.000282698823
982.0,-34.396492,4849.97714,14.3666405,14.3666405,7.2966418,7.2966418,7.90010223,7.90010223,0.0604607394,242.666895,242.666895,0.00153799292,0.00153799292,0.00465166474,0.00465166474,0.504396757,2021.4773,35.26305,0.00314792918,0.000155894749,0.0,4849.97714,2018.14662,0.0604607394,-138.939309,0.000352265736
982.5,-34.396492,4851.42518,14.3136383,14.3136383,7.27190155,7.27190155,7.87499332,7.87499332,0.0658303395,276.320576,276.320576,0.00190644062,0.00190644062,0.00576608912,0.00576608912,0.504326846,2021.4773,35.26305,0.00342750104,0.000161056724,0.0,4851.42518,2018.75226,0.0658303395,-159.978028,0.000441528245
983.0,-34.396492,4851.44564,14.3126218,14.3126218,7.27141592,7.27141592,7.87449976,7.87449976,0.0709106586,308.16881,308.16881,0.0022893267,0.0022893267,0.00692421187,0.00692421187,0.504256982,2021.4773,35.26305,0.0036920113,0.000108486839,0.0,4851.44564,2018.76376,0.0709106586,-179.883315,0.000534543283
983.5,-34.396492,4851.4443,14.3126364,14.3126364,7.27142173,7.27142173,7.87450562,7.87450562,0.0721255063,315.75598,315.75598,0.00238489387,0.00238489387,0.00721327928,0.00721327928,0.504187115,2021.4773,35.26305,0.00375526306,-6.3186e-08,0.0,4851.4443,2018.76396,0.0721255063,-184.643223,0.000557841546
984.0,-34.396492,4851.4443,14.312634,14.312634,7.2714205,7.2714205,7.87450436,7.87450436,0.0721254966,315.75598,315.75598,0.00238489353,0.00238489353,0.00721327828,0.00721327828,0.504117239,2021.4773,35.26305,0.00375526251,-2.45333e-07,0.0,4851.4443,2018.764,0.0721254966,-184.64318,0.000557841332
984.5,-34.396492,4851.4443,14.312634,14.312634,7.2714205,7.2714205,7.874504,7.874504,0.0721255184,315.75598,315.75598,0.0023848942,0.0023848942,0.00721328049,0.00721328049,0.504047361,2021.4773,35.26305,0.00375526361,1.98789e-07,0.0,4851.4443,2018.764,0.0721255184,-184.643268,0.00055784176
985.0,-34.396492,4851.4443,14.312634,14.312634,7.2714205,7.2714205,7.874504,7.874504,0.0721255178,315.75598,315.75598,0.00238489428,0.00238489428,0.00721328056,0.00721328056,0.503977497,2021.4773,35.26305,0.0037552637,7.137e-09,0.0,4851.4443,2018.764,0.0721255178,-184.643275,0.000557841777
985.5,-34.396492,4851.4443,14.312634,14.312634,7.2714205,7.2714205,7.874504,7.874504,0.0721254968,315.75598,315.75598,0.00238489358,0.00238489358,0.00721327836,0.00721327836,0.503907617,2021.4773,35.26305,0.0037552626,1.84109e-07,0.0,4851.4443,2018.764,0.0721254968,-184.643189,0.000557841374
986.0,-34.396492,4851.4443,14.312634,14.312634,7.2714205,7.2714205,7.874504,7.874504,0.0721255118,315.75598,315.75598,0.00238489411,0.00238489411,0.00721327997,0.00721327997,0.503837736,2021.4773,35.26305,0.00375526337,-1.59791e-07,0.0,4851.4443,2018.764,0.0721255118,-184.643247,0.000557841672
986.5,-34.396492,4851.4443,14.312634,14.312634,7.2714205,7.2714205,7.874504,7.874504,0.0721255064,315.75598,315.75598,0.00238489389,0.00238489389,0.0072132794,0.0072132794,0.503767865,2021.4773,35.26305,0.00375526308,-3.41173e-07,0.0,4851.4443,2018.764,0.0721255064,-184.643225,0.000557841543
987.0,-26.3701308,4869.20807,11.3197867,11.3197867,5.76821095,5.76821095,6.36537041,6.36537041,0.07284037,315.75598,315.75598,0.00240853145,0.00240853145,0.00728476493,0.00728476493,0.503701538,2021.4773,35.26305,0.00379248291,5.3221049e-05,0.0,4869.20807,2026.15603,0.07284037,-187.44414,0.000571974679
987.5,-2.4579779,4891.06015,1.055205292,1.055205292,0.540214401,0.540214401,0.859474194,0.859474194,0.0750926906,315.75598,315.75598,0.00248300648,0.00248300648,0.00750999375,0.00750999375,0.503669861,2021.4773,35.26305,0.00390975153,6.4706869e-05,0.0,4891.06015,2035.25012,0.0750926906,-196.268999,0.000617429362
988.0,21.8815362,4891.93202,-9.10417096,-9.10417096,-4.66390744,-4.66390744,-4.14398743,-4.14398743,0.0773611308,315.75598,315.75598,0.00255801439,0.00255801439,0.00773683282,0.00773683282,0.503682588,2021.4773,35.26305,0.00402785941,6.5983311e-05,0.0,4891.93202,2035.6142,0.0773611308,-205.157008,0.000664879903
988.5,46.2210502,4891.94467,-19.2312578,-19.2312578,-9.8518516,-9.8518516,-9.23776586,-9.23776586,0.0796268736,315.75598,315.75598,0.00263293329,0.00263293329,0.0079634011,0.0079634011,0.503732053,2021.4773,35.26305,0.0041458269,6.5119405e-05,0.0,4891.94467,2035.62078,0.0796268736,-214.034462,0.000713960633
989.0,70.5605636,4891.944320000001,-29.3610174,-29.3610174,-15.0411544,-15.0411544,-14.26604575,-14.26604575,0.0818927664,315.75598,315.75598,0.00270785701,0.00270785701,0.0081899822,0.0081899822,0.503815418,2021.4773,35.26305,0.00426380209,6.5210787e-05,0.0,4891.944320000001,2035.62199,0.0818927664,-222.912493,0.000764729848
989.5,94.9000776,4891.938459999999,-39.4873019,-39.4873019,-20.2286568,-20.2286568,-19.2407034,-19.2407034,0.0841585557,315.75598,315.75598,0.00278277737,0.00278277737,0.0084165514,0.0084165514,0.503929883,2021.4773,35.26305,0.00438177185,6.4101428e-05,0.0,4891.938459999999,2035.62088,0.0841585557,-231.790114,0.000817181915
990.0,118.966809,4891.50385,-49.5716088,-49.5716088,-25.392229,-25.392229,-24.1444213,-24.1444213,0.0864053064,315.75598,315.75598,0.0028570681,0.0028570681,0.0086412153,0.0086412153,0.50407316,2021.4773,35.26305,0.00449875053,5.4893062e-05,0.0,4891.50385,2035.44136,0.0864053064,-240.593151,0.000870851383
990.5,127.61148,4861.36069,-53.3960316,-53.3960316,-27.1830879,-27.1830879,-25.8290117,-25.8290117,0.0872322322,315.75598,315.75598,0.00288441121,0.00288441121,0.0087239034,0.0087239034,0.504237147,2021.4773,35.26305,0.004541805,-2.273605e-06,0.0,4861.36069,2022.89897,0.0872322322,-243.833138,0.000890960312
991.0,127.61148,4851.65424,-53.1086147,-53.1086147,-26.9825787,-26.9825787,-25.6383593,-25.6383593,0.0872790624,316.208787,316.208787,0.00289010738,0.00289010738,0.0087411343,0.0087411343,0.504402603,2021.4773,35.26305,0.00454424325,1.2945314e-05,0.0,4851.65424,2018.86016,0.0872790624,-244.016631,0.00089211164
991.5,127.61148,4851.42655,-53.1002502,-53.1002502,-26.9770609,-26.9770609,-25.633123,-25.633123,0.0881576545,321.729539,321.729539,0.00297022408,0.00297022408,0.00898347155,0.00898347155,0.504567734,2021.4773,35.26305,0.00458998769,3.1732685e-05,0.0,4851.42655,2018.76583,0.0881576545,-247.459053,0.000913818196
992.0,127.61148,4851.420700000001,-53.1000924,-53.1000924,-26.9769489,-26.9769489,-25.6330157,-25.6330157,0.0892604294,328.646859,328.646859,0.00307203665,0.00307203665,0.0092914364,0.0092914364,0.504732878,2021.4773,35.26305,0.00464740445,3.2791278e-05,0.0,4851.420700000001,2018.76404,0.0892604294,-251.779857,0.000941404268
992.5,126.973012,4850.15339,-52.9568167,-52.9568167,-26.8972372,-26.8972372,-25.5577546,-25.5577546,0.0903147559,335.563563,335.563563,0.00317372373,0.00317372373,0.0095990251,0.0095990251,0.504897962,2021.4773,35.26305,0.00470229871,2.0204699e-05,0.0,4850.15339,2018.23732,0.0903147559,-255.910826,0.000968146112
993.0,110.2497554,4819.543250000001,-46.1099165,-46.1099165,-23.2737703,-23.2737703,-22.1270569,-22.1270569,0.0898730323,342.481027,342.481027,0.00322318522,0.00322318522,0.0097486776,0.0097486776,0.505055438,2021.4773,35.26305,0.00467930007,-3.3359751e-05,0.0,4819.543250000001,2005.49997,0.0898730323,-254.180109,0.000956902591
993.5,86.6341203,4812.281590000001,-36.0550551,-36.0550551,-18.1696632,-18.1696632,-17.26687735,-17.26687735,0.0887577981,349.398008,349.398008,0.00324748228,0.00324748228,0.00982222665,0.00982222665,0.505187136,2021.4773,35.26305,0.00462123461,-3.1583935e-05,0.0,4812.281590000001,2002.47773,0.0887577981,-249.810484,0.000928781188
994.0,63.0184847,4812.11883,-26.2224519,-26.2224519,-13.214121,-13.214121,-12.50112365,-12.50112365,0.0876617344,356.315175,356.315175,0.00327087766,0.00327087766,0.0098930466,0.0098930466,0.505290305,2021.4773,35.26305,0.00456416729,-3.1135539e-05,0.0,4812.11883,2002.40935,0.0876617344,-245.515976,0.000901542609
994.5,39.4028497,4812.11552,-16.3961774,-16.3961774,-8.26241943,-8.26241943,-7.69057856,-7.69057856,0.0865660674,363.231705,363.231705,0.00329269429,0.00329269429,0.0099590915,0.0099590915,0.505363002,2021.4773,35.26305,0.00450712056,-3.1550418e-05,0.0,4812.11552,2002.40735,0.0865660674,-241.223026,0.000874708065
995.0,15.78721381,4812.11749,-6.57047585,-6.57047585,-3.31101968,-3.31101968,-2.85335113,-2.85335113,0.0853153762,369.17074,369.17074,0.00329820534,0.00329820534,0.00997581305,0.00997581305,0.505402402,2021.4773,35.26305,0.00444200246,-4.7092281e-05,0.0,4812.11749,2002.40744,0.0853153762,-236.322672,0.000844582207
995.5,-7.828422114,4812.12359,3.257002169,3.257002169,1.6412838836,1.6412838836,2.021440306,2.021440306,0.0832375497,369.9225,369.9225,0.00322447218,0.00322447218,0.0097528252,0.0097528252,0.50540599,2021.4773,35.26305,0.00433381909,-6.3235416e-05,0.0,4812.12359,2002.40879,0.0832375497,-228.181506,0.00079565365
996.0,-31.0285531,4812.82607,13.0073863,13.0073863,6.55597339,6.55597339,7.14372091,7.14372091,0.0810690431,369.9225,369.9225,0.00314046822,0.00314046822,0.0094987673,0.0094987673,0.505366038,2021.4773,35.26305,0.00422091439,-5.2010314e-05,0.0,4812.82607,2002.6998,0.0810690431,-219.685049,0.000746066181
996.5,-38.81279,4842.73839,16.4162636,16.4162636,8.3250112,8.3250112,8.9382177,8.9382177,0.0803272659,369.9225,369.9225,0.00311173302,0.00311173302,0.0094118615,0.0094118615,0.505290081,2021.4773,35.26305,0.00418229312,1.66558e-06,0.0,4842.73839,2015.14608,0.0803272659,-216.778673,0.000729404067
997.0,-38.81279,4851.23566,16.1575848,16.1575848,8.20837955,8.20837955,8.8220657,8.8220657,0.0803495031,369.9225,369.9225,0.00311259451,0.00311259451,0.00941446695,0.00941446695,0.505210245,2021.4773,35.26305,0.00418345109,2.82002e-07,0.0,4851.23566,2018.6819,0.0803495031,-216.865806,0.000729899213
997.5,-38.81279,4851.42936,16.1504244,16.1504244,8.2050696,8.2050696,8.81876,8.81876,0.0803501272,369.9225,369.9225,0.00311261863,0.00311261863,0.0094145401,0.0094145401,0.505130767,2021.4773,35.26305,0.00418348351,8.7637e-08,0.0,4851.42936,2018.76249,0.0803501272,-216.868249,0.000729913071
998.0,-36.8643513,4855.736220000001,15.6308248,15.6308248,7.94725671,7.94725671,8.5575461,8.5575461,0.0805051386,369.9225,369.9225,0.00311862361,0.00311862361,0.00943270105,0.00943270105,0.505051537,2021.4773,35.26305,0.00419155446,2.8793972e-05,0.0,4855.736220000001,2020.55467,0.0805051386,-217.475608,0.000733382407
998.5,-7.65842858,4905.71792,3.478926786,3.478926786,1.78329926,1.78329926,2.200219558,2.200219558,0.0832203106,369.9225,369.9225,0.00322380444,0.00322380444,0.0097508057,0.0097508057,0.504998344,2021.4773,35.26305,0.00433292154,0.000101773872,0.0,4905.71792,2041.35409,0.0832203106,-228.113966,0.000795363903
999.0,30.2793649,4914.38414,-12.59424755,-12.59424755,-6.4814976,-6.4814976,-5.92922734,-5.92922734,0.0867765751,369.9225,369.9225,0.00336156763,0.00336156763,0.0101674484,0.0101674484,0.505012449,2021.4773,35.26305,0.00451808089,0.000101163626,0.0,4914.38414,2044.96219,0.0867765751,-242.047826,0.000879985937
999.5,68.2171597,4914.56266,-28.3860901,-28.3860901,-14.60895875,-14.60895875,-13.8462036,-13.8462036,0.0903086915,369.9225,369.9225,0.00349839548,0.00349839548,0.01058125875,0.01058125875,0.505083328,2021.4773,35.26305,0.00470198294,0.000101291967,0.0,4914.56266,2045.03856,0.0903086915,-255.88706,0.000968149176
1000.0,106.1549532,4914.53463,-44.1709356,-44.1709356,-22.7325091,-22.7325091,-21.6248515,-21.6248515,0.0915299155,355.349855,355.349855,0.00341122455,0.00341122455,0.0103174938,0.0103174938,0.505203402,2021.4773,35.26305,0.00476556676,-0.000167440824,0.0,4914.53463,2045.02755,0.0915299155,-260.67197,0.001000408657
1000.5,144.092746,4914.56987,-59.957136,-59.957136,-30.8571017,-30.8571017,-29.2849872,-29.2849872,0.0752107291,230.715199,230.715199,0.00184233781,0.00184233781,0.00557196038,0.00557196038,0.50536728,2021.4773,35.26305,0.00391589724,-0.000574702795,0.0,4914.56987,2045.03274,0.0752107291,-196.731485,0.00062513651
1001.0,179.398366,4879.92129,-76.1123442,-76.1123442,-38.8772589,-38.8772589,-36.7137939,-36.7137939,0.0552154393,83.8768394,83.8768394,0.000511062566,0.000511062566,0.001545620254,0.001545620254,0.505571116,2006.77703,35.26305,0.00287482902,-0.000634266165,0.0,4879.92129,2030.60351,0.0552154393,-118.3876094,0.000279539192
1001.5,186.83144,4639.37526,-79.1670079,-79.1670079,-38.468055,-38.468055,-36.2104158,-36.2104158,0.0264929323,-62.919554,-62.919554,-0.000104375262,-0.000104375262,7.175485e-05,7.175485e-05,0.505795681,1931.90107,35.26305,0.001379372466,-0.002343290058,0.0,4639.37526,1930.49383,0.0264929323,-29.7247502,5.0598659e-05
1002.0,186.83144,4609.207899999999,-77.6777497,-77.6777497,-37.4931284,-37.4931284,-35.3007328,-35.3007328,-0.0410084061,-209.754186,-209.754186,0.000930437366,0.000930437366,0.00281419995,0.00281419995,0.506011501,1921.2886,35.26305,-0.00213513034,-0.000673896768,0.0,4609.207899999999,1917.90149,-0.0410084061,62.7228042,0.000115151025
1002.5,186.83144,4611.13113,-77.7403687,-77.7403687,-37.538998,-37.538998,-35.3438052,-35.3438052,-0.0566313698,-307.617067,-307.617067,0.00182488427,0.00182488427,0.00551960008,0.00551960008,0.506226629,1921.2886,35.26305,-0.0029485504,-0.000135821969,0.0,4611.13113,1918.69261,-0.0566313698,123.9353916,0.000294143561
1003.0,186.525293,4611.02146,-77.7290477,-77.7290477,-37.5326404,-37.5326404,-35.3379235,-35.3379235,-0.0570446871,-310.05942,-310.05942,0.00185220366,0.00185220366,0.00560223364,0.00560223364,0.506441861,1921.2886,35.26305,-0.00297007008,-2.3946202e-05,0.0,4611.02146,1918.64671,-0.0570446871,125.5548187,0.000300011462
1003.5,112.2353736,4463.21764,-48.5498512,-48.5498512,-22.78901185,-22.78901185,-21.5438253,-21.5438253,-0.0637956421,-310.05942,-310.05942,0.00207140275,0.00207140275,0.00626516148,0.00626516148,0.506632439,1921.2886,35.26305,-0.00332156305,-0.000357391301,0.0,4463.21764,1857.14056,-0.0637956421,152.005844,0.000408305128
1004.0,-0.89138754,4436.58971,1.798550135,1.798550135,0.867269703,0.867269703,1.34432694,1.34432694,-0.0746159302,-310.05942,-310.05942,0.00242273043,0.00242273043,0.00732766368,0.00732766368,0.506693444,1921.2886,35.26305,-0.00388492878,-0.000179519963,0.0,4436.58971,1846.05415,-0.0746159302,194.401002,0.000608258716
1004.5,-16.470974,4596.01872,7.38440254,7.38440254,3.55327949,3.55327949,4.15983845,4.15983845,-0.0759982616,-310.05942,-310.05942,0.00246761383,0.00246761383,0.00746339979,0.00746339979,0.506659317,1921.2886,35.26305,-0.00395690064,4.861231e-06,0.0,4596.01872,1912.39296,-0.0759982616,199.81713,0.000636099686
1005.0,-16.470974,4610.89698,6.86490805,6.86490805,3.31473422,3.31473422,3.9241926,3.9241926,-0.075953508,-310.05942,-310.05942,0.00246616071,0.00246616071,0.0074590054,0.0074590054,0.506625894,1921.2886,35.26305,-0.00395457058,3.95729e-07,0.0,4610.89698,1918.58395,-0.075953508,199.641784,0.000635166944
1005.5,-16.470974,4611.193300000001,6.85390116,6.85390116,3.30963257,3.30963257,3.91904102,3.91904102,-0.0759525724,-310.05942,-310.05942,0.00246613024,0.00246613024,0.00745891339,0.00745891339,0.506593045,1921.2886,35.26305,-0.00395452176,3.68413e-07,0.0,4611.193300000001,1918.70724,-0.0759525724,199.638112,0.000635147422
1006.0,-16.470974,4611.1987,6.85369756,6.85369756,3.30953817,3.30953817,3.91894562,3.91894562,-0.0759525599,-310.05942,-310.05942,0.00246613004,0.00246613004,0.0074589126,0.0074589126,0.506560193,1921.2886,35.26305,-0.00395452141,-8.6143e-08,0.0,4611.1987,1918.70953,-0.0759525599,199.638077,0.000635147237
1006.5,-16.470974,4611.1987,6.853694,6.853694,3.3095365,3.3095365,3.918944,3.918944,-0.0759525395,-310.05942,-310.05942,0.00246612923,0.00246612923,0.00745891027,0.00745891027,0.50652735,1921.2886,35.26305,-0.00395452012,5.1133e-08,0.0,4611.1987,1918.7096,-0.0759525395,199.637988,0.000635146757
1007.0,-16.470974,4611.1987,6.8536935,6.8536935,3.3095365,3.3095365,3.918944,3.918944,-0.075952523,-310.05942,-310.05942,0.00246612875,0.00246612875,0.00745890858,0.00745890858,0.506494499,1921.2886,35.26305,-0.00395451937,-2.1426e-07,0.0,4611.1987,1918.7096,-0.075952523,199.637921,0.000635146416
1007.5,-16.470974,4611.1987,6.8536935,6.8536935,3.3095365,3.3095365,3.918944,3.918944,-0.0759525395,-310.05942,-310.05942,0.00246612923,0.00246612923,0.00745891032,0.00745891032,0.506461644,1921.2886,35.26305,-0.00395452018,2.36894e-07,0.0,4611.1987,1918.7096,-0.0759525395,199.637987,0.000635146749
1008.0,-16.470974,4611.1987,6.8536935,6.8536935,3.3095365,3.3095365,3.918944,3.918944,-0.0759525395,-310.05942,-310.05942,0.0024661292,0.0024661292,0.0074589101,0.0074589101,0.506428798,1921.2886,35.26305,-0.00395452008,3.33448e-07,0.0,4611.1987,1918.7096,-0.0759525395,199.637979,0.000635146719
1008.5,-10.86043478,4623.48704,4.74091926,4.74091926,2.293772224,2.293772224,2.79288954,2.79288954,-0.0754508933,-310.05942,-310.05942,0.00244984117,0.00244984117,0.00740965203,0.00740965203,0.50639836,1921.2886,35.26305,-0.00392840161,3.4092338e-05,0.0,4623.48704,1923.82305,-0.0754508933,197.672484,0.00062476597
1009.0,4.73184603,4636.912060000001,-1.950339144,-1.950339144,-0.947129709,-0.947129709,-0.7198597325,-0.7198597325,-0.0718690484,-296.746313,-296.746313,0.00223679092,0.00223679092,0.00676525803,0.00676525803,0.506390109,1921.2886,35.26305,-0.00374191041,0.000231505787,0.0,4636.912060000001,1929.41135,-0.0718690484,183.63839,0.000553861814
1009.5,13.8196594,4623.28566,-5.98128028,-5.98128028,-2.89584801,-2.89584801,-2.401763,-2.401763,-0.0621137282,-240.982894,-240.982894,0.001572262,0.001572262,0.00475529238,0.00475529238,0.506404027,1921.2886,35.26305,-0.0032339932,0.000279704983,0.0,4623.28566,1923.74704,-0.0621137282,145.415918,0.000379540606
1010.0,13.865922,4611.54972,-5.78377274,-5.78377274,-2.79310213,-2.79310213,-2.30638575,-2.30638575,-0.0527394319,-182.097725,-182.097725,0.001010474613,0.001010474613,0.00305613872,0.00305613872,0.506422275,1921.2886,35.26305,-0.00274591406,0.000270328271,0.0,4611.54972,1918.86906,-0.0527394319,108.6863284,0.000241296266
1010.5,13.865922,4611.16048,-5.77005851,-5.77005851,-2.78624355,-2.78624355,-2.3000437,-2.3000437,-0.0433516245,-123.2091859,-123.2091859,0.000564117947,0.000564117947,0.00170615477,0.00170615477,0.506440121,1921.2886,35.26305,-0.00225713154,0.000263413426,0.0,4611.16048,1918.7126,-0.0433516245,71.9038021,0.00013176406
1011.0,13.865922,4611.1402,-5.76979288,-5.76979288,-2.78610304,-2.78610304,-2.29991443,-2.29991443,-0.0339633992,-64.3198406,-64.3198406,0.000233538996,0.000233538996,0.000706349553,0.000706349553,0.506457983,1921.2886,35.26305,-0.00176832723,0.000270922019,0.0,4611.1402,1918.70965,-0.0339633992,35.119642,5.1156662e-05
1011.5,13.865922,4611.096500000001,-5.77022646,-5.77022646,-2.78628596,-2.78628596,-2.30008583,-2.30008583,-0.00160321865,-5.43273697,-5.43273697,4.3590834e-05,4.3590834e-05,0.00013225884,0.00013225884,0.506475865,1921.2886,35.26305,-8.3472628e-05,0.002076959381,0.0,4611.096500000001,1918.71034,-0.00160321865,-1.274268123,1.041905e-05
1012.0,13.865922,4611.042100000001,-5.7697407,-5.7697407,-2.78601853,-2.78601853,-2.29984035,-2.29984035,0.0347870909,53.4583519,53.4583519,0.000199519933,0.000199519933,0.000603459152,0.000603459152,0.506493746,1921.2886,35.26305,0.00181121329,0.000271761114,0.0,4611.042100000001,1918.70898,0.0347870909,-38.3469612,5.7071128e-05
1012.5,13.865922,4611.03065,-5.7697865,-5.7697865,-2.78603363,-2.78603363,-2.29985488,-2.29985488,0.0441759555,112.348081,112.348081,0.000524508763,0.000524508763,0.00158634832,0.00158634832,0.506511611,1921.2886,35.26305,0.00230005087,0.000269267657,0.0,4611.03065,1918.70969,0.0441759555,-75.1336294,0.000140223402
1013.0,13.865922,4611.01861,-5.76975809,-5.76975809,-2.78601267,-2.78601267,-2.29983599,-2.29983599,0.0526396703,165.403314,165.403314,0.000913674719,0.000913674719,0.00276334656,0.00276334656,0.50652945,1921.2886,35.26305,0.00274071985,0.000163153207,0.0,4611.01861,1918.70963,0.0526396703,-108.2954479,0.000239264514
1013.5,13.865922,4611.0166,-5.76970926,-5.76970926,-2.78598806,-2.78598806,-2.29981317,-2.29981317,0.0540693322,174.32129,174.32129,0.0009870293,0.0009870293,0.00298520329,0.00298520329,0.506547325,1921.2886,35.26305,0.00281515622,1.2066e-07,0.0,4611.0166,1918.70968,0.0540693322,-113.8970328,0.000257959795
1014.0,13.865922,4611.01676,-5.76971236,-5.76971236,-2.7859895,-2.7859895,-2.29981466,-2.29981466,0.0540693413,174.32129,174.32129,0.00098702944,0.00098702944,0.00298520376,0.00298520376,0.506565155,1921.2886,35.26305,0.00281515666,2.6927e-08,0.0,4611.01676,1918.7097,0.0540693413,-113.8970649,0.000257959914
1014.5,13.865922,4611.017,-5.7697124,-5.7697124,-2.7859895,-2.7859895,-2.2998147,-2.2998147,0.054069356,174.32129,174.32129,0.00098702974,0.00098702974,0.00298520465,0.00298520465,0.506583018,1921.2886,35.26305,0.0028151575,9.0627e-08,0.0,4611.017,1918.7097,0.054069356,-113.8971297,0.000257960125
1015.0,13.865922,4611.017,-5.7697124,-5.7697124,-2.7859895,-2.7859895,-2.2998147,-2.2998147,0.0540693528,174.32129,174.32129,0.00098702968,0.00098702968,0.00298520446,0.00298520446,0.506600855,1921.2886,35.26305,0.00281515728,-4.622e-07,0.0,4611.017,1918.7097,0.0540693528,-113.8971143,0.000257960088
1015.5,13.865922,4611.017,-5.7697124,-5.7697124,-2.7859895,-2.7859895,-2.2998147,-2.2998147,0.0540693445,174.32129,174.32129,0.00098702952,0.00098702952,0.00298520403,0.00298520403,0.506618719,1921.2886,35.26305,0.00281515687,-1.28343e-07,0.0,4611.017,1918.7097,0.0540693445,-113.8970818,0.000257959975
1016.0,13.4667195,4610.193209999999,-5.61601659,-5.61601659,-2.71129555,-2.71129555,-2.23092902,-2.23092902,0.0540333666,174.32129,174.32129,0.00098637271,0.00098637271,0.00298321791,0.00298321791,0.506636398,1921.2886,35.26305,0.00281328363,-2.435695e-06,0.0,4610.193209999999,1918.367,0.0540333666,-113.7561126,0.000257469338
1016.5,12.63635405,4609.650540000001,-5.2586799,-5.2586799,-2.53847791,-2.53847791,-2.07281516,-2.07281516,0.0539550474,174.32129,174.32129,0.00098494301,0.00098494301,0.00297889457,0.00297889457,0.506653135,1921.2886,35.26305,0.00280920588,-2.432388e-06,0.0,4609.650540000001,1918.14113,0.0539550474,-113.4492487,0.000256402614
1017.0,11.80598855,4609.635319999999,-4.91258868,-4.91258868,-2.37140421,-2.37140421,-1.92200595,-1.92200595,0.0538887255,174.32129,174.32129,0.00098373236,0.00098373236,0.00297523349,0.00297523349,0.506668688,1921.2886,35.2492407,0.00280575282,1.0732e-07,0.0,4609.635319999999,1918.13474,0.0538887255,-113.145726,0.000255402256
1017.5,10.97562315,4609.63495,-4.5670488,-4.5670488,-2.20460511,-2.20460511,-1.77346737,-1.77346737,0.0540240811,174.32129,174.32129,0.00098620323,0.00098620323,0.00298270541,0.00298270541,0.506683083,1921.2886,34.9902451,0.00281280023,5.990925e-06,0.0,4609.63495,1918.13462,0.0540240811,-112.8414259,0.000255354896
1018.0,10.14525755,4609.63465,-4.22151498,-4.22151498,-2.03780888,-2.03780888,-1.62695225,-1.62695225,0.0542256542,174.32129,174.32129,0.00098988292,0.00098988292,0.00299383261,0.00299383261,0.506696363,1921.2886,34.6556912,0.00282329528,3.287374e-06,0.0,4609.63465,1918.13459,0.0542256542,-112.5382945,0.000255619192
1018.5,9.3148922,4609.63796,-3.87592365,-3.87592365,-1.87098644,-1.87098644,-1.48243539,-1.48243539,0.0521918897,161.789843,161.789843,0.000886074637,0.000886074637,0.00267987041,0.00267987041,0.506708527,1921.2886,34.567013,0.0027174059,-0.000155684172,0.0,4609.63796,1918.13483,0.0521918897,-104.4380488,0.000228780633
1019.0,8.48452685,4609.64639,-3.5304421,-3.5304421,-1.70421865,-1.70421865,-1.34062958,-1.34062958,0.0458186973,123.0791555,123.0791555,0.000592772381,0.000592772381,0.00179280383,0.00179280383,0.506719571,1921.2886,34.567013,0.0023855813,-0.000188526718,0.0,4609.64639,1918.13462,0.0458186973,-79.9600192,0.000154025591
1019.5,7.6541612,4609.655479999999,-3.18490463,-3.18490463,-1.53742346,-1.53742346,-1.20747678,-1.20747678,0.0393095604,83.5419166,83.5419166,0.000346122637,0.000346122637,0.001046842131,0.001046842131,0.506729568,1921.2886,34.567013,0.00204667871,-0.000187715698,0.0,4609.655479999999,1918.13459,0.0393095604,-54.959862,9.1059017e-05
1020.0,6.86372161,4609.751099999999,-2.84980334,-2.84980334,-1.37569042,-1.37569042,-1.08045417,-1.08045417,0.0328041983,44.0074844,44.0074844,0.000153394241,0.000153394241,0.000463957356,0.000463957356,0.506738554,1921.2886,34.567013,0.0017079727,-0.000190002293,0.0,4609.751099999999,1918.1706,0.0328041983,-29.9742033,4.1747098e-05
1020.5,6.666254,4610.85221,-2.76721768,-2.76721768,-1.33614374,-1.33614374,-1.04940513,-1.04940513,0.0273597231,10.68247151,10.68247151,3.1103576e-05,3.1103576e-05,9.4084332e-05,9.4084332e-05,0.506746869,1921.2886,34.567013,0.00142450244,-7.251148e-05,0.0,4610.85221,1918.62562,0.0273597231,-9.06317474,1.0511469e-05
1021.0,6.666254,4611.05087,-2.77371982,-2.77371982,-1.33934086,-1.33934086,-1.05191803,-1.05191803,0.0267443249,6.9171596,6.9171596,1.9372606e-05,1.9372606e-05,5.8600258e-05,5.8600258e-05,0.506755148,1921.2886,34.567013,0.00139246129,1.84022e-07,0.0,4611.05087,1918.70792,0.0267443249,-6.69956723,7.505282e-06
1021.5,6.666254,4611.05494,-2.77387457,-2.77387457,-1.33941676,-1.33941676,-1.05197772,-1.05197772,0.0267443335,6.9171596,6.9171596,1.9372612e-05,1.9372612e-05,5.8600276e-05,5.8600276e-05,0.506763438,1921.2886,34.567013,0.00139246174,9.93e-10,0.0,4611.05494,1918.70966,0.0267443335,-6.69960008,7.505321e-06
1022.0,6.666254,4611.055,-2.7738774,-2.7738774,-1.3394182,-1.3394182,-1.0519788,-1.0519788,0.0267443408,6.9171596,6.9171596,1.9372617e-05,1.9372617e-05,5.8600292e-05,5.8600292e-05,0.506771717,1921.2886,34.567013,0.00139246213,1.93053e-07,0.0,4611.055,1918.7097,0.0267443408,-6.69962812,7.505354e-06
1022.5,6.666254,4611.055,-2.7738774,-2.7738774,-1.3394182,-1.3394182,-1.0519788,-1.0519788,0.0267443632,6.9171596,6.9171596,1.9372634e-05,1.9372634e-05,5.8600341e-05,5.8600341e-05,0.506780004,1921.2886,34.567013,0.00139246332,-3.3429e-08,0.0,4611.055,1918.7097,0.0267443632,-6.69971468,7.505458e-06
1023.0,6.666254,4611.055,-2.7738774,-2.7738774,-1.3394182,-1.3394182,-1.0519788,-1.0519788,0.0267443506,6.9171596,6.9171596,1.9372625e-05,1.9372625e-05,5.8600315e-05,5.8600315e-05,0.506788289,1921.2886,34.567013,0.00139246267,-2.85087e-07,0.0,4611.055,1918.7097,0.0267443506,-6.69966666,7.5054e-06
1023.5,6.666254,4611.055,-2.7738774,-2.7738774,-1.3394182,-1.3394182,-1.0519788,-1.0519788,0.0267443557,6.9171596,6.9171596,1.9372628e-05,1.9372628e-05,5.8600325e-05,5.8600325e-05,0.506796575,1921.2886,34.567013,0.00139246289,-2.58455e-07,0.0,4611.055,1918.7097,0.0267443557,-6.69968516,7.505422e-06
1024.0,6.666254,4610.65907,-3.01335463,-3.01335463,-1.45483988,-1.45483988,-1.1499958,-1.1499958,0.0267643755,6.9171596,6.9171596,1.9387129e-05,1.9387129e-05,5.864419e-05,5.864419e-05,0.506804874,1920.12354,34.567013,0.00139350526,1.8716263e-05,0.0,4610.65907,1918.54497,0.0267643755,-6.77657646,7.597825e-06
1024.5,6.666254,4116.49469,-11.62991695,-11.62991695,-5.01045014,-5.01045014,-4.55079867,-4.55079867,0.0275183232,6.9171596,6.9171596,1.9933262e-05,1.9933262e-05,6.0296187e-05,6.0296187e-05,0.506827473,1702.50986,34.567013,0.00143276004,8.15541e-06,0.0,4116.49469,1712.91989,0.0275183232,-9.6723229,1.114967e-05
1025.0,6.666254,3183.17426,-11.2378615,-11.2378615,-3.74696907,-3.74696907,-3.36252062,-3.36252062,0.0274844487,6.9171596,6.9171596,1.9908724e-05,1.9908724e-05,6.0221964e-05,6.0221964e-05,0.506857782,1325.9132,34.567013,0.00143099635,-4.31833e-07,0.0,3183.17426,1324.55833,0.0274844487,-9.54221945,1.0985634e-05
1025.5,6.666254,2278.34055,-11.2012586,-11.2012586,-2.67249567,-2.67249567,-2.34547614,-2.34547614,0.0274812182,6.9171596,6.9171596,1.9906384e-05,1.9906384e-05,6.0214885e-05,6.0214885e-05,0.506879814,949.31658,34.567013,0.00143082813,-1.09515e-07,0.0,2278.34055,948.050392,0.0274812182,-9.52981145,1.0970058e-05
1026.0,6.666254,1773.79329,-3.00169949,-3.00169949,-0.558024629,-0.558024629,-0.412121992,-0.412121992,0.0267656211,6.9171596,6.9171596,1.9388032e-05,1.9388032e-05,5.864692e-05,5.864692e-05,0.506890399,752.56976,34.567013,0.00139357007,-2.7510514e-05,0.0,1773.79329,738.104122,0.0267656211,-6.78136028,7.608683e-06
1026.5,6.666254,1804.60122,-2.71840544,-2.71840544,-0.513726065,-0.513726065,-0.360366262,-0.360366262,0.0267394659,6.9171596,6.9171596,1.9369086e-05,1.9369086e-05,5.8589612e-05,5.8589612e-05,0.506893,752.56976,34.567013,0.00139220833,7.46118e-07,0.0,1804.60122,750.923498,0.0267394659,-6.6809054,7.48302e-06
1027.0,6.666254,1806.10098,-2.77279749,-2.77279749,-0.524431554,-0.524431554,-0.36793882,-0.36793882,0.0267442452,6.9171596,6.9171596,1.9372548e-05,1.9372548e-05,5.8600083e-05,5.8600083e-05,0.50689592,752.56976,34.567013,0.00139245715,-1.30401e-07,0.0,1806.10098,751.54758,0.0267442452,-6.69926175,7.504917e-06
1027.5,6.666254,1806.12948,-2.77385762,-2.77385762,-0.524640316,-0.524640316,-0.368086509,-0.368086509,0.0267443297,6.9171596,6.9171596,1.9372609e-05,1.9372609e-05,5.8600268e-05,5.8600268e-05,0.50689883,752.56976,34.567013,0.00139246155,-1.19985e-07,0.0,1806.12948,751.559435,0.0267443297,-6.69958506,7.505303e-06
1028.0,6.666254,1806.13,-2.77387711,-2.77387711,-0.524644154,-0.524644154,-0.368089234,-0.368089234,0.0267443814,6.9171596,6.9171596,1.9372647e-05,1.9372647e-05,5.8600381e-05,5.8600381e-05,0.506901736,752.56976,34.567013,0.00139246424,6.3408e-08,0.0,1806.13,751.55963,0.0267443814,-6.69978396,7.50554e-06
1028.5,6.666254,1806.13,-2.7738774,-2.7738774,-0.524644242,-0.524644242,-0.3680893,-0.3680893,0.0267443605,6.9171596,6.9171596,1.9372632e-05,1.9372632e-05,5.8600335e-05,5.8600335e-05,0.506904681,752.56976,34.567013,0.00139246317,-1.18815e-07,0.0,1806.13,751.55963,0.0267443605,-6.69970334,7.505444e-06
1029.0,6.666254,1806.13,-2.7738774,-2.7738774,-0.52464426,-0.52464426,-0.3680893,-0.3680893,0.0267443396,6.9171596,6.9171596,1.9372616e-05,1.9372616e-05,5.8600289e-05,5.8600289e-05,0.506907599,752.56976,34.567013,0.00139246205,-6.1941e-08,0.0,1806.13,751.55963,0.0267443396,-6.69962342,7.505349e-06
1029.5,6.666254,1806.13,-2.7738774,-2.7738774,-0.52464426,-0.52464426,-0.3680893,-0.3680893,0.0267443449,6.9171596,6.9171596,1.9372621e-05,1.9372621e-05,5.8600302e-05,5.8600302e-05,0.50691052,752.56976,34.567013,0.00139246236,-6.636e-08,0.0,1806.13,751.55963,0.0267443449,-6.69964475,7.505374e-06
1030.0,5.27606197,1802.85012,-2.32510326,-2.32510326,-0.439275996,-0.439275996,-0.308123334,-0.308123334,0.016496894,0.951760914,0.951760914,1.0176912e-05,1.0176912e-05,3.4183236e-05,3.4183236e-05,0.50691337,752.56976,34.567013,0.000858921884,-0.002004475328,0.0,1802.85012,750.188896,0.016496894,-2.90926748,4.237645e-06
1030.5,-4.82579836,1788.3534,1.957333268,1.957333268,0.3663623574,0.3663623574,0.5246455805,0.5246455805,-0.0288567636,-21.0509776,-21.0509776,6.4568322e-05,6.4568322e-05,0.000195306049,0.000195306049,0.506913199,752.56976,34.567013,-0.00150244686,-0.000142277605,0.0,1788.3534,744.130216,-0.0288567636,14.8129791,1.8215472e-05
1031.0,-16.4413564,1786.91148,6.84017604,6.84017604,1.279963784,1.279963784,1.64224421,1.64224421,-0.0336835678,-43.917985,-43.917985,0.000155866101,0.000155866101,0.000471432946,0.000471432946,0.506904185,752.56976,34.567013,-0.00175375771,-0.000135566776,0.0,1786.91148,743.527396,-0.0336835678,33.3516694,4.7365633e-05
1031.5,-28.0569139,1786.88871,11.6744899,11.6744899,2.18456052,2.18456052,2.54401282,2.54401282,-0.038506103,-66.7867132,-66.7867132,0.000270260064,0.000270260064,0.00081740191,0.00081740191,0.506887089,752.56976,34.567013,-0.00200484617,-0.000136190162,0.0,1786.88871,743.515092,-0.038506103,51.8739589,8.3978256e-05
1032.0,-39.6724711,1786.89465,16.5082045,16.5082045,3.08906795,3.08906795,3.49846644,3.49846644,-0.0433286144,-89.6571714,-89.6571714,0.00040775985,0.00040775985,0.0012332456,0.0012332456,0.506862097,752.56976,34.567013,-0.00225593352,-0.00013762385,0.0,1786.89465,743.514756,-0.0433286144,70.3961627,0.000128073819
1032.5,-45.933674,1798.04289,19.2832825,19.2832825,3.63082758,3.63082758,4.07472377,4.07472377,-0.0476589277,-112.5258676,-112.5258676,0.00056232886,0.00056232886,0.00170071261,0.00170071261,0.50682977,752.56976,34.567013,-0.00248139421,-0.000106800068,0.0,1798.04289,748.15109,-0.0476589277,87.0279414,0.000173918517
1033.0,-45.933674,1805.99927,19.1221569,19.1221569,3.61645477,3.61645477,4.05814191,4.05814191,-0.0513638901,-135.3943586,-135.3943586,0.00072899536,0.00072899536,0.00220477226,0.00220477226,0.50679569,752.56976,34.567013,-0.00267429557,-0.000110241858,0.0,1805.99927,751.459644,-0.0513638901,101.2578814,0.000218042269
1033.5,-45.933674,1806.24001,19.1135387,19.1135387,3.61530698,3.61530698,4.05686642,4.05686642,-0.0550826998,-158.261505,-158.261505,0.00091362655,0.00091362655,0.00276316956,0.00276316956,0.506761647,752.56976,34.567013,-0.00286791792,-0.000102526853,0.0,1806.24001,751.557642,-0.0550826998,115.5410132,0.000266771297
1034.0,-45.933674,1806.24969,19.1133728,19.1133728,3.61529498,3.61529498,4.05685225,4.05685225,-0.058802131,-181.131905,-181.131905,0.00111609888,0.00111609888,0.00337553375,0.00337553375,0.506727617,752.56976,34.567013,-0.00306157255,-0.00010476706,0.0,1806.24969,751.55948,-0.058802131,129.8265234,0.000319959048
1034.5,-45.933674,1806.25492,19.1133665,19.1133665,3.61530426,3.61530426,4.05686167,4.05686167,-0.062460298,-203.618377,-203.618377,0.00133245469,0.00133245469,0.00402989727,0.00402989727,0.5066936,752.56976,34.567013,-0.00325203747,-8.482399e-05,0.0,1806.25492,751.559523,-0.062460298,143.876738,0.000376584779
1035.0,-45.933674,1806.2567,19.1133379,19.1133379,3.61530247,3.61530247,4.0568595,4.0568595,-0.0637034905,-211.23674,-211.23674,0.0014091632,0.0014091632,0.0042619027,0.0042619027,0.506659566,752.56976,34.567013,-0.0033167652,9.8743e-08,0.0,1806.2567,751.559563,-0.0637034905,148.651568,0.000396662675
1035.5,-45.933674,1806.2566,19.11334,19.11334,3.6153026,3.6153026,4.0568595,4.0568595,-0.0637034793,-211.23674,-211.23674,0.00140916297,0.00140916297,0.004261902,0.004261902,0.506625522,752.56976,34.567013,-0.00331676467,1.56748e-07,0.0,1806.2566,751.5595,-0.0637034793,148.651524,0.000396662502
1036.0,-45.933674,1806.2566,19.11334,19.11334,3.6153026,3.6153026,4.0568595,4.0568595,-0.0637034725,-211.23674,-211.23674,0.00140916281,0.00140916281,0.00426190143,0.00426190143,0.506591497,752.56976,34.567013,-0.00331676423,3.13774e-07,0.0,1806.2566,751.5595,-0.0637034725,148.651497,0.000396662363
1036.5,-45.933674,1806.2566,19.11334,19.11334,3.6153026,3.6153026,4.0568595,4.0568595,-0.0637034775,-211.23674,-211.23674,0.00140916289,0.00140916289,0.00426190164,0.00426190164,0.506557464,752.56976,34.567013,-0.00331676445,2.37076e-07,0.0,1806.2566,751.5595,-0.0637034775,148.651515,0.000396662448
1037.0,-45.933674,1806.2566,19.11334,19.11334,3.6153026,3.6153026,4.0568595,4.0568595,-0.0637034875,-211.23674,-211.23674,0.0014091631,0.0014091631,0.00426190236,0.00426190236,0.506523421,752.56976,34.567013,-0.00331676493,-2.3282e-08,0.0,1806.2566,751.5595,-0.0637034875,148.651551,0.000396662596
1037.5,-45.933674,1806.2566,19.11334,19.11334,3.6153026,3.6153026,4.0568595,4.0568595,-0.0637034764,-211.23674,-211.23674,0.00140916291,0.00140916291,0.00426190169,0.00426190169,0.506489387,752.56976,34.567013,-0.00331676447,2.11247e-07,0.0,1806.2566,751.5595,-0.0637034764,148.651512,0.000396662437
1038.0,-45.933674,1806.2566,19.11334,19.11334,3.6153026,3.6153026,4.0568595,4.0568595,-0.0637035045,-211.23674,-211.23674,0.00140916353,0.00140916353,0.00426190367,0.00426190367,0.506455352,752.56976,34.567013,-0.0033167659,-4.42183e-07,0.0,1806.2566,751.5595,-0.0637035045,148.651621,0.000396662904
1038.5,-41.7841428,1815.71604,17.59462915,17.59462915,3.34414323,3.34414323,3.76742787,3.76742787,-0.0633290615,-211.23674,-211.23674,0.00140088056,0.00140088056,0.00423685645,0.00423685645,0.506421875,752.56976,34.567013,-0.00329727025,3.021271e-05,0.0,1815.71604,755.495875,-0.0633290615,147.213463,0.000390536099
1039.0,-26.9744889,1831.01686,11.2506186,11.2506186,2.15710066,2.15710066,2.52239322,2.52239322,-0.0619075101,-211.23674,-211.23674,0.00136943491,0.00136943491,0.00414176616,0.00414176616,0.50639552,752.56976,34.567013,-0.00322325626,4.3090748e-05,0.0,1831.01686,761.863487,-0.0619075101,141.753602,0.000367620426
1039.5,-11.64356564,1831.75492,4.845125,4.845125,0.929394057,0.929394057,1.239057011,1.239057011,-0.0604492443,-211.23674,-211.23674,0.00133717713,0.00133717713,0.00404421949,0.00404421949,0.506379972,752.56976,34.567013,-0.00314733064,4.1431315e-05,0.0,1831.75492,762.171453,-0.0604492443,136.152726,0.000344779372
1040.0,3.68735686,1831.7687,-1.5343302975,-1.5343302975,-0.2943188431,-0.2943188431,-0.1804667586,-0.1804667586,-0.0589933561,-211.23674,-211.23674,0.00130497192,0.00130497192,0.00394683097,0.00394683097,0.506375944,752.56976,34.567013,-0.00307152891,4.2150024e-05,0.0,1831.7687,762.178031,-0.0589933561,130.560982,0.000322658414
1040.5,19.0182797,1831.76334,-7.91337042,-7.91337042,-1.51795687,-1.51795687,-1.228667226,-1.228667226,-0.0575108118,-211.065262,-211.065262,0.00127116043,0.00127116043,0.00384458326,0.00384458326,0.506381343,752.56976,34.567013,-0.00299433912,6.5280779e-05,0.0,1831.76334,762.176677,-0.0575108118,124.8668521,0.000300839948
1041.0,34.3492031,1831.74296,-14.2929644,-14.2929644,-2.74167262,-2.74167262,-2.40149518,-2.40149518,-0.0512189122,-181.262611,-181.262611,0.000976583567,0.000976583567,0.00295364712,0.00295364712,0.506395478,752.56976,34.567013,-0.00266674715,0.000287585958,0.0,1831.74296,762.171859,-0.0512189122,100.7010564,0.000217327675
1041.5,49.6801242,1831.74211,-20.6717673,-20.6717673,-3.96524913,-3.96524913,-3.54866322,-3.54866322,-0.041406995,-129.890661,-129.890661,0.000567577845,0.000567577845,0.00171663349,0.00171663349,0.506418406,752.56976,34.567013,-0.00215588311,0.000269283047,0.0,1831.74211,762.17725,-0.041406995,63.0156471,0.000110575434
1042.0,65.0110483,5466.23451,229.31997,35.9694705,148.8250701,18.5772296,156.6719121,19.6445619,-0.021050739551,-78.500689,-29.6431145,0.00019475204,9.2462467e-05,0.000589065281,0.000279657771,0.506314394,3069.79793,34.567013,-0.001096020963,-0.005230210169,0.0,5466.23451,2274.52826,-0.021050739551,15.00300423,2.3558736e-05
1042.5,80.3419708,10535.37435,62.8312633,-15.7144775,59.6698721,-19.3029135,68.185836,-17.1670531,0.015099556166,-27.12124975,-11.93550627,-1.9576376e-05,-2.2078404e-05,2.089198e-06,-5.479194e-06,0.506109668,4151.669,34.567013,0.000786168581,0.004967001097,0.0,10535.37435,4383.85587,0.015099556166,-12.9239043,1.7831561e-05
1043.0,95.1639268,10136.2017,-44.7240296,-44.7240296,-47.519108,-47.519108,-45.30404,-45.30404,0.0384032213,24.24573146,24.24573146,0.000101184191,0.000101184191,0.000306046022,0.000306046022,0.506325864,4151.669,34.567013,0.00199948962,0.0002340843,0.0,10136.2017,4217.7707,0.0384032213,-51.4788119,8.3724602e-05
1043.5,99.34216,9971.419,-41.5916416,-41.5916416,-43.4303598,-43.4303598,-41.3562145,-41.3562145,0.0467293823,75.6195273,75.6195273,0.00037372259,0.00037372259,0.001130289433,0.001130289433,0.506574865,4151.669,34.567013,0.00243299679,0.000236943853,0.0,9971.419,4149.20833,0.0467293823,-83.457761,0.000164271834
1044.0,99.34216,9964.0852,-41.3427371,-41.3427371,-43.1385233,-43.1385233,-41.0750802,-41.0750802,0.0531255506,115.0301555,115.0301555,0.0006403024,0.0006403024,0.00193650152,0.00193650152,0.506817981,4151.669,34.567013,0.00276601762,6.9720918e-05,0.0,9964.0852,4146.16038,0.0531255506,-108.0240317,0.000240477182
1044.5,101.0954231,9967.78935,-41.9948918,-41.9948918,-43.8354605,-43.8354605,-41.7499409,-41.7499409,0.0537071729,117.60645,117.60645,0.000661442463,0.000661442463,0.00200043435,0.00200043435,0.507061501,4151.669,34.567013,0.00279630013,1.1182329e-05,0.0,9967.78935,4147.70199,0.0537071729,-110.2579165,0.000248047793
1045.0,106.083969,9972.1747,-44.135982,-44.135982,-46.0904958,-46.0904958,-43.9374962,-43.9374962,0.054186441,117.60645,117.60645,0.000667344984,0.000667344984,0.0020182824,0.0020182824,0.507312411,4151.669,34.567013,0.00282125357,1.3784544e-05,0.0,9972.1747,4149.52715,0.054186441,-112.0986775,0.000254439763
1045.5,111.1397819,9972.3413,-46.2461827,-46.2461827,-48.2949391,-48.2949391,-46.0749894,-46.0749894,0.054667107,117.60645,117.60645,0.000673264736,0.000673264736,0.00203618239,0.00203618239,0.507573326,4151.669,34.567013,0.00284627973,1.3755288e-05,0.0,9972.3413,4149.59648,0.054667107,-113.9448111,0.000260924197
1046.0,116.1955945,9972.3439,-48.3497446,-48.3497446,-50.4917062,-50.4917062,-48.2013538,-48.2013538,0.0551472485,117.60645,117.60645,0.000679178023,0.000679178023,0.0020540629,0.0020540629,0.507843849,4151.669,34.567013,0.00287127865,1.384344e-05,0.0,9972.3439,4149.59794,0.0551472485,-115.7889262,0.000267475767
1046.5,121.251407,9972.341,-50.4537868,-50.4537868,-52.6889437,-52.6889437,-50.3308401,-50.3308401,0.0551239858,114.472561,114.472561,0.000661387907,0.000661387907,0.00200025767,0.00200025767,0.50812383,4151.669,34.567013,0.00287006743,-0.000114931264,0.0,9972.341,4149.59682,0.0551239858,-115.6995812,0.000267286418
1047.0,126.3072199,9972.3539,-52.557075,-52.557075,-54.8854829,-54.8854829,-52.4608712,-52.4608712,0.0451076428,49.8481922,49.8481922,0.000246029733,0.000246029733,0.000744104613,0.000744104613,0.508413179,4151.669,34.567013,0.0023485598,-0.000397593472,0.0,9972.3539,4149.59633,0.0451076428,-77.2290182,0.000148472646
1047.5,131.363032,9972.377199999995,-54.6610854,-54.6610854,-57.082838,-57.082838,-54.5891369,-54.5891369,0.0312449314,-38.34432367,-38.34432367,-0.00011490218,-0.00011490218,-3.6567319e-05,-3.6567319e-05,0.508711735,4151.669,34.567013,0.00162678844,-0.000406881784,0.0,9972.377199999995,4149.59791,0.0312449314,-23.985403148,3.3942123e-05
1048.0,136.418843,9972.4653,-56.7642354,-56.7642354,-59.2796923,-59.2796923,-56.7186301,-56.7186301,-0.0322841828,-126.5201614,-126.5201614,0.000439573164,0.000439573164,0.00132952222,0.00132952222,0.509019333,4151.669,34.567013,-0.0016808977,-0.003121464522,0.0,9972.4653,4149.59748,-0.0322841828,28.6320063,4.1771849e-05
1048.5,141.474657,9972.48585,-58.8685185,-58.8685185,-61.4773525,-61.4773525,-58.8508051,-58.8508051,-0.0464526696,-214.714554,-214.714554,0.001055042916,0.001055042916,0.00319104087,0.00319104087,0.509335876,4151.669,34.567013,-0.0024185895,-0.000395564335,0.0,9972.48585,4149.59788,-0.0464526696,82.3949704,0.000162875069
1049.0,145.280738,9969.6416,-60.5210506,-60.5210506,-63.1850577,-63.1850577,-60.5073086,-60.5073086,-0.0604268278,-302.89942,-302.89942,0.00192755562,0.00192755562,0.00583010187,0.00583010187,0.509660862,4151.669,34.567013,-0.00314616352,-0.00040726599,0.0,9969.6416,4148.40621,-0.0604268278,136.0666304,0.000347094264
1049.5,145.50351,9964.3912,-60.5553286,-60.5553286,-63.1875847,-63.1875847,-60.5105855,-60.5105855,-0.0707025065,-366.080826,-366.080826,0.00271096383,0.00271096383,0.0081997508,0.0081997508,0.509988846,4151.669,34.567013,-0.00368117362,-8.471223e-05,0.0,9964.3912,4146.21555,-0.0707025065,175.533244,0.000519986846
1050.0,145.50351,9964.1106,-60.5452928,-60.5452928,-63.175335,-63.175335,-60.4987527,-60.4987527,-0.0711251195,-368.64835,-368.64835,0.0027457685,0.0027457685,0.0083050297,0.0083050297,0.510316643,4151.669,34.567013,-0.00370317724,-3.84519e-07,0.0,9964.1106,4146.09856,-0.0711251195,177.156407,0.000527798897
1050.5,145.50351,9964.105,-60.5450906,-60.5450906,-63.1750899,-63.1750899,-60.4985156,-60.4985156,-0.071125127,-368.64835,-368.64835,0.0027457687,0.0027457687,0.0083050307,0.0083050307,0.510644405,4151.669,34.567013,-0.00370317763,3.88745e-07,0.0,9964.105,4146.096,-0.071125127,177.156437,0.000527799036
1051.0,145.50351,8256.56433,-129.275734,-129.275734,-98.321758,-98.321758,-93.559181,-93.559181,-0.0651309189,-368.64835,-368.64835,0.00251436382,0.00251436382,0.00760515235,0.00760515235,0.511005678,3272.51439,34.567013,-0.00339108517,0.000315053348,0.0,8256.56433,3435.57931,-0.0651309189,154.1340054,0.000428232661
1051.5,145.216331,2972.81147,-55.5638821,-55.5638821,-17.2609206,-17.2609206,-15.9987658,-15.9987658,-0.0715720826,-368.64835,-368.64835,0.00276302334,0.00276302334,0.00835721595,0.00835721595,0.511292941,1393.6882,34.567013,-0.00372644868,-0.000110337626,0.0,2972.81147,1236.96702,-0.0715720826,178.873091,0.000536350235
1052.0,131.457604,3305.54022,-54.4862751,-54.4862751,-18.8596531,-18.8596531,-17.612511,-17.612511,-0.072475047,-368.64835,-368.64835,0.00279788208,0.00279788208,0.00846264305,0.00846264305,0.511410608,1393.6882,34.567013,-0.00377346212,-5.4308717e-05,0.0,3305.54022,1375.41734,-0.072475047,182.341173,0.000553605548
1052.5,110.4409116,3309.92823,-45.9525716,-45.9525716,-15.9278326,-15.9278326,-14.9146008,-14.9146008,-0.0744521241,-368.64835,-368.64835,0.00287420668,0.00287420668,0.00869348055,0.00869348055,0.511522378,1393.6882,34.567013,-0.00387640003,-5.7513366e-05,0.0,3309.92823,1377.24209,-0.0744521241,189.934697,0.000592391392
1053.0,95.304659,3323.3405,-39.3746509,-39.3746509,-13.702697,-13.702697,-12.8488427,-12.8488427,-0.0759160309,-368.64835,-368.64835,0.0029307205,0.0029307205,0.0088644007,0.0088644007,0.511618077,1393.6882,34.567013,-0.0039526194,-1.6597046e-05,0.0,3323.3405,1382.8222,-0.0759160309,195.557241,0.000621868065
1053.5,94.67234,3343.97525,-39.3583661,-39.3583661,-13.78252695,-13.78252695,-12.92735335,-12.92735335,-0.0755686265,-366.252436,-366.252436,0.0028985287,0.0028985287,0.00876702325,0.00876702325,0.511708631,1393.6882,34.567013,-0.0039345315,6.0218981e-05,0.0,3343.97525,1391.40871,-0.0755686265,194.222935,0.00061484033
1054.0,94.67234,3344.93446,-39.3931904,-39.3931904,-13.7986748,-13.7986748,-12.94260165,-12.94260165,-0.0725033083,-347.412344,-347.412344,0.00263841442,0.00263841442,0.0079802147,0.0079802147,0.51179971,1393.6882,34.567013,-0.00377493361,9.7024904e-05,0.0,3344.93446,1391.8096,-0.0725033083,182.449722,0.000554270872
1054.5,94.67234,3344.94794,-39.3938754,-39.3938754,-13.7989702,-13.7989702,-12.94288035,-12.94288035,-0.0689351902,-325.473389,-325.473389,0.00235022792,0.00235022792,0.00710850474,0.00710850474,0.511890824,1393.6882,34.567013,-0.00358915714,9.811118e-05,0.0,3344.94794,1391.8173,-0.0689351902,168.745369,0.000487429662
1055.0,94.67234,3344.94332,-39.393887,-39.393887,-13.79895565,-13.79895565,-12.94286535,-12.94286535,-0.0653674124,-303.535585,-303.535585,0.00207845597,0.00207845597,0.00628645883,0.00628645883,0.511981954,1393.6882,34.567013,-0.00340339839,0.000101625347,0.0,3344.94332,1391.8174,-0.0653674124,155.042324,0.000424690929
1055.5,94.67234,3344.93824,-39.393887,-39.393887,-13.7989353,-13.7989353,-12.94284535,-12.94284535,-0.0617998239,-281.600001,-281.600001,0.00182309625,0.00182309625,0.0055140685,0.0055140685,0.512073055,1393.6882,34.567013,-0.00321764952,0.00010299581,0.0,3344.93824,1391.8174,-0.0617998239,141.340002,0.000366050893
1056.0,94.67234,3344.93332,-39.393887,-39.393887,-13.79891455,-13.79891455,-12.9428251,-12.9428251,-0.0582320722,-259.663094,-259.663094,0.00158411398,0.00158411398,0.0047912264,0.0047912264,0.512164179,1393.6882,34.567013,-0.00303189203,0.000102239636,0.0,3344.93332,1391.8174,-0.0582320722,127.6370526,0.000311503662
1056.5,94.67234,3344.92826,-39.393887,-39.393887,-13.7988941,-13.7988941,-12.942805,-12.942805,-0.0546642078,-237.723403,-237.723403,0.00136150506,0.00136150506,0.00411791747,0.00411791747,0.51225531,1393.6882,34.567013,-0.00284612882,0.000108457463,0.0,3344.92826,1391.8174,-0.0546642078,113.9336746,0.000261050647
1057.0,94.67234,3344.9233,-39.393887,-39.393887,-13.79887345,-13.79887345,-12.9427848,-12.9427848,-0.051096256,-215.788659,-215.788659,0.00115531554,0.00115531554,0.00349427925,0.00349427925,0.512346444,1393.6882,34.567013,-0.00266036098,0.000100313857,0.0,3344.9233,1391.81747,-0.051096256,100.2299593,0.000214692649
1057.5,94.67234,3344.91828,-39.393887,-39.393887,-13.7988527,-13.7988527,-12.94276465,-12.94276465,-0.0475285321,-193.850346,-193.850346,0.000965502811,0.000965502811,0.00292018083,0.00292018083,0.512437578,1393.6882,34.567013,-0.0024746051,0.0001029666,0.0,3344.91828,1391.8175,-0.0475285321,86.5271211,0.000172433127
1058.0,94.67234,3344.91419,-39.3938702,-39.3938702,-13.7988299,-13.7988299,-12.9427424,-12.9427424,-0.0446760449,-176.330204,-176.330204,0.000825049181,0.000825049181,0.00249537521,0.00249537521,0.512528697,1393.6882,34.567013,-0.00232608839,4.206705e-05,0.0,3344.91419,1391.81744,-0.0446760449,75.5713478,0.000141446911
1058.5,94.67234,3344.91396,-39.3938596,-39.3938596,-13.7988244,-13.7988244,-12.9427378,-12.9427378,-0.0444393959,-174.888,-174.888,0.00081387325,0.00081387325,0.0024615734,0.0024615734,0.512619841,1393.6882,34.567013,-0.00231376709,5.175e-08,0.0,3344.91396,1391.81747,-0.0444393959,74.662429,0.000138982103
1059.0,94.67234,3344.914,-39.39386,-39.39386,-13.798825,-13.798825,-12.942738,-12.942738,-0.0444393734,-174.888,-174.888,0.000813872827,0.000813872827,0.00246157221,0.00246157221,0.51271098,1393.6882,34.567013,-0.00231376597,3.60149e-07,0.0,3344.914,1391.8175,-0.0444393734,74.6623456,0.000138981877
1059.5,94.67234,3344.914,-39.39386,-39.39386,-13.798825,-13.798825,-12.942738,-12.942738,-0.0444393901,-174.888,-174.888,0.000813873136,0.000813873136,0.00246157311,0.00246157311,0.512802105,1393.6882,34.567013,-0.00231376683,8.07882e-07,0.0,3344.914,1391.8175,-0.0444393901,74.6624106,0.000138982048
1060.0,94.67234,3344.914,-39.39386,-39.39386,-13.798825,-13.798825,-12.942738,-12.942738,-0.0444393697,-174.888,-174.888,0.000813872729,0.000813872729,0.0024615719,0.0024615719,0.512893232,1393.6882,34.567013,-0.00231376572,1.46397e-07,0.0,3344.914,1391.8175,-0.0444393697,74.662326,0.000138981825
1060.5,94.67234,3344.914,-39.39386,-39.39386,-13.798825,-13.798825,-12.942738,-12.942738,-0.0444393685,-174.888,-174.888,0.000813872735,0.000813872735,0.00246157185,0.00246157185,0.512984372,1393.6882,34.567013,-0.00231376569,-2.4879e-08,0.0,3344.914,1391.8175,-0.0444393685,74.6623239,0.000138981818
1061.0,94.6632124,3344.89366,-39.3914003,-39.3914003,-13.7978797,-13.7978797,-12.9418521,-12.9418521,-0.0444401026,-174.888,-174.888,0.000813886162,0.000813886162,0.00246161256,0.00246161256,0.513075496,1393.6882,34.567013,-0.00231380389,-4.34732e-07,0.0,3344.89366,1391.80902,-0.0444401026,74.6651431,0.000138989363
1061.5,94.529837,3344.66642,-39.3358713,-39.3358713,-13.77749335,-13.77749335,-12.9227931,-12.9227931,-0.0444527899,-174.888,-174.888,0.000814118543,0.000814118543,0.00246231524,0.00246231524,0.513166562,1393.6882,34.567013,-0.00231446448,-6.67502e-07,0.0,3344.66642,1391.71445,-0.0444527899,74.7138742,0.000139119786
1062.0,94.3574066,3344.62787,-39.262847,-39.262847,-13.75175725,-13.75175725,-12.8987814,-12.8987814,-0.044469258,-174.888,-174.888,0.000814420138,0.000814420138,0.00246322736,0.00246322736,0.513257503,1393.6882,34.567013,-0.00231532192,-4.54892e-07,0.0,3344.62787,1391.69838,-0.044469258,74.7771241,0.000139289145
1062.5,94.1849742,3344.62706,-39.1910635,-39.1910635,-13.72661215,-13.72661215,-12.8753275,-12.8753275,-0.0444856506,-174.888,-174.888,0.000814720344,0.000814720344,0.00246413519,0.00246413519,0.513348268,1393.6882,34.567013,-0.00231617536,-2.96722e-07,0.0,3344.62706,1391.69802,-0.0444856506,74.840084,0.000139457801
1063.0,94.0125458,3344.6271,-39.1193166,-39.1193166,-13.7014829,-13.7014829,-12.8518879,-12.8518879,-0.0445020305,-174.888,-174.888,0.000815020346,0.000815020346,0.00246504248,0.00246504248,0.513438886,1393.6882,34.567013,-0.00231702825,-5.03669e-07,0.0,3344.6271,1391.698,-0.0445020305,74.9029995,0.000139626438
1063.5,93.8401159,3344.62716,-39.0475707,-39.0475707,-13.6763541,-13.6763541,-12.8284485,-12.8284485,-0.0445183836,-174.888,-174.888,0.000815319826,0.000815319826,0.00246594814,0.00246594814,0.513529373,1393.6882,34.567013,-0.00231787962,-7.43438e-07,0.0,3344.62716,1391.698,-0.0445183836,74.9658053,0.000139794866
1064.0,93.667685,3344.6272,-38.975812,-38.975812,-13.6512208,-13.6512208,-12.80500445,-12.80500445,-0.0445347517,-174.888,-174.888,0.000815619602,0.000815619602,0.00246685467,0.00246685467,0.513619706,1393.6882,34.567013,-0.00231873186,-2.13169e-07,0.0,3344.6272,1391.698,-0.0445347517,75.0286701,0.000139963531
1064.5,93.4952537,3344.6272,-38.9040637,-38.9040637,-13.6260914,-13.6260914,-12.7815631,-12.7815631,-0.0445511193,-174.888,-174.888,0.00081591935,0.00081591935,0.00246776117,0.00246776117,0.513709889,1393.6882,34.567013,-0.00231958401,-9.58545e-07,0.0,3344.6272,1391.698,-0.0445511193,75.091534,0.000140132285
1065.0,93.3228224,3344.6272,-38.8323208,-38.8323208,-13.60096325,-13.60096325,-12.7581229,-12.7581229,-0.0445675334,-174.888,-174.888,0.000816219964,0.000816219964,0.00246867023,0.00246867023,0.513799921,1393.6882,34.567013,-0.00232043865,-6.27929e-07,0.0,3344.6272,1391.698,-0.0445675334,75.1545754,0.000140301604
1065.5,90.5036608,3339.17538,-38.1312374,-38.1312374,-13.3354722,-13.3354722,-12.5079401,-12.5079401,-0.0447912884,-174.888,-174.888,0.000820317877,0.000820317877,0.0024810628,0.0024810628,0.513889695,1393.6882,34.567013,-0.00233208866,-5.4717919e-05,0.0,3339.17538,1389.42937,-0.0447912884,76.0139742,0.000142649116
1066.0,59.1761935,3294.06337,-24.2241263,-24.2241263,-8.35445469,-8.35445469,-7.7904401,-7.7904401,-0.0478427809,-174.888,-174.888,0.000876203601,0.000876203601,0.00265006674,0.00265006674,0.513962767,1393.6882,34.567013,-0.00249096658,-4.8364654e-05,0.0,3294.06337,1370.65617,-0.0478427809,87.7340806,0.000175848155
1066.5,57.79068,3342.52587,-23.960492,-23.960492,-8.38687615,-8.38687615,-7.82730362,-7.82730362,-0.0479493901,-174.888,-174.888,0.000878156073,0.000878156073,0.00265597116,0.00265597116,0.514019231,1393.6882,34.567013,-0.00249651732,9.5549e-07,0.0,3342.52587,1390.82171,-0.0479493901,88.143544,0.000177036258
1067.0,57.79068,3344.87335,-24.0454334,-24.0454334,-8.4224978,-8.4224978,-7.86177419,-7.86177419,-0.0479419229,-174.888,-174.888,0.000878019293,0.000878019293,0.0026555576,0.0026555576,0.514076961,1393.6882,34.567013,-0.00249612847,8.1467e-08,0.0,3344.87335,1391.79848,-0.0479419229,88.11486,0.000176951074
1067.5,57.79068,3344.91415,-24.0471528,-24.0471528,-8.4232026,-8.4232026,-7.8624565,-7.8624565,-0.0449632647,-156.510411,-156.510411,0.000740226182,0.000740226182,0.0022388056,0.0022388056,0.514134735,1393.6882,34.567013,-0.0023410427,0.000206258078,0.0,3344.91415,1391.81722,-0.0449632647,76.6744942,0.000145231066
1068.0,57.79068,3344.90322,-24.047195,-24.047195,-8.42319035,-8.42319035,-7.86244441,-7.86244441,-0.0367587698,-106.0570165,-106.0570165,0.000411904147,0.000411904147,0.001245811194,0.001245811194,0.514192533,1393.6882,34.567013,-0.00191387014,0.000233709531,0.0,3344.90322,1391.8175,-0.0367587698,45.1628396,7.0451694e-05
1068.5,57.79068,3344.89143,-24.0472145,-24.0472145,-8.4231674,-8.4231674,-7.86242202,-7.86242202,-0.0281945004,-55.0869727,-55.0869727,0.000166951097,0.000166951097,0.000504962793,0.000504962793,0.514250309,1393.6882,34.567013,-0.00146796565,0.000754427605,0.0,3344.89143,1391.81759,-0.0281945004,13.42398665,1.6904277e-05
1069.0,55.8927658,3340.56345,-23.3463922,-23.3463922,-8.16734584,-8.16734584,-7.6153986,-7.6153986,0.02949077,-4.12119693,-4.12119693,-8.990554e-06,-8.990554e-06,3.7857104e-05,3.7857104e-05,0.514307736,1393.6882,34.567013,0.00153545683,0.001735907949,0.0,3340.56345,1390.05033,0.02949077,-17.373470613,2.2412797e-05
1069.5,49.7481389,3334.58116,-20.7105056,-20.7105056,-7.23205633,-7.23205633,-6.71603762,-6.71603762,0.03731966,46.8474282,46.8474282,0.000186469374,0.000186469374,0.000563986641,0.000563986641,0.514360789,1393.6882,34.567013,0.00194307329,0.000221552294,0.0,3334.58116,1387.56563,0.03731966,-47.3170959,7.4752489e-05
1070.0,43.4479732,3334.30581,-18.0793005,-18.0793005,-6.31270849,-6.31270849,-5.83772672,-5.83772672,0.0447357072,96.1096936,96.1096936,0.000452669016,0.000452669016,0.00136906534,0.00136906534,0.514407605,1393.6882,34.567013,0.00232919476,0.000154733962,0.0,3334.30581,1387.45537,0.0447357072,-75.8004961,0.000142597774
1070.5,37.1478063,3334.29679,-15.4573188,-15.4573188,-5.39718128,-5.39718128,-4.94577869,-4.94577869,0.0463970267,109.95091,109.95091,0.000534216893,0.000534216893,0.00161569624,0.00161569624,0.514448159,1393.6882,34.567013,0.00241569247,-1.7421381e-05,0.0,3334.29679,1387.45258,0.0463970267,-82.1812589,0.000159721899
1071.0,31.2806512,3335.22163,-12.94819785,-12.94819785,-4.5222718,-4.5222718,-4.09905678,-4.09905678,0.0458335318,109.95091,109.95091,0.000527728791,0.000527728791,0.00159607663,0.00159607663,0.514482328,1393.6882,34.567013,0.00238635371,-8.352459e-06,0.0,3335.22163,1387.8371,0.0458335318,-80.0169985,0.000153625028
1071.5,37.1349424,3357.71145,-15.2389587,-15.2389587,-5.35934957,-5.35934957,-4.91042124,-4.91042124,0.0463746337,109.95091,109.95091,0.000533959061,0.000533959061,0.00161491656,0.00161491656,0.514514899,1393.6882,34.567013,0.00241452658,3.5009632e-05,0.0,3357.71145,1397.1956,0.0463746337,-82.0952514,0.000159492337
1072.0,49.3590776,3364.95261,-20.5321018,-20.5321018,-7.23506578,-7.23506578,-6.72027719,-6.72027719,0.0475536068,109.95091,109.95091,0.000547533798,0.000547533798,0.00165596557,0.00165596557,0.514558531,1393.6882,34.567013,0.00247591058,3.31943e-05,0.0,3364.95261,1400.20937,0.0475536068,-86.623424,0.000172564944
1072.5,61.5832128,3365.12806,-25.6252882,-25.6252882,-9.03023345,-9.03023345,-8.44032227,-8.44032227,0.0487150154,109.95091,109.95091,0.000560906272,0.000560906272,0.00169640264,0.00169640264,0.514614344,1393.6882,34.567013,0.00253638002,3.3484907e-05,0.0,3365.12806,1400.28306,0.0487150154,-91.0841369,0.000185881423
1073.0,73.8073478,3365.127,-30.7117638,-30.7117638,-10.82268095,-10.82268095,-10.1435487,-10.1435487,0.0498758615,109.95091,109.95091,0.000574272315,0.000574272315,0.00173681986,0.00173681986,0.514681719,1393.6882,34.567013,0.00259682038,3.3382787e-05,0.0,3365.127,1400.28333,0.0498758615,-95.5426963,0.000199625225
1073.5,86.0314829,3365.12674,-35.798579,-35.798579,-12.6152494,-12.6152494,-11.83467015,-11.83467015,0.0510367475,109.95091,109.95091,0.000587638792,0.000587638792,0.00177723811,0.00177723811,0.514760303,1393.6882,34.567013,0.00265726263,3.4285486e-05,0.0,3365.12674,1400.28388,0.0510367475,-100.0014009,0.000213803099
1074.0,98.255618,3365.12554,-40.8849915,-40.8849915,-14.4076715,-14.4076715,-13.5145666,-13.5145666,0.0521975462,109.95091,109.95091,0.000601004264,0.000601004264,0.001817653,0.001817653,0.51484969,1393.6882,34.567013,0.00271770045,3.313886e-05,0.0,3365.12554,1400.28406,0.0521975462,-104.4597713,0.000228413509
1074.5,110.4797526,3365.12261,-45.9714572,-45.9714572,-16.2001035,-16.2001035,-15.18277285,-15.18277285,0.0533584124,109.95091,109.95091,0.00061437051,0.00061437051,0.00185806995,0.00185806995,0.514949547,1393.6882,34.567013,0.00277814174,3.2937528e-05,0.0,3365.12261,1400.28352,0.0533584124,-108.9184026,0.000243458354
1075.0,122.7038876,3365.1203,-51.0576684,-51.0576684,-17.992445,-17.992445,-16.838684,-16.838684,0.0545192176,109.95091,109.95091,0.000627736062,0.000627736062,0.0018984844,0.0018984844,0.51505958,1393.6882,34.567013,0.00283857974,3.2695544e-05,0.0,3365.1203,1400.2832,0.0545192176,-113.3767985,0.000258935983
1075.5,132.015799,3358.40489,-55.0979132,-55.0979132,-19.3772537,-19.3772537,-18.1076191,-18.1076191,0.0554191096,109.95091,109.95091,0.000638097443,0.000638097443,0.00192981473,0.00192981473,0.515179048,1393.6882,34.567013,0.00288543329,1.0110624e-05,0.0,3358.40489,1397.48943,0.0554191096,-116.8330852,0.000271217077
1076.0,132.60132,3731.55104,-45.375792,-45.375792,-17.5919473,-17.5919473,-16.55371985,-16.55371985,0.0546052708,109.95091,109.95091,0.000628726873,0.000628726873,0.00190148042,0.00190148042,0.515297166,1573.34755,34.567013,0.00284306018,-2.9351919e-05,0.0,3731.55104,1552.75781,0.0546052708,-113.7073101,0.000260118715
1076.5,132.60132,5064.332130000001,-42.7511654,-42.7511654,-22.6778709,-22.6778709,-21.5958876,-21.5958876,0.0543742783,109.95091,109.95091,0.000626067216,0.000626067216,0.00189343824,0.00189343824,0.515422273,2111.94033,34.567013,0.00283103345,1.585884e-06,0.0,5064.332130000001,2107.3377,0.0543742783,-112.8201205,0.000256961895
1077.0,132.60132,6384.972589999999,-42.8994789,-42.8994789,-28.6841092,-28.6841092,-27.4723986,-27.4723986,0.0543872984,109.95091,109.95091,0.00062621715,0.00062621715,0.00189389158,0.00189389158,0.515581193,2660.47135,34.567013,0.00283171133,-3.40736e-07,0.0,6384.972589999999,2656.86602,0.0543872984,-112.8701285,0.000257137324
1077.5,131.927009,7170.24531,-54.1012503,-54.1012503,-40.6304521,-40.6304521,-39.033133,-39.033133,0.0553269112,109.95091,109.95091,0.000637035883,0.000637035883,0.00192660479,0.00192660479,0.515785168,2969.06315,34.567013,0.00288063291,6.728989e-06,0.0,7170.24531,2983.62429,0.0553269112,-116.4789714,0.000269964209
1078.0,115.935145,7099.85006,-48.545897,-48.545897,-36.0961085,-36.0961085,-34.6800789,-34.6800789,0.051640091,95.968282,95.968282,0.00052044824,0.00052044824,0.00157402006,0.00157402006,0.516012843,2969.8298,34.567013,0.00268867618,-0.000193420309,0.0,7099.85006,2954.3302,0.051640091,-102.3187116,0.000221882027
1078.5,93.7528845,7090.80392,-39.0182581,-39.0182581,-28.9729497,-28.9729497,-27.802884,-27.802884,0.0452148861,69.5762214,69.5762214,0.000330895144,0.000330895144,0.00100076846,0.00100076846,0.516206885,2969.8298,34.567013,0.00235414353,-0.000184683304,0.0,7090.80392,2950.56225,0.0452148861,-77.6409171,0.000147592306
1079.0,71.5706219,7090.61988,-29.7794689,-29.7794689,-22.1120897,-22.1120897,-21.1365294,-21.1365294,0.0388150141,43.1777011,43.1777011,0.000176962774,0.000176962774,0.000535234483,0.000535234483,0.516365412,2969.8298,34.567013,0.00202092991,-0.000199952031,0.0,7090.61988,2950.48196,0.0388150141,-53.0604219,8.6813275e-05
1079.5,51.6519421,7095.99724,-21.267418,-21.267418,-15.8026845,-15.8026845,-14.9689673,-14.9689673,0.0342004621,26.6026646,26.6026646,9.5302766e-05,9.5302766e-05,0.000288266704,0.000288266704,0.516486325,2969.8298,34.567013,0.0017806701,-4.5508864e-05,0.0,7095.99724,2952.71681,0.0342004621,-35.3369432,5.0659467e-05
1080.0,48.369957,7124.35156,-20.0169191,-20.0169191,-14.9338633,-14.9338633,-14.1137806,-14.1137806,0.0338593217,26.373478,26.373478,9.3513492e-05,9.3513492e-05,0.000282855026,0.000282855026,0.516585021,2969.8298,34.567013,0.0017629084,1.346208e-06,0.0,7124.35156,2964.51503,0.0338593217,-34.0266994,4.8259943e-05
1080.5,48.369957,7127.48006,-20.1247092,-20.1247092,-15.0208406,-15.0208406,-14.198505,-14.198505,0.0338688064,26.373478,26.373478,9.3539684e-05,9.3539684e-05,0.000282934253,0.000282934253,0.516683839,2969.8298,34.567013,0.00176340218,3.84075e-07,0.0,7127.48006,2965.8168,0.0338688064,-34.0631253,4.8325124e-05
1081.0,48.369957,7127.5431,-20.1270516,-20.1270516,-15.0227217,-15.0227217,-14.2003382,-14.2003382,0.0338689955,26.373478,26.373478,9.354021e-05,9.354021e-05,0.000282935841,0.000282935841,0.516782828,2969.8298,34.567013,0.00176341204,5.98e-08,0.0,7127.5431,2965.84307,0.0338689955,-34.0638531,4.8326428e-05
1081.5,48.3702369,7127.54495,-20.1271625,-20.1271625,-15.02280865,-15.02280865,-14.2004229,-14.2004229,0.0338690427,26.373478,26.373478,9.354034e-05,9.354034e-05,0.00028293624,0.00028293624,0.516881757,2969.8298,34.567013,0.00176341454,6.765e-09,0.0,7127.54495,2965.84374,0.0338690427,-34.0640377,4.8326758e-05
1082.0,48.3758425,7127.55474,-20.1294773,-20.1294773,-15.02455715,-15.02455715,-14.20213055,-14.20213055,0.0338695669,26.373478,26.373478,9.3541788e-05,9.3541788e-05,0.000282940619,0.000282940619,0.516980753,2969.8298,34.567013,0.00176344186,-2.35702e-07,0.0,7127.55474,2965.84795,0.0338695669,-34.0660514,4.8330362e-05
1082.5,48.3834611,7127.55692,-20.1327135,-20.1327135,-15.0269772,-15.0269772,-14.2044942,-14.2044942,0.0338702936,26.373478,26.373478,9.3543795e-05,9.3543795e-05,0.000282946684,0.000282946684,0.517079734,2969.8298,34.567013,0.0017634797,-9.1178e-08,0.0,7127.55692,2965.8489,0.0338702936,-34.0688402,4.8335357e-05
1083.0,48.3910804,7127.556999999999,-20.1358857,-20.1358857,-15.0293448,-15.0293448,-14.2068069,-14.2068069,0.0338710122,26.373478,26.373478,9.3545779e-05,9.3545779e-05,0.000282952687,0.000282952687,0.517178734,2969.8298,34.567013,0.00176351705,2.1302e-07,0.0,7127.556999999999,2965.8489,0.0338710122,-34.0716,4.8340296e-05
1083.5,48.3986996,7127.556999999999,-20.1390564,-20.1390564,-15.0317115,-15.0317115,-14.20911895,-14.20911895,0.0338717401,26.373478,26.373478,9.354779e-05,9.354779e-05,0.000282958769,0.000282958769,0.517277746,2969.8298,34.567013,0.00176355498,-4.65795e-07,0.0,7127.556999999999,2965.8489,0.0338717401,-34.0743974,4.8345305e-05
1084.0,48.4063186,7127.557159999999,-20.1422197,-20.1422197,-15.0340728,-15.0340728,-14.2114257,-14.2114257,0.0337171034,25.4071772,25.4071772,8.9769615e-05,8.9769615e-05,0.000271531579,0.000271531579,0.517376753,2969.8298,34.567013,0.00175550369,-3.6754388e-05,0.0,7127.557159999999,2965.84884,0.0337171034,-33.4804706,4.7300837e-05
1084.5,48.413938,7127.56146,-20.1453596,-20.1453596,-15.0364262,-15.0364262,-14.21372425,-14.21372425,0.0305449241,5.87173807,5.87173807,1.9775109e-05,1.9775109e-05,6.8194167e-05,6.8194167e-05,0.517475804,2969.8298,34.567013,0.0015903421,-0.000123644259,0.0,7127.56146,2965.84887,0.0305449241,-21.29682975,2.749667e-05
1085.0,48.4210373,7127.57076,-20.148104,-20.148104,-15.0384937,-15.0384937,-14.2157431,-14.2157431,0.0213935436,-20.7151338,-20.7151338,-3.9560848e-05,-3.9560848e-05,2.798244e-06,2.798244e-06,0.517574853,2969.8298,34.567013,0.00111386928,-0.002122156536,0.0,7127.57076,2965.84732,0.0213935436,-5.0807961,5.798839e-06
1085.5,48.422543,7127.634760000001,-20.1488571,-20.1488571,-15.039191,-15.039191,-14.2164202,-14.2164202,-0.0280761237,-47.3095131,-47.3095131,0.000140089648,0.000140089648,0.000423720988,0.000423720988,0.517673899,2969.8298,34.567013,-0.00146180231,-0.000124512026,0.0,7127.634760000001,2965.84502,-0.0280761237,11.81471252,1.4142985e-05
1086.0,48.422543,7127.6372,-20.1489504,-20.1489504,-15.039266,-15.039266,-14.2164935,-14.2164935,-0.0324005886,-73.8986236,-73.8986236,0.00025173009,0.00025173009,0.0007613727,0.0007613727,0.517772959,2969.8298,34.567013,-0.00168695848,-0.000124546243,0.0,7127.6372,2965.84356,-0.0324005886,28.4240273,3.8825097e-05
1086.5,48.422543,7127.64309,-20.148943,-20.148943,-15.03927235,-15.03927235,-14.21649925,-14.21649925,-0.0367253671,-100.4923611,-100.4923611,0.000387474203,0.000387474203,0.00117192152,0.00117192152,0.51787202,2969.8298,34.567013,-0.00191213097,-0.000128972414,0.0,7127.64309,2965.8435,-0.0367253671,45.0345476,6.9527073e-05
1087.0,48.422543,7127.649219999999,-20.148943,-20.148943,-15.03928515,-15.03928515,-14.21651145,-14.21651145,-0.0410496781,-127.0786739,-127.0786739,0.000547268234,0.000547268234,0.00165520768,0.00165520768,0.517971057,2969.8298,34.567013,-0.00213727913,-0.00012452641,0.0,7127.649219999999,2965.8435,-0.0410496781,61.6432682,0.000106242947
1087.5,48.422543,7127.652929999999,-20.1489744,-20.1489744,-15.0393167,-15.0393167,-14.2165417,-14.2165417,-0.043552618,-142.434497,-142.434497,0.000649619102,0.000649619102,0.0019647618,0.0019647618,0.518070101,2969.8298,34.567013,-0.00226759641,-1.2253912e-05,0.0,7127.652929999999,2965.8435,-0.043552618,71.2565106,0.000129995511
1088.0,48.422543,7127.653,-20.1489773,-20.1489773,-15.039319,-15.039319,-14.216544,-14.216544,-0.0435664595,-142.5159,-142.5159,0.000650195883,0.000650195883,0.00196650621,0.00196650621,0.518169143,2969.8298,34.567013,-0.00226831705,2.45558e-07,0.0,7127.653,2965.8435,-0.0435664595,71.3096734,0.000130133561
1088.5,48.422543,7127.653,-20.148977,-20.148977,-15.0393182,-15.0393182,-14.216544,-14.216544,-0.0435664648,-142.5159,-142.5159,0.000650195972,0.000650195972,0.00196650646,0.00196650646,0.518268185,2969.8298,34.567013,-0.00226831739,-5.20316e-07,0.0,7127.653,2965.8435,-0.0435664648,71.3096933,0.000130133616
1089.0,48.422543,7127.653,-20.148977,-20.148977,-15.039318,-15.039318,-14.216544,-14.216544,-0.04356646,-142.5159,-142.5159,0.000650195888,0.000650195888,0.00196650624,0.00196650624,0.518367236,2969.8298,34.567013,-0.00226831712,4.9233e-08,0.0,7127.653,2965.8435,-0.04356646,71.309674,0.000130133565
1089.5,48.422543,7127.653,-20.148977,-20.148977,-15.039318,-15.039318,-14.216544,-14.216544,-0.0435664983,-142.5159,-142.5159,0.000650196455,0.000650196455,0.00196650799,0.00196650799,0.518466258,2969.8298,34.567013,-0.00226831909,8.9468e-08,0.0,7127.653,2965.8435,-0.0435664983,71.3098234,0.000130133949
1090.0,48.422543,7127.653,-20.148977,-20.148977,-15.039318,-15.039318,-14.216544,-14.216544,-0.0435664708,-142.5159,-142.5159,0.000650196058,0.000650196058,0.00196650672,0.00196650672,0.518565312,2969.8298,34.567013,-0.0022683177,2.08615e-07,0.0,7127.653,2965.8435,-0.0435664708,71.3097181,0.000130133678
1090.5,48.422543,7127.653,-20.148977,-20.148977,-15.039318,-15.039318,-14.216544,-14.216544,-0.0435664885,-142.5159,-142.5159,0.00065019632,0.00065019632,0.00196650754,0.00196650754,0.518664339,2969.8298,34.567013,-0.00226831861,7.8917e-08,0.0,7127.653,2965.8435,-0.0435664885,71.3097849,0.000130133857
1091.0,48.422543,7127.653,-20.148977,-20.148977,-15.039318,-15.039318,-14.216544,-14.216544,-0.043566493,-142.5159,-142.5159,0.000650196385,0.000650196385,0.00196650772,0.00196650772,0.518763373,2969.8298,34.567013,-0.00226831886,6.2923e-08,0.0,7127.653,2965.8435,-0.043566493,71.3098001,0.000130133894
1091.5,48.422543,7127.653,-20.148977,-20.148977,-15.039318,-15.039318,-14.216544,-14.216544,-0.0435664963,-142.5159,-142.5159,0.00065019643,0.00065019643,0.00196650788,0.00196650788,0.518862415,2969.8298,34.567013,-0.00226831894,-4.70815e-07,0.0,7127.653,2965.8435,-0.0435664963,71.309815,0.000130133931
1092.0,48.422543,7127.653,-20.148977,-20.148977,-15.039318,-15.039318,-14.216544,-14.216544,-0.0435664695,-142.5159,-142.5159,0.000650196036,0.000650196036,0.00196650671,0.00196650671,0.51896145,2969.8298,34.567013,-0.00226831762,5.407e-09,0.0,7127.653,2965.8435,-0.0435664695,71.3097123,0.000130133667
1092.5,48.422543,7127.65273,-20.1489891,-20.1489891,-15.0393266,-15.0393266,-14.2165522,-14.2165522,-0.0433531532,-141.182747,-141.182747,0.000641130819,0.000641130819,0.00193908944,0.00193908944,0.519060467,2969.8298,34.567013,-0.00225721116,7.1544301e-05,0.0,7127.65273,2965.84353,-0.0433531532,70.4904135,0.000128050851
1093.0,48.422543,7127.640850000001,-20.1490862,-20.1490862,-15.0393746,-15.0393746,-14.2165994,-14.2165994,-0.0349004573,-89.1196748,-89.1196748,0.000334235221,0.000334235221,0.001010903653,0.001010903653,0.519159521,2969.8298,34.567013,-0.00181711583,0.000367863788,0.0,7127.640850000001,2965.84359,-0.0349004573,38.0254725,5.7719544e-05
1093.5,62.3479517,7160.674929999999,-24.8234883,-24.8234883,-18.641872,-18.641872,-17.7361766,-17.7361766,0.01098764295,-11.238487237,-11.238487237,4.5303931e-05,4.5303931e-05,0.000154591913,0.000154591913,0.519261753,2969.8298,34.567013,0.000572079015,0.002222706779,0.0,7160.674929999999,2979.61609,0.01098764295,-14.90757146,2.6273345e-05
1094.0,117.160681,7208.221799999999,-49.7735508,-49.7735508,-37.5661873,-37.5661873,-36.0983757,-36.0983757,0.0470190666,66.6413,66.6413,0.000337318044,0.000337318044,0.001020187402,0.001020187402,0.519436476,2969.8298,34.567013,0.00244807937,0.000426474707,0.0,7208.221799999999,2999.4218,0.0470190666,-84.5703731,0.000169061867
1094.5,118.8838,7130.921670000001,-49.5920188,-49.5920188,-37.0328029,-37.0328029,-35.5832461,-35.5832461,0.0597740028,144.525639,144.525639,0.000913160642,0.000913160642,0.00276170378,0.00276170378,0.519655281,2969.8298,34.567013,0.00311217374,0.000365366425,0.0,7130.921670000001,2967.26405,0.0597740028,-133.559268,0.000336524806
1095.0,118.8838,7127.564179999999,-49.470861,-49.470861,-36.9248907,-36.9248907,-35.479325,-35.479325,0.0660887483,183.30663,183.30663,0.00126862801,0.00126862801,0.00383676994,0.00383676994,0.519871045,2969.8298,34.567013,0.00344095524,1.07479e-07,0.0,7127.564179999999,2965.87066,0.0660887483,-157.812817,0.000436876215
1095.5,118.8838,7127.5004,-49.4684701,-49.4684701,-36.9227756,-36.9227756,-35.4772878,-35.4772878,0.0660885637,183.30663,183.30663,0.00126862443,0.00126862443,0.00383675925,0.00383675925,0.520086693,2969.8298,34.567013,0.00344094554,5.433e-08,0.0,7127.5004,2965.84411,0.0660885637,-157.8121,0.000436873017
1096.0,118.8838,7127.498999999999,-49.4684268,-49.4684268,-36.9227373,-36.9227373,-35.4772509,-35.4772509,0.066088572,183.30663,183.30663,0.00126862458,0.00126862458,0.00383675975,0.00383675975,0.520302324,2969.8298,34.567013,0.00344094596,-2.11087e-07,0.0,7127.498999999999,2965.84356,0.066088572,-157.812135,0.000436873166
1096.5,118.8838,7127.49905,-49.4684241,-49.4684241,-36.9227353,-36.9227353,-35.4772488,-35.4772488,0.06605182,183.074338,183.074338,0.00126632021,0.00126632021,0.00382979022,0.00382979022,0.520517959,2969.8298,34.567013,0.00343903257,-1.9373928e-05,0.0,7127.49905,2965.8435,0.06605182,-157.670982,0.000436241617
1097.0,118.8838,7127.50242,-49.4683945,-49.4683945,-36.92273,-36.92273,-35.4772442,-35.4772442,0.0637286719,168.762763,168.762763,0.0011269624,0.0011269624,0.00340831502,0.00340831502,0.520733583,2969.8298,34.567013,0.00331807624,-0.00011231535,0.0,7127.50242,2965.8435,0.0637286719,-148.748283,0.000397252274
1097.5,127.195834,7144.94593,-52.6576589,-52.6576589,-39.4017243,-39.4017243,-37.8577053,-37.8577053,0.0608651891,146.4639,146.4639,0.000933883859,0.000933883859,0.00282436688,0.00282436688,0.520952572,2969.8298,34.567013,0.00316898715,-5.9572149e-05,0.0,7144.94593,2973.10023,0.0608651891,-137.750282,0.000351241296
1098.0,145.837758,7158.14194,-60.6694099,-60.6694099,-45.4778095,-45.4778095,-43.6672799,-43.6672799,0.0590297534,124.1578155,124.1578155,0.000767848364,0.000767848364,0.00232220879,0.00232220879,0.52119361,2969.8298,34.567013,0.00307342391,-5.5556197e-05,0.0,7158.14194,2978.59019,0.0590297534,-130.700774,0.00032322048
1098.5,164.488669,7158.546249999999,-68.4686601,-68.4686601,-51.3269286,-51.3269286,-49.2310442,-49.2310442,0.0571758986,101.8554943,101.8554943,0.000610211628,0.000610211628,0.00184546379,0.00184546379,0.521460738,2969.65202,34.567013,0.00297690173,-3.4267762e-05,0.0,7158.546249999999,2978.75735,0.0571758986,-123.580526,0.000296018289
1099.0,176.980667,6347.3796,-88.8182904,-88.8182904,-59.0002394,-59.0002394,-56.159673,-56.159673,0.056061767,79.5531151,79.5531151,0.000467673523,0.000467673523,0.00141438861,0.00141438861,0.521762453,2615.018,34.567013,0.00291889372,-7.0464272e-05,0.0,6347.3796,2641.22425,0.056061767,-119.301394,0.000280307093
1099.5,177.30603,4738.10291,-88.2370356,-88.2370356,-43.7848953,-43.7848953,-41.1210144,-41.1210144,0.0524171913,57.3313993,57.3313993,0.00031537451,0.00031537451,0.000953812408,0.000953812408,0.522039161,1973.13818,34.567013,0.00272913637,-9.3387441e-05,0.0,4738.10291,1971.59018,0.0524171913,-105.3033783,0.000231379292
1100.0,177.30603,3322.97732,-82.0300995,-82.0300995,-28.7162068,-28.7162068,-26.4817861,-26.4817861,0.0503665887,48.0726,48.0726,0.000253553,0.000253553,0.000766855818,0.000766855818,0.522246147,1400.98164,34.567013,0.00262237038,-5.6256374e-05,0.0,3322.97732,1382.7448,0.0503665887,-97.4274674,0.000205610553
1100.5,177.30603,2643.40914,-93.2743326,-93.2743326,-24.5905531,-24.5905531,-21.983029,-21.983029,0.0513425919,48.0726,48.0726,0.000258466352,0.000258466352,0.000781713466,0.000781713466,0.522398411,1058.351471,34.567013,0.00267318659,8.9734914e-05,0.0,2643.40914,1099.972066,0.0513425919,-101.1760822,0.000218147362
1101.0,177.30603,542.177206,-77.4302792,-77.4302792,-4.48386308,-4.48386308,-3.03622239,-3.03622239,0.0499701521,48.0726,48.0726,0.000251557286,0.000251557286,0.000760820742,0.000760820742,0.522480411,272.62265,34.567013,0.00260172969,-0.000174101595,0.0,542.177206,225.633116,0.0499701521,-95.9048425,0.000200981819
1101.5,177.30603,647.033156,-73.5185971,-73.5185971,-4.98160462,-4.98160462,-3.62643758,-3.62643758,0.0496194841,48.0726,48.0726,0.000249791967,0.000249791967,0.000755482511,0.000755482511,0.522505217,272.62265,34.567013,0.00258347186,2.112418e-06,0.0,647.033156,269.264247,0.0496194841,-94.558004,0.000196534742
1102.0,177.30603,654.087568,-73.7732371,-73.7732371,-5.05316345,-5.05316345,-3.68714587,-3.68714587,0.0496418331,48.0726,48.0726,0.000249904483,0.000249904483,0.000755822762,0.000755822762,0.522533267,272.62265,34.567013,0.00258463552,7.1926e-08,0.0,654.087568,272.199646,0.0496418331,-94.6438451,0.00019680168
1102.5,177.30603,654.222376,-73.7782537,-73.7782537,-5.05454865,-5.05454865,-3.6882665,-3.6882665,0.0496422978,48.0726,48.0726,0.000249906817,0.000249906817,0.00075582982,0.00075582982,0.522561444,272.62265,34.567013,0.00258465974,3.072e-09,0.0,654.222376,272.255745,0.0496422978,-94.6456295,0.00019680723
1103.0,177.30603,654.224833,-73.778346,-73.778346,-5.05457415,-5.05457415,-3.68828703,-3.68828703,0.049642287,48.0726,48.0726,0.00024990676,0.00024990676,0.000755829651,0.000755829651,0.522589623,272.62265,34.567013,0.00258465906,-1.79639e-07,0.0,654.224833,272.256763,0.049642287,-94.6455825,0.000196807092
1103.5,177.30603,654.2249,-73.77835,-73.77835,-5.0545745,-5.0545745,-3.6882875,-3.6882875,0.0496423079,48.0726,48.0726,0.00024990687,0.00024990687,0.000755829975,0.000755829975,0.52261779,272.62265,34.567013,0.00258466027,1.93176e-07,0.0,654.2249,272.2568,0.0496423079,-94.6456662,0.000196807352
1104.0,177.30603,654.226641,-73.7783191,-73.7783191,-5.05458601,-5.05458601,-3.68829797,-3.68829797,0.0482735524,39.6210475,39.6210475,0.000201412823,0.000201412823,0.000609174208,0.000609174208,0.522645973,272.62265,34.567013,0.00251339498,-0.000116940809,0.0,654.226641,272.25672,0.0482735524,-89.388577,0.000181030143
1104.5,174.104254,646.90716,-72.8523485,-72.8523485,-4.93746586,-4.93746586,-3.59707846,-3.59707846,0.0425102513,5.806896068,5.806896068,2.7996127e-05,2.7996127e-05,0.000106849946,0.000106849946,0.522674081,272.62265,34.567013,0.00221332489,-0.000211155164,0.0,646.90716,269.207666,0.0425102513,-67.2530136,0.000120415145
1105.0,137.7956316,587.955365,-57.6284428,-57.6284428,-3.55272859,-3.55272859,-2.58071412,-2.58071412,0.0332794824,-29.7113249,-29.7113249,-0.000100437402,-0.000100437402,-3.3205603e-05,-3.3205603e-05,0.522698147,272.62265,34.567013,0.00173271874,-0.000292031087,0.0,587.955365,244.672,0.0332794824,-31.799667,4.5689911e-05
1105.5,92.787122,688.672608,-31.255573685,-31.255573685,-1.941003616,-1.941003616,-1.442355883,-1.442355883,-0.0077053153,-65.2299465,-65.2299465,7.8742013e-05,7.8742013e-05,0.000394321955,0.000394321955,0.522714552,340.317439,34.567013,-0.00040118242,-0.000915833678,0.0,688.672608,286.557253,-0.0077053153,9.18849028,1.696946e-05
1106.0,47.7786124,2901.51312,7.80740063,7.80740063,2.754854711,2.754854711,3.14935173,3.14935173,-0.0392417782,-100.750321,-100.750321,0.000417006202,0.000417006202,0.0012612295,0.0012612295,0.52271089,1260.526447,34.567013,-0.00204314963,-0.000288109111,0.0,2901.51312,1207.318134,-0.0392417782,54.6995259,9.1167764e-05
1106.5,2.770102834,5754.68095,26.1667858,24.1546771,16.33967955,14.88782165,17.2192715,15.6967688,-0.0478620046,-136.2706694,-128.6476703,0.000684057627,0.000647257777,0.00206888066,0.00195758232,0.522624714,2433.22563,34.567013,-0.00249196748,5.9177932e-05,0.0,5754.68095,2394.53723,-0.0478620046,87.8079145,0.000176871083
1107.0,-26.4484789,7832.750019999999,176.504261,24.2996748,148.444323,19.8745121,156.6709227,20.9334115,-0.0337425787,-157.97944,-31.1472476,0.000558034826,0.000117582577,0.00168790163,0.000355642797,0.522379439,3605.92486,34.567013,-0.00175683013,0.000334214349,0.0,7832.750019999999,3259.2454,-0.0337425787,33.5783185,4.9372875e-05
1107.5,-27.001848,9024.9102,300.0,20.71363,283.525918,19.5526303,303.557851,20.9303959,-0.0301574535,-158.22073,-10.9293688,0.000499673928,3.4521555e-05,0.00151146524,0.000104424362,0.522107498,4205.009,34.567013,-0.00157016816,1.3488923e-05,0.0,9024.9102,3755.3142,-0.0301574535,19.8086419,2.5025803e-05
1108.0,-27.001848,9917.521,289.921948,18.5710445,300.838446,19.2758388,326.601687,20.9271385,-0.0297975248,-154.000028,-9.87113355,0.000480557358,3.0802894e-05,0.00145363949,9.3175772e-05,0.521835582,4205.009,34.567013,-0.00155142823,3.714376e-06,0.0,9917.521,4126.73625,-0.0297975248,18.4262336,2.2999468e-05
1108.5,-27.001848,10626.9074,170.5816515,17.2121999,188.7383526,19.148134,206.1119569,20.9238015,-0.0307201714,-142.455953,-16.312927,0.000457968187,5.313886e-05,0.00138528892,0.000160736126,0.521563688,4205.009,34.567013,-0.00159946643,-0.000121508144,0.0,10626.9074,4421.91682,-0.0307201714,21.9699152,2.8430654e-05
1109.0,-27.001848,10600.28985,7.30835242,4.28423882,8.27319336,4.79982526,9.989613418,6.179186518,-0.046540517,-130.802807,-120.748871,0.000636848774,0.000597523068,0.0019261094,0.00180716694,0.521382326,4205.009,34.567013,-0.00242316338,-0.000824639864,0.0,10600.28985,4410.83171,-0.046540517,82.7323729,0.000163335557
1109.5,-27.001848,10111.74265,10.52063115,10.52063115,11.138812,11.138812,12.8160331,12.8160331,-0.0468689009,-119.1517595,-119.1517595,0.000584979694,0.000584979694,0.00176922625,0.00176922625,0.521299066,4205.009,34.567013,-0.0024402609,4.7280466e-05,0.0,10111.74265,4207.54338,-0.0468689009,83.9936215,0.000164937997
1110.0,-27.001848,10092.4566,11.2217722,11.2217722,11.8600613,11.8600613,13.5118711,13.5118711,-0.0450352809,-107.4982064,-107.4982064,0.000507161057,0.000507161057,0.00153387438,0.00153387438,0.52116873,4205.009,34.567013,-0.00234479224,5.4277528e-05,0.0,10092.4566,4199.51942,-0.0450352809,76.9510914,0.000145210627
1110.5,-27.001848,10092.0881,11.23539755,11.23539755,11.8740285,11.8740285,13.52646695,13.52646695,-0.0431407923,-95.8421124,-95.8421124,0.000433176006,0.000433176006,0.00131011708,0.00131011708,0.521036082,4205.009,34.567013,-0.00224615442,5.5095899e-05,0.0,10092.0881,4199.36711,-0.0431407923,69.674781,0.000125955378
1111.0,-27.001848,10092.0785,11.2356496,11.2356496,11.8742842,11.8742842,13.5267334,13.5267334,-0.0412659991,-84.3175583,-84.3175583,0.000364537096,0.000364537096,0.0011025291,0.0011025291,0.520903382,4205.009,34.567013,-0.00214854213,4.558793e-05,0.0,10092.0785,4199.3643,-0.0412659991,62.4741185,0.000108031978
1111.5,-27.001848,10092.077,11.2356692,11.2356692,11.8743036,11.8743036,13.5267533,13.5267533,-0.0405913696,-80.18338,-80.18338,0.000340836956,0.000340836956,0.00103085209,0.00103085209,0.520770681,4205.009,34.567013,-0.0021134171,-3.1125e-08,0.0,10092.077,4199.3643,-0.0405913696,59.8830139,0.000101818332
1112.0,-27.001848,10092.077,11.235668,11.235668,11.874303,11.874303,13.526752,13.526752,-0.040591387,-80.18338,-80.18338,0.000340837096,0.000340837096,0.0010308525,0.0010308525,0.520637967,4205.009,34.567013,-0.0021134179,3.62725e-07,0.0,10092.077,4199.3643,-0.040591387,59.8830762,0.000101818477
1112.5,-26.909802,10092.2296,11.2191702,11.2191702,11.8570445,11.8570445,13.5086692,13.5086692,-0.0405846621,-80.18338,-80.18338,0.00034078063,0.00034078063,0.00103068176,0.00103068176,0.520505264,4205.009,34.567013,-0.00211306782,2.464083e-06,0.0,10092.2296,4199.42774,-0.0405846621,59.8572491,0.00010175775
1113.0,-23.1947938,10099.2722,9.7150098,9.7150098,10.27439575,10.27439575,12.0217089,12.0217089,-0.0402361506,-80.18338,-80.18338,0.000337854259,0.000337854259,0.00102183226,0.00102183226,0.520379653,4205.009,34.567013,-0.00209492231,1.5473233e-05,0.0,10099.2722,4202.35812,-0.0402361506,58.5186926,9.8631807e-05
1113.5,-17.6167525,10101.31275,7.33212312,7.33212312,7.75596825,7.75596825,9.7296887,9.7296887,-0.0397010418,-80.18338,-80.18338,0.000333361054,0.000333361054,0.00100824457,0.00100824457,0.520278214,4205.009,34.567013,-0.00206706148,1.5252436e-05,0.0,10101.31275,4203.207619999999,-0.0397010418,56.463455,9.3902081e-05
1114.0,-12.0387109,10101.3588,5.00912298,5.00912298,5.29870968,5.29870968,7.15589911,7.15589911,-0.0391711429,-80.18338,-80.18338,0.000328911616,0.000328911616,0.00099478915,0.00099478915,0.520202415,4205.009,34.567013,-0.00203947196,1.5693436e-05,0.0,10101.3588,4203.22723,-0.0391711429,54.4282343,8.9309408e-05
1114.5,-6.46066954,10101.3585,2.68841728,2.68841728,2.84383956,2.84383956,4.05180221,4.05180221,-0.0386414778,-80.18338,-80.18338,0.000324464128,0.000324464128,0.00098133963,0.00098133963,0.520153759,4205.009,34.567013,-0.00201189462,1.542686e-05,0.0,10101.3585,4203.2274,-0.0386414778,52.3939061,8.4809049e-05
1115.0,-0.8826283304,10101.3579,0.3675255029,0.3675255029,0.3887728131,0.3887728131,0.6570765,0.6570765,-0.0381117654,-80.18338,-80.18338,0.00032001626,0.00032001626,0.000967888847,0.000967888847,0.520134558,4205.009,34.567013,-0.00198431483,1.5445115e-05,0.0,10101.3579,4203.2276,-0.0381117654,50.3594007,8.0398576e-05
1115.5,4.695413,10101.3576,-1.953888624,-1.953888624,-2.06684636,-2.06684636,-1.4487764,-1.4487764,-0.037582051,-80.18338,-80.18338,0.000315568352,0.000315568352,0.000954437948,0.000954437948,0.520138431,4205.009,34.567013,-0.0019567348,1.5096763e-05,0.0,10101.3576,4203.22765,-0.037582051,48.3248827,7.6078364e-05
1116.0,10.27345462,10101.3564,-4.2751605,-4.2751605,-4.52231436,-4.52231436,-3.27233951,-3.27233951,-0.0370523425,-80.18338,-80.18338,0.000311120503,0.000311120503,0.000940987132,0.000940987132,0.520156471,4205.009,34.567013,-0.00192915518,1.5225827e-05,0.0,10101.3564,4203.22755,-0.0370523425,46.2903871,7.1848483e-05
1116.5,15.8514957,10101.355950000005,-6.59573557,-6.59573557,-6.97704522,-6.97704522,-5.43837043,-5.43837043,-0.0365226264,-80.18338,-80.18338,0.000306672595,0.000306672595,0.000927536114,0.000927536114,0.520189271,4205.009,34.567013,-0.00190157512,1.538667e-05,0.0,10101.355950000005,4203.22755,-0.0365226264,44.2558647,6.7708834e-05
1117.0,21.13677,10100.70395,-8.83809422,-8.83809422,-9.3483914,-9.3483914,-7.7969997,-7.7969997,-0.0360167589,-80.18338,-80.18338,0.000302424926,0.000302424926,0.000914690631,0.000914690631,0.52023843,4205.009,34.567013,-0.00187523684,1.0736544e-05,0.0,10100.70395,4202.95652,-0.0360167589,42.3129415,6.3838543e-05
1117.5,22.405962,10093.3541,-9.36574815,-9.36574815,-9.8993529,-9.8993529,-8.3766519,-8.3766519,-0.036162786,-81.8374966,-81.8374966,0.000310019226,0.000310019226,0.000937658961,0.000937658961,0.520298988,4205.009,34.567013,-0.00188283982,-4.0237044e-05,0.0,10093.3541,4199.89814,-0.036162786,42.8737966,6.4970512e-05
1118.0,22.405962,10092.1023,-9.3242619,-9.3242619,-9.8542759,-9.8542759,-8.32837935,-8.32837935,-0.0388457506,-98.3283499,-98.3283499,0.000400554201,0.000400554201,0.00121147288,0.00121147288,0.520359986,4205.009,34.567013,-0.00202253025,-9.4756229e-05,0.0,10092.1023,4199.37551,-0.0388457506,53.178475,8.6670854e-05
1118.5,21.2039988,10089.2897,-8.89448926,-8.89448926,-9.3975945,-9.3975945,-7.84868885,-7.84868885,-0.0422086225,-118.3435979,-118.3435979,0.000523714902,0.000523714902,0.00158396024,0.00158396024,0.520420242,4205.009,34.567013,-0.00219762037,-0.000102765625,0.0,10089.2897,4198.20333,-0.0422086225,66.0945215,0.000117031894
1119.0,18.877556,10089.0917,-7.78630113,-7.78630113,-8.2264465,-8.2264465,-6.64035486,-6.64035486,-0.0456971072,-138.357102,-138.357102,0.000662653457,0.000662653457,0.00200416713,0.00200416713,0.520472676,4205.009,34.567013,-0.00237925076,-9.3429342e-05,0.0,10089.0917,4198.11885,-0.0456971072,79.4930235,0.00015230174
1119.5,18.877556,10092.0061,-7.85201294,-7.85201294,-8.2982614,-8.2982614,-6.71174009,-6.71174009,-0.0489468196,-158.373507,-158.373507,0.000812337654,0.000812337654,0.00245687756,0.00245687756,0.520522287,4205.009,34.567013,-0.00254844913,-9.5071034e-05,0.0,10092.0061,4199.32963,-0.0489468196,91.974447,0.000188713889
1120.0,18.877556,10092.0925,-7.85500608,-7.85500608,-8.3014959,-8.3014959,-6.71496892,-6.71496892,-0.0522017206,-178.387649,-178.387649,0.000975728424,0.000975728424,0.00295104701,0.00295104701,0.520572102,4205.009,34.567013,-0.00271791774,-9.2662625e-05,0.0,10092.0925,4199.36378,-0.0522017206,104.4758037,0.000228589621
1120.5,18.877556,10092.0982,-7.85507751,-7.85507751,-8.30157575,-8.30157575,-6.71504833,-6.71504833,-0.0549207434,-195.089198,-195.089198,0.00112213074,0.00112213074,0.00339383962,0.00339383962,0.520621915,4205.009,34.567013,-0.00285948553,-3.8194104e-05,0.0,10092.0982,4199.3643,-0.0549207434,114.9189716,0.000264402109
1121.0,18.877556,10092.098,-7.85509115,-7.85509115,-8.3015906,-8.3015906,-6.71506305,-6.71506305,-0.0552143242,-196.88301,-196.88301,0.00113838357,0.00113838357,0.00344299642,0.00344299642,0.520671735,4205.009,34.567013,-0.002874771,-3.263e-09,0.0,10092.098,4199.3643,-0.0552143242,116.0465524,0.000268393886
1121.5,18.877556,10092.098,-7.8550906,-7.8550906,-8.30159,-8.30159,-6.715062,-6.715062,-0.0552143321,-196.88301,-196.88301,0.00113838373,0.00113838373,0.00344299688,0.00344299688,0.520721548,4205.009,34.567013,-0.00287477139,1.21279e-07,0.0,10092.098,4199.3643,-0.0552143321,116.0465805,0.000268393977
1122.0,18.877556,10092.098,-7.8550906,-7.8550906,-8.30159,-8.30159,-6.715062,-6.715062,-0.0552143236,-196.88301,-196.88301,0.00113838355,0.00113838355,0.00344299638,0.00344299638,0.520771377,4205.009,34.567013,-0.00287477098,1.92716e-07,0.0,10092.098,4199.3643,-0.0552143236,116.0465509,0.000268393877
1122.5,18.877556,10092.098,-7.8550906,-7.8550906,-8.30159,-8.30159,-6.715062,-6.715062,-0.0552143164,-196.88301,-196.88301,0.00113838342,0.00113838342,0.003442996,0.003442996,0.520821177,4205.009,34.567013,-0.00287477061,2.05966e-07,0.0,10092.098,4199.3643,-0.0552143164,116.0465246,0.00026839379
1123.0,18.877556,10092.098,-7.8550906,-7.8550906,-8.30159,-8.30159,-6.715062,-6.715062,-0.0552143417,-196.88301,-196.88301,0.00113838393,0.00113838393,0.00344299752,0.00344299752,0.520871002,4205.009,34.567013,-0.00287477191,-2.05383e-07,0.0,10092.098,4199.3643,-0.0552143417,116.0466179,0.000268394123
1123.5,18.877556,10092.098,-7.8550906,-7.8550906,-8.30159,-8.30159,-6.715062,-6.715062,-0.0552143274,-196.88301,-196.88301,0.00113838364,0.00113838364,0.00344299663,0.00344299663,0.520920818,4205.009,34.567013,-0.0028747712,2.82425e-07,0.0,10092.098,4199.3643,-0.0552143274,116.0465648,0.000268393926
1124.0,18.877556,10092.098,-7.8550906,-7.8550906,-8.30159,-8.30159,-6.715062,-6.715062,-0.0552143671,-196.88301,-196.88301,0.00113838446,0.00113838446,0.0034429991,0.0034429991,0.520970635,4205.009,34.567013,-0.00287477328,1.38774e-07,0.0,10092.098,4199.3643,-0.0552143671,116.0467145,0.000268394466
1124.5,18.877556,10092.098,-7.8550906,-7.8550906,-8.30159,-8.30159,-6.715062,-6.715062,-0.0552143575,-196.88301,-196.88301,0.00113838429,0.00113838429,0.0034429985,0.0034429985,0.52102044,4205.009,34.567013,-0.00287477275,-2.54447e-07,0.0,10092.098,4199.3643,-0.0552143575,116.0466795,0.000268394337
1125.0,21.5057359,10098.0937,-8.81581103,-8.81581103,-9.3229894,-9.3229894,-7.78458578,-7.78458578,-0.0549773146,-196.88301,-196.88301,0.00113349703,0.00113349703,0.00342821941,0.00342821941,0.521071843,4205.009,34.567013,-0.00286243091,1.8892247e-05,0.0,10098.0937,4201.85918,-0.0549773146,115.1362485,0.000265153447
1125.5,30.9331531,10107.8664,-12.853472,-12.853472,-13.6053684,-13.6053684,-12.0908035,-12.0908035,-0.0540723922,-196.88301,-196.88301,0.00111483976,0.00111483976,0.00337179919,0.00337179919,0.521142922,4205.009,34.567013,-0.00281531552,2.6866632e-05,0.0,10107.8664,4205.9263,-0.0540723922,111.6606427,0.000252920555
1126.0,40.6990997,10108.341,-16.9345515,-16.9345515,-17.9259517,-17.9259517,-16.36594855,-16.36594855,-0.0531434912,-196.88301,-196.88301,0.00109568811,0.00109568811,0.00331388382,0.00331388382,0.521241796,4205.009,34.567013,-0.00276695173,2.70776e-05,0.0,10108.341,4206.12428,-0.0531434912,108.0929405,0.000240633801
1126.5,50.4650469,10108.3496,-20.9986914,-20.9986914,-22.2280358,-22.2280358,-20.5954195,-20.5954195,-0.0522159741,-196.88301,-196.88301,0.00107656499,0.00107656499,0.00325605434,0.00325605434,0.521366369,4205.009,34.567013,-0.00271865992,2.6738436e-05,0.0,10108.3496,4206.12825,-0.0522159741,104.5305525,0.000228642484
1127.0,60.2309932,10108.3477,-25.0625738,-25.0625738,-26.5298284,-26.5298284,-24.8408436,-24.8408436,-0.0512885637,-196.88301,-196.88301,0.00105744402,0.00105744402,0.00319823129,0.00319823129,0.521515153,4205.009,34.567013,-0.00267037365,2.680767e-05,0.0,10108.3477,4206.12804,-0.0512885637,100.9685731,0.0002169293
1127.5,69.9969398,10108.3461,-29.1258819,-29.1258819,-30.8310122,-30.8310122,-29.0527599,-29.0527599,-0.0503612295,-196.88301,-196.88301,0.00103832469,0.00103832469,0.00314041263,0.00314041263,0.521686985,4205.009,34.567013,-0.00262209134,2.6517079e-05,0.0,10108.3461,4206.12791,-0.0503612295,97.4068855,0.000205493794
1128.0,79.7628866,10108.3339,-33.1897964,-33.1897964,-35.1328015,-35.1328015,-33.2652398,-33.2652398,-0.0475358932,-185.172054,-185.172054,0.000923587381,0.000923587381,0.0027933952,0.0027933952,0.521880833,4205.009,34.567013,-0.00247498834,0.000162915482,0.0,10108.3339,4206.12466,-0.0475358932,86.5553944,0.000172876239
1128.5,89.5288335,10108.3316,-37.2536113,-37.2536113,-39.4345132,-39.4345132,-37.4605277,-37.4605277,-0.0407586364,-149.192996,-149.192996,0.000638979562,0.000638979562,0.00193260513,0.00193260513,0.522095795,4205.009,34.567013,-0.00212212591,0.000198468393,0.0,10108.3316,4206.12773,-0.0407586364,60.5254471,0.000103966565
1129.0,99.2947788,10108.3227,-41.3173984,-41.3173984,-43.736164,-43.736164,-41.6383024,-41.6383024,-0.0338587752,-112.469702,-112.469702,0.000400970845,0.000400970845,0.00121275693,0.00121275693,0.522331034,4205.009,34.567013,-0.00176287994,0.000202908549,0.0,10108.3227,4206.12808,-0.0338587752,34.0245992,4.8888048e-05
1129.5,108.6065636,10107.341199999995,-45.2639984,-45.2639984,-47.9090298,-47.9090298,-45.6864311,-45.6864311,-0.0284629664,-84.8085025,-84.8085025,0.000252990901,0.000252990901,0.000765196187,0.000765196187,0.522585743,4205.009,34.567013,-0.00148194351,7.1314774e-05,0.0,10107.341199999995,4205.72273,-0.0284629664,13.3004897,1.5931818e-05
1130.0,110.96493,10094.47115,-46.2524658,-46.2524658,-48.8930608,-48.8930608,-46.6412462,-46.6412462,-0.0279707684,-83.18468,-83.18468,0.000243655568,0.000243655568,0.000736962,0.000736962,0.5228531,4205.009,34.567013,-0.00145631691,-7.06936e-07,0.0,10094.47115,4200.36751,-0.0279707684,11.410066,1.336846e-05
1130.5,110.96493,10092.111,-46.1752239,-46.1752239,-48.7999803,-48.7999803,-46.5513503,-46.5513503,-0.0279775505,-83.18468,-83.18468,0.000243714652,0.000243714652,0.000737140683,0.000737140683,0.523120896,4205.009,34.567013,-0.00145667003,-1.31119e-07,0.0,10092.111,4199.3855,-0.0279775505,11.4361165,1.3402224e-05
1131.0,110.96493,10094.72295,-45.7338881,-45.7338881,-48.3451041,-48.3451041,-46.1099629,-46.1099629,-0.0280151507,-83.18468,-83.18468,0.000244042182,0.000244042182,0.000738131255,0.000738131255,0.523388477,4207.75378,34.567013,-0.00145862768,-1.9468077e-05,0.0,10094.72295,4200.47221,-0.0280151507,11.5805278,1.3591344e-05
1131.5,110.96493,10436.1132,-40.7548296,-40.7548296,-44.5420455,-44.5420455,-42.3946066,-42.3946066,-0.0284514669,-83.18468,-83.18468,0.000247842971,0.000247842971,0.000749625978,0.000749625978,0.523643551,4354.92895,34.567013,-0.0014813448,-9.66066e-07,0.0,10436.1132,4342.5272,-0.0284514669,13.2563232,1.579857e-05
1132.0,110.96493,10996.20205,-41.0776631,-41.0776631,-47.3019808,-47.3019808,-45.0277436,-45.0277436,-0.0277307129,-78.9014095,-78.9014095,0.000229757099,0.000229757099,0.000694925185,0.000694925185,0.523898494,4581.92213,34.567013,-0.00144381824,8.28434e-05,0.0,10996.20205,4575.58461,-0.0277307129,10.48806526,1.2339878e-05
1132.5,110.96493,11541.3581,-41.0943088,-41.0943088,-49.6669174,-49.6669174,-47.2793135,-47.2793135,0.02149513606,-41.7057176,-41.7057176,-7.791882e-05,-7.791882e-05,1.6724344e-05,1.6724344e-05,0.524164364,4808.91526,34.567013,0.001119158737,0.001994507074,0.0,11541.3581,4802.457,0.02149513606,-12.29799275,1.5285666e-05
1133.0,110.96493,11840.5735,-46.0923686,-46.0923686,-57.1518971,-57.1518971,-54.5159195,-54.5159195,0.0358742648,2.26441068,2.26441068,1.1298205e-05,1.1298205e-05,7.5162013e-05,7.5162013e-05,0.524450865,4925.425,34.567013,0.00186781774,0.000219992267,0.0,11840.5735,4926.97102,0.0358742648,-41.7656499,6.3479328e-05
1133.5,110.96493,11821.8572,-46.2059136,-46.2059136,-57.2020921,-57.2020921,-54.5668181,-54.5668181,0.0430346737,46.226196,46.226196,0.00021103449,0.00021103449,0.000638275175,0.000638275175,0.524754495,4925.425,34.567013,0.00224062932,0.000207062566,0.0,11821.8572,4919.187260000001,0.0430346737,-69.2672038,0.000125540178
1134.0,100.9916146,11797.228500000005,-42.8211309,-42.8211309,-52.915457,-52.915457,-50.406587,-50.406587,0.0493089901,90.185774,90.185774,0.000467089913,0.000467089913,0.00141265764,0.00141265764,0.525054336,4925.425,34.567013,0.00256730581,0.000106895357,0.0,11797.228500000005,4908.94269,0.0493089901,-93.3654667,0.000193059057
1134.5,39.3466453,11713.5297,-16.62700207,-16.62700207,-20.40111781,-20.40111781,-18.59039088,-18.59039088,0.0505624064,134.150767,134.150767,0.000710517247,0.000710517247,0.00214889292,0.00214889292,0.525268683,4925.425,34.567013,0.00263256576,1.4594481e-05,0.0,11713.5297,4874.1157,0.0505624064,-98.1795641,0.000207943578
1135.0,-5.29885178,11759.5363,3.17090443,3.17090443,3.906787244,3.906787244,5.54475624,5.54475624,0.0533587358,178.115794,178.115794,0.000997812154,0.000997812154,0.00301782901,0.00301782901,0.525290298,4925.425,34.567013,0.00277815854,0.000168969251,0.0,11759.5363,4893.26107,0.0533587358,-108.919647,0.000244051702
1135.5,-6.125895,11818.6463,2.63209288,2.63209288,3.25757867,3.25757867,4.64731078,4.64731078,0.0604460364,221.70679,221.70679,0.00140587584,0.00140587584,0.00425202378,0.00425202378,0.525244218,4925.425,34.567013,0.00314716366,0.000187006422,0.0,11818.6463,4917.86132,0.0604460364,-136.1404055,0.000345327807
1136.0,3.518083238,11841.0336,-1.155518546,-1.155518546,-1.435885274,-1.435885274,-0.470255937,-0.470255937,0.0640175339,238.11719,238.11719,0.00159631396,0.00159631396,0.00482800433,0.00482800433,0.525219261,4925.425,34.567013,0.00333311604,5.6772274e-05,0.0,11841.0336,4927.17895,0.0640175339,-149.857736,0.000401907836
1136.5,24.6723244,11855.69375,-10.249429,-10.249429,-12.72503295,-12.72503295,-10.93882986,-10.93882986,0.0660518974,238.11719,238.11719,0.00164704197,0.00164704197,0.00498140703,0.00498140703,0.525260454,4925.425,34.567013,0.00343903648,5.7927612e-05,0.0,11855.69375,4933.28035,0.0660518974,-157.671277,0.00043629482
1137.0,45.8265648,11856.127100000002,-19.0688348,-19.0688348,-23.675308,-23.675308,-21.7999974,-21.7999974,0.0680622431,238.11719,238.11719,0.00169717104,0.00169717104,0.00513299712,0.00513299712,0.525371784,4925.425,34.567013,0.00354370645,5.8101786e-05,0.0,11856.127100000002,4933.46172,0.0680622431,-165.392562,0.000471585205
1137.5,66.9808057,11856.1287,-27.8701244,-27.8701244,-34.6027354,-34.6027354,-32.5515845,-32.5515845,0.0700710479,238.11719,238.11719,0.00174726179,0.00174726179,0.00528447023,0.00528447023,0.525544305,4925.425,34.567013,0.00364829638,5.7999778e-05,0.0,11856.1287,4933.46365,0.0700710479,-173.10795,0.000508147745
1138.0,88.1350478,11856.1283,-36.6739623,-36.6739623,-45.5333218,-45.5333218,-43.2326465,-43.2326465,0.0720799992,238.11719,238.11719,0.00179735619,0.00179735619,0.00543595263,0.00543595263,0.525771134,4925.425,34.567013,0.00375289377,5.8579644e-05,0.0,11856.1283,4933.46474,0.0720799992,-180.823889,0.00054601152
1138.5,109.289288,11856.1256,-45.4758368,-45.4758368,-56.4614601,-56.4614601,-53.8441557,-53.8441557,0.074088813,238.11719,238.11719,0.0018474471,0.0018474471,0.00558742335,0.00558742335,0.526047306,4925.425,34.567013,0.00385748395,5.7788327e-05,0.0,11856.1256,4933.4647,0.074088813,-188.5393,0.000585171135
1139.0,130.44353,11856.123,-54.2806581,-54.2806581,-67.3932505,-67.3932505,-64.4400367,-64.4400367,0.0760978415,238.11719,238.11719,0.00189754334,0.00189754334,0.00573890885,0.00573890885,0.526368953,4925.425,34.567013,0.00396208542,5.9964511e-05,0.0,11856.123,4933.46489,0.0760978415,-196.25553,0.00062563355
1139.5,151.59777,11856.119900000002,-63.0814434,-63.0814434,-78.3200274,-78.3200274,-75.0394449,-75.0394449,0.078106647,238.11719,238.11719,0.00194763411,0.00194763411,0.00589037621,0.00589037621,0.526733154,4925.425,34.567013,0.00406667526,5.7904117e-05,0.0,11856.119900000002,4933.46483,0.078106647,-203.970916,0.000667390033
1140.0,172.752009,11856.1164,-71.8838058,-71.8838058,-89.2487495,-89.2487495,-85.6595925,-85.6595925,0.0801154271,238.11719,238.11719,0.00199772425,0.00199772425,0.0060418404,0.0060418404,0.527137603,4925.425,34.567013,0.00417126367,6.0671636e-05,0.0,11856.1164,4933.46446,0.0801154271,-211.686198,0.000710444328
1140.5,190.524501,11848.0906,-79.5345623,-79.5345623,-98.6800064,-98.6800064,-94.8453851,-94.8453851,0.0818271964,238.11719,238.11719,0.00204040809,0.00204040809,0.00617090839,0.00617090839,0.527579497,4925.425,34.567013,0.00426038804,2.5332647e-05,0.0,11848.0906,4930.125819999999,0.0818271964,-218.260714,0.000748117053
1141.0,192.50085,11822.90185,-80.171623,-80.171623,-99.2598083,-99.2598083,-95.4135604,-95.4135604,0.0819999671,238.11719,238.11719,0.00204471623,0.00204471623,0.00618393537,0.00618393537,0.528038322,4925.425,34.567013,0.00426938356,-6.55296e-07,0.0,11822.90185,4919.6445,0.0819999671,-218.924297,0.000751962623
1141.5,192.50085,11820.9432,-80.1024828,-80.1024828,-99.1577665,-99.1577665,-95.3142956,-95.3142956,0.0819938915,238.11719,238.11719,0.00204456479,0.00204456479,0.00618347738,0.00618347738,0.528496406,4925.425,34.567013,0.00426906723,-5.9469e-08,0.0,11820.9432,4918.82968,0.0819938915,-218.900964,0.000751826758
1142.0,192.50085,11820.9096,-80.1009976,-80.1009976,-99.1556464,-99.1556464,-95.3122301,-95.3122301,0.0784049385,215.983316,215.983316,0.00177650054,0.00177650054,0.00537271164,0.00537271164,0.528954396,4925.425,34.567013,0.00408220592,-0.000223218164,0.0,11820.9096,4918.81365,0.0784049385,-205.116586,0.000674437135
1142.5,192.50085,11820.9201,-80.10097,-80.10097,-99.1556931,-99.1556931,-95.312278,-95.312278,0.070692586,168.563287,168.563287,0.00125101854,0.00125101854,0.00378342721,0.00378342721,0.529412377,4925.425,34.567013,0.00368065707,-0.000222817994,0.0,11820.9201,4918.8135,0.070692586,-175.495137,0.000520459365
1143.0,192.50085,11820.9311,-80.10097,-80.10097,-99.1557849,-99.1557849,-95.3123636,-95.3123636,0.062980094,121.138777,121.138777,0.000802100169,0.000802100169,0.00242576251,0.00242576251,0.529870373,4925.425,34.567013,0.00327910099,-0.0002314756,0.0,11820.9311,4918.8135,0.062980094,-145.873155,0.00038561784
1143.5,192.50085,11820.94135,-80.10097,-80.10097,-99.1558756,-99.1558756,-95.3124525,-95.3124525,0.0552683475,73.7271289,73.7271289,0.000429871028,0.000429871028,0.001300067474,0.001300067474,0.530328362,4925.425,34.567013,0.00287758379,-0.000215847668,0.0,11820.94135,4918.8135,0.0552683475,-116.2540449,0.000269926741
1144.0,192.50085,11820.9523,-80.10097,-80.10097,-99.1559661,-99.1559661,-95.3125391,-95.3125391,0.0475557583,26.30386375,26.30386375,0.000134153552,0.000134153552,0.000405758972,0.000405758972,0.530786339,4925.425,34.567013,0.00247602263,-0.00022162066,0.0,11820.9523,4918.8135,0.0475557583,-86.6316915,0.000173360774
1144.5,192.50085,11820.9623,-80.1009932,-80.1009932,-99.1560784,-99.1560784,-95.3126488,-95.3126488,0.0405883974,-16.509105885,-16.509105885,-6.8889205e-05,-6.8889205e-05,-2.2502639e-05,-2.2502639e-05,0.531244324,4925.425,34.567013,0.00211326223,-0.000133883444,0.0,11820.9623,4918.8135,0.0405883974,-59.8715943,0.00010211242
1145.0,192.50085,11820.964,-80.1010324,-80.1010324,-99.1561402,-99.1561402,-95.3127076,-95.3127076,0.0393920042,-23.824665,-23.824665,-9.8279629e-05,-9.8279629e-05,-3.2491719e-05,-3.2491719e-05,0.531702304,4925.425,34.567013,0.00205097121,-5.2465e-08,0.0,11820.964,4918.8135,0.0393920042,-55.2765108,9.1208916e-05
1145.5,192.50085,11820.964,-80.10103,-80.10103,-99.156136,-99.156136,-95.312706,-95.312706,0.0393920171,-23.824665,-23.824665,-9.8279662e-05,-9.8279662e-05,-3.249173e-05,-3.249173e-05,0.532160296,4925.425,34.567013,0.00205097189,2.9e-10,0.0,11820.964,4918.8135,0.0393920171,-55.2765605,9.1209028e-05
1146.0,192.50085,11820.964,-80.10103,-80.10103,-99.156136,-99.156136,-95.312706,-95.312706,0.0393920096,-23.824665,-23.824665,-9.8279642e-05,-9.8279642e-05,-3.2491723e-05,-3.2491723e-05,0.532618281,4925.425,34.567013,0.00205097148,-2.3482e-07,0.0,11820.964,4918.8135,0.0393920096,-55.2765317,9.1208963e-05
1146.5,192.50085,11820.964,-80.10103,-80.10103,-99.156136,-99.156136,-95.312706,-95.312706,0.0393920231,-23.824665,-23.824665,-9.8279678e-05,-9.8279678e-05,-3.2491734e-05,-3.2491734e-05,0.533076234,4925.425,34.567013,0.00205097226,4.70711e-07,0.0,11820.964,4918.8135,0.0393920231,-55.2765855,9.1209085e-05
1147.0,192.50085,11820.964,-80.10103,-80.10103,-99.156136,-99.156136,-95.312706,-95.312706,0.0393920057,-23.824665,-23.824665,-9.8279633e-05,-9.8279633e-05,-3.249172e-05,-3.249172e-05,0.533534209,4925.425,34.567013,0.00205097125,-6.3972e-08,0.0,11820.964,4918.8135,0.0393920057,-55.2765173,9.1208929e-05
1147.5,192.50085,11820.964,-80.10103,-80.10103,-99.156136,-99.156136,-95.312706,-95.312706,0.0393920042,-23.824665,-23.824665,-9.827963e-05,-9.827963e-05,-3.2491719e-05,-3.2491719e-05,0.533992191,4925.425,34.567013,0.00205097127,-9.7389e-08,0.0,11820.964,4918.8135,0.0393920042,-55.2765122,9.1208924e-05
1148.0,178.860555,11789.7914,-75.1400324,-75.1400324,-92.7846348,-92.7846348,-89.1114547,-89.1114547,0.0381641528,-23.824665,-23.824665,-9.5216246e-05,-9.5216246e-05,-3.1478904e-05,-3.1478904e-05,0.53444544,4925.425,34.567013,0.00198704233,-0.000100043475,0.0,11789.7914,4905.84161,0.0381641528,-50.560605,8.1048139e-05
1148.5,128.6125815,11736.614,-53.5803842,-53.5803842,-65.8548753,-65.8548753,-62.9595103,-62.9595103,0.0333371303,-23.824665,-23.824665,-8.3173242e-05,-8.3173242e-05,-2.7497276e-05,-2.7497276e-05,0.534834643,4925.425,34.567013,0.0017357201,-0.000132980844,0.0,11736.614,4883.711310000001,0.0333371303,-32.021074,4.5042754e-05
1149.0,105.88654,11793.0423,-43.312262,-43.312262,-53.4902775,-53.4902775,-50.9681378,-50.9681378,0.0311012728,-23.824665,-23.824665,-7.7594975e-05,-7.7594975e-05,-2.5653015e-05,-2.5653015e-05,0.535136907,4925.425,34.567013,0.00161930873,2.87647e-06,0.0,11793.0423,4907.19009,0.0311012728,-23.4336414,3.0528878e-05
1149.5,105.88654,11820.2725,-44.0342898,-44.0342898,-54.5063522,-54.5063522,-51.952446,-51.952446,0.0311645534,-23.824665,-23.824665,-7.7752854e-05,-7.7752854e-05,-2.5705213e-05,-2.5705213e-05,0.535426956,4925.425,34.567013,0.00162260347,5.0304e-08,0.0,11820.2725,4918.520829999999,0.0311645534,-23.6766891,3.0907972e-05
1150.0,105.88654,11820.9627,-44.0596826,-44.0596826,-54.5409663,-54.5409663,-51.9860094,-51.9860094,0.0311667598,-23.824665,-23.824665,-7.775836e-05,-7.775836e-05,-2.5707033e-05,-2.5707033e-05,0.535718455,4925.425,34.567013,0.00162271834,-3.29037e-07,0.0,11820.9627,4918.80785,0.0311667598,-23.6851634,3.0921222e-05
1150.5,105.88654,11820.9757,-44.0601621,-44.0601621,-54.5416173,-54.5416173,-51.9866418,-51.9866418,0.0311668518,-23.824665,-23.824665,-7.7758589e-05,-7.7758589e-05,-2.5707108e-05,-2.5707108e-05,0.536009982,4925.425,34.567013,0.00162272314,-3.46572e-07,0.0,11820.9757,4918.8133,0.0311668518,-23.6855161,3.0921774e-05
1151.0,105.88654,11820.976,-44.06017,-44.06017,-54.54163,-54.54163,-51.986652,-51.986652,0.031166824,-23.824665,-23.824665,-7.7758521e-05,-7.7758521e-05,-2.5707086e-05,-2.5707086e-05,0.536301497,4925.425,34.567013,0.00162272168,2.37776e-07,0.0,11820.976,4918.8135,0.031166824,-23.6854106,3.0921607e-05
1151.5,105.88654,11820.976,-44.06017,-44.06017,-54.54163,-54.54163,-51.986652,-51.986652,0.0311668351,-23.824665,-23.824665,-7.7758548e-05,-7.7758548e-05,-2.5707095e-05,-2.5707095e-05,0.536592998,4925.425,34.567013,0.00162272227,2.36219e-07,0.0,11820.976,4918.8135,0.0311668351,-23.6854532,3.0921675e-05
1152.0,105.88654,11820.976,-44.06017,-44.06017,-54.54163,-54.54163,-51.986652,-51.986652,0.0311668411,-23.824665,-23.824665,-7.7758562e-05,-7.7758562e-05,-2.5707099e-05,-2.5707099e-05,0.536884522,4925.425,34.567013,0.00162272259,4.1371e-07,0.0,11820.976,4918.8135,0.0311668411,-23.6854755,3.0921711e-05
1152.5,105.88654,11820.976,-44.06017,-44.06017,-54.54163,-54.54163,-51.986652,-51.986652,0.0311668344,-23.824665,-23.824665,-7.7758544e-05,-7.7758544e-05,-2.5707094e-05,-2.5707094e-05,0.537176016,4925.425,34.567013,0.00162272224,-1.0857e-07,0.0,11820.976,4918.8135,0.0311668344,-23.685449,3.0921668e-05
1153.0,105.88654,11820.976,-44.06017,-44.06017,-54.54163,-54.54163,-51.986652,-51.986652,0.0311668352,-23.824665,-23.824665,-7.7758548e-05,-7.7758548e-05,-2.5707095e-05,-2.5707095e-05,0.53746751,4925.425,34.567013,0.00162272226,-3.24133e-07,0.0,11820.976,4918.8135,0.0311668352,-23.6854528,3.0921675e-05
1153.5,105.88654,11820.976,-44.06017,-44.06017,-54.54163,-54.54163,-51.986652,-51.986652,0.0311668516,-23.824665,-23.824665,-7.7758589e-05,-7.7758589e-05,-2.5707108e-05,-2.5707108e-05,0.537759034,4925.425,34.567013,0.00162272312,-5.1357e-08,0.0,11820.976,4918.8135,0.0311668516,-23.685517,3.0921775e-05
1154.0,105.88654,11820.976,-44.060166,-44.060166,-54.541625,-54.541625,-51.9866475,-51.9866475,0.0311080725,-24.1955549,-24.1955549,-7.8799624e-05,-7.8799624e-05,-2.605131e-05,-2.605131e-05,0.538050501,4925.425,34.567013,0.00161966275,-3.1678034e-05,0.0,11820.976,4918.81345,0.0311080725,-23.4597582,3.0574281e-05
1154.5,105.88654,11821.0152,-44.0596282,-44.0596282,-54.5411419,-54.5411419,-51.9861771,-51.9861771,0.0012520095,-64.7750281,-64.7750281,4.163777e-05,4.163777e-05,0.000307926887,0.000307926887,0.538341994,4925.425,34.567013,6.518672e-05,-0.002346990392,0.0,11821.0152,4918.81235,0.0012520095,1.40025828,1.2233364e-05
1155.0,105.88654,11821.0715,-44.0601283,-44.0601283,-54.5420219,-54.5420219,-51.9870273,-51.9870273,-0.0364650624,-132.500904,-132.500904,0.000512413058,0.000512413058,0.00154981478,0.00154981478,0.538633493,4925.425,34.567013,-0.00189857799,-0.000317290226,0.0,11821.0715,4918.81404,-0.0364650624,44.0347707,6.8870502e-05
1155.5,105.88654,11821.0856,-44.0600825,-44.0600825,-54.5420295,-54.5420295,-51.987033,-51.987033,-0.0474785889,-200.21936,-200.21936,0.001001922965,0.001001922965,0.00303034608,0.00303034608,0.538924963,4925.425,34.567013,-0.00247200473,-0.000319149471,0.0,11821.0856,4918.81315,-0.0474785889,86.3353005,0.000173311667
1156.0,105.88654,11821.10075,-44.0600945,-44.0600945,-54.5421153,-54.5421153,-51.987115,-51.987115,-0.0582158221,-266.221974,-266.221974,0.00162800618,0.00162800618,0.00492400123,0.00492400123,0.539216418,4925.425,34.567013,-0.00303104598,-0.000262312181,0.0,11821.10075,4918.8131,-0.0582158221,127.574646,0.000312353087
1156.5,105.88654,11821.105,-44.0601766,-44.0601766,-54.5422367,-54.5422367,-51.987233,-51.987233,-0.0615149065,-286.42682,-286.42682,0.00184511179,0.00184511179,0.00558067318,0.00558067318,0.539507834,4925.425,34.567013,-0.00320281503,-1.79679e-07,0.0,11821.105,4918.8133,-0.0615149065,140.245697,0.000361375347
1157.0,105.88654,11821.105,-44.0601706,-44.0601706,-54.54223,-54.54223,-51.987225,-51.987225,-0.0615149066,-286.42682,-286.42682,0.00184511182,0.00184511182,0.00558067312,0.00558067312,0.539799301,4925.425,34.567013,-0.00320281503,-1.9204e-08,0.0,11821.105,4918.813,-0.0615149066,140.245696,0.000361375348
1157.5,105.88654,11821.105,-44.06017,-44.06017,-54.54223,-54.54223,-51.987225,-51.987225,-0.0615149089,-286.42682,-286.42682,0.00184511188,0.00184511188,0.00558067331,0.00558067331,0.540090735,4925.425,34.567013,-0.00320281516,-1.6609e-08,0.0,11821.105,4918.813,-0.0615149089,140.245708,0.000361375383
1158.0,105.88654,11821.105,-44.06017,-44.06017,-54.54223,-54.54223,-51.987225,-51.987225,-0.0615149199,-286.42682,-286.42682,0.00184511219,0.00184511219,0.00558067442,0.00558067442,0.540382175,4925.425,34.567013,-0.00320281575,-2.01797e-07,0.0,11821.105,4918.813,-0.0615149199,140.245747,0.000361375558
1158.5,104.40587,11817.5813,-43.5950434,-43.5950434,-53.9507643,-53.9507643,-51.4133591,-51.4133591,-0.0616415428,-286.42682,-286.42682,0.00184891021,0.00184891021,0.00559216057,0.00559216057,0.54067329,4925.425,34.567013,-0.00320940849,-1.6210227e-05,0.0,11817.5813,4917.346790000001,-0.0616415428,140.732082,0.000363380713
1159.0,91.6251558,11798.2401,-38.2027526,-38.2027526,-47.2002312,-47.2002312,-44.862583,-44.862583,-0.0628604668,-286.42682,-286.42682,0.00188547123,0.00188547123,0.00570272943,0.00570272943,0.540949696,4925.425,34.567013,-0.00327287247,-4.153571e-05,0.0,11798.2401,4909.29816,-0.0628604668,145.41369,0.000382915787
1159.5,76.5398498,11796.0473,-31.8507318,-31.8507318,-39.3445536,-39.3445536,-37.2013866,-37.2013866,-0.0642995939,-286.42682,-286.42682,0.00192863722,0.00192863722,0.00583327301,0.00583327301,0.54119147,4925.425,34.567013,-0.00334780171,-4.0314948e-05,0.0,11796.0473,4908.38474,-0.0642995939,150.941064,0.000406568157
1160.0,61.4545475,11796.0024,-25.5712921,-25.5712921,-31.5875638,-31.5875638,-29.5997679,-29.5997679,-0.0657323016,-286.42682,-286.42682,0.00197161071,0.00197161071,0.00596323335,0.00596323335,0.541396309,4925.425,34.567013,-0.00342239658,-4.173806e-05,0.0,11796.0024,4908.36522,-0.0657323016,156.443787,0.000430777714
1160.5,46.3692423,11796.003999999995,-19.2948697,-19.2948697,-23.8344628,-23.8344628,-21.9709074,-21.9709074,-0.0671648499,-286.42682,-286.42682,0.00201457925,0.00201457925,0.00609317847,0.00609317847,0.541561546,4925.425,34.567013,-0.00349698313,-4.0890859e-05,0.0,11796.003999999995,4908.36503,-0.0671648499,161.945883,0.000455644917
1161.0,31.2839377,7533.60132,-68.992334634,-68.992334634,-62.215315174,-62.215315174,-59.691286982,-59.691286982,-0.0636993847,-286.42682,-286.42682,0.0019106343,0.0019106343,0.00577882461,0.00577882461,0.541832802,3110.76466,34.567013,-0.0033165515,-0.000113499237,0.0,7533.60132,3134.74988,-0.0636993847,148.6358,0.000400205691
1161.5,19.2652974,6000.63418,-4.75112501,-4.75112501,-3.004423774,-3.004423774,-2.489273655,-2.489273655,-0.0700266016,-286.42682,-286.42682,0.00210041625,0.00210041625,0.00635276364,0.00635276364,0.541926374,2547.296,34.567013,-0.00364598223,6.551768e-06,0.0,6000.63418,2496.86731,-0.0700266016,172.937246,0.00050727257
1162.0,18.292679,6110.477629999999,-7.49722607,-7.49722607,-4.79742091,-4.79742091,-4.12956407,-4.12956407,-0.0698431697,-286.42682,-286.42682,0.00209491429,0.00209491429,0.00633612481,0.00633612481,0.541953685,2547.296,34.567013,-0.00363643172,1.427205e-06,0.0,6110.477629999999,2542.57407,-0.0698431697,172.232719,0.000503881271
1162.5,18.292679,6113.54922,-7.60952756,-7.60952756,-4.87169103,-4.87169103,-4.20288054,-4.20288054,-0.0698333232,-286.42682,-286.42682,0.00209461902,0.00209461902,0.0063352317,0.0063352317,0.541985355,2547.296,34.567013,-0.00363591908,8.9068e-08,0.0,6113.54922,2543.85215,-0.0698333232,172.194903,0.000503699603
1163.0,18.292679,6113.60702,-7.61167815,-7.61167815,-4.87311376,-4.87311376,-4.20429082,-4.20429082,-0.0698331319,-286.42682,-286.42682,0.0020946132,0.0020946132,0.00633521413,0.00633521413,0.542017169,2547.296,34.567013,-0.00363590896,2.16831e-07,0.0,6113.60702,2543.87627,-0.0698331319,172.194157,0.000503696047
1163.5,18.292679,6113.608,-7.61171761,-7.61171761,-4.87314002,-4.87314002,-4.20431669,-4.20431669,-0.069833098,-286.42682,-286.42682,0.00209461226,0.00209461226,0.00633521129,0.00633521129,0.542048984,2547.296,34.567013,-0.00363590737,2.099e-07,0.0,6113.608,2543.8767,-0.069833098,172.194041,0.000503695455
1164.0,18.292679,6113.608,-7.6117187,-7.6117187,-4.8731403,-4.8731403,-4.204317,-4.204317,-0.069833121,-286.42682,-286.42682,0.00209461285,0.00209461285,0.00633521328,0.00633521328,0.542080795,2547.296,34.567013,-0.00363590844,-1.85942e-07,0.0,6113.608,2543.8767,-0.069833121,172.194118,0.00050369585
1164.5,18.292679,6113.60248,-7.61179367,-7.61179367,-4.87318413,-4.87318413,-4.20436126,-4.20436126,-0.0656429475,-260.577583,-260.577583,0.00179679331,0.00179679331,0.00543441058,0.00543441058,0.542112618,2547.296,34.567013,-0.00341774431,0.000281374992,0.0,6113.60248,2543.87682,-0.0656429475,156.100591,0.000430607861
1165.0,18.292679,6113.58766,-7.61180404,-7.61180404,-4.87317886,-4.87317886,-4.20435739,-4.20435739,-0.0551621982,-196.127737,-196.127737,0.001138851013,0.001138851013,0.00344441237,0.00344441237,0.542144446,2547.296,34.567013,-0.00287205709,0.000308068249,0.0,6113.58766,2543.8767,-0.0551621982,115.8463476,0.000269153457
1165.5,18.292679,6113.5729,-7.6118031,-7.6118031,-4.87316663,-4.87316663,-4.2043466,-4.2043466,-0.0446192972,-131.3045555,-131.3045555,0.000619428141,0.000619428141,0.00187343621,0.00187343621,0.542176284,2547.296,34.567013,-0.00232313377,0.000304912234,0.0,6113.5729,2543.8767,-0.0446192972,75.3533886,0.000142311583
1166.0,18.292679,6113.55783,-7.611803,-7.611803,-4.87315485,-4.87315485,-4.20433644,-4.20433644,-0.0340766427,-66.4816274,-66.4816274,0.000243143701,0.000243143701,0.000735398309,0.000735398309,0.542208133,2547.296,34.567013,-0.00177422336,0.000305113353,0.0,6113.55783,2543.8767,-0.0340766427,34.8613812,5.1236364e-05
1166.5,18.292679,6113.50551,-7.6122322,-7.6122322,-4.87338761,-4.87338761,-4.20457345,-4.20457345,0.00431622824,-1.65443536,-1.65443536,4.6609453e-05,4.6609453e-05,0.000141619554,0.000141619554,0.542239992,2547.296,34.567013,0.000224727322,0.002172084702,0.0,6113.50551,2543.87726,0.00431622824,-5.220498428,1.2716145e-05
1167.0,18.292679,6113.45731,-7.61176435,-7.61176435,-4.8730497,-4.8730497,-4.20424178,-4.20424178,0.036981483,63.1632732,63.1632732,0.000250516258,0.000250516258,0.000757690523,0.000757690523,0.542271847,2547.296,34.567013,0.0019254658,0.000300313197,0.0,6113.45731,2543.87629,0.036981483,-46.0182286,7.276102e-05
1167.5,18.292679,6113.44367,-7.61180002,-7.61180002,-4.8730618,-4.8730618,-4.20425499,-4.20425499,0.0474951848,127.8006016,127.8006016,0.000641366989,0.000641366989,0.00193976861,0.00193976861,0.542303699,2547.296,34.567013,0.00247286884,0.00027364566,0.0,6113.44367,2543.87685,0.0474951848,-86.3990394,0.000173320776
1168.0,18.266002,6113.38716,-7.60614112,-7.60614112,-4.86939382,-4.86939382,-4.20061301,-4.20061301,0.0519764374,155.28339,155.28339,0.00084520123,0.00084520123,0.00255624435,0.00255624435,0.54233554,2547.296,34.567013,0.00270618822,-5.68046e-07,0.0,6113.38716,2543.85587,0.0519764374,-103.6105396,0.000225579203
1168.5,17.4813867,6111.93318,-7.28593465,-7.28593465,-4.66329557,-4.66329557,-3.9970617,-3.9970617,0.0519025848,155.28339,155.28339,0.000844000289,0.000844000289,0.00255261277,0.00255261277,0.5423668,2547.296,34.567013,0.00270234302,-3.229088e-06,0.0,6111.93318,2543.2508,0.0519025848,-103.3268894,0.000224642151
1169.0,16.3515404,6111.5656,-6.80435077,-6.80435077,-4.3547958,-4.3547958,-3.69613205,-3.69613205,0.0517942833,155.28339,155.28339,0.0008422392,0.0008422392,0.0025472873,0.0025472873,0.542396007,2547.296,34.567013,0.00269670434,-3.70281e-06,0.0,6111.5656,2543.09787,0.0517942833,-102.9109314,0.000223270962
1169.5,15.2216942,6111.5576,-6.33387685,-6.33387685,-4.05368642,-4.05368642,-3.40739629,-3.40739629,0.0516869643,155.28339,155.28339,0.000840494043,0.000840494043,0.00254201013,0.00254201013,0.54242308,2547.296,34.567013,0.00269111668,-3.37723e-06,0.0,6111.5576,2543.09435,0.0516869643,-102.4987406,0.000221915922
1170.0,14.0959314,6111.56054,-5.86400513,-5.86400513,-3.75296975,-3.75296975,-3.12395617,-3.12395617,0.0515799386,155.28339,155.28339,0.000838753666,0.000838753666,0.00253674728,0.00253674728,0.542448039,2547.296,34.567013,0.00268554424,-2.574971e-06,0.0,6111.56054,2543.09554,0.0515799386,-102.087678,0.000220568276
1170.5,13.624251,6112.86638,-5.65339832,-5.65339832,-3.61895491,-3.61895491,-2.99895454,-2.99895454,0.051533728,155.28339,155.28339,0.000838002241,0.000838002241,0.00253447497,0.00253447497,0.542471305,2547.296,34.567013,0.00268313826,1.68115e-07,0.0,6112.86638,2543.63898,0.051533728,-101.910193,0.000219987392
1171.0,13.624251,6113.424059999999,-5.66863188,-5.66863188,-3.62903699,-3.62903699,-3.00827237,-3.00827237,0.0515350679,155.28339,155.28339,0.000838024037,0.000838024037,0.00253454093,0.00253454093,0.542494341,2547.296,34.567013,0.00268320809,3.0621e-08,0.0,6113.424059999999,2543.87098,0.0515350679,-101.9153421,0.000220004231
1171.5,13.624251,6113.4379,-5.66914192,-5.66914192,-3.62937168,-3.62937168,-3.00858201,-3.00858201,0.0515351083,155.28339,155.28339,0.000838024674,0.000838024674,0.00253454283,0.00253454283,0.542517382,2547.296,34.567013,0.00268321014,6.0043e-08,0.0,6113.4379,2543.87674,0.0515351083,-101.9154921,0.000220004726
1172.0,13.624251,6113.438,-5.66915148,-5.66915148,-3.6293779,-3.6293779,-3.00858784,-3.00858784,0.0515351209,155.28339,155.28339,0.000838024887,0.000838024887,0.00253454346,0.00253454346,0.542540437,2547.296,34.567013,0.00268321075,2.14774e-07,0.0,6113.438,2543.877,0.0515351209,-101.9155424,0.000220004884
1172.5,13.624251,6135.541569999999,-3.3173637,-3.3173637,-2.1062403,-2.1062403,-1.47224275,-1.47224275,0.0513309473,155.28339,155.28339,0.000834704786,0.000834704786,0.00252450361,0.00252450361,0.54256247,2564.49186,34.567013,0.00267258032,-3.0124931e-05,0.0,6135.541569999999,2553.07431,0.0513309473,-101.1313615,0.000217475581
1173.0,13.624251,7211.37537,9.7195027,9.7195027,7.31103253,7.31103253,8.14703465,8.14703465,0.0501894318,155.28339,155.28339,0.000816142303,0.000816142303,0.00246837149,0.00246837149,0.542527177,3020.25973,34.567013,0.0026131466,2.212273e-06,0.0,7211.37537,3000.73585,0.0501894318,-96.747047,0.000203394668
1173.5,13.624251,8795.52967,8.7980587,8.7980587,8.10207999,8.10207999,9.4606355,9.4606355,0.0502701163,155.28339,155.28339,0.00081745434,0.00081745434,0.002472339,0.002472339,0.542449878,3665.23373,34.567013,0.00261734742,3.09449e-07,0.0,8795.52967,3659.91421,0.0502701163,-97.0569378,0.00020437374
1174.0,13.624251,10317.43965,6.22520753,6.22520753,6.58977354,6.58977354,8.31581173,8.31581173,0.0504935333,155.28339,155.28339,0.000821087389,0.000821087389,0.00248332515,0.00248332515,0.542356915,4290.49756,34.567013,0.00262897982,3.0960394e-05,0.0,10317.43965,4293.19232,0.0504935333,-97.9150334,0.00020712925
1174.5,13.624251,10763.8143,-6.60694588,-6.60694588,-7.44906174,-7.44906174,-5.8068205,-5.8068205,0.051617268,155.28339,155.28339,0.000839360693,0.000839360693,0.00253858287,0.00253858287,0.542351453,4470.248,34.567013,0.00268748782,-2.596439e-06,0.0,10763.8143,4478.93272,0.051617268,-102.2310503,0.000221038216
1175.0,13.624251,10729.4159,-5.70205062,-5.70205062,-6.40672338,-6.40672338,-4.84186693,-4.84186693,0.0515380286,155.28339,155.28339,0.00083807217,0.00083807217,0.00253468647,0.00253468647,0.542390056,4470.248,34.567013,0.00268336221,-4.68619e-07,0.0,10729.4159,4464.61927,0.0515380286,-101.9267095,0.000220041409
1175.5,13.624251,10728.5395,-5.66977145,-5.66977145,-6.36993185,-6.36993185,-4.80895539,-4.80895539,0.0515351686,155.28339,155.28339,0.000838025656,0.000838025656,0.00253454582,0.00253454582,0.54242632,4470.248,34.567013,0.00268321326,-9.5727e-08,0.0,10728.5395,4464.25467,0.0515351686,-101.9157244,0.000220005482
1176.0,13.624251,10728.5227,-5.66916294,-5.66916294,-6.36923832,-6.36923832,-4.80833619,-4.80833619,0.0515351051,155.28339,155.28339,0.000838024629,0.000838024629,0.00253454272,0.00253454272,0.542462517,4470.248,34.567013,0.00268321002,2.7383e-07,0.0,10728.5227,4464.24772,0.0515351051,-101.915483,0.000220004691
1176.5,12.5587826,10726.0203,-5.2940681,-5.2940681,-5.9465584,-5.9465584,-4.43953301,-4.43953301,0.0514403383,155.28339,155.28339,0.000836483598,0.000836483598,0.00252988269,0.00252988269,0.542498239,4470.248,34.567013,0.00267827588,-8.849258e-06,0.0,10726.0203,4463.20648,0.0514403383,-101.5515042,0.000218817575
1177.0,7.57432878,10720.0236,-3.16570638,-3.16570638,-3.5538407,-3.5538407,-2.50736707,-2.50736707,0.0509625504,155.28339,155.28339,0.000828714186,0.000828714186,0.00250638835,0.00250638835,0.542524994,4470.248,34.567013,0.00265339958,-1.4310478e-05,0.0,10720.0236,4460.71068,0.0509625504,-99.716426,0.000212869555
1177.5,2.231651894,10719.6397,-0.928931454,-0.928931454,-1.0427798616,-1.0427798616,-0.7250451694,-0.7250451694,0.0504314432,155.144189,155.144189,0.000819344537,0.000819344537,0.00247805434,0.00247805434,0.542537492,4470.248,34.567013,0.00262574707,-1.7092333e-05,0.0,10719.6397,4460.55069,0.0504314432,-97.6765584,0.000206342882
1178.0,-3.111025007,10719.6333,1.29433375,1.29433375,1.452963854,1.452963854,2.07282018,2.07282018,0.0498526592,154.705159,154.705159,0.000807649566,0.000807649566,0.00244268751,0.00244268751,0.54253319,4470.248,34.567013,0.00259561231,-1.6769221e-05,0.0,10719.6333,4460.547560000001,0.0498526592,-95.4535804,0.000199332863
1178.5,-7.67863179,10721.483,3.25693502,3.25693502,3.65678268,3.65678268,5.20986996,5.20986996,0.0493400661,154.255895,154.255895,0.000797022834,0.000797022834,0.00241055098,0.00241055098,0.542501632,4470.248,34.567013,0.00256892374,-9.473595e-06,0.0,10721.483,4461.3171,0.0493400661,-93.4848197,0.000193211434
1179.0,-8.239231,10727.9692,3.44800562,3.44800562,3.87359286,3.87359286,5.52598824,5.52598824,0.0492210766,153.831276,153.831276,0.000792911015,0.000792911015,0.00239811537,0.00239811537,0.542454718,4470.248,34.567013,0.00256272852,-1.495217e-06,0.0,10727.9692,4464.01583,0.0492210766,-93.0278124,0.000191801766
1179.5,-6.68368223,10731.923,2.84291089,2.84291089,3.19486293,3.19486293,4.55783973,4.55783973,0.049348287,153.73105,153.73105,0.00079444218,0.00079444218,0.00240274523,0.00240274523,0.542410166,4470.248,34.567013,0.00256935184,9.782571e-06,0.0,10731.923,4465.66121,0.049348287,-93.516397,0.00019330944
1180.0,-2.366060335,10735.64985,0.989832425,0.989832425,1.112796796,1.112796796,1.587532712,1.587532712,0.0497630817,153.73105,153.73105,0.000801119831,0.000801119831,0.00242293821,0.00242293821,0.542384561,4470.248,34.567013,0.00259094837,1.169764e-05,0.0,10735.64985,4467.21205,0.0497630817,-95.1095319,0.000198255364
1180.5,1.9992004395,10735.7878,-0.8318170332,-0.8318170332,-0.9351696685,-0.9351696685,-0.6555164576,-0.6555164576,0.0501781041,153.73105,153.73105,0.000807801156,0.000807801156,0.00244314231,0.00244314231,0.542381714,4470.248,34.567013,0.00261255683,1.1884292e-05,0.0,10735.7878,4467.26995,0.0501781041,-96.7035439,0.000203259148
1181.0,6.36446122,10735.7897,-2.6480894,-2.6480894,-2.9771126,-2.9771126,-2.08683663,-2.08683663,0.0505926343,153.73105,153.73105,0.000814474531,0.000814474531,0.00246332244,0.00246332244,0.542392349,4470.248,34.567013,0.00263413961,1.181624e-05,0.0,10735.7897,4467.2709,0.0505926343,-98.295661,0.000208312345
1181.5,10.729722,10735.7894,-4.46461463,-4.46461463,-5.01933964,-5.01933964,-3.64756702,-3.64756702,0.0510071812,153.73105,153.73105,0.000821148184,0.000821148184,0.00248350328,0.00248350328,0.542414121,4470.248,34.567013,0.00265572323,1.1855223e-05,0.0,10735.7894,4467.2711,0.0510071812,-99.887843,0.00021342103
1182.0,15.0949829,10735.7884,-6.28106724,-6.28106724,-7.06148442,-7.06148442,-5.44515117,-5.44515117,0.0514217268,153.73105,153.73105,0.000827821841,0.000827821841,0.00250368403,0.00250368403,0.542448277,4470.248,34.567013,0.00267730691,1.2123069e-05,0.0,10735.7884,4467.270849999999,0.0514217268,-101.480022,0.000218585
1182.5,19.4602437,10735.7882,-8.0975633,-8.0975633,-9.10367845,-9.10367845,-7.42590488,-7.42590488,0.0518362589,153.73105,153.73105,0.000834495227,0.000834495227,0.00252386403,0.00252386403,0.542495816,4470.248,34.567013,0.00269888974,1.1718563e-05,0.0,10735.7882,4467.27095,0.0518362589,-103.072148,0.000223804087
1183.0,23.7481116,10735.6569,-9.8996343,-9.8996343,-11.1295096,-11.1295096,-9.5658574,-9.5658574,0.0522451244,153.73105,153.73105,0.000841077462,0.000841077462,0.00254376819,0.00254376819,0.542557566,4470.248,34.567013,0.0027201777,9.853539e-06,0.0,10735.6569,4467.2167,0.0522451244,-104.6425156,0.000229005716
1183.5,25.184645,10730.1236,-10.5286048,-10.5286048,-11.8305351,-11.8305351,-10.33279265,-10.33279265,0.052384771,153.73105,153.73105,0.000843325571,0.000843325571,0.00255056633,0.00255056633,0.542630321,4470.248,34.567013,0.0027274484,-3.4727e-07,0.0,10730.1236,4464.91426,0.052384771,-105.178864,0.000230792736
1184.0,25.184645,10728.558,-10.4808577,-10.4808577,-11.77515935,-11.77515935,-10.28088635,-10.28088635,0.0523805811,153.73105,153.73105,0.000843258112,0.000843258112,0.00255036238,0.00255036238,0.542704117,4470.248,34.567013,0.00272723029,9.8984e-08,0.0,10728.558,4464.26275,0.0523805811,-105.162769,0.000230738961
1184.5,25.184645,10728.521900000002,-10.4795418,-10.4795418,-11.7736421,-11.7736421,-10.2794643,-10.2794643,0.0523804769,153.73105,153.73105,0.000843256425,0.000843256425,0.00255035727,0.00255035727,0.54277781,4470.248,34.567013,0.00272722481,4.5452e-08,0.0,10728.521900000002,4464.2479,0.0523804769,-105.1623665,0.000230737618
1185.0,25.184645,10728.521,-10.4795172,-10.4795172,-11.7736135,-11.7736135,-10.2794376,-10.2794376,0.0523804502,153.73105,153.73105,0.000843255991,0.000843255991,0.00255035598,0.00255035598,0.542851488,4470.248,34.567013,0.00272722343,-1.62928e-07,0.0,10728.521,4464.2476,0.0523804502,-105.1622638,0.000230737276
1185.5,25.184645,10728.521,-10.479517,-10.479517,-11.773613,-11.773613,-10.279437,-10.279437,0.0523804533,153.73105,153.73105,0.000843256051,0.000843256051,0.00255035608,0.00255035608,0.542925189,4470.248,34.567013,0.00272722359,-1.327e-07,0.0,10728.521,4464.2476,0.0523804533,-105.1622756,0.000230737313
1186.0,25.184645,10728.521,-10.479517,-10.479517,-11.773613,-11.773613,-10.279437,-10.279437,0.052380475,153.73105,153.73105,0.00084325639,0.00084325639,0.00255035719,0.00255035719,0.542998873,4470.248,34.567013,0.00272722476,4.2294e-08,0.0,10728.521,4464.2476,0.052380475,-105.1623596,0.000230737591
1186.5,25.184645,10728.5233,-10.4794828,-10.4794828,-11.77357725,-11.77357725,-10.2794034,-10.2794034,0.0507380713,143.591698,143.591698,0.000764247144,0.000764247144,0.00231140125,0.00231140125,0.543072569,4470.248,34.567013,0.00264171185,-0.00013292401,0.0,10728.5233,4464.2476,0.0507380713,-98.854252,0.000210421562
1187.0,25.184645,10728.5314,-10.4794703,-10.4794703,-11.7735721,-11.7735721,-10.2793982,-10.2793982,0.0452271287,109.6980816,109.6980816,0.000521255097,0.000521255097,0.00157650065,0.00157650065,0.543146258,4470.248,34.567013,0.00235478096,-0.000164684695,0.0,10728.5314,4464.2476,0.0452271287,-77.687937,0.00014760369
1187.5,25.184645,10728.5396,-10.479471,-10.479471,-11.7735815,-11.7735815,-10.27940645,-10.27940645,0.0395603369,74.8528676,74.8528676,0.000311802705,0.000311802705,0.000943042085,0.000943042085,0.543219953,4470.248,34.567013,0.00205973562,-0.000169946294,0.0,10728.5396,4464.2476,0.0395603369,-55.9230416,9.3096298e-05
1188.0,25.184645,10728.5477,-10.479471,-10.479471,-11.7735902,-11.7735902,-10.2794138,-10.2794138,0.0338935295,40.0145777,40.0145777,0.000143730288,0.000143730288,0.000434729209,0.000434729209,0.543293656,4470.248,34.567013,0.00176468944,-0.000156989647,0.0,10728.5477,4464.2476,0.0338935295,-34.1580827,4.8921365e-05
1188.5,25.184645,10728.5558,-10.479471,-10.479471,-11.77359925,-11.77359925,-10.2794218,-10.2794218,0.028226582,5.1680140786,5.1680140786,1.6981681e-05,1.6981681e-05,6.691153e-05,6.691153e-05,0.543367354,4470.248,34.567013,0.00146963602,-0.000164476925,0.0,10728.5558,4464.2476,0.028226582,-12.39258964,1.5078553e-05
1189.0,25.184645,10728.6188,-10.47907925,-10.47907925,-11.77322745,-11.77322745,-10.2790684,-10.2790684,-0.0170958908,-19.9051643,-19.9051643,3.9771686e-05,3.9771686e-05,0.00013609874,0.00013609874,0.543441057,4470.248,34.567013,-0.000890109074,-0.000949253853,0.0,10728.6188,4464.2474,-0.0170958908,3.034187963,3.395138e-06
1189.5,26.569944,10731.8162,-10.88018975,-10.88018975,-12.22792155,-12.22792155,-10.7104458,-10.7104458,-0.0258867406,-20.950113,-20.950113,5.6792679e-05,5.6792679e-05,0.000171788379,0.000171788379,0.54351504,4470.248,34.567013,-0.00134781059,1.9638938e-05,0.0,10731.8162,4465.57276,-0.0258867406,3.40577441,3.698718e-06
1190.0,42.1572558,10757.05865,-17.4185768,-17.4185768,-19.6224312,-19.6224312,-17.94337655,-17.94337655,0.00742129196,-20.950113,-20.950113,-1.6281503e-05,-1.6281503e-05,4.0707253e-05,4.0707253e-05,0.543610201,4470.248,34.567013,0.000386394585,0.001923353122,0.0,10757.05865,4476.09581,0.00742129196,-1.869202581,2.297565e-06
1190.5,61.4563462,10760.6003,-25.5697577,-25.5697577,-28.8132326,-28.8132326,-26.9973531,-26.9973531,0.0274122153,-20.950113,-20.950113,-6.0139403e-05,-6.0139403e-05,-1.9881918e-05,-1.9881918e-05,0.543757121,4470.248,34.567013,0.00142723547,5.4179966e-05,0.0,10760.6003,4477.58137,0.0274122153,-9.26478664,1.0682827e-05
1191.0,80.4579209,10760.189699999995,-33.5499357,-33.5499357,-37.8040549,-37.8040549,-35.8040413,-35.8040413,0.0292235625,-20.950113,-20.950113,-6.41133e-05,-6.41133e-05,-2.1195711e-05,-2.1195711e-05,0.543951763,4470.248,34.567013,0.00152154449,4.3740181e-05,0.0,10760.189699999995,4477.41145,0.0292235625,-16.2217711,1.9896832e-05
1191.5,86.987495,10735.91135,-36.4194947,-36.4194947,-40.9451762,-40.9451762,-38.8697573,-38.8697573,0.0298591999,-20.950113,-20.950113,-6.5507819e-05,-6.5507819e-05,-2.1656748e-05,-2.1656748e-05,0.544179751,4470.248,34.567013,0.00155463935,-1.483855e-06,0.0,10735.91135,4467.30941,0.0298591999,-18.6631147,2.3342728e-05
1192.0,86.4273699,10727.55405,-36.066381,-36.066381,-40.5165797,-40.5165797,-38.4518598,-38.4518598,0.0297960016,-20.950113,-20.950113,-6.5369169e-05,-6.5369169e-05,-2.161091e-05,-2.161091e-05,0.544410507,4470.248,34.567013,0.00155134889,-1.060046e-05,0.0,10727.55405,4463.83196,0.0297960016,-18.4203828,2.29916e-05
1192.5,75.49094,10707.9474,-31.5438234,-31.5438234,-35.3718478,-35.3718478,-33.4334992,-33.4334992,0.0287614421,-20.950113,-20.950113,-6.3099459e-05,-6.3099459e-05,-2.0860529e-05,-2.0860529e-05,0.544630601,4470.248,34.567013,0.00149748388,-4.2077864e-05,0.0,10707.9474,4455.67274,0.0287614421,-14.4468689,1.743246e-05
1193.0,60.6763706,10703.98495,-25.2514075,-25.2514075,-28.3047903,-28.3047903,-26.5076553,-26.5076553,0.0273433342,-20.950113,-20.950113,-5.9988285e-05,-5.9988285e-05,-1.9831958e-05,-1.9831958e-05,0.544817799,4470.248,34.567013,0.00142364913,-4.0408677e-05,0.0,10703.98495,4454.02322,0.0273433342,-9.00023045,1.033476e-05
1193.5,45.8618022,10703.9007,-19.0831417,-19.0831417,-21.390483,-21.390483,-19.7032478,-19.7032478,0.0259375415,-20.950113,-20.950113,-5.6904131e-05,-5.6904131e-05,-1.8812321e-05,-1.8812321e-05,0.544968388,4470.248,34.408563,0.00135045557,-3.9599082e-05,0.0,10703.9007,4453.98742,0.0259375415,-3.59548772,3.932519e-06
1194.0,31.0472317,10703.9478,-12.916782,-12.916782,-14.4786058,-14.4786058,-12.8784124,-12.8784124,-0.0071239642,-20.950113,-20.950113,1.5629199e-05,1.5629199e-05,9.4526415e-05,9.4526415e-05,0.545079519,4470.248,19.125053,-0.000370913987,-0.001683217586,0.0,10703.9478,4453.98767,-0.0071239642,1.430564935,1.820462e-06
1194.5,16.2326635,10704.0076,-6.75457216,-6.75457216,-7.57133959,-7.57133959,-6.00547311,-6.00547311,-0.046018079,-30.7458185,-30.7458185,0.00015470035,0.00015470035,0.000467899592,0.000467899592,0.545147269,4470.248,5.5767975,-0.00239596228,-0.000907673202,0.0,10704.0076,4453.98977,-0.046018079,13.0237299,2.7327848e-05
1195.0,7.5414424,10717.06305,-2.91982731,-2.91982731,-3.27688899,-3.27688899,-2.29696784,-2.29696784,-0.0753835954,-54.7117393,-54.7117393,0.000436969676,0.000436969676,0.00132145963,0.00132145963,0.545174554,4470.248,5.5767975,-0.00392489776,-0.000725801967,0.0,10717.06305,4459.40497,-0.0753835954,31.2199003,9.985301e-05
1195.5,7.481086,10728.36015,-3.09907934,-3.09907934,-3.48172709,-3.48172709,-2.44055114,-2.44055114,-0.0995211261,-78.790348,-78.790348,0.000826169563,0.000826169563,0.00249820157,0.00249820157,0.545192822,4470.248,5.5767975,-0.0051816345,-0.000699269161,0.0,10728.36015,4464.09181,-0.0995211261,46.17658,0.000193749759
1196.0,7.481086,5650.28246,-90.9700366,-90.9700366,-56.81731362,-56.81731362,-53.77861357,-53.77861357,-0.0759600542,-102.8585958,-102.8585958,0.000826341092,0.000826341092,0.00249890064,0.00249890064,0.545384627,2240.926592,5.5767975,-0.00395491141,-0.001571920134,0.0,5650.28246,2351.07989,-0.0759600542,31.577099,0.000108520922
1196.5,7.481086,1647.86463,2.854546139,2.854546139,0.4425375894,0.4425375894,0.6329929688,0.6329929688,-0.151107192,-126.9455745,-126.9455745,0.00201288641,0.00201288641,0.00608572802,0.00608572802,0.545485049,799.38556,5.5767975,-0.00786749794,-0.000826827536,0.0,1647.86463,685.600397,-0.151107192,78.1415809,0.000495496085
1197.0,7.481086,1911.08731,-2.8310033,-2.8310033,-0.56679573,-0.56679573,-0.402564667,-0.402564667,-0.172277272,-151.018908,-151.018908,0.00272943802,0.00272943802,0.00825186325,0.00825186325,0.545485047,799.38556,5.5767975,-0.00896973205,-0.000682384447,0.0,1911.08731,795.116938,-0.172277272,91.259498,0.00065976224
1197.5,7.481086,1918.65412,-3.10745006,-3.10745006,-0.624352025,-0.624352025,-0.443788962,-0.443788962,-0.194463083,-173.158464,-173.158464,0.00352863257,0.00352863257,0.01066777445,0.01066777445,0.545488387,799.38556,5.5767975,-0.01012485135,-0.000419918937,0.0,1918.65412,798.252595,-0.194463083,105.0068059,0.000855959124
1198.0,7.481086,1918.80147,-3.11284588,-3.11284588,-0.625484106,-0.625484106,-0.444601165,-0.444601165,-0.198925663,-177.47354,-177.47354,0.00369703062,0.00369703062,0.0111768292,0.0111768292,0.545491801,799.38556,5.5767975,-0.0103571985,6.005e-09,0.0,1918.80147,798.311309,-0.198925663,107.7720193,0.000898018818
1198.5,15.347172,1935.4149,-6.11822771,-6.11822771,-1.242309884,-1.242309884,-0.97816247,-0.97816247,-0.194539067,-177.47354,-177.47354,0.00361550577,0.00361550577,0.0109304991,0.0109304991,0.545496341,799.38556,5.5767975,-0.0101288077,0.000281295687,0.0,1935.4149,805.226827,-0.194539067,105.0538884,0.000856312137
1199.0,33.6228565,1948.84018,-13.97506105,-13.97506105,-2.85214947,-2.85214947,-2.51094576,-2.51094576,-0.183685295,-177.47354,-177.47354,0.00341378854,0.00341378854,0.0103209805,0.0103209805,0.545509738,799.38556,5.5767975,-0.0095636987,0.000311973837,0.0,1948.84018,810.819534,-0.183685295,98.328411,0.00075680645
1199.5,51.94041,1949.24758,-21.6125724,-21.6125724,-4.41166117,-4.41166117,-3.97638043,-3.97638043,-0.172925261,-177.47354,-177.47354,0.00321381346,0.00321381346,0.009716689,0.009716689,0.545534438,799.38556,5.5767975,-0.0090034703,0.000311007866,0.0,1949.24758,810.995332,-0.172925261,91.6610218,0.000664191984
1200.0,70.257963,1949.24052,-29.2349383,-29.2349383,-5.96755122,-5.96755122,-5.41387063,-5.41387063,-0.162173699,-177.47354,-177.47354,0.00301399589,0.00301399589,0.00911283635,0.00911283635,0.545569728,799.38556,5.5767975,-0.00844368295,0.000310988707,0.0,1949.24052,810.998666,-0.162173699,84.9988804,0.000577654775
1200.5,88.5755173,1949.22561,-36.8570137,-36.8570137,-7.52334188,-7.52334188,-6.82652139,-6.82652139,-0.151422304,-177.47354,-177.47354,0.00281418132,0.00281418132,0.0085089563,0.0085089563,0.545615164,799.38556,5.5767975,-0.00788390441,0.000310988343,0.0,1949.22561,810.99875,-0.151422304,78.33684,0.000497119491
1201.0,106.8930701,1949.21055,-44.4790812,-44.4790812,-9.0791071,-9.0791071,-8.21474379,-8.21474379,-0.140670908,-177.47354,-177.47354,0.00261436686,0.00261436686,0.00790503889,0.00790503889,0.545670297,799.38556,5.5767975,-0.00732412566,0.00031098834,0.0,1949.21055,810.9988,-0.140670908,71.674803,0.000422584785
1201.5,122.370614,1942.44649,-51.1360697,-51.1360697,-10.40107765,-10.40107765,-9.37257975,-9.37257975,-0.131417901,-177.47354,-177.47354,0.00244239989,0.00244239989,0.00738525921,0.00738525921,0.545734525,799.38556,5.5767975,-0.0068423617,0.000142327711,0.0,1942.44649,808.189598,-0.131417901,65.9412301,0.000363061402
1202.0,124.140785,1920.49757,-51.7189425,-51.7189425,-10.4014164,-10.4014164,-9.359573,-9.359573,-0.130417618,-177.47354,-177.47354,0.0024238095,0.0024238095,0.00732906787,0.00732906787,0.545802458,799.38556,5.5767975,-0.00679028109,-3.659565e-06,0.0,1920.49757,799.057066,-0.130417618,65.3214099,0.000356845694
1202.5,124.140785,1918.74332,-51.6572091,-51.6572091,-10.3795001,-10.3795001,-9.33930735,-9.33930735,-0.130452069,-177.47354,-177.47354,0.00242444977,0.00242444977,0.00733100318,0.00733100318,0.545869929,799.38556,5.5767975,-0.00679207478,-8.4492e-08,0.0,1918.74332,798.327089,-0.130452069,65.3427556,0.000357056559
1203.0,124.140785,1918.70862,-51.6559218,-51.6559218,-10.3790537,-10.3790537,-9.3388955,-9.3388955,-0.130452788,-177.47354,-177.47354,0.00242446325,0.00242446325,0.00733104359,0.00733104359,0.545937348,799.38556,5.5767975,-0.00679211234,-1.577e-09,0.0,1918.70862,798.312658,-0.130452788,65.3432035,0.000357060975
1203.5,124.140785,1918.708,-51.6559,-51.6559,-10.3790455,-10.3790455,-9.3388879,-9.3388879,-0.1304528,-177.47354,-177.47354,0.0024244634,0.0024244634,0.0073310444,0.0073310444,0.546004775,799.38556,5.5767975,-0.006792113,-2.9e-11,0.0,1918.708,798.3124,-0.1304528,65.34321,0.00035706107
1204.0,124.140785,1918.708,-51.6559,-51.6559,-10.3790455,-10.3790455,-9.338887,-9.338887,-0.1304528,-177.47354,-177.47354,0.0024244634,0.0024244634,0.0073310444,0.0073310444,0.546072195,799.38556,5.5767975,-0.006792113,-1e-12,0.0,1918.708,798.3124,-0.1304528,65.34321,0.00035706107
1204.5,124.140785,1918.708,-51.6559,-51.6559,-10.3790455,-10.3790455,-9.338887,-9.338887,-0.1304528,-177.47354,-177.47354,0.0024244634,0.0024244634,0.0073310444,0.0073310444,0.546139616,799.38556,5.5767975,-0.006792113,-0.0,0.0,1918.708,798.3124,-0.1304528,65.34321,0.00035706107
1205.0,124.140785,1918.71209,-51.6557812,-51.6557812,-10.37904385,-10.37904385,-9.3388887,-9.3388887,-0.133948485,-181.086001,-181.086001,0.00254285938,0.00254285938,0.00768900741,0.00768900741,0.54620704,799.38556,5.5767975,-0.00697411804,-0.00044573671,0.0,1918.71209,798.312056,-0.133948485,67.5092894,0.000379450894
1205.5,124.140785,1918.75753,-51.655574,-51.655574,-10.37924815,-10.37924815,-9.3390977,-9.3390977,-0.166156602,-213.329012,-213.329012,0.00372465181,0.00372465181,0.011262067,0.011262067,0.546274451,799.38556,5.5767975,-0.00865105526,-0.0011142281,0.0,1918.75753,798.312152,-0.166156602,87.4668601,0.000611942527
1206.0,124.140785,1918.81183,-51.6555914,-51.6555914,-10.37954585,-10.37954585,-9.3393934,-9.3393934,-0.204605953,-251.546196,-251.546196,0.00540214427,0.00540214427,0.01633394175,0.01633394175,0.546341808,799.38556,5.5767975,-0.01065294695,-0.001008036192,0.0,1918.81183,798.312296,-0.204605953,111.2917785,0.000956942113
1206.5,124.140785,1918.83631,-51.655911,-51.655911,-10.3797425,-10.3797425,-9.33958095,-9.33958095,-0.221312761,-267.86102,-267.86102,0.00620789832,0.00620789832,0.0187701924,0.0187701924,0.546409157,799.38556,5.5767975,-0.0115227982,2.398e-09,0.0,1918.83631,798.312731,-0.221312761,121.644051,0.0011276802
1207.0,124.140785,1918.83521,-51.6559003,-51.6559003,-10.3797338,-10.3797338,-9.3395727,-9.3395727,-0.221312774,-267.86102,-267.86102,0.0062078983,0.0062078983,0.0187701938,0.0187701938,0.546476514,799.38556,5.5767975,-0.011522799,-9e-11,0.0,1918.83521,798.312268,-0.221312774,121.64406,0.00112768029
1207.5,124.140785,1918.8352,-51.6559,-51.6559,-10.379733,-10.379733,-9.339572,-9.339572,-0.22131278,-267.86102,-267.86102,0.0062078983,0.0062078983,0.018770194,0.018770194,0.546543866,799.38556,5.5767975,-0.011522799,-2e-12,0.0,1918.8352,798.31226,-0.22131278,121.64406,0.0011276803
1208.0,110.495502,1888.40643,-46.6018734,-46.6018734,-9.22761574,-9.22761574,-8.31247274,-8.31247274,-0.228805769,-267.86102,-267.86102,0.00641807941,0.00641807941,0.0194054058,0.0194054058,0.546609558,799.38556,5.5767975,-0.0119129264,-0.000587322506,0.0,1888.40643,785.646265,-0.228805769,126.2870505,0.00121147667
1208.5,67.4829609,1847.46714,-28.1429984,-28.1429984,-5.44559682,-5.44559682,-4.91006576,-4.91006576,-0.304995456,-267.86102,-267.86102,0.00855522639,0.00855522639,0.0258620083,0.0258620083,0.54665833,799.38556,5.5767975,-0.0158797944,-0.010363758197,0.0,1847.46714,768.566608,-0.304995456,138.527917,0.0017720485
1209.0,23.85112806,1848.00674,-9.80682722,-9.80682722,-1.89691415,-1.89691415,-1.610539034,-1.610539034,-1.59739552,-267.86102,-267.86102,0.0448074874,0.0448074874,0.135041276,0.135041276,0.546682639,799.38556,5.5767975,-0.0831694764,-0.0675489933,0.0,1848.00674,768.036565,-1.59739552,139.41994,0.00932880343
1209.5,7.3762136,1905.1953,-2.48759063,-2.48759063,-0.49709103,-0.49709103,-0.352913693,-0.352913693,-4.22070655,-267.86102,-267.86102,0.1183922515,0.1183922515,0.35512387,0.35512387,0.54668617,799.38556,5.5767975,-0.219753929,-0.070316302,0.0,1905.1953,790.30138,-4.22070655,139.41994,0.0246489614
1210.0,7.3762136,1926.6245,-3.04346844,-3.04346844,-0.614039031,-0.614039031,-0.436859019,-0.436859019,-6.07618513,-262.411141,-262.411141,0.166821784,0.166821784,0.498533852,0.498533852,0.546685949,799.38556,5.5767975,-0.316360686,-0.031082370415,0.0,1926.6245,798.134834,-6.07618513,139.41994,0.0354849722
1210.5,7.3762136,1927.06203,-3.07741263,-3.07741263,-0.621026189,-0.621026189,-0.441851881,-0.441851881,-6.05735352,-243.564988,-243.564988,0.154673768,0.154673768,0.461765651,0.461765651,0.546685504,799.38556,5.5767975,-0.315380197,0.02974202826,0.0,1927.06203,798.327902,-6.05735352,139.41994,0.0353749958
1211.0,7.3762136,1924.51191,-3.08959065,-3.08959065,-0.62265855,-0.62265855,-0.442883448,-0.442883448,-4.2436425,-224.139496,-224.139496,0.1000277838,0.1000277838,0.299483893,0.299483893,0.54668593,799.38556,5.5767975,-0.220948109,0.0724395468,0.0,1924.51191,798.325779,-4.2436425,139.41994,0.0247829082
1211.5,7.3762136,1920.33078,-3.09300881,-3.09300881,-0.621994005,-0.621994005,-0.442198271,-0.442198271,-1.294976772,-204.710864,-204.710864,0.02827319079,0.02827319079,0.085113873,0.085113873,0.546687907,799.38556,5.5767975,-0.0674238398,0.07949060113,0.0,1920.33078,798.307683,-1.294976772,135.543805,0.00752716785
1212.0,7.3762136,1918.74046,-3.06761377,-3.06761377,-0.616375741,-0.616375741,-0.438123754,-0.438123754,-0.207007385,-185.280019,-185.280019,0.00401973485,0.00401973485,0.01215234705,0.01215234705,0.546691113,799.38556,5.5767975,-0.01077797915,0.000564930575,0.0,1918.74046,798.281197,-0.207007385,112.7798109,0.00097874252
1212.5,7.3762136,1918.7858,-3.06938086,-3.06938086,-0.616745383,-0.616745383,-0.438388781,-0.438388781,-0.187476099,-165.851251,-165.851251,0.0032593449,0.0032593449,0.0098537259,0.0098537259,0.546694485,799.38556,5.5767975,-0.0097610693,0.000564927178,0.0,1918.7858,798.311484,-0.187476099,100.6773635,0.000791434165
1213.0,7.3762136,1918.76053,-3.06944315,-3.06944315,-0.616749768,-0.616749768,-0.438390632,-0.438390632,-0.168094406,-146.587495,-146.587495,0.00258336445,0.00258336445,0.00781028788,0.00781028788,0.546697875,799.38556,5.5767975,-0.00875194855,0.000508432156,0.0,1918.76053,798.312257,-0.168094406,88.6676105,0.00062507358
1213.5,7.3762136,1918.7497,-3.06928701,-3.06928701,-0.616714901,-0.616714901,-0.438365303,-0.438365303,-0.160643886,-139.32965,-139.32965,0.00234388525,0.00234388525,0.00708636042,0.00708636042,0.546701269,799.38556,5.5767975,-0.008364032,-5.03e-10,0.0,1918.7497,798.31212,-0.160643886,84.0509376,0.000565581736
1214.0,7.3762136,1918.7502,-3.06929635,-3.06929635,-0.616716942,-0.616716942,-0.438366773,-0.438366773,-0.16064388,-139.32965,-139.32965,0.0023438851,0.0023438851,0.0070863604,0.0070863604,0.546704666,799.38556,5.5767975,-0.008364032,3.7e-11,0.0,1918.7502,798.3123,-0.16064388,84.050934,0.000565581668
1214.5,7.3762136,1918.7502,-3.0692968,-3.0692968,-0.61671704,-0.61671704,-0.43836686,-0.43836686,-0.16064388,-139.32965,-139.32965,0.0023438851,0.0023438851,0.0070863604,0.0070863604,0.546708063,799.38556,5.5767975,-0.008364032,1e-12,0.0,1918.7502,798.3123,-0.16064388,84.050934,0.00056558166
1215.0,7.3762136,1918.7502,-3.0692968,-3.0692968,-0.61671704,-0.61671704,-0.43836686,-0.43836686,-0.16064388,-139.32965,-139.32965,0.0023438851,0.0023438851,0.0070863604,0.0070863604,0.546711458,799.38556,5.5767975,-0.008364032,0.0,0.0,1918.7502,798.3123,-0.16064388,84.050934,0.00056558166
1215.5,7.3762136,1918.7502,-3.0692968,-3.0692968,-0.61671704,-0.61671704,-0.43836686,-0.43836686,-0.16064388,-139.32965,-139.32965,0.0023438851,0.0023438851,0.0070863604,0.0070863604,0.546714856,799.38556,5.5767975,-0.008364032,0.0,0.0,1918.7502,798.3123,-0.16064388,84.050934,0.00056558166
1216.0,7.3762136,1918.7502,-3.0692968,-3.0692968,-0.61671704,-0.61671704,-0.43836686,-0.43836686,-0.16064388,-139.32965,-139.32965,0.0023438851,0.0023438851,0.0070863604,0.0070863604,0.546718255,799.38556,5.5767975,-0.008364032,-0.0,0.0,1918.7502,798.3123,-0.16064388,84.050934,0.00056558166
1216.5,7.3762136,1918.7502,-3.0692968,-3.0692968,-0.61671704,-0.61671704,-0.43836686,-0.43836686,-0.16064388,-139.32965,-139.32965,0.0023438851,0.0023438851,0.0070863604,0.0070863604,0.546721652,799.38556,5.5767975,-0.008364032,-0.0,0.0,1918.7502,798.3123,-0.16064388,84.050934,0.00056558166
1217.0,7.3762136,1918.7502,-3.0692968,-3.0692968,-0.61671704,-0.61671704,-0.43836686,-0.43836686,-0.16064388,-139.32965,-139.32965,0.0023438851,0.0023438851,0.0070863604,0.0070863604,0.546725043,799.38556,5.5767975,-0.008364032,-0.0,0.0,1918.7502,798.3123,-0.16064388,84.050934,0.00056558166
1217.5,7.3762136,1918.7502,-3.0692968,-3.0692968,-0.61671704,-0.61671704,-0.43836686,-0.43836686,-0.16064388,-139.32965,-139.32965,0.0023438851,0.0023438851,0.0070863604,0.0070863604,0.546728439,799.38556,5.5767975,-0.008364032,-0.0,0.0,1918.7502,798.3123,-0.16064388,84.050934,0.00056558166
1218.0,0.96487834,1903.94156,-0.766940099,-0.766940099,-0.156603063,-0.156603063,-0.0025614649,-0.0025614649,-0.147364037,-122.2485865,-122.2485865,0.00190710158,0.00190710158,0.00576593233,0.00576593233,0.546731214,799.38556,5.5767975,-0.00767260807,0.00106764948,0.0,1903.94156,792.158091,-0.147364037,75.8221577,0.000471974901
1218.5,-24.2398431,1876.16662,10.14413512,10.14413512,1.99293516,1.99293516,2.36360191,2.36360191,-0.0971656774,-57.2091704,-57.2091704,0.000613436458,0.000613436458,0.00185494384,0.00185494384,0.546721996,799.38556,5.5767975,-0.00505899636,0.00158758647,0.0,1876.16662,780.63005,-0.0971656774,44.7170388,0.000188112316
1219.0,-33.021423,1908.83007,14.0382461,14.0382461,2.80591479,2.80591479,3.19829352,3.19829352,-0.0195368629,10.6879903,10.6879903,5.526249e-05,5.526249e-05,0.000201424784,0.000201424784,0.546697632,799.38556,5.5767975,-0.00101719993,0.00316675262,0.0,1908.83007,794.266878,-0.0195368629,6.02530116,2.3870588e-05
1219.5,-33.021423,1918.18533,13.74807775,13.74807775,2.76160234,2.76160234,3.1510644,3.1510644,0.0839314406,78.5924928,78.5924928,0.000730821699,0.000730821699,0.002209953625,0.002209953625,0.546671612,799.38556,5.5767975,0.00436994701,0.00197487416,0.0,1918.18533,798.220085,0.0839314406,-36.5165221,0.000138362357
1220.0,-33.021423,1918.34823,13.7405744,13.7405744,2.76032964,2.76032964,3.1497097,3.1497097,0.1220574824,115.9767905,115.9767905,0.00148239595,0.00148239595,0.00448223781,0.00448223781,0.54664571,799.38556,5.5767975,0.00635500499,0.000194422018,0.0,1918.34823,798.310131,0.1220574824,-60.1410999,0.000307486297
1220.5,-33.021423,1918.35417,13.7404653,13.7404653,2.76031636,2.76031636,3.1496953,3.1496953,0.122122177,115.982315,115.982315,0.00148325197,0.00148325197,0.00448482524,0.00448482524,0.546619802,799.38556,5.5767975,0.00635837336,4.4e-10,0.0,1918.35417,798.31264,0.122122177,-60.1811884,0.000307853371
1221.0,-33.021423,1918.3544,13.74045855,13.74045855,2.7603152,2.7603152,3.14969408,3.14969408,0.12212218,115.982315,115.982315,0.001483252,0.001483252,0.0044848253,0.0044848253,0.546593887,799.38556,5.5767975,0.00635837394,9e-12,0.0,1918.3544,798.31274,0.12212218,-60.18119,0.0003078534
1221.5,-33.021423,1918.3544,13.7404585,13.7404585,2.7603152,2.7603152,3.149694,3.149694,0.12212218,115.982315,115.982315,0.001483252,0.001483252,0.0044848253,0.0044848253,0.546567982,799.38556,5.5767975,0.006358374,0.0,0.0,1918.3544,798.31274,0.12212218,-60.18119,0.0003078534
1222.0,-33.021423,1918.3544,13.7404585,13.7404585,2.7603152,2.7603152,3.149694,3.149694,0.12212218,115.982315,115.982315,0.001483252,0.001483252,0.0044848253,0.0044848253,0.546542081,799.38556,5.5767975,0.006358374,0.0,0.0,1918.3544,798.31274,0.12212218,-60.18119,0.0003078534
1222.5,-33.021423,1918.3544,13.7404585,13.7404585,2.7603152,2.7603152,3.149694,3.149694,0.12212218,115.982315,115.982315,0.001483252,0.001483252,0.0044848253,0.0044848253,0.546516154,799.38556,5.5767975,0.006358374,0.0,0.0,1918.3544,798.31274,0.12212218,-60.18119,0.0003078534
1223.0,-33.021423,1918.3544,13.7404585,13.7404585,2.7603152,2.7603152,3.149694,3.149694,0.12212218,115.982315,115.982315,0.001483252,0.001483252,0.0044848253,0.0044848253,0.546490251,799.38556,5.5767975,0.006358374,-0.0,0.0,1918.3544,798.31274,0.12212218,-60.18119,0.0003078534
1223.5,-33.021423,1918.3544,13.7404585,13.7404585,2.7603152,2.7603152,3.149694,3.149694,0.12212218,115.982315,115.982315,0.001483252,0.001483252,0.0044848253,0.0044848253,0.546464351,799.38556,5.5767975,0.006358374,-0.0,0.0,1918.3544,798.31274,0.12212218,-60.18119,0.0003078534
1224.0,-33.021423,1918.3544,13.7404585,13.7404585,2.7603152,2.7603152,3.149694,3.149694,0.12212218,115.982315,115.982315,0.001483252,0.001483252,0.0044848253,0.0044848253,0.546438427,799.38556,5.5767975,0.006358374,-0.0,0.0,1918.3544,798.31274,0.12212218,-60.18119,0.0003078534
1224.5,-33.021423,1934.47221,16.3805838,16.3805838,3.35229491,3.35229491,3.78289541,3.78289541,0.12086121,115.982315,115.982315,0.00146793671,0.00146793671,0.00443853488,0.00443853488,0.546412218,816.015858,5.5767975,0.00629272066,-0.00054160184,0.0,1934.47221,805.018732,0.12086121,-59.399837,0.000301041297
1225.0,-33.021423,3899.19849,48.5039512,43.4570717,20.1491816,17.4546542,21.3487757,18.5186837,0.0965443684,115.982315,106.0714019,0.00117259314,0.001095342349,0.00354578248,0.00331216861,0.546300133,1673.71892,5.5767975,0.00502664759,-0.00145895091,0.0,3899.19849,1622.541623,0.0965443684,-44.3320479,0.00018420261
1225.5,-33.021423,6377.0403,190.3008734,30.5139017,131.404511,20.2428574,137.7450155,21.2198518,0.016279965764,115.982315,25.42491643,0.000197730602,6.5724245e-05,0.000598059615,0.000198786713,0.546037136,2992.35535,5.5767975,0.000847627388,-0.01980039059,0.0,6377.0403,2653.54304,0.016279965764,-2.71986556,5.015621e-06
1226.0,-33.021423,7820.60426,300.0,24.6668333,245.691526,20.1613712,258.586775,21.216692,0.00558281817,115.982315,8.6889521,6.7806899e-05,3.95792e-06,0.000205108693,1.1972314e-05,0.545762663,4070.41096,5.5767975,0.00029067319,0.0048821821,0.0,7820.60426,3254.2144,0.00558281817,0.0,0.0
1226.5,-33.021423,8812.6908,300.0,21.5810231,276.858844,19.8992493,295.177212,21.2133505,0.004119190896,115.982315,13.072007744,5.0030211e-05,4.248664e-06,0.000151336352,1.285179e-05,0.545488214,4173.751,5.5767975,0.00021446845,-0.0226702367,0.0,8812.6908,3667.02802,0.004119190896,0.0,0.0
1227.0,-33.021423,9544.2321,299.97902,19.6783917,299.819324,19.6595727,323.486052,21.2100106,0.005445413949,131.930538,9.08848727,7.5515593e-05,3.298419e-06,0.000228427346,9.977398e-06,0.545213778,4173.751,5.5767975,0.000283519154,-0.0038552594,0.0,9544.2321,3971.42866,0.005445413949,0.0,0.0
1227.5,-25.4177466,10207.9509,256.77868,18.2430939,273.566594,19.4901989,297.603934,21.2066698,0.001773623439,181.149502,26.39931,3.5570266e-05,3.155528e-06,0.000107596183,9.545129e-06,0.544939384,4173.751,5.5767975,9.23449e-05,-0.010452480587,0.0,10207.9509,4247.60456,0.001773623439,0.0,0.0
1228.0,-7.36519259,10867.41015,35.4431448,0.0405001,40.4244199,0.1915226,45.9387214,1.9401392,0.4072060489,231.324198,160.8110747,0.010437941221,0.010079879244,0.03151815361,0.030435214679,0.544719553,4173.751,5.5767975,0.02120145762,0.04117331416,0.0,10867.41015,4522.247170000001,0.4072060489,-88.63375555,0.002266825834
1228.5,10.74817672,10119.2355,-7.22394977,-7.22394977,-7.65997805,-7.65997805,-6.10570699,-6.10570699,3.74060877,277.782506,277.782506,0.1102809385,0.1102809385,0.330981384,0.330981384,0.54475345,4173.751,5.5767975,0.194757316,0.1457510304,0.0,10119.2355,4212.87282,3.74060877,-139.41994,0.0218451867
1229.0,28.8615458,10035.65515,-12.11362625,-12.11362625,-12.72975635,-12.72975635,-11.22643074,-11.22643074,9.3175585,287.16385,287.16385,0.280195084,0.280195084,0.833338689,0.833338689,0.544807267,4173.751,5.5767975,0.485124957,0.170617021,0.0,10035.65515,4181.35072,9.3175585,-139.41994,0.0544146213
1229.5,46.9749152,10025.098,-19.6044908,-19.6044908,-20.5806486,-20.5806486,-18.9905915,-18.9905915,15.7985783,287.16385,287.16385,0.47509055,0.47509055,1.39730443,1.39730443,0.544904152,4173.751,5.5767975,0.822563644,0.204547533,0.0,10025.098,4180.74191,15.7985783,-139.41994,0.092263833
1230.0,65.0882845,10014.34205,-27.150105,-27.150105,-28.4715465,-28.4715465,-26.7531249,-26.7531249,23.461872,287.16385,287.16385,0.705539035,0.705539035,2.04809238,2.04809238,0.545043635,4173.751,5.5767975,1.22155818,0.238767263,0.0,10014.34205,4180.74081,23.461872,-139.41994,0.137017533
1230.5,83.2016542,10001.9568,-34.6967026,-34.6967026,-36.3405511,-36.3405511,-34.4538639,-34.4538639,32.3081086,287.16385,287.16385,0.97156067,0.97156067,2.77853879,2.77853879,0.545221625,4173.751,5.5767975,1.68214345,0.272980398,0.0,10001.9568,4180.75257,32.3081086,-139.41994,0.188679628
1231.0,97.9441285,9980.0329,-41.0701647,-41.0701647,-42.9217421,-42.9217421,-40.8616912,-40.8616912,42.2969134,287.16385,287.16385,1.2719413,1.2719413,3.57774176,3.57774176,0.545433748,4173.751,5.5767975,2.20221733,0.301218096,0.0,9980.0329,4177.46222,42.2969134,-139.41994,0.247014333
1231.5,99.31954,9944.5524,-41.4635642,-41.4635642,-43.1798129,-43.1798129,-41.1197312,-41.1197312,52.7860508,287.16385,287.16385,1.5873678,1.5873678,4.38931459,4.38931459,0.545657755,4173.751,5.5767975,2.74834137,0.303465033,0.0,9944.5524,4168.82291,52.7860508,-139.41994,0.308270996
1232.0,99.31954,9928.446,-41.4129585,-41.4129585,-43.0572354,-43.0572354,-41.0047415,-41.0047415,63.2741614,287.16385,287.16385,1.90276337,1.90276337,5.17366032,5.17366032,0.545876875,4173.751,5.5767975,3.29441184,0.303324409,0.0,9928.446,4168.24503,63.2741614,-139.41994,0.369521635
1232.5,99.31954,9913.8098,-41.4096524,-41.4096524,-42.9903316,-42.9903316,-40.9433559,-40.9433559,73.6974052,284.048079,284.048079,2.19110439,2.19110439,5.84939866,5.84939866,0.546091896,4173.751,5.5767975,3.83710519,0.293183643,0.0,9913.8098,4168.2408,73.6974052,-139.41994,0.430393473
1233.0,99.31954,9900.95975,-41.3917643,-41.3917643,-42.9160616,-42.9160616,-40.8744049,-40.8744049,82.8348634,264.618908,264.618908,2.29392682,2.29392682,5.9602267,5.9602267,0.546304626,4173.751,5.5767975,4.31285284,0.230237817,0.0,9900.95975,4168.22905,82.8348634,-139.41994,0.483756288
1233.5,99.31954,9891.517,-41.3720089,-41.3720089,-42.8546679,-42.8546679,-40.8171271,-40.8171271,89.576168,242.867697,242.867697,2.27715679,2.27715679,5.75914809,5.75914809,0.54651732,4173.751,5.5767975,4.66384352,0.159780475,0.0,9891.517,4168.23611,89.576168,-139.41994,0.523125574
1234.0,99.31954,9885.4888,-41.352425,-41.352425,-42.8082773,-42.8082773,-40.7735854,-40.7735854,93.8819177,221.116485,221.116485,2.17328024,2.17328024,5.36409992,5.36409992,0.546731312,4173.751,5.5767975,4.88802534,0.0893394638,0.0,9885.4888,4168.24172,93.8819177,-139.41994,0.548271197
1234.5,99.31954,9882.86935,-41.3328493,-41.3328493,-42.7766763,-42.7766763,-40.7435775,-40.7435775,95.7527215,199.365272,199.365272,1.99895299,1.99895299,4.83315245,4.83315245,0.546947375,4173.751,5.5767975,4.98543005,0.01891719961,0.0,9882.86935,4168.24433,95.7527215,-139.41994,0.559196708
1235.0,99.31954,9883.658449999995,-41.3132805,-41.3132805,-42.7598356,-42.7598356,-40.727073,-40.727073,95.1892517,177.614061,177.614061,1.77082621,1.77082621,4.21560112,4.21560112,0.547166172,4173.751,5.5767975,4.95609256,-0.0514851426,0.0,9883.658449999995,4168.24347,95.1892517,-139.41994,0.555906033
1235.5,99.31954,9887.8543,-41.2937169,-41.2937169,-42.757731,-42.757731,-40.724049,-40.724049,92.1921961,155.862849,155.862849,1.50554542,1.50554542,3.552057,3.552057,0.547388049,4173.751,5.5767975,4.80004886,-0.1218679255,0.0,9887.8543,4168.2396,92.1921961,-139.41994,0.538403194
1236.0,99.31954,9895.4566,-41.2741587,-41.2741587,-42.770335,-42.770335,-40.7344802,-40.7344802,86.7622004,134.11164,134.11164,1.21974928,1.21974928,2.8756748,2.8756748,0.547613209,4173.751,5.5767975,4.5173325,-0.192233039,0.0,9895.4566,4168.23231,86.7622004,-139.41994,0.506691996
1236.5,99.31954,9906.4637,-41.2546028,-41.2546028,-42.7976252,-42.7976252,-40.7583385,-40.7583385,78.899823,112.3604276,112.3604276,0.930069433,0.930069433,2.2139042,2.2139042,0.547841673,4173.751,5.5767975,4.10797244,-0.262583919,0.0,9906.4637,4168.22173,78.899823,-139.41994,0.460775628
1237.0,99.31954,9920.7,-41.2393575,-41.2393575,-42.8432894,-42.8432894,-40.7992388,-40.7992388,68.7506824,96.1091625,96.1091625,0.692354584,0.692354584,1.68663262,1.68663262,0.548073268,4173.751,5.5767975,3.57955049,-0.315134619,0.0,9920.7,4168.21953,68.7506824,-139.41994,0.401504559
1237.5,99.31954,9936.128200000005,-41.2391099,-41.2391099,-42.9096611,-42.9096611,-40.8599151,-40.8599151,57.7650027,95.2036,95.2036,0.575899615,0.575899615,1.44759452,1.44759452,0.548306828,4173.751,5.5767975,3.0075738,-0.318009208,0.0,9936.128200000005,4168.22484,57.7650027,-139.41994,0.337348099
1238.0,99.31954,9951.5213,-41.239214,-41.239214,-42.9762451,-42.9762451,-40.9207985,-40.9207985,46.7717787,95.2036,95.2036,0.466300479,0.466300479,1.21081513,1.21081513,0.548541783,4173.751,5.5767975,2.43520415,-0.317959434,0.0,9951.5213,4168.21122,46.7717787,-139.41994,0.273147581
1238.5,99.31954,9966.90975,-41.239226,-41.239226,-43.0427141,-43.0427141,-40.9815632,-40.9815632,35.7800893,95.2036,95.2036,0.356716675,0.356716675,0.957823356,0.957823356,0.548778177,4173.751,5.5767975,1.86291449,-0.317920249,0.0,9966.90975,4168.19654,35.7800893,-139.41994,0.208956024
1239.0,99.31954,9982.29635,-41.239234,-41.239234,-43.1091714,-43.1091714,-41.0423095,-41.0423095,24.7895746,95.2036,95.2036,0.247144561,0.247144561,0.686885641,0.686885641,0.549016115,4173.751,5.5767975,1.29068593,-0.317891505,0.0,9982.29635,4168.18183,24.7895746,-139.41994,0.144771327
1239.5,99.31954,9997.6819,-41.2392403,-41.2392403,-43.1756196,-43.1756196,-41.1031915,-41.1031915,13.7998735,95.2036,95.2036,0.1375805699,0.1375805699,0.396012141,0.396012141,0.549255634,4173.751,5.5767975,0.718499722,-0.317873189,0.0,9997.6819,4168.16674,13.7998735,-139.41994,0.0805913786
1240.0,99.31954,10012.4127,-41.2567951,-41.2567951,-43.2576488,-43.2576488,-41.1810639,-41.1810639,3.36441492,95.2036,95.2036,0.03354220011,0.03354220011,0.09959728882,0.09959728882,0.54949687,4173.751,5.5767975,0.1751705345,-0.229422171317,0.0,10012.4127,4168.20329,3.36441492,-130.710431,0.019582648717
1240.5,99.31954,10016.9783,-41.3328766,-41.3328766,-43.3571761,-43.3571761,-41.2771777,-41.2771777,0.178914541,95.2036,95.2036,0.00178372388,0.00178372388,0.00539220343,0.00539220343,0.5497396,4173.751,5.5767975,0.0093153062,3.2221e-08,0.0,10016.9783,4168.24314,0.178914541,-95.3722439,0.000714753419
1241.0,95.5430645,10008.7987,-39.8833535,-39.8833535,-41.8030172,-41.8030172,-39.7727929,-39.7727929,0.176804632,95.2036,95.2036,0.00176268873,0.00176268873,0.00532865333,0.00532865333,0.549980576,4173.751,5.5767975,0.0092054523,-0.000133949444,0.0,10008.7987,4164.83831,0.176804632,-94.0648506,0.000696697744
1241.5,86.8513759,10002.4897,-36.1465819,-36.1465819,-37.8620536,-37.8620536,-35.9357738,-35.9357738,0.156855782,80.2268419,80.2268419,0.00132712399,0.00132712399,0.00401218948,0.00401218948,0.550207256,4173.751,5.5767975,0.00816680172,-0.0010293251,0.0,10002.4897,4162.20137,0.156855782,-81.703662,0.000539536579
1242.0,78.1439226,10002.3429,-32.516117,-32.516117,-34.0587746,-34.0587746,-32.229194,-32.229194,0.1212620599,49.906284,49.906284,0.000643059523,0.000643059523,0.00194443307,0.00194443307,0.55041549,4173.751,5.5767975,0.00631359077,-0.00102945962,0.0,10002.3429,4162.11939,0.1212620599,-59.6482218,0.000305690314
1242.5,69.4364684,10002.3891,-28.8927438,-28.8927438,-30.2636374,-30.2636374,-28.5077743,-28.5077743,0.0856721307,19.58572683,19.58572683,0.000185037434,0.000185037434,0.000559650782,0.000559650782,0.550604924,4173.751,5.5767975,0.00446057738,-0.00102945074,0.0,10002.3891,4162.11782,0.0856721307,-37.5951307,0.000137627167
1243.0,60.7290152,9642.5355,-32.7212295,-32.7212295,-33.0366794,-33.0366794,-31.3233887,-31.3233887,0.0540595692,-10.7348298585,-10.7348298585,-5.2151473e-05,-5.2151473e-05,-1.1784712e-05,-1.1784712e-05,0.550791018,4011.48388,5.5767975,0.00281464796,-0.000865913622,0.0,9642.5355,4012.36181,0.0540595692,-18.0065923,4.312006e-05
1243.5,52.0215619,9035.94125,-23.147267,-23.147267,-21.9185758,-21.9185758,-20.5910185,-20.5910185,-0.01725666074,-41.053361,-41.053361,0.00010258833,0.00010258833,0.000387967465,0.000387967465,0.550961411,3782.25874,5.5767975,-0.0008984797,-0.00271722879,0.0,9035.94125,3759.91178,-0.01725666074,5.618515336,1.3882364e-05
1244.0,43.3141071,9047.9227,-17.9330516,-17.9330516,-16.9912713,-16.9912713,-15.7540004,-15.7540004,-0.0709749466,-71.3725672,-71.3725672,0.000539757131,0.000539757131,0.0016322952,0.0016322952,0.551079202,3777.017,5.5767975,-0.00369535838,-0.00102410009,0.0,9047.9227,3764.86598,-0.0709749466,28.4881059,8.7383527e-05
1244.5,37.7071673,9057.2334,-15.5658045,-15.5658045,-14.7636895,-14.7636895,-13.5273647,-13.5273647,-0.1047982214,-101.6931224,-101.6931224,0.001124100203,0.001124100203,0.00339904028,0.00339904028,0.551178947,3777.017,5.5767975,-0.00545639021,-0.000909833144,0.0,9057.2334,3768.72042,-0.1047982214,49.4465012,0.000219094621
1245.0,37.61155,9064.7464,-15.63994645,-15.63994645,-14.8463456,-14.8463456,-13.60759195,-13.60759195,-0.134313732,-130.977159,-130.977159,0.00184803191,0.00184803191,0.00558764184,0.00558764184,0.551273446,3777.017,5.5767975,-0.00699313494,-0.000635009842,0.0,9064.7464,3771.82956,-0.134313732,67.735612,0.000382548797
1245.5,37.61155,9065.0362,-15.6502598,-15.6502598,-14.8566097,-14.8566097,-13.6177852,-13.6177852,-0.142737841,-139.1708,-139.1708,0.00208025172,0.00208025172,0.0062896681,0.0062896681,0.551368332,3777.017,5.5767975,-0.00743174195,1.2613e-08,0.0,9065.0362,3771.94512,-0.142737841,72.955563,0.00043620049
1246.0,37.61155,9065.041,-15.6504403,-15.6504403,-14.8567891,-14.8567891,-13.6179637,-13.6179637,-0.142737738,-139.1708,-139.1708,0.0020802503,0.0020802503,0.0062896637,0.0062896637,0.551463233,3777.017,5.5767975,-0.0074317367,2.04e-10,0.0,9065.041,3771.94703,-0.142737738,72.955501,0.000436199806
1246.5,37.61155,9065.041,-15.650443,-15.650443,-14.8567915,-14.8567915,-13.617967,-13.617967,-0.14273773,-139.1708,-139.1708,0.0020802503,0.0020802503,0.0062896637,0.0062896637,0.551558131,3777.017,5.5767975,-0.0074317367,4e-12,0.0,9065.041,3771.9473,-0.14273773,72.9555,0.0004361998
1247.0,37.61155,9065.041,-15.650444,-15.650444,-14.8567915,-14.8567915,-13.617967,-13.617967,-0.14273773,-139.1708,-139.1708,0.0020802503,0.0020802503,0.0062896637,0.0062896637,0.551653036,3777.017,5.5767975,-0.0074317367,0.0,0.0,9065.041,3771.9473,-0.14273773,72.9555,0.0004361998
1247.5,37.61155,8270.969959999999,-47.9228265,-47.9228265,-38.31542205,-38.31542205,-36.3464643,-36.3464643,-0.1255535491,-139.1708,-139.1708,0.00182980909,0.00182980909,0.00553271238,0.00553271238,0.551776574,3365.8861,5.5767975,-0.00653703043,0.000845448797,0.0,8270.969959999999,3441.53846,-0.1255535491,62.307421,0.000335987082
1248.0,37.61155,3634.81543,-35.72388055,-35.72388055,-15.43139636,-15.43139636,-14.3601277,-14.3601277,-0.1316260835,-139.1708,-139.1708,0.00191830975,0.00191830975,0.00580019605,0.00580019605,0.551976915,1582.30093,5.5767975,-0.00685320067,-0.000864488951,0.0,3634.81543,1512.3967,-0.1316260835,66.0702279,0.000372649757
1248.5,37.61155,3544.7989,-14.6757006,-14.6757006,-5.45044491,-5.45044491,-4.99197346,-4.99197346,-0.143281612,-139.1708,-139.1708,0.00208817665,0.00208817665,0.00631361817,0.00631361817,0.552017328,1488.4845,5.5767975,-0.00746005392,5.6163495e-05,0.0,3544.7989,1474.93332,-0.143281612,73.2925095,0.000439891508
1249.0,37.61155,3572.01204,-15.6300103,-15.6300103,-5.84656634,-5.84656634,-5.37665608,-5.37665608,-0.142749183,-139.1708,-139.1708,0.00208041702,0.00208041702,0.00629016753,0.00629016753,0.55205682,1488.4845,5.5767975,-0.00743233224,1.315325e-06,0.0,3572.01204,1486.25722,-0.142749183,72.962591,0.000436277158
1249.5,37.61155,3572.55246,-15.6500643,-15.6500643,-5.85495212,-5.85495212,-5.38485552,-5.38485552,-0.14273795,-139.1708,-139.1708,0.00208025335,0.00208025335,0.00628967292,0.00628967292,0.552097052,1488.4845,5.5767975,-0.00743174753,2.4558e-08,0.0,3572.55246,1486.48211,-0.14273795,72.9556312,0.000436201227
1250.0,37.61155,3572.56241,-15.6504364,-15.6504364,-5.85510794,-5.85510794,-5.38500783,-5.38500783,-0.142737742,-139.1708,-139.1708,0.00208025032,0.00208025032,0.00628966373,0.00628966373,0.552137292,1488.4845,5.5767975,-0.00743173676,4.53e-10,0.0,3572.56241,1486.48625,-0.142737742,72.955502,0.000436199822
1250.5,37.61155,3572.56268,-15.650443,-15.650443,-5.8551106,-5.8551106,-5.38501065,-5.38501065,-0.14273773,-139.1708,-139.1708,0.0020802503,0.0020802503,0.0062896637,0.0062896637,0.55217751,1488.4845,5.5767975,-0.0074317367,8e-12,0.0,3572.56268,1486.4863,-0.14273773,72.9555,0.0004361998
1251.0,37.4344545,3572.42782,-15.6376132,-15.6376132,-5.85009124,-5.85009124,-5.38009593,-5.38009593,-0.142791842,-139.1708,-139.1708,0.0020810389,0.0020810389,0.00629204696,0.00629204696,0.552217751,1488.4845,5.5767975,-0.00743455403,-5.5581855e-05,0.0,3572.42782,1486.43015,-0.142791842,72.9890294,0.000436566395
1251.5,10.56703553,3519.22673,-5.034496824,-5.034496824,-1.867129334,-1.867129334,-1.541783212,-1.541783212,-0.158024292,-139.1708,-139.1708,0.00230303546,0.00230303546,0.00696290573,0.00696290573,0.552248367,1488.4845,5.5767975,-0.00822764132,-0.000796777773,0.0,3519.22673,1464.28394,-0.158024292,82.4277242,0.000547266816
1252.0,-33.5173162,3340.82584,12.39111583,12.39111583,4.291971995,4.291971995,4.752508,4.752508,-0.183477442,-139.1708,-139.1708,0.00267398794,0.00267398794,0.00808376835,0.00808376835,0.552235369,1421.08009,5.5767975,-0.0095528766,-0.000553355628,0.0,3340.82584,1390.03515,-0.183477442,98.199617,0.000756243248
1252.5,-45.242813,3363.50522,19.2992907,19.2992907,6.79710799,6.79710799,7.33273729,7.33273729,-0.191631525,-139.1708,-139.1708,0.00279282499,0.00279282499,0.0084428136,0.0084428136,0.552176864,1407.3767,5.5767975,-0.0099774246,2.2971144e-05,0.0,3363.50522,1399.46745,-0.191631525,103.2522505,0.000828811575
1253.0,-45.242813,3377.66226,18.8373237,18.8373237,6.66291108,6.66291108,7.1918319,7.1918319,-0.191375095,-139.1708,-139.1708,0.00278908777,0.00278908777,0.00843152275,0.00843152275,0.55211408,1407.3767,5.5767975,-0.0099640732,7.33212e-07,0.0,3377.66226,1405.35847,-0.191375095,103.0933519,0.00082642736
1253.5,-38.0148154,3394.53544,16.2138133,16.2138133,5.75917852,5.75917852,6.26079173,6.26079173,-0.187079785,-138.770547,-138.770547,0.00271907551,0.00271907551,0.00821997832,0.00821997832,0.552053513,1407.3767,5.5767975,-0.00974043515,0.000466662041,0.0,3394.53544,1412.38202,-0.187079785,100.4317906,0.000787574343
1254.0,-10.252379697,3424.58875,4.324000798,4.324000798,1.5501469947,1.5501469947,1.876401936,1.876401936,-0.143556457,-111.4770552,-111.4770552,0.00169833951,0.00169833951,0.00513473935,0.00513473935,0.552017974,1407.3767,5.5767975,-0.00747436361,0.00174862267,0.0,3424.58875,1424.91283,-0.143556457,73.462813,0.00044957085
1254.5,18.76494096,3426.10596,-7.80787639,-7.80787639,-2.801314287,-2.801314287,-2.428646496,-2.428646496,-0.0832069058,-68.4162816,-68.4162816,0.000618594988,0.000618594988,0.001870609353,0.001870609353,0.552020302,1407.3767,5.5767975,-0.00433222369,0.00174532336,0.0,3426.10596,1425.57942,-0.0832069058,36.0675692,0.00013350439
1255.0,47.7822616,3426.00248,-19.88351755,-19.88351755,-7.13359204,-7.13359204,-6.62146776,-6.62146776,-0.00048252144,-25.33698466,-25.33698466,5.1269692e-05,5.1269692e-05,0.000217593394,0.000217593394,0.552054142,1407.3767,5.5767975,-2.5122856e-05,0.00339868523,0.0,3426.00248,1425.58467,-0.00048252144,-0.95880035,1.7184549e-05
1255.5,76.7995813,3425.87637,-31.9572821,-31.9572821,-11.46488845,-11.46488845,-10.7549296,-10.7549296,0.0872967086,17.74270476,17.74270476,0.000184653594,0.000184653594,0.000561248758,0.000561248758,0.552117041,1407.3767,5.5767975,0.004545162,0.00174522375,0.0,3425.87637,1425.58342,0.0872967086,-38.6017904,0.00014894953
1256.0,99.52552,3411.11897,-41.7899334,-41.7899334,-14.9265514,-14.9265514,-14.0083182,-14.0083182,0.144240098,60.8212201,60.8212201,0.000936707582,0.000936707582,0.00283203871,0.00283203871,0.552205643,1407.3767,5.5767975,0.00750995779,0.00142547073,0.0,3411.11897,1419.47603,0.144240098,-73.8864287,0.00045146642
1256.5,101.18181,3379.35728,-42.1715121,-42.1715121,-14.92389895,-14.92389895,-13.99912945,-13.99912945,0.188403482,103.8997358,103.8997358,0.00206596882,0.00206596882,0.006245249,0.006245249,0.552303557,1407.3767,5.5767975,0.00980935415,0.00124845601,0.0,3379.35728,1406.28554,0.188403482,-101.2520086,0.00080305667
1257.0,101.18181,3377.42021,-42.1041064,-42.1041064,-14.8914904,-14.8914904,-13.9684849,-13.9684849,0.22855772,143.731305,143.731305,0.00344823559,0.00344823559,0.0104230108,0.0104230108,0.552400654,1407.3767,5.5767975,0.0119000115,0.000753013862,0.0,3377.42021,1405.50291,0.22855772,-126.1333469,0.00120962603
1257.5,101.18181,3377.37246,-42.1025051,-42.1025051,-14.8907141,-14.8907141,-13.96775085,-13.96775085,0.236881362,151.78444,151.78444,0.00376518891,0.00376518891,0.0113809706,0.0113809706,0.552497695,1407.3767,5.5767975,0.0123333876,-9.5e-10,0.0,3377.37246,1405.48794,0.236881362,-131.291051,0.00130273054
1258.0,101.18181,3377.3723,-42.102497,-42.102497,-14.890711,-14.890711,-13.967748,-13.967748,0.23688136,151.78444,151.78444,0.0037651889,0.0037651889,0.0113809705,0.0113809705,0.552594725,1407.3767,5.5767975,0.0123333875,0.0,0.0,3377.3723,1405.4879,0.23688136,-131.29105,0.0013027305
1258.5,101.18181,3377.3723,-42.102497,-42.102497,-14.890711,-14.890711,-13.967748,-13.967748,0.23688136,151.78444,151.78444,0.0037651889,0.0037651889,0.0113809705,0.0113809705,0.552691747,1407.3767,5.5767975,0.0123333875,0.0,0.0,3377.3723,1405.4879,0.23688136,-131.29105,0.0013027305
1259.0,101.18181,3377.3723,-42.102497,-42.102497,-14.890711,-14.890711,-13.967748,-13.967748,0.23688136,151.78444,151.78444,0.0037651889,0.0037651889,0.0113809705,0.0113809705,0.552788767,1407.3767,5.5767975,0.0123333875,0.0,0.0,3377.3723,1405.4879,0.23688136,-131.29105,0.0013027305
1259.5,101.18181,3377.3723,-42.102497,-42.102497,-14.890711,-14.890711,-13.967748,-13.967748,0.23688136,151.78444,151.78444,0.0037651889,0.0037651889,0.0113809705,0.0113809705,0.552885811,1407.3767,5.5767975,0.0123333875,-0.0,0.0,3377.3723,1405.4879,0.23688136,-131.29105,0.0013027305
1260.0,101.18181,3377.3723,-42.102497,-42.102497,-14.890711,-14.890711,-13.967748,-13.967748,0.23688136,151.78444,151.78444,0.0037651889,0.0037651889,0.0113809705,0.0113809705,0.552982838,1407.3767,5.5767975,0.0123333875,-0.0,0.0,3377.3723,1405.4879,0.23688136,-131.29105,0.0013027305
1260.5,101.18181,3377.3723,-42.102497,-42.102497,-14.890711,-14.890711,-13.967748,-13.967748,0.23688136,151.78444,151.78444,0.0037651889,0.0037651889,0.0113809705,0.0113809705,0.553079853,1407.3767,5.5767975,0.0123333875,-0.0,0.0,3377.3723,1405.4879,0.23688136,-131.29105,0.0013027305
1261.0,101.18181,3377.3723,-42.102497,-42.102497,-14.890711,-14.890711,-13.967748,-13.967748,0.23688136,151.78444,151.78444,0.0037651889,0.0037651889,0.0113809705,0.0113809705,0.553176868,1407.3767,5.5767975,0.0123333875,-0.0,0.0,3377.3723,1405.4879,0.23688136,-131.29105,0.0013027305
1261.5,101.18181,3377.3723,-42.102497,-42.102497,-14.890711,-14.890711,-13.967748,-13.967748,0.23688136,151.78444,151.78444,0.0037651889,0.0037651889,0.0113809705,0.0113809705,0.553273888,1407.3767,5.5767975,0.0123333875,-0.0,0.0,3377.3723,1405.4879,0.23688136,-131.29105,0.0013027305
1262.0,101.18181,3377.3723,-42.102497,-42.102497,-14.890711,-14.890711,-13.967748,-13.967748,0.23688136,151.78444,151.78444,0.0037651889,0.0037651889,0.0113809705,0.0113809705,0.553370917,1407.3767,5.5767975,0.0123333875,-0.0,0.0,3377.3723,1405.4879,0.23688136,-131.29105,0.0013027305
1262.5,101.18181,3377.3723,-42.102497,-42.102497,-14.890711,-14.890711,-13.967748,-13.967748,0.23688136,151.78444,151.78444,0.0037651889,0.0037651889,0.0113809705,0.0113809705,0.553467937,1407.3767,5.5767975,0.0123333875,-0.0,0.0,3377.3723,1405.4879,0.23688136,-131.29105,0.0013027305
1263.0,101.18181,3377.3723,-42.102497,-42.102497,-14.890711,-14.890711,-13.967748,-13.967748,0.23688136,151.78444,151.78444,0.0037651889,0.0037651889,0.0113809705,0.0113809705,0.553564946,1407.3767,5.5767975,0.0123333875,-0.0,0.0,3377.3723,1405.4879,0.23688136,-131.29105,0.0013027305
1263.5,101.18181,3377.3723,-42.102497,-42.102497,-14.890711,-14.890711,-13.967748,-13.967748,0.23688136,151.78444,151.78444,0.0037651889,0.0037651889,0.0113809705,0.0113809705,0.553661956,1407.3767,5.5767975,0.0123333875,-0.0,0.0,3377.3723,1405.4879,0.23688136,-131.29105,0.0013027305
1264.0,101.18181,3377.3723,-42.102497,-42.102497,-14.890711,-14.890711,-13.967748,-13.967748,0.23688136,151.78444,151.78444,0.0037651889,0.0037651889,0.0113809705,0.0113809705,0.553758963,1407.3767,5.5767975,0.0123333875,-0.0,0.0,3377.3723,1405.4879,0.23688136,-131.29105,0.0013027305
1264.5,101.18181,3377.3723,-42.102497,-42.102497,-14.890711,-14.890711,-13.967748,-13.967748,0.23688136,151.78444,151.78444,0.0037651889,0.0037651889,0.0113809705,0.0113809705,0.553855978,1407.3767,5.5767975,0.0123333875,-0.0,0.0,3377.3723,1405.4879,0.23688136,-131.29105,0.0013027305
1265.0,101.18181,3377.3723,-42.102497,-42.102497,-14.890711,-14.890711,-13.967748,-13.967748,0.23688136,151.78444,151.78444,0.0037651889,0.0037651889,0.0113809705,0.0113809705,0.553952986,1407.3767,5.5767975,0.0123333875,-0.0,0.0,3377.3723,1405.4879,0.23688136,-131.29105,0.0013027305
1265.5,101.18181,3377.3723,-42.102497,-42.102497,-14.890711,-14.890711,-13.967748,-13.967748,0.23688136,151.78444,151.78444,0.0037651889,0.0037651889,0.0113809705,0.0113809705,0.554049996,1407.3767,5.5767975,0.0123333875,-0.0,0.0,3377.3723,1405.4879,0.23688136,-131.29105,0.0013027305
1266.0,102.6394838,3380.40136,-42.6629631,-42.6629631,-15.1025335,-15.1025335,-14.1659361,-14.1659361,0.237696356,151.78444,151.78444,0.00377814306,0.00377814306,0.0114200984,0.0114200984,0.554147383,1407.3767,5.5767975,0.01237582095,5.1447568e-05,0.0,3380.40136,1406.74876,0.237696356,-131.796048,0.0013122482
1266.5,105.5257702,3007.18604,-51.5540296,-51.5540296,-16.2035566,-16.2035566,-15.06734065,-15.06734065,0.243506558,151.78444,151.78444,0.00387049531,0.00387049531,0.0116990384,0.0116990384,0.554250212,1238.78081,5.5767975,0.012678333,0.000182653436,0.0,3007.18604,1251.4545,0.243506558,-135.396309,0.00138108602
1267.0,106.10108,2145.80697,-51.944527,-51.944527,-11.6738924,-11.6738924,-10.60282965,-10.60282965,0.23192234,139.504965,139.504965,0.00339916289,0.00339916289,0.0102744784,0.0102744784,0.554340652,893.428993,5.5767975,0.0120751929,-0.000934452399,0.0,2145.80697,893.021544,0.23192234,-128.2182164,0.00124833966
1267.5,106.10108,1315.15242,-51.878025,-51.878025,-7.14479991,-7.14479991,-6.16605125,-6.16605125,0.192572883,100.3255729,100.3255729,0.00203716503,0.00203716503,0.00615807071,0.00615807071,0.554401414,548.077176,5.5767975,0.0100264371,-0.00116669093,0.0,1315.15242,547.357075,0.192572883,-103.8355562,0.000841070433
1268.0,106.10108,518.283059,-49.7104653,-49.7104653,-2.74703055,-2.74703055,-1.997210714,-1.997210714,0.151704349,60.8755369,60.8755369,0.000980531833,0.000980531833,0.00296447526,0.00296447526,0.554431586,222.603409,5.5767975,0.00789858923,-0.001032790883,0.0,518.283059,215.749981,0.151704349,-78.5116066,0.00050275619
1268.5,106.10108,340.890915,-43.7223573,-43.7223573,-1.56123793,-1.56123793,-0.999782422,-0.999782422,0.134722957,47.51906,47.51906,0.000670406249,0.000670406249,0.0020270873,0.0020270873,0.55444086,148.11241,5.5767975,0.00701444145,1.4807522e-05,0.0,340.890915,141.92589,0.134722957,-67.9891877,0.000383681612
1269.0,106.10108,354.944753,-44.137044,-44.137044,-1.64056234,-1.64056234,-1.05976367,-1.05976367,0.134951335,47.51906,47.51906,0.000671542707,0.000671542707,0.00203052223,0.00203052223,0.554448997,148.11241,5.5767975,0.00702633234,7.89421e-07,0.0,354.944753,147.773929,0.134951335,-68.1307035,0.000385131159
1269.5,106.10108,355.265098,-44.1493212,-44.1493212,-1.6424993,-1.6424993,-1.0612127,-1.0612127,0.142039994,54.6828904,54.6828904,0.00081495685,0.00081495685,0.00246403417,0.00246403417,0.55445727,148.11241,5.5767975,0.00739540791,0.000392449401,0.0,355.265098,147.911364,0.142039994,-72.523146,0.000431889295
1270.0,106.10108,355.25184,-44.1495482,-44.1495482,-1.64244658,-1.64244658,-1.06116861,-1.06116861,0.155607314,68.1795371,68.1795371,0.00111257846,0.00111257846,0.00336362698,0.00336362698,0.554465529,148.11241,5.5767975,0.0081017998,0.000392436842,0.0,355.25184,147.913774,0.155607314,-80.9300591,0.000527901462
1270.5,106.10108,355.23295,-44.14955,-44.14955,-1.6423593,-1.6423593,-1.06109879,-1.06109879,0.169174517,81.676182,81.676182,0.0014485502,0.0014485502,0.00437911725,0.00437911725,0.55447379,148.11241,5.5767975,0.0088081855,0.0003924366,0.0,355.23295,147.91383,0.169174517,-89.336895,0.000633468054
1271.0,109.9472395,363.295118,-45.6240888,-45.6240888,-1.73624558,-1.73624558,-1.12375793,-1.12375793,0.184890318,95.1728275,95.1728275,0.00184488393,0.00184488393,0.005576968,0.005576968,0.554482199,148.11241,5.5767975,0.0096264392,0.000526587661,0.0,363.295118,151.277736,0.184890318,-99.0750991,0.000768051702
1271.5,118.6347075,369.463774,-49.3578654,-49.3578654,-1.9096821,-1.9096821,-1.22876597,-1.22876597,0.203616584,108.6694735,108.6694735,0.00231930276,0.00231930276,0.00701073636,0.00701073636,0.554491352,148.11241,5.5767975,0.0106014343,0.000540497359,0.0,369.463774,153.855497,0.203616584,-110.6787178,0.000944734145
1272.0,127.329566,369.626933,-52.9827875,-52.9827875,-2.05081714,-2.05081714,-1.30652489,-1.30652489,0.222291057,122.1661184,122.1661184,0.00284599237,0.00284599237,0.0086024211,0.0086024211,0.554501164,148.11241,5.5767975,0.0115737336,0.000540063297,0.0,369.626933,153.934293,0.222291057,-122.2502494,0.00113905595
1272.5,136.024428,369.604363,-56.6009157,-56.6009157,-2.19073076,-2.19073076,-1.38085286,-1.38085286,0.240961734,135.662766,135.662766,0.00342541714,0.00342541714,0.0103534442,0.0103534442,0.554511561,148.11241,5.5767975,0.012545835,0.000540054728,0.0,369.604363,153.9358,0.240961734,-133.819423,0.00135143693
1273.0,144.719283,369.403509,-60.2224343,-60.2224343,-2.32961354,-2.32961354,-1.45229553,-1.45229553,0.402168775,149.158017,149.158017,0.00634610136,0.00634610136,0.0191679263,0.0191679263,0.554522481,148.11241,5.5767975,0.02093918805,0.01646997448,0.0,369.403509,153.946352,0.402168775,-139.406127,0.0023485245
1273.5,153.414144,367.531439,-63.8535777,-63.8535777,-2.45749194,-2.45749194,-1.51287086,-1.51287086,1.754781007,162.655512,162.655512,0.0301329622,0.0301329622,0.0906179808,0.0906179808,0.554533644,148.11241,5.5767975,0.0913638525,0.0601212048,0.0,367.531439,153.957155,1.754781007,-139.41994,0.01024793576
1274.0,162.109005,364.001178,-67.4764478,-67.4764478,-2.57195722,-2.57195722,-1.56135002,-1.56135002,4.25180149,171.191799,171.191799,0.0762384854,0.0762384854,0.227706512,0.227706512,0.554544393,148.11241,5.5767975,0.221372909,0.0764072742,0.0,364.001178,153.946173,4.25180149,-139.41994,0.0248305562
1274.5,170.803863,360.531526,-71.0914916,-71.0914916,-2.68394193,-2.68394193,-1.60648792,-1.60648792,6.71634443,171.31548,171.31548,0.1204919936,0.1204919936,0.357423517,0.357423517,0.554554453,148.11241,5.5767975,0.349690988,0.0680225109,0.0,360.531526,153.941453,6.71634443,-139.41994,0.039223508
1275.0,179.390289,356.865752,-74.6946426,-74.6946426,-2.79126177,-2.79126177,-1.64688602,-1.64688602,9.2285596,171.31548,171.31548,0.165561421,0.165561421,0.487618231,0.487618231,0.554563861,148.11241,5.5767975,0.480491173,0.0798788801,0.0,356.865752,153.882958,9.2285596,-139.41994,0.0538948658
1275.5,182.4345,341.961779,-76.040541,-76.040541,-2.72305961,-2.72305961,-1.58069891,-1.58069891,12.1380682,171.31548,171.31548,0.217758342,0.217758342,0.636123025,0.636123025,0.554572151,148.11241,5.5767975,0.631976694,0.0857674815,0.0,341.961779,149.380149,12.1380682,-139.41994,0.070886421
1276.0,182.4345,334.412158,-75.9391085,-75.9391085,-2.65935446,-2.65935446,-1.53465375,-1.53465375,15.0987656,171.31548,171.31548,0.270873595,0.270873595,0.784781912,0.784781912,0.554578754,148.11241,5.5767975,0.786127407,0.0855874947,0.0,334.412158,147.96743,15.0987656,-139.41994,0.0881769171
1276.5,182.4345,330.190841,-75.9361843,-75.9361843,-2.62568365,-2.62568365,-1.50998609,-1.50998609,18.0574642,171.31548,171.31548,0.323952996,0.323952996,0.930908862,0.930908862,0.554583958,148.11241,5.5767975,0.940174054,0.0855781674,0.0,330.190841,147.938463,18.0574642,-139.41994,0.1054557421
1277.0,182.4345,326.047471,-75.93613,-75.93613,-2.59273363,-2.59273363,-1.48594817,-1.48594817,21.0159601,171.31548,171.31548,0.377028747,0.377028747,1.07465487,1.07465487,0.554587857,148.11241,5.5767975,1.09421011,0.085573081,0.0,326.047471,147.941822,21.0159601,-139.41994,0.1227333824
1277.5,182.4345,321.905814,-75.93613,-75.93613,-2.55979898,-2.55979898,-1.46155633,-1.46155633,23.974269,171.31548,171.31548,0.430101156,0.430101156,1.2160784,1.2160784,0.554590442,148.11241,5.5767975,1.24823649,0.085567335,0.0,321.905814,147.945786,23.974269,-139.41994,0.140009934
1278.0,182.4345,317.764478,-75.936123,-75.936123,-2.526867,-2.526867,-1.4356885,-1.4356885,26.9323666,171.31548,171.31548,0.483169762,0.483169762,1.35523414,1.35523414,0.554591723,148.11241,5.5767975,1.40225183,0.0855608326,0.0,317.764478,147.949752,26.9323666,-139.41994,0.157285249
1278.5,181.833682,312.664867,-75.8329805,-75.8329805,-2.48304395,-2.48304395,-1.40261003,-1.40261003,29.8886875,171.31548,171.31548,0.536206511,0.536206511,1.49210482,1.49210482,0.554591708,148.11241,5.5767975,1.55617467,0.0846763772,0.0,312.664867,147.553941,29.8886875,-139.41994,0.174550188
1279.0,153.789078,255.97082,-64.5052781,-64.5052781,-1.73751165,-1.73751165,-0.943954924,-0.943954924,32.1359605,171.31548,171.31548,0.57652285,0.57652285,1.59478014,1.59478014,0.554588998,148.11241,5.5767975,1.67318048,0.03229852234,0.0,255.97082,125.2753002,32.1359605,-139.41994,0.187674281
1279.5,111.0535235,240.066194,-46.2106993,-46.2106993,-1.161543976,-1.161543976,-0.645929295,-0.645929295,31.8347725,171.31548,171.31548,0.571119491,0.571119491,1.58108382,1.58108382,0.554582415,148.11241,5.5767975,1.65749889,-0.0493233667,0.0,240.066194,118.481406,31.8347725,-139.41994,0.18591534
1280.0,68.3179664,244.031468,-28.3917081,-28.3917081,-0.724582377,-0.724582377,-0.414703005,-0.414703005,28.7324117,171.31548,171.31548,0.515462776,0.515462776,1.43871138,1.43871138,0.55457452,148.11241,5.5767975,1.49597239,-0.1301104541,0.0,244.031468,118.3199391,28.7324117,-139.41994,0.167797524
1280.5,25.58241252,252.276853,-10.58641844,-10.58641844,-0.278105932,-0.278105932,-0.1438295765,-0.1438295765,22.8378316,171.31548,171.31548,0.409713333,0.409713333,1.16154178,1.16154178,0.55456631,148.11241,5.5767975,1.1890671,-0.210868738,0.0,252.276853,118.3091029,22.8378316,-139.41994,0.1333731295
1281.0,-16.08122077,266.491509,6.987367248,6.987367248,0.1983686617,0.1983686617,0.4049708058,0.4049708058,14.1552738,171.31548,171.31548,0.253947243,0.253947243,0.736606003,0.736606003,0.554557905,148.11241,5.5767975,0.737003869,-0.289977187,0.0,266.491509,119.1542414,14.1552738,-139.41994,0.0826669182
1281.5,-28.88776,336.184359,12.53294655,12.53294655,0.440577005,0.440577005,0.748616146,0.748616146,3.883931171,170.26203,170.26203,0.06964831745,0.06964831745,0.2072053383,0.2072053383,0.554548999,148.11241,5.5767975,0.2022194905,-0.25599040731,0.0,336.184359,142.156595,3.883931171,-134.641787,0.0226475872
1282.0,-28.88776,355.21394,12.0275045,12.0275045,0.447397889,0.447397889,0.753940097,0.753940097,0.14663419,137.5389575,137.5389575,0.00213156911,0.00213156911,0.00644471767,0.00644471767,0.554542478,148.11241,5.5767975,0.00763460795,-0.00138025796,0.0,355.21394,147.892757,0.14663419,-75.369914,0.000467815946
1282.5,-28.88776,355.333589,12.0207164,12.0207164,0.447296213,0.447296213,0.753775749,0.753775749,0.0988855895,90.0347049,90.0347049,0.000951932239,0.000951932239,0.0028784719,0.0028784719,0.55453642,148.11241,5.5767975,0.00514854485,-0.00138126673,0.0,355.333589,147.914667,0.0988855895,-45.7827725,0.00019452023
1283.0,-28.88776,355.39825,12.0207925,12.0207925,0.447380459,0.447380459,0.753879454,0.753879454,0.0511329692,42.5304509,42.5304509,0.000247333016,0.000247333016,0.000748023673,0.000748023673,0.554530407,148.11241,5.5767975,0.00266227253,-0.00138126239,0.0,355.39825,147.913694,0.0511329692,-16.19314076,3.9566258e-05
1283.5,-28.88776,355.524531,12.0211917,12.0211917,0.447554276,0.447554276,0.754094865,0.754094865,-0.0392889242,-4.96200195,-4.96200195,5.4919272e-05,5.4919272e-05,0.000177896082,0.000177896082,0.554524397,148.11241,5.5767975,-0.002045604318,-0.0029937176,0.0,355.524531,147.91344,-0.0392889242,12.9930563,3.0357478e-05
1284.0,-28.88776,355.602101,12.0207789,12.0207789,0.447636554,0.447636554,0.754193249,0.754193249,-0.0941881545,-52.463444,-52.463444,0.000537064031,0.000537064031,0.001624042507,0.001624042507,0.554518387,148.11241,5.5767975,-0.00490396972,-0.00138126318,0.0,355.602101,147.913662,-0.0941881545,42.8720348,0.00017402788
1284.5,-28.88776,355.668525,12.0207938,12.0207938,0.447720726,0.447720726,0.754296505,0.754296505,-0.1419407386,-99.9676975,-99.9676975,0.00150551799,0.00150551799,0.00455176326,0.00455176326,0.554512354,148.11241,5.5767975,-0.00739024029,-0.0013812623,0.0,355.668525,147.913418,-0.1419407386,72.4616439,0.000435710882
1285.0,-28.88776,355.735369,12.020794,12.020794,0.447804879,0.447804879,0.754399625,0.754399625,-0.189693316,-147.47195,-147.47195,0.00294907505,0.00294907505,0.00891534639,0.00891534639,0.554506286,148.11241,5.5767975,-0.0098765104,-0.0013812623,0.0,355.735369,147.913353,-0.189693316,102.0512489,0.000815767385
1285.5,-28.88776,355.802993,12.0209002,12.0209002,0.447893961,0.447893961,0.754509354,0.754509354,-0.238774465,-194.976754,-194.976754,0.00489805107,0.00489805107,0.0148067049,0.0148067049,0.554500179,148.11241,5.5767975,-0.0124319534,-0.002599320248,0.0,355.802993,147.912829,-0.238774465,130.8295029,0.00131320769
1286.0,-28.88776,357.399095,12.0435524,12.0435524,0.450752288,0.450752288,0.758139128,0.758139128,-1.455349086,-242.483196,-242.483196,0.0381936461,0.0381936461,0.1150511102,0.1150511102,0.554493802,148.11241,5.5767975,-0.0757737315,-0.0864723082,0.0,357.399095,147.866639,-1.455349086,139.41994,0.00849925107
1286.5,-28.5911243,1476.571385,37.2034331,37.2034331,6.337669667,6.337669667,7.12836001,7.12836001,-6.88226861,-287.899964,-287.899964,0.2100818901,0.2100818901,0.627182103,0.627182103,0.554467581,655.630307,5.5767975,-0.358329946,-0.227589442,0.0,1476.571385,610.393748,-6.88226861,139.41994,0.0401925063
1287.0,-17.8107186,4571.20158,31.47189505,31.37963245,14.36118754,14.30917954,15.2370888,15.1824818,-15.3589955,-299.65564,-298.867606,0.481963201,0.480523071,1.42058301,1.41635463,0.554321575,1874.24573,5.5767975,-0.799676472,-0.22893609,0.0,4571.20158,1893.14273,-15.3589955,139.41994,0.0896966638
1287.5,-1.820948,5505.12198,-1.057799879,-1.057799879,-0.605343181,-0.605343181,-0.457740371,-0.457740371,-21.8836954,-299.65564,-299.65564,0.686707402,0.686707402,2.00390382,2.00390382,0.554226018,2239.9556,5.5767975,-1.13938933,-0.15640627,0.0,5505.12198,2277.94418,-21.8836954,139.41994,0.1278009641
1288.0,14.168823,5441.97705,-5.92808771,-5.92808771,-3.37833359,-3.37833359,-2.84661401,-2.84661401,-26.8407228,-299.65564,-299.65564,0.842258247,0.842258247,2.43860491,2.43860491,0.554219941,2239.9556,5.5767975,-1.39748034,-0.129291925,0.0,5441.97705,2248.77472,-26.8407228,139.41994,0.156750047
1288.5,30.1585939,5445.658939999999,-12.52458055,-12.52458055,-7.14263115,-7.14263115,-6.56110048,-6.56110048,-30.7631726,-295.808008,-295.808008,0.952449713,0.952449713,2.73797735,2.73797735,0.554235703,2239.9556,5.5767975,-1.60170533,-0.0867499405,0.0,5445.658939999999,2248.0165,-30.7631726,139.41994,0.179657188
1289.0,46.1483642,5441.92523,-19.2954272,-19.2954272,-10.9950482,-10.9950482,-10.336055,-10.336055,-27.7588663,-170.5421325,-170.5421325,0.51483547,0.51483547,1.446032953,1.446032953,0.554281196,2239.9556,5.5767975,-1.44528409,0.348839995,0.0,5441.92523,2248.21711,-27.7588663,139.41994,0.162112012
1289.5,62.1381352,5412.4797,-26.0384222,-26.0384222,-14.7564166,-14.7564166,-13.9964561,-13.9964561,-7.098268519,12.59076141,12.59076141,0.0277001068,0.0277001068,0.083550201839,0.083550201839,0.554362893,2239.9556,5.5767975,-0.36957614105,0.60908391257,0.0,5412.4797,2248.02816,-7.098268519,76.20031,0.041826852882
1290.0,78.127906,5401.66989,-32.4972411,-32.4972411,-18.3825063,-18.3825063,-17.5029303,-17.5029303,0.259604084,166.260175,166.260175,0.0046305936,0.0046305936,0.0139960224,0.0139960224,0.554470538,2239.9556,5.5767975,0.01351646165,0.00637830121,0.0,5401.66989,2247.82625,0.259604084,-128.9532956,0.00142985638
1290.5,89.7887555,5391.63708,-37.5837001,-37.5837001,-21.2198776,-21.2198776,-20.2337148,-20.2337148,0.716438105,183.23648,183.23648,0.0137473572,0.0137473572,0.0414957281,0.0414957281,0.554598313,2239.9556,5.5767975,0.0373018323,0.0184261399,0.0,5391.63708,2243.91834,0.716438105,-139.41994,0.00418400461
1291.0,90.33197,5374.8966,-37.619777,-37.619777,-21.1745897,-21.1745897,-20.1891264,-20.1891264,1.26877761,183.23648,183.23648,0.0243459118,0.0243459118,0.0733817352,0.0733817352,0.554732569,2239.9556,5.5767975,0.0660597622,0.0129797563,0.0,5374.8966,2237.27499,1.26877761,-139.41994,0.00740967188
1291.5,90.33197,5373.60792,-37.5907874,-37.5907874,-21.1531968,-21.1531968,-20.16845,-20.16845,1.64014907,183.23648,183.23648,0.0314719654,0.0314719654,0.0947649984,0.0947649984,0.55486613,2239.9556,5.5767975,0.0853954662,0.0087982049,0.0,5373.60792,2236.9556,1.64014907,-139.41994,0.0095784844
1292.0,90.33197,5373.241169999999,-37.5894636,-37.5894636,-21.151009,-21.151009,-20.1663221,-20.1663221,1.89260065,183.23648,183.23648,0.0363161278,0.0363161278,0.109275479,0.109275479,0.554999549,2239.9556,5.5767975,0.0985395281,0.00598765913,0.0,5373.241169999999,2236.95035,1.89260065,-139.41994,0.0110528039
1292.5,90.33197,5373.00131,-37.5889257,-37.5889257,-21.1497618,-21.1497618,-20.1651081,-20.1651081,2.06442214,183.23648,183.23648,0.0396131201,0.0396131201,0.1191397179,0.1191397179,0.555132898,2239.9556,5.5767975,0.107485528,0.00407539789,0.0,5373.00131,2236.95095,2.06442214,-139.41994,0.01205624255
1293.0,90.33197,5372.95364,-37.5850948,-37.5850948,-21.1474184,-21.1474184,-20.162848,-20.162848,2.08167436,178.212766,178.212766,0.0389199914,0.0389199914,0.1170357384,0.1170357384,0.5552662,2239.9556,5.5767975,0.108383777,-0.01236495613,0.0,5372.95364,2236.94118,2.08167436,-139.41994,0.01215699585
1293.5,90.33197,5374.90433,-37.5742072,-37.5742072,-21.1489691,-21.1489691,-20.1644492,-20.1644492,0.699570062,149.413493,149.413493,0.01141462434,0.01141462434,0.0344130821,0.0344130821,0.555399696,2239.9556,5.5767975,0.0364235863,-0.044273289483,0.0,5374.90433,2236.94585,0.699570062,-131.6904045,0.00401478139
1294.0,90.33197,5375.6484,-37.588458,-37.588458,-21.1599184,-21.1599184,-20.1750366,-20.1750366,0.196429958,117.597994,117.597994,0.00242779059,0.00242779059,0.00733893371,0.00733893371,0.555533646,2239.9556,5.5767975,0.0102272582,-0.000924980552,0.0,5375.6484,2236.96174,0.196429958,-106.2255668,0.00087621786
1294.5,90.33197,5375.65939,-37.5876836,-37.5876836,-21.1595258,-21.1595258,-20.1746595,-20.1746595,0.168218119,89.67321,89.67321,0.00158252787,0.00158252787,0.00478415317,0.00478415317,0.555667663,2239.9556,5.5767975,0.0087583896,-0.000463061572,0.0,5375.65939,2236.94983,0.168218119,-88.744267,0.000626048631
1295.0,90.33197,5375.664220000001,-37.5878102,-37.5878102,-21.1596158,-21.1596158,-20.1747463,-20.1747463,0.163989114,85.60639,85.60639,0.00147010993,0.00147010993,0.00444437045,0.00444437045,0.555801678,2239.9556,5.5767975,0.0085382033,-4.95e-10,0.0,5375.664220000001,2236.94934,0.163989114,-86.1237915,0.000591598082
1295.5,90.33197,5375.664,-37.5878,-37.5878,-21.159609,-21.159609,-20.17474,-20.17474,0.16398911,85.60639,85.60639,0.0014701099,0.0014701099,0.00444437,0.00444437,0.555935689,2239.9556,5.5767975,0.008538203,-1.6e-11,0.0,5375.664,2236.9492,0.16398911,-86.12379,0.00059159804
1296.0,90.33197,5375.664,-37.5878,-37.5878,-21.159609,-21.159609,-20.17474,-20.17474,0.16398911,85.60639,85.60639,0.0014701099,0.0014701099,0.00444437,0.00444437,0.556069693,2239.9556,5.5767975,0.008538203,-0.0,0.0,5375.664,2236.9492,0.16398911,-86.12379,0.00059159804
1296.5,90.33197,5375.664,-37.5878,-37.5878,-21.159609,-21.159609,-20.17474,-20.17474,0.16398911,85.60639,85.60639,0.0014701099,0.0014701099,0.00444437,0.00444437,0.5562037,2239.9556,5.5767975,0.008538203,-0.0,0.0,5375.664,2236.9492,0.16398911,-86.12379,0.00059159804
1297.0,90.33197,5375.664,-37.5878,-37.5878,-21.159609,-21.159609,-20.17474,-20.17474,0.16398911,85.60639,85.60639,0.0014701099,0.0014701099,0.00444437,0.00444437,0.556337703,2239.9556,5.5767975,0.008538203,-0.0,0.0,5375.664,2236.9492,0.16398911,-86.12379,0.00059159804
1297.5,90.33197,5375.664,-37.5878,-37.5878,-21.159609,-21.159609,-20.17474,-20.17474,0.16398911,85.60639,85.60639,0.0014701099,0.0014701099,0.00444437,0.00444437,0.5564717,2239.9556,5.5767975,0.008538203,-0.0,0.0,5375.664,2236.9492,0.16398911,-86.12379,0.00059159804
1298.0,90.33197,5375.664,-37.5878,-37.5878,-21.159609,-21.159609,-20.17474,-20.17474,0.16398911,85.60639,85.60639,0.0014701099,0.0014701099,0.00444437,0.00444437,0.556605703,2239.9556,5.5767975,0.008538203,-0.0,0.0,5375.664,2236.9492,0.16398911,-86.12379,0.00059159804
1298.5,92.4622065,5379.937840000001,-38.4169651,-38.4169651,-21.6436639,-21.6436639,-20.6400849,-20.6400849,0.165188119,85.60639,85.60639,0.00148085867,0.00148085867,0.00447684641,0.00447684641,0.556740571,2239.9556,5.5767975,0.00860063075,6.693529e-05,0.0,5379.937840000001,2238.72825,0.165188119,-86.8667483,0.000601076231
1299.0,96.36195,5382.09266,-40.0948309,-40.0948309,-22.5979068,-22.5979068,-21.5529466,-21.5529466,0.167507045,85.60639,85.60639,0.00150164706,0.00150164706,0.00453965567,0.00453965567,0.556879852,2239.9556,5.5767975,0.00872136725,6.6341597e-05,0.0,5382.09266,2239.6263,0.167507045,-88.3036545,0.000619595482
1299.5,100.2616926,5382.1456,-41.7196091,-41.7196091,-23.5138798,-23.5138798,-22.4284567,-22.4284567,0.169797137,85.60639,85.60639,0.00152217699,0.00152217699,0.00460168298,0.00460168298,0.557024133,2239.9556,5.5767975,0.0088406024,6.6210922e-05,0.0,5382.1456,2239.64972,0.169797137,-89.7226974,0.000638159022
1300.0,104.1614368,5382.14343,-43.3423609,-43.3423609,-24.4284799,-24.4284799,-23.302796,-23.302796,0.17208609,85.60639,85.60639,0.00154269678,0.00154269678,0.00466367849,0.00466367849,0.557173296,2239.9556,5.5767975,0.0089597783,6.6208388e-05,0.0,5382.14343,2239.6501,0.17208609,-91.1410325,0.00065698545
1300.5,108.0611805,5382.14023,-44.9650732,-44.9650732,-25.3430533,-25.3430533,-24.1770045,-24.1770045,0.174375026,85.60639,85.60639,0.00156321633,0.00156321633,0.00472567255,0.00472567255,0.557327324,2239.9556,5.5767975,0.00907895325,6.620834e-05,0.0,5382.14023,2239.6501,0.174375026,-92.559359,0.000676083674
1301.0,111.9609236,5387.41459,-45.7800241,-45.7800241,-25.8252641,-25.8252641,-24.6359147,-24.6359147,0.176715346,86.0645895,86.0645895,0.00159270131,0.00159270131,0.00481476561,0.00481476561,0.557485972,2245.11941,5.5767975,0.00920080355,-2.3646455e-05,0.0,5387.41459,2241.84615,0.176715346,-94.0095246,0.000695898858
1301.5,115.860668,5838.576950000001,-43.19562,-43.19562,-26.472769,-26.472769,-25.3026804,-25.3026804,0.179837018,89.2473349,89.2473349,0.00168112695,0.00168112695,0.00508201265,0.00508201265,0.557641336,2431.4211,5.5767975,0.0093633354,0.000281950505,0.0,5838.576950000001,2429.57992,0.179837018,-95.9438516,0.00072307717
1302.0,119.7604109,5982.48749,-50.1409152,-50.1409152,-31.4123394,-31.4123394,-30.0415849,-30.0415849,0.188691571,92.8800652,92.8800652,0.00183545743,0.00183545743,0.00554839184,0.00554839184,0.557820691,2485.9954,5.5767975,0.00982435395,0.000158991771,0.0,5982.48749,2489.46737,0.188691571,-101.4305211,0.000801760403
1302.5,123.6601539,5972.82857,-51.4641159,-51.4641159,-32.1894115,-32.1894115,-30.781797,-30.781797,0.194466604,96.5127969,96.5127969,0.00196562037,0.00196562037,0.00594175924,0.00594175924,0.558009935,2485.9954,5.5767975,0.0101250348,0.000171314555,0.0,5972.82857,2485.45158,0.194466604,-105.00899,0.000855457249
1303.0,125.9313886,5960.02747,-53.0283339,-53.0283339,-33.0953553,-33.0953553,-31.6420548,-31.6420548,0.199791683,100.1455271,100.1455271,0.00209541359,0.00209541359,0.00633400702,0.00633400702,0.558203449,2480.50173,5.5767975,0.0104022887,0.000152701692,0.0,5960.02747,2480.12807,0.199791683,-108.3086435,0.000906472843
1303.5,125.94543,5803.27329,-54.2717949,-54.2717949,-32.9823493,-32.9823493,-31.5066473,-31.5066473,0.204135966,103.7782561,103.7782561,0.00221858516,0.00221858516,0.00670625161,0.00670625161,0.558399897,2416.86905,5.5767975,0.0106284767,0.000101899525,0.0,5803.27329,2414.90398,0.204135966,-111.0005543,0.000949173011
1304.0,125.94543,5610.34836,-54.1800653,-54.1800653,-31.8315769,-31.8315769,-30.3784334,-30.3784334,0.207737034,107.4109873,107.4109873,0.00233675141,0.00233675141,0.00706337658,0.00706337658,0.558592047,2337.73726,5.5767975,0.0108159687,0.000105463139,0.0,5610.34836,2334.62867,0.207737034,-113.23193,0.000985335179
1304.5,124.2705605,5416.42283,-53.5957456,-53.5957456,-30.4038608,-30.4038608,-28.9887672,-28.9887672,0.209391725,109.921477,109.921477,0.00241029377,0.00241029377,0.00728565174,0.00728565174,0.558778313,2258.6055,5.5767975,0.0109021213,-6.9492885e-05,0.0,5416.42283,2253.93585,0.209391725,-114.2572519,0.00100217187
1305.0,115.9171511,5226.44413,-49.4168075,-49.4168075,-27.0539537,-27.0539537,-25.7794476,-25.7794476,0.204228919,110.00419,110.00419,0.00235263787,0.00235263787,0.00711150056,0.00711150056,0.55895273,2185.56549,5.5767975,0.0106333163,-0.000191010566,0.0,5226.44413,2174.88125,0.204228919,-111.0581522,0.000950168133
1305.5,106.8711104,5192.19583,-44.3838218,-44.3838218,-24.1323646,-24.1323646,-22.9989104,-22.9989104,0.198221213,110.00419,110.00419,0.00228343142,0.00228343142,0.00690244771,0.00690244771,0.55910924,2170.9636,5.5767975,0.01032052105,-0.000150095023,0.0,5192.19583,2160.62681,0.198221213,-107.3355124,0.000891271836
1306.0,97.8250724,5194.92347,-40.7033722,-40.7033722,-22.1430803,-22.1430803,-21.1006597,-21.1006597,0.192957923,110.00419,110.00419,0.0022228004,0.0022228004,0.00671929145,0.00671929145,0.559253886,2170.9636,5.5767975,0.0100464843,-0.000153432204,0.0,5194.92347,2161.7586,0.192957923,-104.0741445,0.000841250231
1306.5,88.7790315,5194.9924,-36.9415238,-36.9415238,-20.0968662,-20.0968662,-19.1422389,-19.1422389,0.187649673,110.00419,110.00419,0.00216165133,0.00216165133,0.00653456381,0.00653456381,0.559387512,2170.9636,5.5767975,0.0097701067,-0.000153577355,0.0,5194.9924,2161.78427,0.187649673,-100.7849164,0.000792255105
1307.0,79.7329925,5195.00099,-33.1774425,-33.1774425,-18.0491672,-18.0491672,-17.1752343,-17.1752343,0.182340172,110.00419,110.00419,0.00210048798,0.00210048798,0.00634978588,0.00634978588,0.559509764,2170.9636,5.5767975,0.0094936637,-0.000153580115,0.0,5195.00099,2161.7847,0.182340172,-97.4949148,0.000744711619
1307.5,70.6869521,5195.0086,-29.4133195,-29.4133195,-16.0014345,-16.0014345,-15.20016225,-15.20016225,0.177030645,110.00419,110.00419,0.00203932429,0.00203932429,0.00616500034,0.00616500034,0.559620274,2170.9636,5.5767975,0.0092172199,-0.00015358017,0.0,5195.0086,2161.7847,0.177030645,-94.204898,0.000698631328
1308.0,61.6409128,5195.01581,-25.6491958,-25.6491958,-13.95369575,-13.95369575,-13.221299,-13.221299,0.171721119,110.00419,110.00419,0.00197816059,0.00197816059,0.00598020815,0.00598020815,0.559718738,2170.9636,5.5767975,0.00894077535,-0.00015358017,0.0,5195.01581,2161.7847,0.171721119,-90.9148804,0.000654014491
1308.5,52.5948719,5195.02348,-21.8850718,-21.8850718,-11.90595125,-11.90595125,-11.2291704,-11.2291704,0.166411589,110.00419,110.00419,0.00191699691,0.00191699691,0.0057954091,0.0057954091,0.559804756,2170.9636,5.5767975,0.0086643319,-0.00015358017,0.0,5195.02348,2161.7847,0.166411589,-87.6248636,0.000610861075
1309.0,44.4500612,5197.17687,-18.4053977,-18.4053977,-10.0169279,-10.0169279,-9.3964104,-9.3964104,0.161563536,110.00419,110.00419,0.00186114918,0.00186114918,0.00562666596,0.00562666596,0.55987804,2170.9636,5.5767975,0.00841191435,-9.263301e-05,0.0,5197.17687,2162.67799,0.161563536,-84.6207924,0.000572702919
1309.5,43.088093,5208.75834,-17.8834914,-17.8834914,-9.7547332,-9.7547332,-9.1429569,-9.1429569,0.160759382,110.00419,110.00419,0.00185188568,0.00185188568,0.00559867586,0.00559867586,0.559944111,2170.9636,5.5767975,0.00837004545,2.525237e-06,0.0,5208.75834,2167.4967,0.160759382,-84.122504,0.000566470315
1310.0,43.088093,5210.06077,-17.9282754,-17.9282754,-9.7816007,-9.7816007,-9.1688181,-9.1688181,0.160784331,110.00419,110.00419,0.0018521731,0.0018521731,0.00559954435,0.00559954435,0.560010226,2170.9636,5.5767975,0.0083713448,6.4178e-08,0.0,5210.06077,2168.03868,0.160784331,-84.137967,0.000566662359
1310.5,43.088093,5210.08724,-17.929255,-17.929255,-9.7821846,-9.7821846,-9.1693803,-9.1693803,0.160784883,110.00419,110.00419,0.00185217942,0.00185217942,0.0055995635,0.0055995635,0.560076381,2170.9636,5.5767975,0.0083713736,1.2e-09,0.0,5210.08724,2168.04963,0.160784883,-84.1383058,0.000566666569
1311.0,43.088093,5210.088,-17.9292738,-17.9292738,-9.7821955,-9.7821955,-9.169391,-9.169391,0.160784895,110.00419,110.00419,0.0018521795,0.0018521795,0.005599564,0.005599564,0.560142494,2170.9636,5.5767975,0.008371374,2.2e-11,0.0,5210.088,2168.0498,0.160784895,-84.13831,0.00056666665
1311.5,43.088093,5210.088,-17.929274,-17.929274,-9.782196,-9.782196,-9.169391,-9.169391,0.1607849,110.00419,110.00419,0.0018521795,0.0018521795,0.005599564,0.005599564,0.56020865,2170.9636,5.5767975,0.008371374,0.0,0.0,5210.088,2168.0498,0.1607849,-84.13831,0.00056666665
1312.0,43.088093,5210.088,-17.929274,-17.929274,-9.782196,-9.782196,-9.169391,-9.169391,0.1607849,110.00419,110.00419,0.0018521795,0.0018521795,0.005599564,0.005599564,0.560274811,2170.9636,5.5767975,0.008371374,0.0,0.0,5210.088,2168.0498,0.1607849,-84.13831,0.00056666665
1312.5,43.088093,5210.088,-17.929274,-17.929274,-9.782196,-9.782196,-9.169391,-9.169391,0.1607849,110.00419,110.00419,0.0018521795,0.0018521795,0.005599564,0.005599564,0.560340968,2170.9636,5.5767975,0.008371374,0.0,0.0,5210.088,2168.0498,0.1607849,-84.13831,0.00056666665
1313.0,43.088093,5210.088,-17.929274,-17.929274,-9.782196,-9.782196,-9.169391,-9.169391,0.1607849,110.00419,110.00419,0.0018521795,0.0018521795,0.005599564,0.005599564,0.56040712,2170.9636,5.5767975,0.008371374,0.0,0.0,5210.088,2168.0498,0.1607849,-84.13831,0.00056666665
1313.5,43.088093,5210.040080000001,-17.9299914,-17.9299914,-9.7824979,-9.7824979,-9.169683,-9.169683,0.197238881,147.0541975,147.0541975,0.0031273814,0.0031273814,0.00945415215,0.00945415215,0.560473236,2170.9636,5.5767975,0.0102693754,0.00259352459,0.0,5210.040080000001,2168.05124,0.197238881,-106.7268125,0.000904009696
1314.0,43.088093,5207.69801,-17.96877,-17.96877,-9.7992427,-9.7992427,-9.18585965,-9.18585965,2.014015224,256.424157,256.424157,0.0592047399,0.0592047399,0.1780505695,0.1780505695,0.560539121,2170.9636,5.5767975,0.1048610639,0.1521869735,0.0,5207.69801,2168.13757,2.014015224,-139.41994,0.01176186591
1314.5,43.088093,5193.27572,-18.0554512,-18.0554512,-9.8192322,-9.8192322,-9.2053809,-9.2053809,12.4119715,366.356553,366.356553,0.490328122,0.490328122,1.462617874,1.462617874,0.560600945,2170.9636,5.5767975,0.646237655,0.454483469,0.0,5193.27572,2168.20764,12.4119715,-139.41994,0.072486019
1315.0,43.088093,5166.64012,-18.0936121,-18.0936121,-9.7895379,-9.7895379,-9.1772326,-9.1772326,31.2632468,405.7403,405.7403,1.32834484,1.32834484,3.91131798,3.91131798,0.560649161,2170.9636,5.5767975,1.62774201,0.581001559,0.0,5166.64012,2168.13153,31.2632468,-139.41994,0.182577625
1315.5,43.088093,5138.42754,-18.0908313,-18.0908313,-9.734584,-9.734584,-9.12463,-9.12463,51.3481979,405.7403,405.7403,2.1817348,2.1817348,6.32181865,6.32181865,0.560679586,2170.9636,5.5767975,2.67347855,0.580925132,0.0,5138.42754,2168.11949,51.3481979,-139.41994,0.29987391
1316.0,43.088093,5110.31075,-18.0907213,-18.0907213,-9.681258,-9.681258,-9.0735585,-9.0735585,71.4300194,405.7403,405.7403,3.03499184,3.03499184,8.65476759,8.65476759,0.560691976,2170.9636,5.5767975,3.71905217,0.580818537,0.0,5110.31075,2168.14538,71.4300194,-139.41994,0.417151922
1316.5,43.088093,5082.202029999999,-18.0906798,-18.0906798,-9.6279858,-9.6279858,-9.0225506,-9.0225506,91.50756,405.7403,405.7403,3.88806684,3.88806684,10.9137203,10.9137203,0.56068603,2170.9636,5.5767975,4.7644027,0.5806773,0.0,5082.202029999999,2168.17247,91.50756,-139.41994,0.534404907
1317.0,43.088093,5054.10115,-18.0906313,-18.0906313,-9.57472395,-9.57472395,-8.97156465,-8.97156465,111.5796145,405.7403,405.7403,4.74090894,4.74090894,13.1020129,13.1020129,0.560661335,2170.9636,5.5767975,5.80946776,0.580501319,0.0,5054.10115,2168.19934,111.5796145,-139.41994,0.6516259
1317.5,58.3469937,5056.28878,-24.0320589,-24.0320589,-12.72649035,-12.72649035,-12.02736705,-12.02736705,131.973758,405.7403,405.7403,5.60743619,5.60743619,15.2567349,15.2567349,0.560626201,2170.9636,5.5767975,6.87130265,0.608391035,0.0,5056.28878,2181.01759,131.973758,-139.41994,0.770727853
1318.0,86.5010522,5041.29122,-36.1621963,-36.1621963,-19.0877203,-19.0877203,-18.1612923,-18.1612923,153.938709,405.7403,405.7403,6.54070557,6.54070557,17.5036638,17.5036638,0.560616124,2170.9636,5.5767975,8.01492278,0.662028331,0.0,5041.29122,2187.60216,153.938709,-139.41994,0.89900338
1318.5,113.6199008,5006.24035,-47.6566323,-47.6566323,-24.9801463,-24.9801463,-23.7739636,-23.7739636,177.736548,405.7403,405.7403,7.55185247,7.55185247,19.8562634,19.8562634,0.560634146,2170.9636,5.5767975,9.2539729,0.713286558,0.0,5006.24035,2186.91261,177.736548,-139.41994,1.03798293
1319.0,121.058334,4934.24178,-50.8272962,-50.8272962,-26.263487,-26.263487,-24.9771799,-24.9771799,202.767825,405.7403,405.7403,8.6154071,8.6154071,21.9475391,21.9475391,0.560561223,2170.9636,5.5767975,10.55724355,0.727066526,0.0,4934.24178,2171.56906,202.767825,-139.41994,1.18416581
1319.5,118.2770579,4884.94996,-49.6100741,-49.6100741,-25.3800888,-25.3800888,-24.132853,-24.132853,227.851517,405.7403,405.7403,9.6811888,9.6811888,23.4307947,23.4307947,0.56030027,2170.9636,5.5767975,11.863243,0.721244772,0.0,4884.94996,2165.70454,227.851517,-139.41994,1.33065482
1320.0,104.687957,4833.72282,-43.7957068,-43.7957068,-22.1707958,-22.1707958,-21.0845656,-21.0845656,252.357654,405.7403,405.7403,10.7224305,10.7224305,24.7371794,24.7371794,0.560216044,2170.9636,5.5767975,13.13917165,0.694789876,0.0,4833.72282,2158.69752,252.357654,-139.41994,1.47377086
1320.5,90.019309,4799.6468,-37.6437868,-37.6437868,-18.9221462,-18.9221462,-17.9862335,-17.9862335,275.887297,405.7403,405.7403,11.72218225,11.72218225,25.8812291,25.8812291,0.560166588,2170.9636,5.5767975,14.3642578,0.666459236,0.0,4799.6468,2158.257,275.887297,-139.41994,1.61118413
1321.0,75.350662,4768.05242,-31.5313696,-31.5313696,-15.745536,-15.745536,-14.9407881,-14.9407881,298.438886,405.7403,405.7403,12.6803771,12.6803771,26.8889044,26.8889044,0.560076414,2170.9636,5.5767975,15.53842195,0.638174807,0.0,4768.05242,2158.2781,298.438886,-139.41994,1.74288562
1321.5,60.6820139,4737.8492,-25.4197552,-25.4197552,-12.61347875,-12.61347875,-11.9216695,-11.9216695,320.012369,405.7403,405.7403,13.5970134,13.5970134,27.7808401,27.7808401,0.559939918,2170.9636,5.5767975,16.66166,0.60987493,0.0,4737.8492,2158.30684,320.012369,-139.41994,1.86887497
1322.0,46.4311926,4709.85885,-19.404513,-19.404513,-9.5717839,-9.5717839,-8.97428255,-8.97428255,340.608984,405.7403,405.7403,14.472143,14.472143,28.5736235,28.5736235,0.559745924,2170.9636,5.5767975,17.7340359,0.582217253,0.0,4709.85885,2158.68616,340.608984,-139.41994,1.98915932
1322.5,42.235035,4701.0744,-17.5905078,-17.5905078,-8.65968215,-8.65968215,-8.0945613,-8.0945613,360.515552,405.7403,405.701426,15.31795385,15.31644995,29.2894785,29.2866437,0.559492159,2170.9636,5.5767975,18.7704849,0.573438341,0.0,4701.0744,2166.65413,360.515552,-139.41994,2.10541383
1323.0,42.235035,4677.96242,-17.7263897,-17.7263897,-8.6837157,-8.6837157,-8.1178657,-8.1178657,380.166019,405.7403,401.550083,16.15288315,15.9849064,29.8456828,29.5367972,0.55921831,2170.9636,5.5767975,19.7936001,0.559600992,0.0,4677.96242,2168.51092,380.166019,-139.41994,2.22017274
1323.5,42.235035,4651.61734,-17.7219705,-17.7219705,-8.632661,-8.632661,-8.0689753,-8.0689753,399.043829,405.7403,392.983699,16.9549828,16.4204363,30.44176,29.4834034,0.558942078,2170.9636,5.5767975,20.7764856,0.53123879,0.0,4651.61734,2168.57099,399.043829,-139.41994,2.33041932
1324.0,42.235035,4626.62371,-17.7138697,-17.7138697,-8.5823522,-8.5823522,-8.02080668,-8.02080668,416.897995,405.7403,384.207263,17.7135889,16.7722704,31.0812531,29.430705,0.558665879,2170.9636,5.5767975,21.7060747,0.502205033,0.0,4626.62371,2168.59595,416.897995,-139.41994,2.43468778
1324.5,42.235035,4602.96075,-17.7066451,-17.7066451,-8.53497485,-8.53497485,-7.97545718,-7.97545718,433.802476,397.323536,376.364126,18.0449502,17.0962956,31.0142221,29.3808284,0.558389718,2170.9636,5.5767975,22.5862179,0.476199695,0.0,4602.96075,2168.62004,433.802476,-139.41994,2.5334101
1325.0,42.235035,4581.448490000001,-17.6824173,-17.6824173,-8.4834689,-8.4834689,-7.92614496,-7.92614496,449.101193,347.960693,347.939778,16.3582433,16.3572734,27.1095895,27.1079406,0.558131761,2170.9636,5.5767975,23.3827566,0.383652761,0.0,4581.448490000001,2168.60145,449.101193,-139.41994,2.6227548
1325.5,42.235035,4567.09976,-17.6317228,-17.6317228,-8.4326503,-8.4326503,-7.87746368,-7.87746368,459.298579,293.271115,293.271115,14.1022776,14.1022776,22.1084898,22.1084898,0.557953716,2170.9636,5.5767975,23.9136897,0.206296946,0.0,4567.09976,2168.58497,459.298579,-139.41994,2.6823076
1326.0,42.235035,4567.45397,-16.5969778,-16.5969778,-7.93381438,-7.93381438,-7.38518844,-7.38518844,463.362711,238.581522,238.581522,11.57628,11.57628,17.2578322,17.2578322,0.557841887,2177.14768,5.5767975,24.1252917,0.0273994882,0.0,4567.45397,2171.10534,463.362711,-139.41994,2.70604218
1326.5,63.3043252,5328.938749999999,-14.27074417,-14.27074417,-8.23330961,-8.23330961,-7.61581206,-7.61581206,461.281236,183.896505,183.896505,8.8852929,8.8852929,12.67732465,12.67732465,0.557761296,2483.98128,5.5767975,24.0169184,-0.128956819,0.0,5328.938749999999,2486.7495,461.281236,-139.41994,2.69388629
1327.0,98.418017,6498.56307,-31.0635332,-31.0635332,-21.152018,-21.152018,-20.200692,-20.200692,455.260003,129.2251814,129.2251814,6.16460148,6.16460148,8.49958341,8.49958341,0.557789135,2954.14341,5.5767975,23.7034194,-0.235451273,0.0,6498.56307,2969.92304,455.260003,-139.41994,2.65872224
1327.5,98.95354,7381.341890000001,-37.4252889,-37.4252889,-28.9866844,-28.9866844,-27.8105338,-27.8105338,444.203555,74.5355975,74.5355975,3.47368902,3.47368902,4.77164992,4.77164992,0.557901254,3319.12365,5.5767975,23.1277575,-0.400275867,0.0,7381.341890000001,3330.79805,444.203555,-139.41994,2.59415254
1328.0,98.95354,7434.21657,-41.2403579,-41.2403579,-32.1059851,-32.1059851,-30.8389517,-30.8389517,427.730542,29.5418502,29.5418502,1.32638661,1.32638661,2.12123804,2.12123804,0.558073966,3344.57,5.5767975,22.2700788,-0.538608936,0.0,7434.21657,3343.18109,427.730542,-139.41994,2.49794999
1328.5,98.95354,7454.934209999999,-41.0258936,-41.0258936,-32.028046,-32.028046,-30.7623739,-30.7623739,408.677583,25.067825,25.067825,1.0728181,1.0728181,1.84044707,1.84044707,0.558255424,3344.57,5.5767975,21.2780737,-0.552785347,0.0,7454.934209999999,3340.677,408.677583,-139.41994,2.38668055
1329.0,98.95354,7481.55889,-41.0220602,-41.0220602,-32.1394314,-32.1394314,-30.8684641,-30.8684641,389.581083,25.3676562,25.3676562,1.03467727,1.03467727,1.79521862,1.79521862,0.558437642,3344.57,5.5767975,20.2838017,-0.5511659,0.0,7481.55889,3340.60537,389.581083,-139.41994,2.27515677
1329.5,98.95354,7507.85055,-41.0276339,-41.0276339,-32.2567598,-32.2567598,-30.9803144,-30.9803144,370.816727,31.5113623,31.5113623,1.22231658,1.22231658,2.01457023,2.01457023,0.558620068,3344.57,5.5767975,19.3068228,-0.530667489,0.0,7507.85055,3340.58924,370.816727,-139.41994,2.16557282
1330.0,98.95354,7532.86989,-41.0354831,-41.0354831,-32.3704442,-32.3704442,-31.088712,-31.088712,352.949306,39.8869017,39.8869017,1.47299211,1.47299211,2.30105585,2.30105585,0.558801666,3344.57,5.5767975,18.3765437,-0.50299776,0.0,7532.86989,3340.56726,352.949306,-139.41994,2.06122692
1330.5,98.95354,7556.54644,-41.0431611,-41.0431611,-32.4782641,-32.4782641,-31.1915174,-31.1915174,336.037497,48.2624403,48.2624403,1.69715473,1.69715473,2.64647432,2.64647432,0.558982118,3344.57,5.5767975,17.496019,-0.475383592,0.0,7556.54644,3340.54459,336.037497,-139.41994,1.96246184
1331.0,98.95354,7578.887549999999,-41.050824,-41.050824,-32.5803671,-32.5803671,-31.2888724,-31.2888724,320.079471,56.6379799,56.6379799,1.89730799,1.89730799,2.95860704,2.95860704,0.559161367,3344.57,5.5767975,16.6651533,-0.447820446,0.0,7578.887549999999,3340.52313,320.079471,-139.41994,1.8692668
1331.5,98.95354,7599.8959,-41.0584717,-41.0584717,-32.6767654,-32.6767654,-31.3807885,-31.3807885,305.073512,65.0135193,65.0135193,2.07595001,2.07595001,3.2440418,3.2440418,0.559339544,3344.57,5.5767975,15.8838577,-0.420304348,0.0,7599.8959,3340.50293,305.073512,-139.41994,1.78163192
1332.0,88.5770546,7598.666009999999,-37.0517467,-37.0517467,-29.4843794,-29.4843794,-28.2856276,-28.2856276,290.803234,73.3890572,73.3890572,2.23387521,2.23387521,3.53936302,3.53936302,0.559511371,3344.57,5.5767975,15.1408667,-0.411892173,0.0,7598.666009999999,3331.65885,290.803234,-139.41994,1.69829337
1332.5,68.0681252,7606.27155,-28.2187786,-28.2187786,-22.4755794,-22.4755794,-21.4604744,-21.4604744,276.35659,81.764597,81.764597,2.36520708,2.36520708,3.80538401,3.80538401,0.559650749,3344.57,5.5767975,14.38869235,-0.423704375,0.0,7606.27155,3326.3883,276.35659,-139.41994,1.61392484
1333.0,47.5591975,7626.75665,-19.6677649,-19.6677649,-15.7065278,-15.7065278,-14.8207907,-14.8207907,261.472381,88.4508434,88.4508434,2.42157423,2.42157423,3.96172921,3.96172921,0.559749185,3344.57,5.5767975,13.61373555,-0.440496186,0.0,7626.75665,3326.22156,261.472381,-139.41994,1.52700091
1333.5,27.0502687,7648.90443,-11.12324087,-11.12324087,-8.90791571,-8.90791571,-8.08207681,-8.08207681,245.633469,88.999756,88.999756,2.28931187,2.28931187,3.82362281,3.82362281,0.559804225,3344.57,5.5767975,12.7890721,-0.477133284,0.0,7648.90443,3326.18914,245.633469,-139.41994,1.43450153
1334.0,6.5413412,7672.934600000001,-2.578603602,-2.578603602,-2.070086244,-2.070086244,-1.603327431,-1.603327431,228.473916,88.999756,88.999756,2.12938425,2.12938425,3.63993002,3.63993002,0.559811853,3344.57,5.5767975,11.8956488,-0.515545472,0.0,7672.934600000001,3326.169,228.473916,-139.41994,1.3342896
1334.5,-13.96758723,7698.809660000001,5.96596931,5.96596931,4.81184779,4.81184779,5.70000358,5.70000358,209.986429,88.999756,88.999756,1.95708031,1.95708031,3.43210933,3.43210933,0.559764632,3344.57,5.5767975,10.933085,-0.553957894,0.0,7698.809660000001,3326.14106,209.986429,-139.41994,1.22632251
1335.0,-33.4679236,7728.75123,14.2454378,14.2454378,11.53193305,11.53193305,12.44189335,12.44189335,190.176345,88.999756,88.999756,1.77244966,1.77244966,3.20660735,3.20660735,0.559644235,3344.57,5.5767975,9.9016596,-0.590743614,0.0,7728.75123,3327.03299,190.176345,-139.41994,1.11063145
1335.5,-38.292667,7784.73616,16.262481,16.262481,13.25724165,13.25724165,14.19683215,14.19683215,169.509432,88.999756,88.999756,1.57983338,1.57983338,2.9863322,2.9863322,0.559465402,3344.57,5.5767975,8.82562285,-0.599559202,0.0,7784.73616,3338.26146,169.509432,-139.41994,0.989936535
1336.0,-38.292667,7818.552989999999,16.1042222,16.1042222,13.1854407,13.1854407,14.1349938,14.1349938,148.793733,88.999756,88.999756,1.38676242,1.38676242,2.7470486,2.7470486,0.559285942,3344.57,5.5767975,7.74704612,-0.598999214,0.0,7818.552989999999,3340.23725,148.793733,-139.41994,0.868956665
1336.5,-38.292667,7847.64069,16.1003608,16.1003608,13.23132525,13.23132525,14.1884083,14.1884083,128.089879,88.999756,88.999756,1.1938018,1.1938018,2.48376908,2.48376908,0.559110054,3344.57,5.5767975,6.66908588,-0.5987451,0.0,7847.64069,3340.25197,128.089879,-139.41994,0.748045985
1337.0,-38.292667,7876.616800000001,16.1002319,16.1002319,13.28007345,13.28007345,14.2446618,14.2446618,107.3939965,88.999756,88.999756,1.000915491,1.000915491,2.19263632,2.19263632,0.558937581,3344.57,5.5767975,5.59154077,-0.598534561,0.0,7876.616800000001,3340.22496,107.3939965,-139.41994,0.627181849
1337.5,-38.292667,7905.58192,16.1001826,16.1001826,13.32886705,13.32886705,14.30098945,14.30098945,86.704746,88.999756,88.999756,0.808091059,0.808091059,1.86896019,1.86896019,0.558768922,3344.57,5.5767975,4.51434123,-0.598361164,0.0,7905.58192,3340.19719,86.704746,-139.41994,0.506356455
1338.0,-38.292667,7934.539290000001,16.1001447,16.1001447,13.3776581,13.3776581,14.3573432,14.3573432,66.0208532,88.999756,88.999756,0.615316484,0.615316484,1.50693572,1.50693572,0.558604446,3344.57,5.5767975,3.43742023,-0.598224759,0.0,7934.539290000001,3340.16945,66.0208532,-139.41994,0.385562341
1338.5,-38.292667,7963.49081,16.1001167,16.1001167,13.4264475,13.4264475,14.4137256,14.4137256,45.3410356,88.999756,88.999756,0.422579919,0.422579919,1.099289343,1.099289343,0.558444732,3344.57,5.5767975,2.36071162,-0.598125322,0.0,7963.49081,3340.14163,45.3410356,-139.41994,0.264792032
1339.0,-38.292667,7992.75126,16.108471,16.108471,13.482782,13.482782,14.47769555,14.47769555,24.4012473,78.0955908,78.0955908,0.206661031,0.206661031,0.571638476,0.571638476,0.558290507,3344.57,5.5767975,1.270467395,-0.63333627,0.0,7992.75126,3340.09049,24.4012473,-139.41994,0.1425034926
1339.5,-38.292667,8022.70485,16.0481726,16.0481726,13.4825913,13.4825913,14.4858804,14.4858804,3.3915779475,28.8798911,28.8798911,0.01633575157,0.01633575157,0.048109975185,0.048109975185,0.55814347,3344.57,5.5767975,0.17658479066,-0.36985432033,0.0,8022.70485,3340.28698,3.3915779475,-68.35021615,0.01983732886
1340.0,-38.292667,8027.30205,15.92667775,15.92667775,13.3882373,13.3882373,14.39369505,14.39369505,-0.0705929378,-23.547023138,-23.547023138,0.000197948869,0.000197948869,0.000598725558,0.000598725558,0.558001082,3344.57,5.5767975,-0.00367546892,-0.00152483013,0.0,8027.30205,3340.1784,-0.0705929378,28.2513973,8.9489755e-05
1340.5,-38.292667,8027.14587,15.93409715,15.93409715,13.3942143,13.3942143,14.39957825,14.39957825,-0.123300629,-75.9765322,-75.9765322,0.001004882643,0.001004882643,0.00303832125,0.00303832125,0.557859052,3344.57,5.5767975,-0.00641973038,-0.00152448389,0.0,8027.14587,3340.08269,-0.123300629,60.9114093,0.00032054356
1341.0,-38.292667,8027.21464,15.9342812,15.9342812,13.3944839,13.3944839,14.399865,14.399865,-0.176004309,-128.406035,-128.406035,0.00239054075,0.00239054075,0.00722692628,0.00722692628,0.557716939,3344.57,5.5767975,-0.00916378305,-0.0015244721,0.0,8027.21464,3340.0806,-0.176004309,93.568936,0.000695780374
1341.5,-27.9128948,8051.9687,12.09141433,12.09141433,10.18489274,10.18489274,11.21241555,11.21241555,-0.223004852,-180.835542,-180.835542,0.00423815297,0.00423815297,0.0128119964,0.0128119964,0.557582145,3344.57,5.5767975,-0.0116108979,-0.001091376945,0.0,8051.9687,3350.35339,-0.223004852,122.6925475,0.001148552203
1342.0,-13.556208,8043.41257,5.17129109,5.17129109,4.35528345,4.35528345,5.4264045,5.4264045,-0.249561752,-217.635321,-217.635321,0.00568843971,0.00568843971,0.0171965164,0.0171965164,0.557516904,3344.57,5.5767975,-0.0129936008,0.000904508188,0.0,8043.41257,3346.77768,-0.249561752,138.831763,0.00145143693
1342.5,-13.556208,8027.699640000001,5.62678942,5.62678942,4.73020907,4.73020907,5.8290644,5.8290644,-0.250495711,-218.97084,-218.97084,0.00574401033,0.00574401033,0.017364527,0.017364527,0.557468358,3344.57,5.5767975,-0.01304222845,-0.00016307655,0.0,8027.699640000001,3340.23883,-0.250495711,139.41994,0.00146289711
1343.0,-13.556208,8027.32612,5.64057722,5.64057722,4.74157977,4.74157977,5.84108201,5.84108201,-0.250574065,-218.97084,-218.97084,0.00574580693,0.00574580693,0.0173699549,0.0173699549,0.557418665,3344.57,5.5767975,-0.0130463079,0.001046717825,0.0,8027.32612,3340.08335,-0.250574065,139.41994,0.00146335466
1343.5,-13.556208,5178.17651,-58.5478796,-58.5478796,-28.10588026,-28.10588026,-25.76990535,-25.76990535,-0.217309254,-218.97084,-218.97084,0.00498302576,0.00498302576,0.01506505105,0.01506505105,0.557450254,2058.15578,5.5767975,-0.01131435285,-0.00055571689,0.0,5178.17651,2154.550576,-0.217309254,119.01678,0.001111079536
1344.0,-13.556208,1590.87353,11.66126667,11.66126667,1.87104107,1.87104107,2.24123322,2.24123322,-0.384162239,-218.97084,-218.97084,0.00880906024,0.00880906024,0.0266213298,0.0266213298,0.55751604,759.7833,5.5767975,-0.0200016656,-0.00381289824,0.0,1590.87353,661.749924,-0.384162239,139.41994,0.00224351068
1344.5,-13.556208,1817.86312,5.86146667,5.86146667,1.1156834,1.1156834,1.47768505,1.47768505,-0.296797073,-218.97084,-218.97084,0.00680572699,0.00680572699,0.0205715391,0.0205715391,0.557501604,759.7833,5.5767975,-0.0154529394,0.003604844775,0.0,1817.86312,756.252959,-0.296797073,139.41994,0.00173329737
1345.0,-14.058049,1822.52423,5.80851146,5.80851146,1.10854222,1.10854222,1.46978812,1.46978812,-0.250634637,-218.97084,-218.97084,0.00574719584,0.00574719584,0.0173741507,0.0173741507,0.557489814,759.7833,5.5767975,-0.01304946125,-0.000393708246,0.0,1822.52423,758.219431,-0.250634637,139.41994,0.00146370838
1345.5,-17.545926,1817.70755,7.28486121,7.28486121,1.38665186,1.38665186,1.76246565,1.76246565,-0.271741373,-218.97084,-218.97084,0.00623118554,0.00623118554,0.0188362295,0.0188362295,0.557476804,759.7833,5.5767975,-0.01414839805,-0.002096734847,0.0,1817.70755,756.202869,-0.271741373,139.41994,0.00158697193
1346.0,-21.5273059,1817.48376,8.9594703,8.9594703,1.70522914,1.70522914,2.070854,2.070854,-0.447699052,-218.97084,-218.97084,0.01026599587,0.01026599587,0.0310189745,0.0310189745,0.557461125,759.7833,5.5767975,-0.0233097528,-0.007692482,0.0,1817.48376,756.007004,-0.447699052,139.41994,0.00261456625
1346.5,-25.508685,1817.94609,10.6175522,10.6175522,2.02132313,2.02132313,2.36539865,2.36539865,-0.783379082,-218.97084,-218.97084,0.0179633313,0.0179633313,0.0542321234,0.0542321234,0.557442832,759.7833,5.5767975,-0.0407871601,-0.01148271705,0.0,1817.94609,756.003382,-0.783379082,139.41994,0.0045749404
1347.0,-29.4900656,1818.5694,12.274953,12.274953,2.33765351,2.33765351,2.70366073,2.70366073,-1.22781013,-218.97084,-218.97084,0.0281543899,0.0281543899,0.084908226,0.084908226,0.557421667,759.7833,5.5767975,-0.0639267612,-0.0140620306,0.0,1818.5694,756.003252,-1.22781013,139.41994,0.00717042152
1347.5,-33.471447,1819.14355,13.9271395,13.9271395,2.65312495,2.65312495,3.04074082,3.04074082,-1.61174858,-211.576609,-211.576609,0.035766768,0.035766768,0.1077556048,0.1077556048,0.557397353,759.7833,5.5767975,-0.0839167766,0.00660125195,0.0,1819.14355,756.017975,-1.61174858,139.41994,0.0094126254
1348.0,-37.4528272,1817.39493,15.5741455,15.5741455,2.96400435,2.96400435,3.36703951,3.36703951,-0.389529674,-162.516154,-162.516154,0.00705406928,0.00705406928,0.02129743385,0.02129743385,0.557370527,759.7833,5.5767975,-0.0202811252,0.0280528443,0.0,1817.39493,756.004022,-0.389529674,118.9654842,0.002103224064
1348.5,-41.4342076,1817.06111,17.2410684,17.2410684,3.28066777,3.28066777,3.69526413,3.69526413,-0.157225872,-106.960539,-106.960539,0.00178674938,0.00178674938,0.00540177868,0.00540177868,0.557341368,759.7833,5.5767975,-0.008186071,0.00154773262,0.0,1817.06111,756.000732,-0.157225872,81.9329855,0.00054573017
1349.0,-45.4155866,1816.99814,18.8973402,18.8973402,3.59570177,3.59570177,4.03415651,4.03415651,-0.1037186886,-51.4071377,-51.4071377,0.000584033848,0.000584033848,0.001766018206,0.001766018206,0.557309419,759.7833,5.5767975,-0.0054001834,0.00154771046,0.0,1816.99814,756.005786,-0.1037186886,48.7775747,0.000218047665
1349.5,-49.0012228,1880.32593,24.8323461,24.8323461,4.97255444,4.97255444,5.51770422,5.51770422,-0.0523219914,4.14626479,4.14626479,-1.584076e-06,-1.584076e-06,9.7294321e-05,9.7294321e-05,0.557273227,799.32805,5.5767975,-0.00272417973,0.001354774281,0.0,1880.32593,782.386956,-0.0523219914,16.929912,4.1362528e-05
1350.0,-49.60202,3229.33408,37.6411649,37.6411649,12.691781,12.691781,13.5563179,13.5563179,0.03153357833,59.6991657,58.8295479,0.000253313749,0.000253122066,0.000820417184,0.000819837362,0.557185972,1358.62295,5.5767975,0.001641817005,0.00578505755,0.0,3229.33408,1343.7682,0.03153357833,-11.82824275,3.0994802e-05
1350.5,-49.60202,4978.17693,37.3555195,36.2195955,19.5163979,18.8450625,20.5176419,19.8137065,0.0988891526,115.244466,111.219038,0.001211863644,0.001166361704,0.00366450067,0.00352691199,0.557004185,2076.58684,5.5767975,0.00514873034,0.000985351099,0.0,4978.17693,2071.51388,0.0988891526,-45.7849805,0.000193428845
1351.0,-49.60202,5813.62335,20.2660945,20.2660945,12.34000525,12.34000525,13.0900186,13.0900186,0.142667631,146.028615,146.028615,0.00218169577,0.00218169577,0.006596447,0.006596447,0.556807719,2395.1025,5.5767975,0.00742808653,0.000419522213,0.0,5813.62335,2419.17493,0.142667631,-72.9120603,0.000435803518
1351.5,-49.60202,5750.59971,20.5467753,20.5467753,12.3732717,12.3732717,13.1234386,13.1234386,0.142666353,146.0492,146.0492,0.00218197283,0.00218197283,0.00659728554,0.00659728554,0.556684809,2395.1025,5.5767975,0.0074280197,-5.769761e-06,0.0,5750.59971,2392.95024,0.142666353,-72.9112632,0.000435717346
1352.0,-49.60202,5748.09451,20.6379713,20.6379713,12.4228007,12.4228007,13.17417605,13.17417605,0.142615343,146.0492,146.0492,0.00218119278,0.00218119278,0.00659492798,0.00659492798,0.556558305,2395.1025,5.5767975,0.00742536396,-1.1619e-07,0.0,5748.09451,2391.90781,0.142615343,-72.8796596,0.000435372699
1352.5,-49.60202,5748.0472,20.6397342,20.6397342,12.42375965,12.42375965,13.1751582,13.1751582,0.142614353,146.0492,146.0492,0.00218117768,0.00218117768,0.00659488228,0.00659488228,0.55643165,2395.1025,5.5767975,0.0074253126,-2.141e-09,0.0,5748.0472,2391.88817,0.142614353,-72.8790448,0.000435366027
1353.0,-49.60202,5748.0464,20.6397668,20.6397668,12.4237777,12.4237777,13.1751765,13.1751765,0.14261433,146.0492,146.0492,0.00218117746,0.00218117746,0.0065948814,0.0065948814,0.556304997,2395.1025,5.5767975,0.0074253115,-3.9e-11,0.0,5748.0464,2391.8877,0.14261433,-72.879036,0.00043536592
1353.5,-49.60202,5748.0464,20.639767,20.639767,12.423778,12.423778,13.175177,13.175177,0.14261433,146.0492,146.0492,0.0021811773,0.0021811773,0.0065948814,0.0065948814,0.556178315,2395.1025,5.5767975,0.0074253115,-1e-12,0.0,5748.0464,2391.8877,0.14261433,-72.879036,0.00043536592
1354.0,-49.60202,5748.0464,20.639767,20.639767,12.423778,12.423778,13.175177,13.175177,0.14261433,146.0492,146.0492,0.0021811773,0.0021811773,0.0065948814,0.0065948814,0.556051627,2395.1025,5.5767975,0.0074253115,-0.0,0.0,5748.0464,2391.8877,0.14261433,-72.879036,0.00043536592
1354.5,-49.60202,5748.0464,20.639767,20.639767,12.423778,12.423778,13.175177,13.175177,0.14261433,146.0492,146.0492,0.0021811773,0.0021811773,0.0065948814,0.0065948814,0.555924938,2395.1025,5.5767975,0.0074253115,-0.0,0.0,5748.0464,2391.8877,0.14261433,-72.879036,0.00043536592
1355.0,-49.60202,5748.0464,20.639767,20.639767,12.423778,12.423778,13.175177,13.175177,0.14261433,146.0492,146.0492,0.0021811773,0.0021811773,0.0065948814,0.0065948814,0.555798249,2395.1025,5.5767975,0.0074253115,-0.0,0.0,5748.0464,2391.8877,0.14261433,-72.879036,0.00043536592
1355.5,-49.60202,5748.0464,20.639767,20.639767,12.423778,12.423778,13.175177,13.175177,0.14261433,146.0492,146.0492,0.0021811773,0.0021811773,0.0065948814,0.0065948814,0.555671533,2395.1025,5.5767975,0.0074253115,-0.0,0.0,5748.0464,2391.8877,0.14261433,-72.879036,0.00043536592
1356.0,-49.60202,5748.0464,20.639767,20.639767,12.423778,12.423778,13.175177,13.175177,0.14261433,146.0492,146.0492,0.0021811773,0.0021811773,0.0065948814,0.0065948814,0.555544827,2395.1025,5.5767975,0.0074253115,-0.0,0.0,5748.0464,2391.8877,0.14261433,-72.879036,0.00043536592
1356.5,-49.60202,5748.0464,20.639767,20.639767,12.423778,12.423778,13.175177,13.175177,0.14261433,146.0492,146.0492,0.0021811773,0.0021811773,0.0065948814,0.0065948814,0.555418101,2395.1025,5.5767975,0.0074253115,-0.0,0.0,5748.0464,2391.8877,0.14261433,-72.879036,0.00043536592
1357.0,-49.60202,5748.0464,20.639767,20.639767,12.423778,12.423778,13.175177,13.175177,0.14261433,146.0492,146.0492,0.0021811773,0.0021811773,0.0065948814,0.0065948814,0.55529138,2395.1025,5.5767975,0.0074253115,-0.0,0.0,5748.0464,2391.8877,0.14261433,-72.879036,0.00043536592
1357.5,-49.60202,5748.0464,20.639767,20.639767,12.423778,12.423778,13.175177,13.175177,0.14261433,146.0492,146.0492,0.0021811773,0.0021811773,0.0065948814,0.0065948814,0.555164644,2395.1025,5.5767975,0.0074253115,-0.0,0.0,5748.0464,2391.8877,0.14261433,-72.879036,0.00043536592
1358.0,-49.60202,5748.0464,20.639767,20.639767,12.423778,12.423778,13.175177,13.175177,0.14261433,146.0492,146.0492,0.0021811773,0.0021811773,0.0065948814,0.0065948814,0.555037903,2395.1025,5.5767975,0.0074253115,-0.0,0.0,5748.0464,2391.8877,0.14261433,-72.879036,0.00043536592
1358.5,-49.497577,5748.28138,20.5998259,20.5998259,12.4002423,12.4002423,13.1510377,13.1510377,0.128839733,132.033053,132.033053,0.00178868921,0.00178868921,0.00540831745,0.00540831745,0.554911243,2395.1025,5.5767975,0.00670812744,-0.000838703139,0.0,5748.28138,2391.97755,0.128839733,-64.3436815,0.000349059686
1359.0,-49.2749583,5748.47232,20.504071,20.504071,12.34301215,12.34301215,13.0923158,13.0923158,0.0997790675,102.9912824,102.9912824,0.001083431327,0.001083431327,0.00327612647,0.00327612647,0.554785171,2395.1025,5.5767975,0.00519506438,-0.000840646233,0.0,5748.47232,2392.03999,0.0997790675,-46.3364121,0.000195473356
1359.5,-49.0523396,5748.51735,20.4112776,20.4112776,12.2872486,12.2872486,13.0350764,13.0350764,0.0707162386,73.949511,73.949511,0.000554916784,0.000554916784,0.00167814416,0.00167814416,0.554659826,2395.1025,5.5767975,0.00368188858,-0.000840656303,0.0,5748.51735,2392.0417,0.0707162386,-28.3277992,8.5720028e-05
1360.0,-48.8297212,5748.55821,20.3186414,20.3186414,12.23157,12.23157,12.97790745,12.97790745,0.04165332,44.9077398,44.9077398,0.000203176234,0.000203176234,0.000614504699,0.000614504699,0.554535186,2395.1025,5.5767975,0.0021687082,-0.0008406565,0.0,5748.55821,2392.0417,0.04165332,-10.31913196,1.9813213e-05
1360.5,-48.6071026,5748.65495,20.2264584,20.2264584,12.1762822,12.1762822,12.9211248,12.9211248,-0.0280871907,15.86018309,15.86018309,-2.8129416e-05,-2.8129416e-05,2.1285609e-05,2.1285609e-05,0.554411246,2395.1025,5.5767975,-0.001462378476,-0.00209954871,0.0,5748.65495,2392.04131,-0.0280871907,7.372803573,1.3464177e-05
1361.0,-48.3844842,5748.70976,20.1333568,20.1333568,12.1203509,12.1203509,12.8636635,12.8636635,-0.0663102945,-13.184269556,-13.1758733467,9.8845461e-05,9.879867e-05,0.000298980416,0.00029883888,0.554287992,2395.1025,5.5767975,-0.00345249018,-0.000818723656,0.0,5748.70976,2392.04189,-0.0663102945,25.597683,7.2909745e-05
1361.5,-48.1618654,5748.73892,20.0405655,20.0405655,12.0645515,12.0645515,12.8063195,12.8063195,-0.0868724068,-33.5654104,-33.5654104,0.000305639057,0.000305639057,0.000924344735,0.000924344735,0.554165399,2395.1025,5.5767975,-0.00452307042,-0.000171556877,0.0,5748.73892,2392.04196,-0.0868724068,38.3388759,0.000139585709
1362.0,-47.9392468,5748.73918,19.9478703,19.9478703,12.0087484,12.0087484,12.7489544,12.7489544,-0.0875379255,-34.30443,-34.30443,0.000314466984,0.000314466984,0.000951036364,0.000951036364,0.554043513,2395.1025,5.5767975,-0.00455772105,3.779332e-06,0.0,5748.73918,2392.0417,-0.0875379255,38.7512591,0.000142092383
1362.5,-47.7166277,5748.739,19.8552401,19.8552401,11.9529839,11.9529839,12.6916118,12.6916118,-0.0874072621,-34.30443,-34.30443,0.000313997599,0.000313997599,0.00094961708,0.00094961708,0.553922284,2395.1025,5.5767975,-0.00455091816,3.779528e-06,0.0,5748.739,2392.0417,-0.0874072621,38.670295,0.000141583855
1363.0,-47.594624,5748.52823,19.8012643,19.8012643,11.92005335,11.92005335,12.6577352,12.6577352,-0.0873328573,-34.30443,-34.30443,0.000313730305,0.000313730305,0.000948808884,0.000948808884,0.553801686,2395.1025,5.5767975,-0.004547044,2.90107e-07,0.0,5748.52823,2391.95403,-0.0873328573,38.6241885,0.000141294625
1363.5,-47.594624,5748.372969999999,19.804301,19.804301,11.9215592,11.9215592,12.6592795,12.6592795,-0.0873344054,-34.30443,-34.30443,0.000313735872,0.000313735872,0.000948825706,0.000948825706,0.553681197,2395.1025,5.5767975,-0.00454712466,-1.0902e-08,0.0,5748.372969999999,2391.88944,-0.0873344054,38.6251501,0.000141300645
1364.0,-47.594624,5748.36807,19.804471,19.804471,11.9216523,11.9216523,12.6593746,12.6593746,-0.0873345024,-34.30443,-34.30443,0.0003137362,0.0003137362,0.00094882675,0.00094882675,0.553560701,2395.1025,5.5767975,-0.00454712988,-2.15e-10,0.0,5748.36807,2391.8875,-0.0873345024,38.6252092,0.000141301016
1364.5,-47.594624,5748.368,19.804474,19.804474,11.921654,11.921654,12.6593769,12.6593769,-0.087334506,-34.30443,-34.30443,0.0003137362,0.0003137362,0.0009488268,0.0009488268,0.553440186,2395.1025,5.5767975,-0.00454713,-4e-12,0.0,5748.368,2391.8875,-0.087334506,38.62521,0.000141301028
1365.0,-47.594624,5748.368,19.804474,19.804474,11.921654,11.921654,12.659377,12.659377,-0.087334506,-34.30443,-34.30443,0.0003137362,0.0003137362,0.0009488268,0.0009488268,0.553319679,2395.1025,5.5767975,-0.00454713,-0.0,0.0,5748.368,2391.8875,-0.087334506,38.62521,0.00014130103
1365.5,-47.594624,5748.368,19.804474,19.804474,11.921654,11.921654,12.659377,12.659377,-0.087334506,-34.30443,-34.30443,0.0003137362,0.0003137362,0.0009488268,0.0009488268,0.553199156,2395.1025,5.5767975,-0.00454713,-0.0,0.0,5748.368,2391.8875,-0.087334506,38.62521,0.00014130103
1366.0,-47.594624,5904.5069,24.7231128,24.7231128,15.3420989,15.3420989,16.1733065,16.1733065,-0.0899419148,-34.30443,-34.30443,0.000323102952,0.000323102952,0.00097714834,0.00097714834,0.553064513,2470.91638,5.5767975,-0.00468288647,-0.000166590765,0.0,5904.5069,2456.85641,-0.0899419148,40.2408772,0.000151719632
1366.5,-47.594624,6696.20273,27.5547031,27.5547031,19.3186461,19.3186461,20.2707829,20.2707829,-0.0915256557,-34.30443,-34.30443,0.000328792318,0.000328792318,0.00099435086,0.00099435086,0.552848846,2791.90193,5.5767975,-0.00476534497,8.738266e-06,0.0,6696.20273,2786.28597,-0.0915256557,41.2222339,0.000158038701
1367.0,-47.594624,7461.77266,36.1886667,26.0092668,28.4315334,20.3097419,29.8374809,21.3097391,-0.0825511321,-34.30443,-26.0344092,0.000296552669,0.000228890093,0.000896928113,0.000692272402,0.552583782,3131.30651,5.5767975,-0.00429808035,0.000579700142,0.0,7461.77266,3104.85054,-0.0825511321,35.6612219,0.000124320847
1367.5,-47.594624,8016.756820000001,103.4531832,24.0946547,87.2952822,20.2217443,92.0220408,21.3057617,-0.0642627449,-34.30443,-8.94366142,0.000230854363,6.1242027e-05,0.000698311026,0.00018525075,0.5523085,3470.71103,5.5767975,-0.0033458832,0.000338230591,0.0,8016.756820000001,3335.79418,-0.0642627449,24.3289306,6.5775616e-05
1368.0,-47.594624,8405.672849999999,227.05491,22.8518442,200.116429,20.1122791,211.984664,21.301399,-0.0580517454,-34.30443,-3.51382241,0.000208542265,2.139381e-05,0.000630820168,6.4714206e-05,0.552033258,3692.82795,5.5767975,-0.00302250325,7.1796358e-05,0.0,8405.672849999999,3497.6285,-0.0580517454,20.4803204,4.9812225e-05
1368.5,-47.4581321,8685.28,280.589395,22.0165528,255.250148,20.023076,271.498571,21.2969338,-0.0567183704,-34.30443,-2.69525022,0.000203752311,1.601095e-05,0.000616331026,4.8431572e-05,0.551758064,3697.4465,5.5767975,-0.00295308012,3.9867888e-05,0.0,8685.28,3613.9759,-0.0567183704,19.6541023,4.669656e-05
1369.0,-39.824129,9014.4616,259.188524,21.1008663,244.318967,19.9134891,261.192429,21.2924564,-0.053489905,-33.0139431,-2.69587978,0.000185159436,1.5091384e-05,0.000560089373,4.5649975e-05,0.551482904,3697.4465,5.5767975,-0.00278498796,0.000137742313,0.0,9014.4616,3750.95277,-0.053489905,17.6536028,3.9602587e-05
1369.5,-28.010738,9619.5836,89.1136419,14.077942,88.59881448,14.10971798,95.88381053,15.61978633,-0.0503130331,-20.6205852,-7.46689646,0.000108925094,3.955842e-05,0.000329486596,0.000119659126,0.551215648,3697.4465,5.5767975,-0.002619582,0.000458687592,0.0,9619.5836,4002.75037,-0.0503130331,15.6850724,3.3436602e-05
1370.0,-16.1973462,9080.61425,0.826303116,0.826303116,0.719978057,0.719978057,1.68959849,1.68959849,-0.0370496347,-5.678880716,-5.678880716,2.3700841e-05,2.3700841e-05,7.2578504e-05,7.2578504e-05,0.551141593,3697.4465,5.5767975,-0.00192901421,0.000376552186,0.0,9080.61425,3778.48909,-0.0370496347,7.46648569,1.1961774e-05
1370.5,-4.383955128,8897.6548,1.670711515,1.670711515,1.557201923,1.557201923,2.132189931,2.132189931,0.0149870312,9.26019894,9.26019894,2.5822847e-05,2.5822847e-05,8.6098149e-05,8.6098149e-05,0.551113925,3697.4465,5.5767975,0.000780309873,0.002121802885,0.0,8897.6548,3702.3886,0.0149870312,-3.805624034,6.564915e-06
1371.0,7.42943662,8893.535,-3.094456155,-3.094456155,-2.88194448,-2.88194448,-2.170860335,-2.170860335,0.0534110859,24.2002468,24.2002468,0.000138189614,0.000138189614,0.000417977098,0.000417977098,0.551114974,3697.4465,5.5767975,0.00278088421,0.000634795559,0.0,8893.535,3700.69665,0.0534110859,-17.6047635,4.0418206e-05
1371.5,19.2428285,8893.4299,-8.00731054,-8.00731054,-7.45734948,-7.45734948,-6.28683049,-6.28683049,0.0753619258,39.1407395,39.1407395,0.000311727648,0.000311727648,0.000942746885,0.000942746885,0.551146079,3697.4465,5.5767975,0.00392376948,0.000634978621,0.0,8893.4299,3700.66579,0.0753619258,-31.2064728,9.9543051e-05
1372.0,30.7770585,8892.8743,-12.8645752,-12.8645752,-11.9801617,-11.9801617,-10.8381735,-10.8381735,0.097192575,54.0812304,54.0812304,0.0005531903,0.0005531903,0.00167281917,0.00167281917,0.551208314,3697.4465,5.5767975,0.00506039692,0.000599296489,0.0,8892.8743,3700.44743,0.097192575,-44.7337054,0.000183094483
1372.5,34.38577,8877.6479,-14.4313334,-14.4313334,-13.4163456,-13.4163456,-12.2422314,-12.2422314,0.1142184776,68.7994459,68.7994459,0.000824564458,0.000824564458,0.00249323792,0.00249323792,0.551292456,3697.4465,5.5767975,0.00594686205,0.000345089546,0.0,8877.6479,3694.12153,0.1142184776,-55.2837067,0.000264909039
1373.0,34.38577,8873.7917,-14.3114092,-14.3114092,-13.2990387,-13.2990387,-12.1273874,-12.1273874,0.119372471,73.88654,73.88654,0.000923630226,0.000923630226,0.00279273062,0.00279273062,0.551378197,3697.4465,5.5767975,0.0062152081,-2.07436e-07,0.0,8873.7917,3692.51993,0.119372471,-58.4773488,0.000292402083
1373.5,34.38577,8873.705899999999,-14.3082322,-14.3082322,-13.295958,-13.295958,-12.1243701,-12.1243701,0.119370692,73.88654,73.88654,0.000923616477,0.000923616477,0.00279268903,0.00279268903,0.551463695,3697.4465,5.5767975,0.00621511553,-3.908e-09,0.0,8873.705899999999,3692.48424,0.119370692,-58.4762459,0.000292392218
1374.0,34.38577,8873.704,-14.3081728,-14.3081728,-13.2959001,-13.2959001,-12.1243133,-12.1243133,0.11937066,73.88654,73.88654,0.00092361623,0.00092361623,0.0027926883,0.0027926883,0.551549227,3697.4465,5.5767975,0.0062151137,-7.2e-11,0.0,8873.704,3692.4836,0.11937066,-58.476227,0.00029239204
1374.5,34.38577,8873.704,-14.308172,-14.308172,-13.295899,-13.295899,-12.124312,-12.124312,0.11937066,73.88654,73.88654,0.00092361623,0.00092361623,0.0027926883,0.0027926883,0.551634719,3697.4465,5.5767975,0.0062151137,-1e-12,0.0,8873.704,3692.4836,0.11937066,-58.476227,0.00029239204
1375.0,34.38577,8873.704,-14.308172,-14.308172,-13.295899,-13.295899,-12.124312,-12.124312,0.11937066,73.88654,73.88654,0.00092361623,0.00092361623,0.0027926883,0.0027926883,0.551720239,3697.4465,5.5767975,0.0062151137,-0.0,0.0,8873.704,3692.4836,0.11937066,-58.476227,0.00029239204
1375.5,34.38577,8873.704,-14.308172,-14.308172,-13.295899,-13.295899,-12.124312,-12.124312,0.11937066,73.88654,73.88654,0.00092361623,0.00092361623,0.0027926883,0.0027926883,0.551805742,3697.4465,5.5767975,0.0062151137,-0.0,0.0,8873.704,3692.4836,0.11937066,-58.476227,0.00029239204
1376.0,34.38577,8873.7058,-14.3081222,-14.3081222,-13.2958556,-13.2958556,-12.1242687,-12.1242687,0.1178843,72.351809,72.351809,0.000893661647,0.000893661647,0.00270213088,0.00270213088,0.551891253,3697.4465,5.5767975,0.00613772549,-0.000185292345,0.0,8873.7058,3692.48344,0.1178843,-57.5552128,0.000284322681
1376.5,34.38577,8873.7252,-14.3080378,-14.3080378,-13.2958056,-13.2958056,-12.1242137,-12.1242137,0.1044445065,58.8977616,58.8977616,0.000646392789,0.000646392789,0.0019545918,0.0019545918,0.551976753,3697.4465,5.5767975,0.00543797363,-0.000463229614,0.0,8873.7252,3692.48346,0.1044445065,-49.2273226,0.000215916817
1377.0,34.38577,8873.747599999999,-14.3080433,-14.3080433,-13.2958444,-13.2958444,-12.1242456,-12.1242456,0.0884298688,42.966401,42.966401,0.00040008831,0.00040008831,0.00120991407,0.00120991407,0.552062284,3697.4465,5.5767975,0.00460416078,-0.000463229858,0.0,8873.747599999999,3692.48356,0.0884298688,-39.3039461,0.000146136575
1377.5,34.38577,8873.77,-14.3080435,-14.3080435,-13.29587835,-13.29587835,-12.1242723,-12.1242723,0.0724152274,27.0350393,27.0350393,0.000207219165,0.000207219165,0.000626739485,0.000626739485,0.552147766,3697.4465,5.5767975,0.00377034767,-0.00046322987,0.0,8873.77,3692.4834,0.0724152274,-29.3805678,8.9669909e-05
1378.0,34.38577,8873.7925,-14.3080435,-14.3080435,-13.2959118,-13.2959118,-12.1242989,-12.1242989,0.0564005857,11.10367812,11.10367812,6.7785383e-05,6.7785383e-05,0.000205041395,0.000205041395,0.552233315,3697.4465,5.5767975,0.00293653459,-0.00046322987,0.0,8873.7925,3692.4834,0.0564005857,-19.4571891,4.6516841e-05
1378.5,34.38577,8873.8148,-14.3080435,-14.3080435,-13.2959454,-13.2959454,-12.1243253,-12.1243253,0.0403859449,-4.827683136,-4.827683136,-1.8213045e-05,-1.8213045e-05,-1.905914e-06,-1.905914e-06,0.552318803,3697.4465,5.5767975,0.00210272147,-0.00046322987,0.0,8873.8148,3692.4834,0.0403859449,-9.53381041,1.667737e-05
1379.0,34.38577,8873.8615,-14.30760425,-14.30760425,-13.29560735,-13.29560735,-12.12397755,-12.12397755,0.0055405624,-20.75904425,-20.75904425,-2.58919e-07,-2.58919e-07,7.5643252e-05,7.5643252e-05,0.552404335,3697.4465,5.5767975,0.00028847313,-0.001879549685,0.0,8873.8615,3692.48249,0.0055405624,0.081564659,2.789429e-06
1379.5,34.6867929,8874.5207,-14.3744532,-14.3744532,-13.3587433,-13.3587433,-12.18628775,-12.18628775,-0.0413399371,-36.6904053,-36.6904053,0.000160946325,0.000160946325,0.00048679295,0.00048679295,0.552489876,3697.4465,5.5767975,-0.0021523917,-0.00042771531,0.0,8874.5207,3692.72936,-0.0413399371,10.1249462,1.8037196e-05
1380.0,42.7746824,8889.382099999999,-17.6834437,-17.6834437,-16.4618966,-16.4618966,-15.2707073,-15.2707073,-0.0526879496,-52.621767,-52.621767,0.000291592155,0.000291592155,0.00088188929,0.00088188929,0.552583084,3697.4465,5.5767975,-0.00274323359,-0.00026344884,0.0,8889.382099999999,3698.9069,-0.0526879496,17.156676,3.8042095e-05
1380.5,54.24768,8892.9622,-22.5699212,-22.5699212,-21.0186744,-21.0186744,-19.7531201,-19.7531201,-0.0537012501,-60.25041,-60.25041,0.000338823087,0.000338823087,0.001024722185,0.001024722185,0.552701636,3697.4465,5.5767975,-0.00279599174,0.000194963992,0.0,8892.9622,3700.39585,-0.0537012501,17.7845612,4.0102432e-05
1381.0,61.6531539,8884.122299999999,-25.8157647,-25.8157647,-24.0174678,-24.0174678,-22.7050478,-22.7050478,-0.049217841,-60.25041,-60.25041,0.00031053543,0.00031053543,0.000939184535,0.000939184535,0.552843623,3697.4465,5.5767975,-0.00256256006,3.7432232e-05,0.0,8884.122299999999,3696.72011,-0.049217841,15.0064433,3.093967e-05
1381.5,61.783573,8874.314,-25.7222017,-25.7222017,-23.9040532,-23.9040532,-22.5969705,-22.5969705,-0.0492095341,-60.25041,-60.25041,0.000310483021,0.000310483021,0.000939026061,0.000939026061,0.552991833,3697.4465,5.5767975,-0.00256212758,-8.43532e-07,0.0,8874.314,3692.63884,-0.0492095341,15.0012958,3.0921936e-05
1382.0,61.783573,8873.947100000001,-25.7088643,-25.7088643,-23.8906716,-23.8906716,-22.5840291,-22.5840291,-0.0492169941,-60.25041,-60.25041,0.000310530092,0.000310530092,0.000939168365,0.000939168365,0.553139553,3697.4465,5.5767975,-0.00256251599,-1.7024e-08,0.0,8873.947100000001,3692.48626,-0.0492169941,15.0059181,3.093615e-05
1382.5,61.783573,8873.94,-25.708606,-25.708606,-23.8904131,-23.8904131,-22.5837784,-22.5837784,-0.0492171391,-60.25041,-60.25041,0.000310530994,0.000310530994,0.000939171146,0.000939171146,0.55328726,3697.4465,5.5767975,-0.00256252351,-3.15e-10,0.0,8873.94,3692.48342,-0.0492171391,15.0060078,3.0936426e-05
1383.0,61.783573,8873.94,-25.708601,-25.708601,-23.890408,-23.890408,-22.583775,-22.583775,-0.049217142,-60.25041,-60.25041,0.00031053103,0.00031053103,0.0009391712,0.0009391712,0.553434961,3697.4465,5.5767975,-0.0025625236,-6e-12,0.0,8873.94,3692.4834,-0.049217142,15.0060097,3.093643e-05
1383.5,61.783573,8873.94,-25.708601,-25.708601,-23.890408,-23.890408,-22.583775,-22.583775,-0.049217142,-60.25041,-60.25041,0.00031053103,0.00031053103,0.0009391712,0.0009391712,0.553582661,3697.4465,5.5767975,-0.0025625236,-0.0,0.0,8873.94,3692.4834,-0.049217142,15.00601,3.093643e-05
1384.0,61.783573,8873.94,-25.708601,-25.708601,-23.890408,-23.890408,-22.583775,-22.583775,-0.049217142,-60.25041,-60.25041,0.00031053103,0.00031053103,0.0009391712,0.0009391712,0.553730361,3697.4465,5.5767975,-0.0025625236,-0.0,0.0,8873.94,3692.4834,-0.049217142,15.00601,3.093643e-05
1384.5,61.783573,8873.94,-25.708601,-25.708601,-23.890408,-23.890408,-22.583775,-22.583775,-0.049217142,-60.25041,-60.25041,0.00031053103,0.00031053103,0.0009391712,0.0009391712,0.55387805,3697.4465,5.5767975,-0.0025625236,0.0,0.0,8873.94,3692.4834,-0.049217142,15.00601,3.093643e-05
1385.0,61.783573,8873.94,-25.708601,-25.708601,-23.890408,-23.890408,-22.583775,-22.583775,-0.049217142,-60.25041,-60.25041,0.00031053103,0.00031053103,0.0009391712,0.0009391712,0.554025744,3697.4465,5.5767975,-0.0025625236,-0.0,0.0,8873.94,3692.4834,-0.049217142,15.00601,3.093643e-05
1385.5,61.783573,8873.94,-25.708601,-25.708601,-23.890408,-23.890408,-22.583775,-22.583775,-0.049217142,-60.25041,-60.25041,0.00031053103,0.00031053103,0.0009391712,0.0009391712,0.554173436,3697.4465,5.5767975,-0.0025625236,-0.0,0.0,8873.94,3692.4834,-0.049217142,15.00601,3.093643e-05
1386.0,60.3019612,8870.6291,-25.3063156,-25.3063156,-23.5083083,-23.5083083,-22.2105571,-22.2105571,-0.0499124547,-60.230799,-60.230799,0.000314809183,0.000314809183,0.00095210777,0.00095210777,0.554320932,3697.4465,5.5767975,-0.00259872555,-0.000127469518,0.0,8870.6291,3691.1052,-0.0499124547,15.4368566,3.2314858e-05
1386.5,38.9489482,8834.3745,-16.4137044,-16.4137044,-15.186869,-15.186869,-14.0216995,-14.0216995,-0.0610391423,-58.915617,-58.915617,0.00037633107,0.00037633107,0.00113813361,0.00113813361,0.55444714,3697.4465,5.5767975,-0.00317804408,-0.000417600198,0.0,8834.3745,3676.01281,-0.0610391423,22.3314427,5.754187e-05
1387.0,11.41676616,8828.283,-4.755386594,-4.755386594,-4.396373937,-4.396373937,-3.583607379,-3.583607379,-0.0752300584,-56.8452914,-56.8452914,0.000447579399,0.000447579399,0.00135355103,0.00135355103,0.554509147,3697.4465,5.5767975,-0.00391690372,-0.000407620769,0.0,8828.283,3673.46978,-0.0752300584,31.1247616,9.8506214e-05
1387.5,-16.1154158,8828.1723,6.70578339,6.70578339,6.19939105,6.19939105,7.38671853,7.38671853,-0.0893115546,-54.7750129,-54.7750129,0.000512041573,0.000512041573,0.00154843118,0.00154843118,0.554493058,3697.4465,5.5767975,-0.00465006625,-0.000407240696,0.0,8828.1723,3673.41552,-0.0893115546,39.8502778,0.000149507269
1388.0,-39.8924902,8837.12095,16.9178639,16.9178639,15.6576346,15.6576346,16.9210172,16.9210172,-0.1014283971,-52.7046815,-52.7046815,0.000559695668,0.000559695668,0.00169248256,0.00169248256,0.55436837,3697.4465,5.5767975,-0.00528093786,-0.000176845869,0.0,8837.12095,3677.13206,-0.1014283971,47.358409,0.0002013238
1388.5,-43.020428,8870.9426,18.0086557,18.0086557,16.7293412,16.7293412,17.9946048,17.9946048,-0.1011433096,-50.6343495,-50.6343495,0.000536344482,0.000536344482,0.00162188027,0.00162188027,0.554171651,3697.4465,5.5767975,-0.00526609458,6.6359602e-05,0.0,8870.9426,3691.20563,-0.1011433096,47.181755,0.000199905041
1389.0,-43.020428,8873.9493,17.9033684,17.9033684,16.6372026,16.6372026,17.9006389,17.9006389,-0.0991855335,-48.7524773,-48.7524773,0.000506392861,0.000506392861,0.00153132474,0.00153132474,0.553976195,3697.4465,5.5767975,-0.00516416177,3.6265175e-05,0.0,8873.9493,3692.45792,-0.0991855335,45.9686328,0.000190988811
1389.5,-43.020428,8874.0088,17.9011599,17.9011599,16.6352615,16.6352615,17.8986572,17.8986572,-0.0988331204,-48.414066,-48.414066,0.000501074924,0.000501074924,0.00151524638,0.00151524638,0.553781159,3697.4465,5.5767975,-0.00514581302,2.746e-09,0.0,8874.0088,3692.48286,-0.0988331204,45.7502599,0.000189402053
1390.0,-43.020428,7882.94948,-4.36837988,-4.36837988,-3.16228633,-3.16228633,-2.21731935,-2.21731935,-0.0869238865,-48.414066,-48.414066,0.0004406962,0.0004406962,0.00133270891,0.00133270891,0.553672497,3245.36647,5.5767975,-0.00452575081,0.000414635008,0.0,7882.94948,3280.10263,-0.0869238865,38.3707728,0.000140323561
1390.5,-43.020428,5151.57773,-7.07292182,-7.07292182,-3.83122812,-3.83122812,-3.26088307,-3.26088307,-0.0853322756,-48.414066,-48.414066,0.000432626883,0.000432626883,0.00130831392,0.00130831392,0.553705347,2143.95522,5.5767975,-0.00444288253,-1.3072841e-05,0.0,5151.57773,2143.5597,-0.0853322756,37.384541,0.000133627297
1391.0,-43.020428,2493.22308,-5.76950904,-5.76950904,-1.64021276,-1.64021276,-1.295012995,-1.295012995,-0.0859511724,-48.414066,-48.414066,0.000435764629,0.000435764629,0.00131780024,0.00131780024,0.553723183,1043.14318,5.5767975,-0.00447510575,-0.00029420781,0.0,2493.22308,1037.398346,-0.0859511724,37.7680372,0.00013603551
1391.5,-41.9326751,1347.22493,18.91576855,18.91576855,2.66654539,2.66654539,3.08403494,3.08403494,-0.0989638167,-48.414066,-48.414066,0.000501737543,0.000501737543,0.00151724948,0.00151724948,0.553714265,596.4558,5.5767975,-0.00515261773,-7.8513803e-05,0.0,1347.22493,560.532459,-0.0989638167,45.8312451,0.000190015345
1392.0,-39.1328905,1433.43443,16.3875681,16.3875681,2.45979676,2.45979676,2.85080225,2.85080225,-0.0741912371,-25.7274142,-25.7274142,0.000215911663,0.000215911663,0.000652994722,0.000652994722,0.553689653,596.4558,5.5767975,-0.00386281681,0.00127720589,0.0,1433.43443,596.419328,-0.0741912371,30.4810623,9.8893727e-05
1392.5,-36.312973,1436.15898,15.11131285,15.11131285,2.27265369,2.27265369,2.65410005,2.65410005,-0.0157811167,16.32480356,16.32480356,1.1325026e-05,1.1325026e-05,9.4548928e-05,9.4548928e-05,0.553667208,596.4558,5.5767975,-0.00082165449,0.00356067284,0.0,1436.15898,597.58715,-0.0157811167,3.69107353,1.1750632e-05
1393.0,-33.4930544,1436.09561,13.9364135,13.9364135,2.0958641,2.0958641,2.46548991,2.46548991,0.0635474823,58.37235,58.37235,0.000404409905,0.000404409905,0.001223019165,0.001223019165,0.553646359,596.4558,5.5767975,0.00330864255,0.00127067523,0.0,1436.09561,597.60709,0.0635474823,-23.8857215,6.7713084e-05
1393.5,-30.6731363,1436.03698,12.7629683,12.7629683,1.91931421,1.91931421,2.27436864,2.27436864,0.1074769826,100.426847,100.426847,0.001146261261,0.001146261261,0.0034660047,0.0034660047,0.553627096,596.4558,5.5767975,0.00559586152,0.00127067759,0.0,1436.03698,597.608352,0.1074769826,-51.1063791,0.000234212545
1394.0,-27.8532172,1638.57902,18.8667103,18.8667103,3.36686111,3.36686111,3.80666328,3.80666328,0.14754262,142.481346,142.481346,0.00221332353,0.00221332353,0.00669193761,0.00669193761,0.553605976,697.982477,5.5767975,0.00768190576,0.001043665075,0.0,1638.57902,681.910968,0.14754262,-75.9328186,0.000471622783
1394.5,-26.577099,2906.59706,23.8947063,23.8947063,7.26255467,7.26255467,7.833842,7.833842,0.187502129,184.535842,184.535842,0.0036389319,0.0036389319,0.0110016927,0.0110016927,0.553554603,1214.48374,5.5767975,0.00976242445,0.00123975187,0.0,2906.59706,1209.56601,0.187502129,-100.6934915,0.000794770266
1395.0,-26.577099,4260.74656,23.6177743,23.6177743,10.53767555,10.53767555,11.20052325,11.20052325,0.222284604,218.761337,218.761337,0.00509485193,0.00509485193,0.0154031253,0.0154031253,0.553468785,1775.50476,5.5767975,0.01157339755,0.000489603159,0.0,4260.74656,1773.05785,0.222284604,-122.2462486,0.00113891075
1395.5,-26.577099,5555.95204,20.1054126,20.1054126,11.5682781,11.5682781,12.30179856,12.30179856,0.227491444,221.9529,221.9529,0.00528755002,0.00528755002,0.0159856141,0.0159856141,0.553348111,2304.45735,5.5767975,0.0118444952,0.000160247533,0.0,5555.95204,2312.00551,0.227491444,-125.4726366,0.0011958675
1396.0,-26.577099,5845.50372,10.3629475,10.3629475,6.34241191,6.34241191,6.98531513,6.98531513,0.228510654,217.512774,217.512774,0.00520922017,0.00520922017,0.0157486099,0.0157486099,0.553265714,2425.9883,5.5767975,0.011897561,-0.000553973001,0.0,5845.50372,2432.49064,0.228510654,-126.104183,0.00120810946
1396.5,-26.577099,5822.65176,11.0391429,11.0391429,6.7310796,6.7310796,7.36522479,7.36522479,0.189625726,178.959717,178.959717,0.00357174528,0.00357174528,0.0107983858,0.0107983858,0.553202695,2425.9883,5.5767975,0.0098729915,-0.00132605006,0.0,5822.65176,2422.95915,0.189625726,-102.0093686,0.000814761578
1397.0,-26.577099,5822.18039,11.0589173,11.0589173,6.7425922,6.7425922,7.37721718,7.37721718,0.14381527,133.398498,133.398498,0.00202704933,0.00202704933,0.00612872919,0.00612872919,0.553138549,2425.9883,5.5767975,0.00748783893,-0.00132479005,0.0,5822.18039,2422.73625,0.14381527,-73.6231845,0.000448006686
1397.5,-26.577099,5822.23271,11.0592069,11.0592069,6.74282932,6.74282932,7.37746694,7.37746694,0.0998261624,89.7583187,89.7583187,0.000950505363,0.000950505363,0.00287415876,0.00287415876,0.553074414,2425.9883,5.5767975,0.00519751653,-0.000928621652,0.0,5822.23271,2422.73234,0.0998261624,-46.3655933,0.000196952854
1398.0,-26.577099,5822.24915,11.05890375,11.05890375,6.74266343,6.74266343,7.37729472,7.37729472,0.0880196662,78.294334,78.294334,0.000721670057,0.000721670057,0.0021823098,0.0021823098,0.553010302,2425.9883,5.5767975,0.00458280313,-5.69e-10,0.0,5822.24915,2422.73231,0.0880196662,-39.0497668,0.000143974896
1398.5,-26.577099,5822.2485,11.0589264,11.0589264,6.74267622,6.74267622,7.37730794,7.37730794,0.088019654,78.294334,78.294334,0.00072166993,0.00072166993,0.0021823095,0.0021823095,0.552946192,2425.9883,5.5767975,0.0045828028,-4.8e-11,0.0,5822.2485,2422.732,0.088019654,-39.04976,0.00014397484
1399.0,-26.577099,5822.2485,11.058927,11.058927,6.7426767,6.7426767,7.3773084,7.3773084,0.088019654,78.294334,78.294334,0.00072166993,0.00072166993,0.0021823095,0.0021823095,0.55288207,2425.9883,5.5767975,0.0045828028,-1e-12,0.0,5822.2485,2422.732,0.088019654,-39.04976,0.00014397484
1399.5,-26.577099,5822.2485,11.058927,11.058927,6.7426767,6.7426767,7.3773084,7.3773084,0.088019654,78.294334,78.294334,0.00072166993,0.00072166993,0.0021823095,0.0021823095,0.55281795,2425.9883,5.5767975,0.0045828028,-0.0,0.0,5822.2485,2422.732,0.088019654,-39.04976,0.00014397484
1400.0,-26.577099,5822.2485,11.058927,11.058927,6.7426767,6.7426767,7.3773084,7.3773084,0.088019654,78.294334,78.294334,0.00072166993,0.00072166993,0.0021823095,0.0021823095,0.552753834,2425.9883,5.5767975,0.0045828028,-0.0,0.0,5822.2485,2422.732,0.088019654,-39.04976,0.00014397484
1400.5,-26.577099,5822.2485,11.058927,11.058927,6.7426767,6.7426767,7.3773084,7.3773084,0.088019654,78.294334,78.294334,0.00072166993,0.00072166993,0.0021823095,0.0021823095,0.552689721,2425.9883,5.5767975,0.0045828028,0.0,0.0,5822.2485,2422.732,0.088019654,-39.04976,0.00014397484
1401.0,-26.577099,5822.2485,11.058927,11.058927,6.7426767,6.7426767,7.3773084,7.3773084,0.088019654,78.294334,78.294334,0.00072166993,0.00072166993,0.0021823095,0.0021823095,0.552625596,2425.9883,5.5767975,0.0045828028,-0.0,0.0,5822.2485,2422.732,0.088019654,-39.04976,0.00014397484
1401.5,-26.577099,5822.2485,11.058927,11.058927,6.7426767,6.7426767,7.3773084,7.3773084,0.088019654,78.294334,78.294334,0.00072166993,0.00072166993,0.0021823095,0.0021823095,0.552561469,2425.9883,5.5767975,0.0045828028,-0.0,0.0,5822.2485,2422.732,0.088019654,-39.04976,0.00014397484
1402.0,-26.577099,5822.2467,11.0588954,11.0588954,6.74265568,6.74265568,7.37728652,7.37728652,0.089282805,79.5847401,79.5847401,0.000744280653,0.000744280653,0.00225067238,0.00225067238,0.552497355,2425.9883,5.5767975,0.00464856943,0.000111707671,0.0,5822.2467,2422.73208,0.089282805,-39.8324636,0.000149014635
1402.5,-26.577099,5822.23835,11.0588736,11.0588736,6.74263257,6.74263257,7.37726194,7.37726194,0.0952741505,85.5674741,85.5674741,0.000854070081,0.000854070081,0.00258261098,0.00258261098,0.552433228,2425.9883,5.5767975,0.00496051273,0.000186179798,0.0,5822.23835,2422.732,0.0952741505,-43.5449653,0.000173869447
1403.0,-26.577099,5822.229219999999,11.058875,11.058875,6.74262277,6.74262277,7.37725132,7.37725132,0.1017106995,91.970557,91.970557,0.000979945483,0.000979945483,0.00296317652,0.00296317652,0.552369093,2425.9883,5.5767975,0.00529563622,0.00018617987,0.0,5822.229219999999,2422.732,0.1017106995,-47.5333363,0.000202602023
1403.5,-26.577099,5822.22022,11.058875,11.058875,6.74261241,6.74261241,7.37724006,7.37724006,0.1081472565,98.3736385,98.3736385,0.00111445268,0.00111445268,0.00336983617,0.00336983617,0.552304958,2425.9883,5.5767975,0.00563075968,0.00018617987,0.0,5822.22022,2422.732,0.1081472565,-51.5217097,0.000233485233
1404.0,-27.4627918,5820.18631,11.3811672,11.3811672,6.93662739,6.93662739,7.57901055,7.57901055,0.11410122,104.7767205,104.7767205,0.00125220978,0.00125220978,0.00378631483,0.00378631483,0.552240399,2425.9883,5.5767975,0.00594075685,0.000145895893,0.0,5820.18631,2421.88914,0.11410122,-55.211048,0.000263930099
1404.5,-30.7250667,5816.73649,12.7785563,12.7785563,7.7837596,7.7837596,8.4550156,8.4550156,0.1186067986,111.179802,111.179802,0.00138115127,0.00138115127,0.00417614578,0.00417614578,0.552170172,2425.9883,5.5767975,0.00617534281,0.000128216408,0.0,5816.73649,2420.45628,0.1186067986,-58.0029039,0.000288211559
1405.0,-34.1164696,5816.55795,14.195954,14.195954,8.6468765,8.6468765,9.3375008,9.3375008,0.1230493142,117.582885,117.582885,0.001515383,0.001515383,0.00458197065,0.00458197065,0.55209095,2425.9883,5.5767975,0.00640664546,0.00012859386,0.0,5816.55795,2420.38454,0.1230493142,-60.7556823,0.000313193979
1405.5,-37.5078718,5816.54861,15.6072704,15.6072704,9.50650605,9.50650605,10.2061845,10.2061845,0.12738696,123.8670229,123.8670229,0.00165257626,0.00165257626,0.00499675277,0.00499675277,0.552002664,2425.9883,5.5767975,0.00663248808,9.1503666e-05,0.0,5816.54861,2420.38315,0.12738696,-63.4434809,0.000338566023
1406.0,-40.8992745,5816.548229999999,17.0185096,17.0185096,10.36610195,10.36610195,11.06576375,11.06576375,0.127538125,125.952484,125.952484,0.00168219131,0.00168219131,0.00508630597,0.00508630597,0.551905123,2425.9883,5.5767975,0.00664035839,-5.7577953e-05,0.0,5816.548229999999,2420.383,0.127538125,-63.5371488,0.000339443284
1406.5,-44.2906775,5816.55123,18.4296942,18.4296942,11.2256704,11.2256704,11.9439176,11.9439176,0.1255475585,125.952484,125.952484,0.00165593635,0.00165593635,0.00500695402,0.00500695402,0.551797929,2425.9883,5.5767975,0.00653671834,-5.7577914e-05,0.0,5816.55123,2420.383,0.1255475585,-62.3037072,0.000327658934
1407.0,-46.6037328,5795.87467,18.5784664,18.5784664,11.27790915,11.27790915,11.9968069,11.9968069,0.1246055644,125.952484,125.952484,0.00164351173,0.00164351173,0.0049694019,0.0049694019,0.551682855,2414.30241,5.5767975,0.00648767274,2.1645434e-05,0.0,5795.87467,2411.77898,0.1246055644,-61.7200045,0.000322149524
1407.5,-46.673286,5643.2718,17.8291013,17.8291013,10.5361555,10.5361555,11.22648255,11.22648255,0.124992554,125.952484,125.952484,0.00164861597,0.00164861597,0.00498482908,0.00498482908,0.551575696,2350.96203,5.5767975,0.00650782153,-1.992825e-06,0.0,5643.2718,2348.28005,0.124992554,-61.9598004,0.000324401442
1408.0,-46.673286,5475.50808,17.8665085,17.8665085,10.24454225,10.24454225,10.9203825,10.9203825,0.12497175,125.952484,125.952484,0.00164834157,0.00164834157,0.00498399971,0.00498399971,0.551473276,2281.52478,5.5767975,0.00650673826,-5.6147e-08,0.0,5475.50808,2278.47228,0.12497175,-61.9469082,0.000324279945
1408.5,-46.673286,5319.258589999999,18.4441322,18.4441322,10.2718727,10.2718727,10.9450325,10.9450325,0.1246673165,125.952484,125.952484,0.00164432618,0.00164432618,0.0049718636,0.0049718636,0.551373742,2218.06878,5.5767975,0.00649088781,-2.5516119e-05,0.0,5319.258589999999,2213.45555,0.1246673165,-61.7582689,0.000322509008
1409.0,-46.673286,5292.45883,19.4925226,19.4925226,10.80323035,10.80323035,11.4938895,11.4938895,0.1240920415,125.952484,125.952484,0.00163673847,0.00163673847,0.00494893054,0.00494893054,0.551268652,2206.2095,5.5767975,0.00646093578,3.068436e-06,0.0,5292.45883,2202.3036,0.1240920415,-61.4018039,0.000319163861
1409.5,-46.673286,5294.67892,19.4229584,19.4229584,10.7692044,10.7692044,11.4588428,11.4588428,0.1241305351,125.952484,125.952484,0.00163724619,0.00163724619,0.00495046513,0.00495046513,0.551161852,2206.2095,5.5767975,0.00646294,1.18855e-07,0.0,5294.67892,2203.22744,0.1241305351,-61.4256553,0.000319386854
1410.0,-46.673286,5294.72815,19.4211342,19.4211342,10.7682932,10.7682932,11.457904,11.457904,0.124131556,125.952484,125.952484,0.00163725962,0.00163725962,0.00495050573,0.00495050573,0.551055162,2206.2095,5.5767975,0.00646299315,2.247e-09,0.0,5294.72815,2203.24799,0.124131556,-61.4262883,0.00031939277
1410.5,-46.673286,5294.805190000001,19.4217603,19.4217603,10.7687973,10.7687973,11.4584259,11.4584259,0.0687527602,125.952484,125.952484,0.000906829191,0.000906829191,0.00274236554,0.00274236554,0.550948471,2206.2095,16.22414538,0.00357965886,-0.002027219399,0.0,5294.805190000001,2203.24766,0.0687527602,-61.8960141,0.000178343689
1411.0,-46.673286,5294.84918,19.4211489,19.4211489,10.7685477,10.7685477,11.4581696,11.4581696,0.0392235817,125.952484,125.952484,0.000517347793,0.000517347793,0.00156472179,0.00156472179,0.55084178,2206.2095,40.2761779,0.00204220218,-4.5398315e-05,0.0,5294.84918,2203.24875,0.0392235817,-61.6621374,0.000101314277
1411.5,-46.673286,5294.85565,19.4211174,19.4211174,10.76854305,10.76854305,11.458165,11.458165,0.0339164499,125.952484,125.952484,0.000447348251,0.000447348251,0.00135303231,0.00135303231,0.550735088,2206.2095,62.6383232,0.0017658828,7.1747525e-05,0.0,5294.85565,2203.2483,0.0339164499,-61.6293351,8.7557011e-05
1412.0,-46.673286,5294.8564,19.4210967,19.4210967,10.76853365,10.76853365,11.458155,11.458155,0.0332556212,125.952484,125.952484,0.00043863211,0.00043863211,0.00132667278,0.00132667278,0.550628452,2206.2095,67.29439,0.00173147634,-9.5159467e-05,0.0,5294.8564,2203.2483,0.0332556212,-61.7285511,8.5988647e-05
1412.5,-46.673286,5294.8564,19.4210993,19.4210993,10.7685349,10.7685349,11.4581566,11.4581566,0.0332473862,125.952484,125.952484,0.000438523495,0.000438523495,0.0013263443,0.0013263443,0.550521761,2206.2095,67.29439,0.00173104757,3.0702866e-05,0.0,5294.8564,2203.2483,0.0332473862,-61.6669773,8.5881481e-05
1413.0,-46.673286,5294.8564,19.4211,19.4211,10.7685353,10.7685353,11.4581572,11.4581572,0.0332314745,125.952484,125.952484,0.000438313624,0.000438313624,0.00132570957,0.00132570957,0.55041507,2206.2095,67.29439,0.0017302191,-8.5785993e-05,0.0,5294.8564,2203.2483,0.0332314745,-61.5480009,8.5674824e-05
1413.5,-46.673286,5294.8564,19.4210989,19.4210989,10.7685349,10.7685349,11.4581565,11.4581565,0.0332415034,125.952484,125.952484,0.000438445909,0.000438445909,0.00132610964,0.00132610964,0.550308379,2206.2095,67.29439,0.00173074129,-0.000339399971,0.0,5294.8564,2203.2483,0.0332415034,-61.6229939,8.5805058e-05
1414.0,-46.673286,5294.8564,19.4210991,19.4210991,10.7685349,10.7685349,11.45815675,11.45815675,0.0332466147,125.952484,125.952484,0.000438513313,0.000438513313,0.00132631347,0.00132631347,0.550201685,2206.2095,67.29439,0.00173100737,2.5676377e-05,0.0,5294.8564,2203.2483,0.0332466147,-61.6612028,8.5871476e-05
1414.5,-46.3701379,5295.51377,19.3419107,19.3419107,10.7259366,10.7259366,11.41419055,11.41419055,0.0324949503,116.810413,116.810413,0.000398269332,0.000398269332,0.00120459335,0.00120459335,0.550095026,2206.2095,67.29439,0.00169187149,9.6907259e-05,0.0,5295.51377,2203.52134,0.0324949503,-56.0409001,7.6470573e-05
1415.0,-41.5682385,5303.80763,17.3472219,17.3472219,9.6347675,9.6347675,10.2934518,10.2934518,0.0292122753,74.7822269,74.7822269,0.000230107711,0.000230107711,0.000695982523,0.000695982523,0.549993779,2206.2095,67.29439,0.00152095681,0.000154194012,0.0,5303.80763,2206.97058,0.0292122753,-31.4958303,3.8848416e-05
1415.5,-35.2689231,5305.31818,14.6768676,14.6768676,8.15404835,8.15404835,8.799873,8.799873,0.0260531051,33.2968953,33.2968953,9.1489724e-05,9.1489724e-05,0.000276730932,0.000276730932,0.549907831,2206.2095,67.29439,0.00135647247,-3.6234917e-05,0.0,5305.31818,2207.59725,0.0260531051,-7.87422987,8.739905e-06
1416.0,-28.9696084,5305.35132,12.0543811,12.0543811,6.6971138,6.6971138,7.30615425,7.30615425,0.0256709808,24.970793,24.970793,6.7127957e-05,6.7127957e-05,0.000203048621,0.000203048621,0.549836964,2206.2095,67.29439,0.00133657692,1.3819746e-05,0.0,5305.35132,2207.61085,0.0256709808,-5.01702674,5.396369e-06
1416.5,-22.6702938,5305.35143,9.433384,9.433384,5.24095316,5.24095316,5.86690098,5.86690098,0.0259737219,24.970793,24.970793,6.7919603e-05,6.7919603e-05,0.000205443114,0.000205443114,0.549780405,2206.2095,67.29439,0.00135233933,5.2329707e-05,0.0,5305.35143,2207.61101,0.0259737219,-7.28066726,7.923485e-06
1417.0,-16.3709791,5305.35099,6.81196856,6.81196856,3.78455998,3.78455998,4.46103597,4.46103597,0.0262943647,24.970793,24.970793,6.8758065e-05,6.8758065e-05,0.0002079792,0.0002079792,0.549736715,2206.2095,67.29439,0.0013690338,0.00015854139,0.0,5305.35099,2207.61104,0.0262943647,-9.6781645,1.0661967e-05
1417.5,-10.07166428,5305.350420000001,4.19081087,4.19081087,2.32830974,2.32830974,2.89378453,2.89378453,0.0265858171,24.970793,24.970793,6.9520193e-05,6.9520193e-05,0.000210284407,0.000210284407,0.549706147,2206.2095,67.29439,0.00138420851,-0.000489379868,0.0,5305.350420000001,2207.61099,0.0265858171,-11.85740005,1.3207524e-05
1418.0,-3.81107526,5305.30666,1.574120417,1.574120417,0.874539942,0.874539942,1.108112552,1.108112552,0.02690192,24.970793,24.970793,7.0346782e-05,7.0346782e-05,0.000212784581,0.000212784581,0.549689778,2206.2095,67.29439,0.0014006666,0.000404081866,0.0,5305.30666,2207.59297,0.02690192,-14.2209499,1.6026764e-05
1418.5,-1.324917,5297.8362,0.467216119,0.467216119,0.259189955,0.259189955,0.32842623,0.32842623,0.0270218448,24.970793,24.970793,7.0660378e-05,7.0660378e-05,0.000213733106,0.000213733106,0.549685346,2206.2095,67.29439,0.00140691057,0.000140096798,0.0,5297.8362,2204.48451,0.0270218448,-15.1176455,1.711154e-05
1419.0,-1.324917,5294.937879999999,0.548634438,0.548634438,0.304209333,0.304209333,0.38547594,0.38547594,0.0270173025,24.970793,24.970793,7.0648499e-05,7.0648499e-05,0.00021369718,0.00021369718,0.549682412,2206.2095,67.29439,0.00140667407,0.000449603079,0.0,5294.937879999999,2203.27849,0.0270173025,-15.08368245,1.7070296e-05
1419.5,-1.324917,5294.86637,0.551256394,0.551256394,0.305659053,0.305659053,0.387313061,0.387313061,0.0270196947,24.970793,24.970793,7.0654756e-05,7.0654756e-05,0.0002137161,0.0002137161,0.549679332,2206.2095,67.29439,0.00140679858,0.000107788248,0.0,5294.86637,2203.24877,0.0270196947,-15.1015682,1.7092067e-05
1420.0,-1.324917,5294.865,0.551307328,0.551307328,0.305687225,0.305687225,0.387348756,0.387348756,0.0270132051,24.970793,24.970793,7.0637787e-05,7.0637787e-05,0.000213664773,0.000213664773,0.549676247,2206.2095,67.29439,0.00140646074,0.000324139414,0.0,5294.865,2203.2483,0.0270132051,-15.053047,1.7033184e-05
1420.5,-1.324917,5294.865,0.55130773,0.55130773,0.305687449,0.305687449,0.387349034,0.387349034,0.027016434,24.970793,24.970793,7.0646229e-05,7.0646229e-05,0.000213690308,0.000213690308,0.549673177,2206.2095,67.29439,0.00140662885,8.7138804e-05,0.0,5294.865,2203.2483,0.027016434,-15.07718785,1.7062334e-05
1421.0,-1.324917,5294.865,0.551307068,0.551307068,0.305687074,0.305687074,0.38734857,0.38734857,0.0270256398,24.970793,24.970793,7.0670301e-05,7.0670301e-05,0.000213763121,0.000213763121,0.5496701,2206.2095,67.29439,0.00140710815,-3.6598244e-05,0.0,5294.865,2203.2483,0.0270256398,-15.1460197,1.7146196e-05
1421.5,-1.324917,5473.65149,7.626917406,7.626917406,4.525873162,4.525873162,4.901867539,4.901867539,0.0266975355,24.970793,24.970793,6.981233e-05,6.981233e-05,0.000211168021,0.000211168021,0.549657676,2298.04247,67.29439,0.00139002517,-0.000114706519,0.0,5473.65149,2277.64249,0.0266975355,-12.6927333,1.4226152e-05
1422.0,-1.324917,6847.23928,14.8569213,14.8569213,10.62765215,10.62765215,11.4289303,11.4289303,0.026375983,24.970793,24.970793,6.8971492e-05,6.8971492e-05,0.000208624753,0.000208624753,0.549571898,2857.97947,67.29439,0.00137328334,2.2358151e-05,0.0,6847.23928,2849.20217,0.026375983,-10.2884386,1.1367302e-05
1422.5,-2.34452653,7571.55163,0.3154877474,0.3154877474,0.249670458,0.249670458,0.4772222995,0.4772222995,0.0270012195,24.970793,24.970793,7.0606445e-05,7.0606445e-05,0.000213569976,0.000213569976,0.549515775,3134.2031,67.29439,0.00140583673,-2.3492926e-05,0.0,7571.55163,3150.59427,0.0270012195,-14.96343,1.6926361e-05
1423.0,-9.87765004,7510.59607,4.00330835,4.00330835,3.14830519,3.14830519,3.92763805,3.92763805,0.0265971809,24.970793,24.970793,6.954991e-05,6.954991e-05,0.00021037429,0.00021037429,0.549500387,3134.2031,67.29439,0.00138480015,0.000103590007,0.0,7510.59607,3125.23002,0.0265971809,-11.9423697,1.3311269e-05
1423.5,-18.408327,7507.91327,7.6931077,7.6931077,6.0485595,6.0485595,7.01076182,7.01076182,0.0261776019,24.970793,24.970793,6.8452738e-05,6.8452738e-05,0.000207055679,0.000207055679,0.549453185,3134.2031,67.29439,0.00136295445,0.000251906923,0.0,7507.91327,3124.11333,0.0261776019,-8.80510875,9.659261e-06
1424.0,-21.266167,7518.84222,8.9467704,8.9467704,7.0444067,7.0444067,7.97189034,7.97189034,0.0260312079,24.970793,24.970793,6.8069926e-05,6.8069926e-05,0.000205897794,0.000205897794,0.54938558,3134.2031,67.29439,0.00135533235,0.000186835806,0.0,7518.84222,3128.66099,0.0260312079,-7.71049838,8.407613e-06
1424.5,-21.266167,7521.97726,8.8517377,8.8517377,6.97251036,6.97251036,7.90658845,7.90658845,0.0257745367,21.9089227,21.9089227,5.9228749e-05,5.9228749e-05,0.000179156345,0.000179156345,0.54931609,3134.2031,67.29439,0.00134196861,-0.000336906835,0.0,7521.97726,3129.96533,0.0257745367,-5.79132779,6.277025e-06
1425.0,-21.266167,7522.09676,8.84949905,8.84949905,6.97085785,6.97085785,7.90509673,7.90509673,-0.008368586942,7.535721757,7.535721757,2.469771e-06,2.469771e-06,2.6791792e-05,2.6791792e-05,0.549246768,3134.2031,67.29439,-0.000435716105,-0.000960491321,0.0,7522.09676,3129.99515,-0.008368586942,2.77080057,3.304011e-06
1425.5,-21.266167,7522.12565,8.84899,8.84899,6.97048376,6.97048376,7.90475954,7.90475954,-0.0266801557,-7.884965086,-7.884965086,2.2203319e-05,2.2203319e-05,6.7162797e-05,6.7162797e-05,0.54917744,3134.2031,67.29439,-0.0013891203,-0.00012966016,0.0,7522.12565,3129.99636,-0.0266801557,12.5627869,1.4083717e-05
1426.0,-21.266167,7522.12659,8.8490193,8.8490193,6.97050754,6.97050754,7.90478179,7.90478179,-0.0279840041,-23.3039772,-23.3039772,6.8467691e-05,6.8467691e-05,0.000207100846,0.000207100846,0.54910814,3134.2031,67.29439,-0.00145700603,2.4727709e-05,0.0,7522.12659,3129.996,-0.0279840041,22.3118589,2.6198953e-05
1426.5,-21.266167,7522.12834,8.8490197,8.8490197,6.97050936,6.97050936,7.90478406,7.90478406,-0.0292691983,-38.7209901,-38.7209901,0.000118860353,0.000118860353,0.000359512643,0.000359512643,0.549038838,3134.2031,67.29439,-0.0015239205,-0.000186824266,0.0,7522.12834,3129.996,-0.0292691983,31.9214527,3.9182761e-05
1427.0,-21.266167,7522.1302,8.8490192,8.8490192,6.97051062,6.97051062,7.90478571,7.90478571,-0.0305497636,-54.1426463,-54.1426463,0.00017338684,0.00017338684,0.000524426908,0.000524426908,0.548969511,3134.2031,67.29439,-0.00159059401,-0.000414317735,0.0,7522.1302,3129.996,-0.0305497636,41.4964359,5.3146664e-05
1427.5,-21.266167,7522.131759999999,8.8490131,8.8490131,6.97050718,6.97050718,7.90478304,7.90478304,-0.0315503166,-66.1129526,-66.1129526,0.000218453712,0.000218453712,0.000660729339,0.000660729339,0.548900185,3134.2031,67.29439,-0.0016426885,0.000459100233,0.0,7522.131759999999,3129.996,-0.0315503166,48.9777299,6.4733572e-05
1428.0,-21.266167,7522.132,8.84900965,8.84900965,6.97050456,6.97050456,7.90478066,7.90478066,-0.0316379437,-66.948326,-66.948326,0.000221807688,0.000221807688,0.000670873357,0.000670873357,0.548830858,3134.2031,67.29439,-0.00164725089,-0.000256085376,0.0,7522.132,3129.996,-0.0316379437,49.6329337,6.5776045e-05
1428.5,-21.266167,7522.132,8.8490084,8.8490084,6.97050351,6.97050351,7.90477962,7.90477962,-0.031620601,-66.948326,-66.948326,0.000221686089,0.000221686089,0.000670505643,0.000670505643,0.54876155,3134.2031,67.29439,-0.00164634789,-0.00023663577,0.0,7522.132,3129.996,-0.031620601,49.5032502,6.5568218e-05
1429.0,-21.266167,7522.132,8.84900975,8.84900975,6.9705048,6.9705048,7.90478076,7.90478076,-0.0316308844,-66.948326,-66.948326,0.000221758195,0.000221758195,0.000670723684,0.000670723684,0.548692229,3134.2031,67.29439,-0.00164688333,-0.000138260033,0.0,7522.132,3129.996,-0.0316308844,49.5801478,6.5691405e-05
1429.5,-21.266167,7522.132,8.84900945,8.84900945,6.97050442,6.97050442,7.90478047,7.90478047,-0.0316277033,-66.948326,-66.948326,0.000221735881,0.000221735881,0.000670656229,0.000670656229,0.548622904,3134.2031,67.29439,-0.00164671766,0.000378373673,0.0,7522.132,3129.996,-0.0316277033,49.5563531,6.5653304e-05
1430.0,-21.266167,7522.132,8.84900935,8.84900935,6.97050435,6.97050435,7.90478039,7.90478039,-0.0316251664,-66.948326,-66.948326,0.000221718103,0.000221718103,0.000670602454,0.000670602454,0.548553569,3134.2031,67.29439,-0.00164658562,0.000306799566,0.0,7522.132,3129.996,-0.0316251664,49.5373916,6.5622894e-05
1430.5,-21.266167,7522.132,8.8490088,8.8490088,6.97050374,6.97050374,7.90477995,7.90477995,-0.0316210414,-66.948326,-66.948326,0.000221689182,0.000221689182,0.000670514979,0.000670514979,0.548484234,3134.2031,67.29439,-0.00164637083,-0.000323505714,0.0,7522.132,3129.996,-0.0316210414,49.5065455,6.5573583e-05
1431.0,-21.266167,7522.132,8.84900865,8.84900865,6.97050364,6.97050364,7.90477974,7.90477974,-0.0316086102,-66.948326,-66.948326,0.000221602037,0.000221602037,0.000670251422,0.000670251422,0.548414903,3134.2031,67.29439,-0.00164572361,0.000308903855,0.0,7522.132,3129.996,-0.0316086102,49.4136016,6.5424598e-05
1431.5,-21.755584,7520.988739999999,9.02321845,9.02321845,7.10662695,7.10662695,8.02926681,8.02926681,-0.0316456711,-66.948326,-66.948326,0.00022186186,0.00022186186,0.000671037193,0.000671037193,0.548345346,3134.2031,67.29439,-0.0016476532,-0.000171101674,0.0,7520.988739999999,3129.52034,-0.0316456711,49.6907079,6.5868805e-05
1432.0,-23.9449416,7518.41761,9.95786045,9.95786045,7.84008633,7.84008633,8.6884457,8.6884457,-0.0317580918,-66.948326,-66.948326,0.000222650015,0.000222650015,0.000673420767,0.000673420767,0.548271692,3134.2031,67.29439,-0.00165350642,0.000108656206,0.0,7518.41761,3128.45049,-0.0317580918,50.5312895,6.7221269e-05
1432.5,-26.2738918,7518.25879,10.9326025,10.9326025,8.6073494,8.6073494,9.4244195,9.4244195,-0.0318722266,-66.948326,-66.948326,0.000223450202,0.000223450202,0.000675840724,0.000675840724,0.54819087,3134.2031,67.29439,-0.00165944899,0.000506061634,0.0,7518.25879,3128.38431,-0.0318722266,51.3847035,6.8602184e-05
1433.0,-28.6028424,7518.25588,11.9017937,11.9017937,9.3703997,9.3703997,10.21470265,10.21470265,-0.0319804125,-66.948326,-66.948326,0.000224208668,0.000224208668,0.000678134506,0.000678134506,0.548102023,3134.2031,67.29439,-0.00166508174,0.000324622296,0.0,7518.25588,3128.38305,-0.0319804125,52.1936236,6.991849e-05
1433.5,-30.9317925,7518.25597,12.8708946,12.8708946,10.1333831,10.1333831,10.99797935,10.99797935,-0.0320904369,-66.948326,-66.948326,0.000224980023,0.000224980023,0.000680467274,0.000680467274,0.54800471,3134.2031,67.29439,-0.00167081022,-0.00045364716,0.0,7518.25597,3128.38303,-0.0320904369,53.0162886,7.1265086e-05
1434.0,-33.2607424,7518.256100000001,13.84000345,13.84000345,10.89637215,10.89637215,11.7744175,11.7744175,-0.0322330932,-66.948326,-66.948326,0.000225980164,0.000225980164,0.000683491919,0.000683491919,0.547898737,3134.2031,67.004826,-0.00167823772,-0.000128768082,0.0,7518.256100000001,3128.38302,-0.0322330932,53.8477044,7.2704581e-05
1434.5,-35.5896932,7518.257390000001,14.8091846,14.8091846,11.6594202,11.6594202,12.5441589,12.5441589,-0.0330761414,-66.3518414,-66.3518414,0.000229807002,0.000229807002,0.000695064511,0.000695064511,0.547783857,3134.2031,60.6679218,-0.0017221316,-0.000260299475,0.0,7518.257390000001,3128.38296,-0.0330761414,54.3689259,7.5326277e-05
1435.0,-37.9186433,7518.25735,15.77816135,15.77816135,12.4223051,12.4223051,13.30706925,13.30706925,-0.0330862802,-52.7916607,-52.7916607,0.000182995796,0.000182995796,0.000553486338,0.000553486338,0.547659836,3134.2031,51.9582919,-0.00172265952,0.000375636337,0.0,7518.25735,3128.38302,-0.0330862802,46.733035,6.4787744e-05
1435.5,-40.2475927,7518.25582,16.7472042,16.7472042,13.18524005,13.18524005,14.0634475,14.0634475,-0.0324487855,-34.0707455,-34.0707455,0.000115896157,0.000115896157,0.000350547835,0.000350547835,0.547526347,3134.2031,43.2486632,-0.00168946789,-4.1994902e-05,0.0,7518.25582,3128.38279,-0.0324487855,35.8645626,4.8776134e-05
1436.0,-41.9760741,7519.62722,17.4982429,17.4982429,13.77905945,13.77905945,14.65221065,14.65221065,-0.031412871,-15.354982,-15.354982,5.0769899e-05,5.0769899e-05,0.000153571266,0.000153571266,0.54738353,3134.2031,34.771048,-0.00163553228,0.000132060047,0.0,7519.62722,3128.95402,-0.031412871,24.8919912,3.2817357e-05
1436.5,-42.068073,7522.004489999999,17.5092479,17.5092479,13.7920776,13.7920776,14.6653134,14.6653134,-0.0286887968,3.36910877,3.36910877,-9.592696e-06,-9.592696e-06,4.907453e-06,4.907453e-06,0.547237111,3134.2031,32.21525,-0.00149370154,0.000114163569,0.0,7522.004489999999,3129.94485,-0.0286887968,13.2039445,1.5999589e-05
1437.0,-42.068073,7522.11232,17.5046133,17.5046133,13.7886253,13.7886253,14.6617713,14.6617713,-0.018127027367,22.0972767,22.0972767,-3.6090696e-05,-3.6090696e-05,-4.280343e-06,-4.280343e-06,0.547090852,3134.2031,32.21525,-0.000943795913,-0.000770145786,0.0,7522.11232,3129.99594,-0.018127027367,2.315877206,2.557498e-06
1437.5,-42.068073,7522.04633,17.5047004,17.5047004,13.7885722,13.7885722,14.66170745,14.66170745,0.0278233371,40.8199091,40.8199091,0.00011946145,0.00011946145,0.000361330976,0.000361330976,0.546944601,3134.2031,32.21525,0.00144864082,0.000193134008,0.0,7522.04633,3129.9952,0.0278233371,-10.10605674,1.1909161e-05
1438.0,-42.068073,7522.04368,17.5048156,17.5048156,13.78865805,13.78865805,14.6617957,14.6617957,0.0310848275,59.546967,59.546967,0.000194365089,0.000194365089,0.000587874328,0.000587874328,0.54679834,3134.2031,32.21525,0.00161845249,6.2586035e-05,0.0,7522.04368,3129.99596,0.0310848275,-21.7804697,2.849174e-05
1438.5,-42.068073,7522.03928,17.5048094,17.5048094,13.788646,13.788646,14.6617818,14.6617818,0.0343573407,78.2713956,78.2713956,0.00028214409,0.00028214409,0.000853355632,0.000853355632,0.546652064,3134.2031,32.21525,0.00178883808,0.000138736153,0.0,7522.03928,3129.996,0.0343573407,-33.494337,4.8337422e-05
1439.0,-42.068073,7522.03463,17.5048106,17.5048106,13.788638,13.788638,14.6617737,14.6617737,0.0376164196,96.9969344,96.9969344,0.000382618225,0.000382618225,0.00115723037,0.00115723037,0.54650577,3134.2031,32.21525,0.00195852425,0.000217310828,0.0,7522.03463,3129.996,0.0376164196,-45.160121,7.1290148e-05
1439.5,-42.068073,7522.030250000001,17.5048144,17.5048144,13.78863305,13.78863305,14.6617676,14.6617676,0.0407796667,115.1152948,115.1152948,0.000491981397,0.000491981397,0.00148798898,0.00148798898,0.54635946,3134.2031,32.21525,0.00212322081,5.2185637e-05,0.0,7522.030250000001,3129.996,0.0407796667,-56.4828717,9.6580549e-05
1440.0,-42.068073,7522.029,17.5048375,17.5048375,13.78864875,13.78864875,14.6617834,14.6617834,0.041689375,120.250824,120.250824,0.000524979137,0.000524979137,0.00158778757,0.00158778757,0.54621315,3134.2031,32.21525,0.00217058535,1.8194441e-05,0.0,7522.029,3129.996,0.041689375,-59.739146,0.000104321321
1440.5,-36.7242625,7534.247530000001,15.5589152,15.5589152,12.2734647,12.2734647,13.149573,13.149573,0.0422014789,120.250824,120.250824,0.000531427858,0.000531427858,0.00160728879,0.00160728879,0.546070904,3134.2031,32.21525,0.00219724836,-6.759753e-05,0.0,7534.247530000001,3135.08068,0.0422014789,-61.5722054,0.000108879457
1441.0,-17.1151345,7554.889840000001,7.1591656,7.1591656,5.6636995,5.6636995,6.56449141,6.56449141,0.0442195852,120.250824,120.250824,0.000556841165,0.000556841165,0.00168413909,0.00168413909,0.545978295,3134.2031,32.21525,0.0023023225,0.000105697329,0.0,7554.889840000001,3143.67122,0.0442195852,-68.795964,0.000127483056
1441.5,3.260069294,7555.916220000001,-1.355438501,-1.355438501,-1.0725003294,-1.0725003294,-0.6673767515,-0.6673767515,0.0462964635,120.250824,120.250824,0.000582994534,0.000582994534,0.00176322637,0.00176322637,0.545953409,3134.2031,32.21525,0.00241045662,1.6329498e-05,0.0,7555.916220000001,3144.09961,0.0462964635,-76.2300919,0.000147883495
1442.0,23.635273,7555.93121,-9.83635066,-9.83635066,-7.78306411,-7.78306411,-6.97630769,-6.97630769,0.0483711569,120.250824,120.250824,0.000609120395,0.000609120395,0.00184222934,0.00184222934,0.545981596,3134.2031,32.21525,0.00251847691,1.1310621e-05,0.0,7555.93121,3144.10707,0.0483711569,-83.6563999,0.000169553748
1442.5,44.0104774,7555.93037,-18.31308215,-18.31308215,-14.49032105,-14.49032105,-13.6323464,-13.6323464,0.0504480694,120.250824,120.250824,0.000635274206,0.000635274206,0.00192131567,0.00192131567,0.546055054,3134.2031,32.21525,0.00262661271,-8.7593185e-05,0.0,7555.93037,3144.10797,0.0504480694,-91.090649,0.000192542488
1443.0,64.3856811,7555.927280000001,-26.79116,-26.79116,-21.1986356,-21.1986356,-20.2174413,-20.2174413,0.0525288047,120.250824,120.250824,0.000661476145,0.000661476145,0.00200054648,0.00200054648,0.546169875,3134.2031,32.21525,0.00273494769,0.000240658978,0.0,7555.927280000001,3144.10783,0.0525288047,-98.5385809,0.000216870977
1443.5,84.7608835,7555.92417,-35.2693661,-35.2693661,-27.907046,-27.907046,-26.7583023,-26.7583023,0.0545947972,120.250824,120.250824,0.000687492441,0.000687492441,0.00207921475,0.00207921475,0.546322446,3134.2031,32.21525,0.00284251495,0.000123149713,0.0,7555.92417,3144.10768,0.0545947972,-105.9337432,0.000242308777
1444.0,105.1360895,7555.92067,-43.7481761,-43.7481761,-34.6159268,-34.6159268,-33.257655,-33.257655,0.0566752485,120.250824,120.250824,0.000713690782,0.000713690782,0.00215843251,0.00215843251,0.546509899,3134.2031,32.21525,0.00295083499,0.000176977518,0.0,7555.92067,3144.10755,0.0566752485,-113.38066,0.000269219167
1444.5,125.5112904,7555.91856,-52.2256913,-52.2256913,-41.3237834,-41.3237834,-39.7144198,-39.7144198,0.0587561589,120.250824,120.250824,0.000739894955,0.000739894955,0.00223766668,0.00223766668,0.546729872,3134.2031,32.21525,0.00305917905,4.7508793e-05,0.0,7555.91856,3144.10782,0.0587561589,-120.8292234,0.000297435081
1445.0,145.886498,7555.9159,-60.7039411,-60.7039411,-48.0322154,-48.0322154,-46.1321057,-46.1321057,0.0608291488,120.230986,120.230986,0.000765871086,0.000765871086,0.00231621013,0.00231621013,0.54698046,3134.2031,32.21525,0.00316711059,5.4887053e-05,0.0,7555.9159,3144.10793,0.0608291488,-128.2494301,0.000326833045
1445.5,159.088389,7540.171489999999,-66.485257,-66.485257,-52.4969147,-52.4969147,-50.3908192,-50.3908192,0.0610988849,113.8625115,113.8625115,0.000728699527,0.000728699527,0.00220378477,0.00220378477,0.547257655,3134.2031,32.21525,0.00318115459,1.9653888e-05,0.0,7540.171489999999,3137.55671,0.0610988849,-129.2149426,0.000330742255
1446.0,159.33258,7522.673769999999,-66.3238106,-66.3238106,-52.2480787,-52.2480787,-50.1524533,-50.1524533,0.0591358368,102.6091341,102.6091341,0.000635617394,0.000635617394,0.0019222857,0.0019222857,0.547541581,3134.2031,32.21525,0.00307894721,-3.1735001e-05,0.0,7522.673769999999,3130.2746,0.0591358368,-122.188268,0.000302717334
1446.5,159.33258,7522.01998,-66.2999205,-66.2999205,-52.224719,-52.224719,-50.1301376,-50.1301376,0.0571674385,91.3552545,91.3552545,0.000547093051,0.000547093051,0.00165456991,0.00165456991,0.547824858,3134.2031,32.21525,0.00297646119,-5.5431543e-05,0.0,7522.01998,3130.00145,0.0571674385,-115.1424401,0.000275769775
1447.0,159.33258,7522.01,-66.2994694,-66.2994694,-52.2242915,-52.2242915,-50.1297294,-50.1297294,0.0555798331,82.299858,82.299858,0.000479039379,0.000479039379,0.00144876476,0.00144876476,0.548108078,3134.2031,32.21525,0.0028938015,-0.000126821471,0.0,7522.01,3129.99624,0.0555798331,-109.4596514,0.000254842868
1447.5,159.33258,7522.01,-66.299467,-66.299467,-52.22429,-52.22429,-50.1297264,-50.1297264,0.0554384192,81.51358,81.51358,0.00047322692,0.00047322692,0.001431187,0.001431187,0.548391308,3134.2031,32.21525,0.0028864387,7.7055729e-05,0.0,7522.01,3129.996,0.0554384192,-108.9534634,0.000253011648
1448.0,159.33258,7501.92748,-68.554265,-68.554265,-53.8337296,-53.8337296,-51.6589213,-51.6589213,0.0556537511,81.51358,81.51358,0.000475065001,0.000475065001,0.00143674486,0.00143674486,0.548675067,3118.05225,32.21525,0.00289765007,2.3189908e-05,0.0,7501.92748,3121.63972,0.0556537511,-109.7242385,0.000255819255
1448.5,159.33258,6442.79332,-81.6024086,-81.6024086,-55.0843985,-55.0843985,-52.5420042,-52.5420042,0.0568834363,81.51358,81.51358,0.000485561706,0.000485561706,0.00146848386,0.00146848386,0.548974826,2668.82723,32.21525,0.00296167448,-2.891361e-05,0.0,6442.79332,2680.92703,0.0568834363,-114.1258638,0.000271931468
1449.0,159.33258,4867.59984,-80.6792821,-80.6792821,-41.1264944,-41.1264944,-38.7791493,-38.7791493,0.0567936591,81.51358,81.51358,0.000484795358,0.000484795358,0.00146616664,0.00146616664,0.549236819,2027.79111,32.21525,0.00295700013,-5.740403e-05,0.0,4867.59984,2025.47743,0.0567936591,-113.8045065,0.00027073722
1449.5,159.33258,3328.15084,-80.6438679,-80.6438679,-28.1062839,-28.1062839,-25.9420331,-25.9420331,0.0567904928,81.5107,81.5107,0.000484751194,0.000484751194,0.00146603309,0.00146603309,0.549435922,1386.75504,32.21525,0.00295683529,-0.000100175688,0.0,3328.15084,1384.90129,0.0567904928,-113.7931729,0.000270695165
1450.0,159.33258,2047.06442,-71.9576092,-71.9576092,-15.548472,-15.548472,-13.85819335,-13.85819335,0.0499111927,46.670609,46.670609,0.000251183912,0.000251183912,0.000759687566,0.000759687566,0.549565689,872.646437,32.21525,0.00259865991,-0.000378771365,0.0,2047.06442,851.82777,0.0499111927,-89.168912,0.000188609309
1450.5,159.33258,1979.9132,-65.9630452,-65.9630452,-13.67682835,-13.67682835,-12.2086506,-12.2086506,0.0382912151,-16.658288605,-16.658288605,-6.0802684e-05,-6.0802684e-05,8.8598e-07,8.8598e-07,0.549652206,829.05756,32.21525,0.00199365794,-0.000467746499,0.0,1979.9132,823.878847,0.0382912151,-47.5755303,7.7792191e-05
1451.0,159.33258,1989.49582,-66.292146,-66.292146,-13.8112736,-13.8112736,-12.33073495,-12.33073495,0.0323742834,-50.671886,-50.671886,-0.000171789203,-0.000171789203,-5.6797351e-05,-5.6797351e-05,0.54973888,829.05756,32.21525,0.00168558891,-4.4168759e-05,0.0,1989.49582,827.862798,0.0323742834,-26.3960403,3.5795463e-05
1451.5,159.33258,1989.68926,-66.299329,-66.299329,-13.8141133,-13.8141133,-12.33330495,-12.33330495,0.032374381,-50.671886,-50.671886,-0.000171789723,-0.000171789723,-5.6797523e-05,-5.6797523e-05,0.54982576,829.05756,32.21525,0.001685594,-1.286339e-06,0.0,1989.68926,827.94329,0.032374381,-26.3963902,3.5796027e-05
1452.0,159.33258,1989.69283,-66.299462,-66.299462,-13.8141657,-13.8141657,-12.3333521,-12.3333521,0.0323764897,-50.671886,-50.671886,-0.000171800911,-0.000171800911,-5.6801222e-05,-5.6801222e-05,0.549912636,829.05756,32.21525,0.00168570376,-1.7551326e-05,0.0,1989.69283,827.944762,0.0323764897,-26.4039367,3.580861e-05
1452.5,159.33258,1989.6929,-66.299467,-66.299467,-13.8141669,-13.8141669,-12.333353,-12.333353,0.0323841705,-50.671886,-50.671886,-0.000171841669,-0.000171841669,-5.68147e-05,-5.68147e-05,0.549999527,829.05756,32.21525,0.00168610369,-3.352784e-06,0.0,1989.6929,827.944796,0.0323841705,-26.4314328,3.5854416e-05
1453.0,159.33258,1989.6929,-66.299465,-66.299465,-13.8141665,-13.8141665,-12.333353,-12.333353,0.0323818659,-50.671886,-50.671886,-0.000171829443,-0.000171829443,-5.6810656e-05,-5.6810656e-05,0.550086399,829.05756,32.21525,0.00168598367,9.2738191e-05,0.0,1989.6929,827.9448,0.0323818659,-26.4231821,3.5840645e-05
1453.5,155.140484,1979.7561,-64.9547373,-64.9547373,-13.46928515,-13.46928515,-12.0325079,-12.0325079,0.03199343,-50.671886,-50.671886,-0.000169768262,-0.000169768262,-5.6129119e-05,-5.6129119e-05,0.550173016,829.05756,32.21525,0.00166575951,3.3109682e-05,0.0,1979.7561,823.809798,0.03199343,-25.0327868,3.3589508e-05
1454.0,123.842017,1934.2274,-51.6949373,-51.6949373,-10.47287595,-10.47287595,-9.4268308,-9.4268308,0.028789265,-50.671886,-50.671886,-0.000152765849,-0.000152765849,-5.0507249e-05,-5.0507249e-05,0.55025038,829.05756,32.21525,0.00149893248,-8.3544382e-05,0.0,1934.2274,804.863104,0.028789265,-13.56356781,1.6529282e-05
1454.5,87.7001986,1929.66291,-36.4946227,-36.4946227,-7.37463484,-7.37463484,-6.68406844,-6.68406844,0.0080878694,-50.671886,-50.671886,-4.291705e-05,-4.291705e-05,9.8109281e-05,9.8109281e-05,0.550309118,829.05756,32.21525,0.000421100377,-0.001130557937,0.0,1929.66291,802.951704,0.0080878694,-0.52921794,3.382563e-06
1455.0,51.5583772,1929.62774,-21.4549666,-21.4549666,-4.33540935,-4.33540935,-3.90017425,-3.90017425,-0.0285699429,-50.671886,-50.671886,0.00015160205,0.00015160205,0.000458540753,0.000458540753,0.550348765,829.05756,32.21525,-0.00148751336,-0.000111740183,0.0,1929.62774,802.915656,-0.0285699429,12.77851075,1.546203e-05
1455.5,15.416554794,1929.62904,-6.415928378,-6.415928378,-1.2964676065,-1.2964676065,-1.065087947,-1.065087947,-0.0322682753,-50.671886,-50.671886,0.000171226686,0.000171226686,0.000517892137,0.000517892137,0.550367728,829.05756,32.21525,-0.00168006949,0.000116823259,0.0,1929.62904,802.914053,-0.0322682753,26.0165856,3.5341061e-05
1456.0,-19.54248062,1932.0717,8.34209929,8.34209929,1.689081487,1.689081487,2.02712202,2.02712202,-0.0358313626,-50.671886,-50.671886,0.000190133665,0.000190133665,0.000575071846,0.000575071846,0.550363969,829.05756,32.21525,-0.00186558404,2.19061e-05,0.0,1932.0717,803.92838,-0.0358313626,38.7705563,5.8320209e-05
1456.5,-29.432283,1979.32744,12.58269595,12.58269595,2.60778162,2.60778162,2.98573687,2.98573687,-0.036860532,-50.671886,-50.671886,0.000195594795,0.000195594795,0.000591587555,0.000591587555,0.55034135,829.05756,32.21525,-0.00191916845,-9.427707e-06,0.0,1979.32744,823.591236,-0.036860532,42.4544402,6.5550198e-05
1457.0,-29.432283,1989.5626,12.25539945,12.25539945,2.55336944,2.55336944,2.92732352,2.92732352,-0.0368289212,-50.671886,-50.671886,0.000195427058,0.000195427058,0.000591080268,0.000591080268,0.550317244,829.05756,32.21525,-0.00191752262,-9.9818185e-05,0.0,1989.5626,827.850197,-0.0368289212,42.3412893,6.5319341e-05
1457.5,-29.432283,1989.78556,12.2471478,12.2471478,2.55193643,2.55193643,2.9257811,2.9257811,-0.03683209,-50.671886,-50.671886,0.00019544387,0.00019544387,0.000591131129,0.000591131129,0.5502933,829.05756,32.21525,-0.00191768757,0.000128144833,0.0,1989.78556,827.942956,-0.03683209,42.3526303,6.5342469e-05
1458.0,-29.432283,1989.78937,12.246982,12.246982,2.55190675,2.55190675,2.92574918,2.92574918,-0.036520991,-48.9270673,-48.9270673,0.000187262587,0.000187262587,0.000566387654,0.000566387654,0.550269341,829.05756,32.21525,-0.00190149001,0.000201313806,0.0,1989.78937,827.944708,-0.036520991,41.2390626,6.3122758e-05
1458.5,-29.432283,1989.78442,12.2469524,12.2469524,2.55189428,2.55189428,2.92573599,2.92573599,-0.0329810866,-28.5741886,-28.5741886,9.9659356e-05,9.9659356e-05,0.00030144015,0.00030144015,0.550245391,829.05756,32.21525,-0.00171718251,3.796312e-05,0.0,1989.78442,827.944724,-0.0329810866,28.5680739,3.9710314e-05
1459.0,-29.432283,1989.77818,12.2469547,12.2469547,2.55188675,2.55188675,2.92572811,2.92572811,-0.0285608993,-3.235723444,-3.235723444,1.0646054e-05,1.0646054e-05,4.5453002e-05,4.5453002e-05,0.550221443,829.05756,32.21525,-0.00148704248,0.000164084499,0.0,1989.77818,827.9447,-0.0285608993,12.74613954,1.5491384e-05
1459.5,-29.432283,1989.73347,12.2465323,12.2465323,2.55174138,2.55174138,2.92557333,2.92557333,0.0041761275,22.1005579,22.1005579,2.6683762e-05,2.6683762e-05,0.000120654957,0.000120654957,0.550197509,829.05756,32.21525,0.00021743288,0.001723703944,0.0,1989.73347,827.945225,0.0041761275,-2.735553353,4.749994e-06
1460.0,-29.432283,1989.6946,12.2469926,12.2469926,2.55178746,2.55178746,2.92562372,2.92562372,0.0302600919,47.440024,47.440024,0.000151303672,0.000151303672,0.000457636292,0.000457636292,0.55017355,829.05756,32.21525,0.00157551209,0.000197620969,0.0,1989.6946,827.94428,0.0302600919,-18.8283511,2.4110558e-05
1460.5,-29.432283,1989.68965,12.2469558,12.2469558,2.55177338,2.55177338,2.92560875,2.92560875,0.0346820055,72.7744799,72.7744799,0.000265270975,0.000265270975,0.000802321697,0.000802321697,0.550149599,829.05756,32.21525,0.00180574195,0.000240920002,0.0,1989.68965,827.944788,0.0346820055,-34.6564638,5.0586305e-05
1461.0,-21.44504054,2008.38486,9.40496262,9.40496262,1.971543485,1.971543485,2.332032124,2.332032124,0.0398640006,98.1121915,98.1121915,0.000411128725,0.000411128725,0.00124345044,0.00124345044,0.550126568,829.05756,32.21525,0.00207554605,0.000120778581,0.0,2008.38486,835.727026,0.0398640006,-53.2052717,8.9476644e-05
1461.5,14.016383555,2049.84939,-5.744618414,-5.744618414,-1.2342571098,-1.2342571098,-1.0038901168,-1.0038901168,0.0479313732,123.4582046,123.4582046,0.000621493997,0.000621493997,0.00187965667,0.00187965667,0.550120439,829.05756,32.21525,0.00249557924,0.000234275325,0.0,2049.84939,852.985452,0.0479313732,-82.0822045,0.000165649181
1462.0,47.710235,2042.84856,-20.2457258,-20.2457258,-4.3283676,-4.3283676,-3.90257578,-3.90257578,0.0557106903,148.067491,148.067491,0.000865013924,0.000865013924,0.00261612606,0.00261612606,0.550139878,829.05756,32.21525,0.00290061467,6.4381143e-05,0.0,2042.84856,850.076909,0.0557106903,-109.9280505,0.000257013465
1462.5,53.13498,1994.91774,-22.2918564,-22.2918564,-4.65702348,-4.65702348,-4.20781769,-4.20781769,0.057514249,155.31985,155.31985,0.000935472537,0.000935472537,0.00282921479,0.00282921479,0.550171844,829.05756,32.21525,0.0029945181,-4.3648217e-05,0.0,1994.91774,830.133565,0.057514249,-116.383837,0.000280386358
1463.0,52.3582414,1988.10588,-21.8184736,-21.8184736,-4.54250188,-4.54250188,-4.10012578,-4.10012578,0.0574296664,155.31985,155.31985,0.000934096812,0.000934096812,0.00282505486,0.00282505486,0.550203296,829.05756,32.21525,0.0029901143,2.626257e-05,0.0,1988.10588,827.299078,0.0574296664,-116.0810765,0.000279246135
1463.5,50.4607788,1986.53579,-20.9988169,-20.9988169,-4.36837544,-4.36837544,-3.93732339,-3.93732339,0.057238475,155.31985,155.31985,0.000930987069,0.000930987069,0.00281565146,0.00281565146,0.550233751,829.05756,32.21525,0.00298015982,-7.1233589e-05,0.0,1986.53579,826.645621,0.057238475,-115.3967119,0.000276675478
1464.0,48.5542966,1986.48609,-20.2038929,-20.2038929,-4.20290139,-4.20290139,-3.7831169,-3.7831169,0.0570444786,155.31985,155.31985,0.000927831713,0.000927831713,0.00280611017,0.00280611017,0.550263035,829.05756,32.21525,0.00297005919,4.253286e-06,0.0,1986.48609,826.624853,0.0570444786,-114.702306,0.000274078705
1464.5,47.3165509,1987.95367,-19.6618276,-19.6618276,-4.09315887,-4.09315887,-3.68115287,-3.68115287,0.0569047536,155.31985,155.31985,0.00092555908,0.00092555908,0.00279923804,0.00279923804,0.550291297,829.05756,32.21525,0.00296278432,-5.1780636e-05,0.0,1987.95367,827.235422,0.0569047536,-114.202166,0.00027221471
1465.0,47.293087,1989.59555,-19.6767086,-19.6767086,-4.09964136,-4.09964136,-3.68728739,-3.68728739,0.0569069574,155.31985,155.31985,0.00092559492,0.00092559492,0.0027993465,0.0027993465,0.5503193,829.05756,32.21525,0.00296289911,-7.8881196e-05,0.0,1989.59555,827.918627,0.0569069574,-114.2100574,0.000272244039
1465.5,47.293087,1989.65733,-19.678959,-19.678959,-4.10023759,-4.10023759,-3.68784558,-3.68784558,0.0569067615,155.31985,155.31985,0.00092559174,0.00092559174,0.00279933689,0.00279933689,0.550347342,829.05756,32.21525,0.00296288891,6.7866077e-05,0.0,1989.65733,827.944342,0.0569067615,-114.209355,0.000272241416
1466.0,47.293087,1989.66059,-19.6789696,-19.6789696,-4.10024655,-4.10024655,-3.68785409,-3.68785409,0.0553096245,146.114765,146.114765,0.00084747259,0.00084747259,0.00256307563,0.00256307563,0.550375388,829.05756,32.21525,0.00287973282,-0.000128370929,0.0,1989.66059,827.944748,0.0553096245,-108.4924447,0.000251648977
1466.5,47.3990691,1989.89211,-19.7052278,-19.7052278,-4.10619802,-4.10619802,-3.69340136,-3.69340136,0.0498748807,114.9646982,114.9646982,0.000601981173,0.000601981173,0.00182062518,0.00182062518,0.550403405,829.05756,32.21525,0.00259676928,-0.000279037033,0.0,1989.89211,828.037906,0.0498748807,-89.0389357,0.00018639594
1467.0,49.3206923,1993.28665,-20.5005536,-20.5005536,-4.27923377,-4.27923377,-3.85467993,-3.85467993,0.044484149,82.922267,82.922267,0.000387755668,0.000387755668,0.00117273945,0.00117273945,0.550431937,829.05756,32.21525,0.00231609722,-9.6385758e-05,0.0,1993.28665,829.447264,0.044484149,-69.742964,0.000130305549
1467.5,51.8965842,1993.95642,-21.5939855,-21.5939855,-4.50896777,-4.50896777,-4.06916228,-4.06916228,0.0391570371,50.8710624,50.8710624,0.000210079833,0.000210079833,0.000635391857,0.000635391857,0.550462002,829.05756,32.21525,0.00203873755,-0.00010695534,0.0,1993.95642,829.722839,0.0391570371,-50.6747144,8.3471288e-05
1468.0,54.4724769,1993.97796,-22.6663062,-22.6663062,-4.73292624,-4.73292624,-4.27894954,-4.27894954,0.0338297918,18.822934,18.822934,6.8156862e-05,6.8156862e-05,0.000206158857,0.000206158857,0.550493588,829.05756,32.21525,0.00176137089,-0.000195617309,0.0,1993.97796,829.728704,0.0338297918,-31.6059905,4.5138036e-05
1468.5,57.0483683,1993.98583,-23.7383299,-23.7383299,-4.95679387,-4.95679387,-4.48937685,-4.48937685,0.0284959745,-13.23026504,-13.23026504,-3.8000547e-05,-3.8000547e-05,-1.1518939e-05,-1.1518939e-05,0.550526708,829.05756,32.21525,0.00148366213,-0.000111611527,0.0,1993.98583,829.72887,0.0284959745,-12.5137414,1.5290454e-05
1469.0,59.6242617,1994.04336,-24.809574,-24.809574,-5.18063028,-5.18063028,-4.6979956,-4.6979956,-0.013186218,-44.504035,-44.504035,7.786479e-05,7.786479e-05,0.00029168569,0.00029168569,0.550561345,829.05756,32.21525,-0.00068654933,-0.000965180704,0.0,1994.04336,829.728463,-0.013186218,5.815678134,7.226272e-06
1469.5,62.2001533,1994.06575,-25.8820072,-25.8820072,-5.40463091,-5.40463091,-4.9035407,-4.9035407,-0.0281172645,-54.24273,-54.24273,0.000159714089,0.000159714089,0.00048307619,0.00048307619,0.550597458,829.05756,32.21525,-0.00146394435,-4.4987882e-05,0.0,1994.06575,829.729061,-0.0281172645,11.1581619,1.3142672e-05
1470.0,64.7760455,1994.06446,-26.9537099,-26.9537099,-5.62841816,-5.62841816,-5.10905521,-5.10905521,-0.0278530136,-54.24273,-54.24273,0.000158213066,0.000158213066,0.00047853655,0.00047853655,0.550635046,829.05756,32.21525,-0.00145018592,-3.4122388e-05,0.0,1994.06446,829.728671,-0.0278530136,10.21228155,1.1915637e-05
1470.5,67.3519381,1994.06423,-28.0255814,-28.0255814,-5.85224356,-5.85224356,-5.31480207,-5.31480207,-0.0275870695,-54.24273,-54.24273,0.00015670243,0.00015670243,0.000473967822,0.000473967822,0.550674089,829.05756,32.21525,-0.00143633935,4.3391436e-05,0.0,1994.06423,829.72875,-0.0275870695,9.26034195,1.0701779e-05
1471.0,68.794744,1991.67832,-28.6633788,-28.6633788,-5.9782666,-5.9782666,-5.43036422,-5.43036422,-0.0274361527,-54.24273,-54.24273,0.000155845175,0.000155845175,0.000471375181,0.000471375181,0.550714415,829.05756,32.21525,-0.00142848179,-7.7730171e-05,0.0,1991.67832,828.736042,-0.0274361527,8.7201393,1.002159e-05
1471.5,68.79764,1989.83412,-28.6293125,-28.6293125,-5.96563132,-5.96563132,-5.41846015,-5.41846015,-0.0274443576,-54.24273,-54.24273,0.000155891783,0.000155891783,0.000471516139,0.000471516139,0.550754966,829.05756,32.21525,-0.00142890897,-4.6960758e-05,0.0,1989.83412,827.968638,-0.0274443576,8.7495094,1.0058339e-05
1472.0,68.79764,1989.7777,-28.6272458,-28.6272458,-5.96503171,-5.96503171,-5.41789993,-5.41789993,-0.0274459474,-54.24273,-54.24273,0.000155900813,0.000155900813,0.000471543447,0.000471543447,0.550795492,829.05756,32.21525,-0.00142899174,3.4550524e-05,0.0,1989.7777,827.945171,-0.0274459474,8.75519875,1.0065459e-05
1472.5,68.79764,1989.77661,-28.6272075,-28.6272075,-5.96502032,-5.96502032,-5.4178893,-5.4178893,-0.027437067,-54.24273,-54.24273,0.000155850369,0.000155850369,0.000471390896,0.000471390896,0.550836027,829.05756,32.21525,-0.00142852938,-2.1842487e-05,0.0,1989.77661,827.944724,-0.027437067,8.7234118,1.0025667e-05
1473.0,68.79764,1989.7766,-28.6272066,-28.6272066,-5.96501994,-5.96501994,-5.41788896,-5.41788896,-0.0274405829,-54.24273,-54.24273,0.000155870342,0.000155870342,0.000471451298,0.000471451298,0.550876551,829.05756,32.21525,-0.00142871244,6.81445e-07,0.0,1989.7766,827.9447,-0.0274405829,8.73599855,1.0041422e-05
1473.5,68.79764,1989.7766,-28.627206,-28.627206,-5.96501991,-5.96501991,-5.41788892,-5.41788892,-0.0274409218,-54.24273,-54.24273,0.000155872264,0.000155872264,0.000471457119,0.000471457119,0.550917028,829.05756,32.21525,-0.00142873009,6.305158e-06,0.0,1989.7766,827.9447,-0.0274409218,8.73721055,1.0042941e-05
1474.0,68.79764,1989.7766,-28.6272066,-28.6272066,-5.96501994,-5.96501994,-5.41788892,-5.41788892,-0.0274447678,-54.24273,-54.24273,0.000155894116,0.000155894116,0.000471523183,0.000471523183,0.550957562,829.05756,32.21525,-0.00142893034,-0.00010888366,0.0,1989.7766,827.9447,-0.0274447678,8.7509772,1.0060181e-05
1474.5,68.79764,1989.7766,-28.6272066,-28.6272066,-5.96501991,-5.96501991,-5.41788888,-5.41788888,-0.0274423698,-54.24273,-54.24273,0.000155880493,0.000155880493,0.000471481995,0.000471481995,0.550998091,829.05756,32.21525,-0.00142880548,0.000111436278,0.0,1989.7766,827.9447,-0.0274423698,8.742394,1.0049426e-05
1475.0,68.79764,1989.7766,-28.627207,-28.627207,-5.96501997,-5.96501997,-5.41788896,-5.41788896,-0.0274400371,-54.24273,-54.24273,0.000155867239,0.000155867239,0.000471441912,0.000471441912,0.551038619,829.05756,32.21525,-0.00142868403,-0.00014448708,0.0,1989.7766,827.9447,-0.0274400371,8.73404385,1.0038982e-05
1475.5,68.79764,1989.7766,-28.6272058,-28.6272058,-5.96501988,-5.96501988,-5.41788884,-5.41788884,-0.0274444449,-54.24273,-54.24273,0.000155892278,0.000155892278,0.00047151764,0.00047151764,0.551079092,829.05756,32.21525,-0.00142891352,0.000130719117,0.0,1989.7766,827.9447,-0.0274444449,8.7498218,1.0058732e-05
1476.0,68.79764,1989.7766,-28.6272072,-28.6272072,-5.96502001,-5.96502001,-5.41788896,-5.41788896,-0.0274319824,-54.24273,-54.24273,0.000155821491,0.000155821491,0.000471303536,0.000471303536,0.551119626,829.05756,32.21525,-0.00142826463,3.7819456e-05,0.0,1989.7766,827.9447,-0.0274319824,8.70521155,1.0002894e-05
1476.5,68.79764,1989.7766,-28.6272064,-28.6272064,-5.96501994,-5.96501994,-5.41788892,-5.41788892,-0.0274437637,-54.24273,-54.24273,0.000155888405,0.000155888405,0.00047150593,0.00047150593,0.551160161,829.05756,32.21525,-0.00142887804,-7.5545319e-05,0.0,1989.7766,827.9447,-0.0274437637,8.74738205,1.0055676e-05
1477.0,68.79764,1989.7766,-28.6272066,-28.6272066,-5.96501997,-5.96501997,-5.417889,-5.417889,-0.0274389725,-54.24273,-54.24273,0.000155861194,0.000155861194,0.00047142363,0.00047142363,0.551200671,829.05756,32.21525,-0.00142862858,2.7766522e-05,0.0,1989.7766,827.9447,-0.0274389725,8.7302331,1.0034202e-05
1477.5,68.79764,1989.7766,-28.6272066,-28.6272066,-5.96501991,-5.96501991,-5.41788888,-5.41788888,-0.0274482271,-54.24273,-54.24273,0.000155913761,0.000155913761,0.000471582615,0.000471582615,0.551241162,829.05756,32.21525,-0.00142911046,-8.37862e-05,0.0,1989.7766,827.9447,-0.0274482271,8.7633595,1.0075688e-05
1478.0,59.9837858,1969.8568,-25.3802382,-25.3802382,-5.24102277,-5.24102277,-4.74666187,-4.74666187,-0.027548512,-49.929467,-49.929467,0.000144061838,0.000144061838,0.000435735883,0.000435735883,0.551280578,829.05756,32.21525,-0.00143433183,-0.000118762578,0.0,1969.8568,819.655858,-0.027548512,9.122327,1.0529182e-05
1478.5,30.2811765,1940.28624,-12.64908834,-12.64908834,-2.57060597,-2.57060597,-2.23599227,-2.23599227,-0.0268710776,-28.4775158,-28.4775158,8.0317989e-05,8.0317989e-05,0.000242941749,0.000242941749,0.551307367,829.05756,32.21525,-0.00139906077,-5.2798889e-05,0.0,1940.28624,807.351735,-0.0268710776,6.69746963,7.548941e-06
1479.0,-0.27343129,1938.94679,0.111918017,0.111918017,0.0227155324,0.0227155324,0.225217698,0.225217698,-0.0259470831,-5.26188677,-5.26188677,1.4484658e-05,1.4484658e-05,5.0011063e-05,5.0011063e-05,0.551315315,829.05756,32.21525,-0.00135095238,-0.00013011715,0.0,1938.94679,806.794931,-0.0259470831,3.39005662,3.695344e-06
1479.5,-17.481953,1967.00213,7.7186237,7.7186237,1.58978766,1.58978766,1.97508501,1.97508501,0.0103440652,17.9568312,17.9568312,3.3233129e-05,3.3233129e-05,0.000119465986,0.000119465986,0.551304618,829.05756,32.21525,0.00053857075,0.001846587911,0.0,1967.00213,818.490146,0.0103440652,-4.32599424,5.374158e-06
1480.0,-17.526785,2243.92722,13.26590004,13.26590004,3.15641384,3.15641384,3.56948959,3.56948959,0.0298232433,41.1747254,41.1747254,0.000129271502,0.000129271502,0.000391000886,0.000391000886,0.5512838,946.005679,32.21525,0.0015527673,1.0672011e-05,0.0,2243.92722,933.732096,0.0298232433,-17.2646649,2.1713563e-05
1480.5,-17.526785,3002.94548,14.2634094,14.2634094,4.48400391,4.48400391,4.94512959,4.94512959,0.0337781707,64.3942055,64.3942055,0.000228588676,0.000228588676,0.000691378685,0.000691378685,0.551247212,1252.03924,32.21525,0.00175868317,0.000235290474,0.0,3002.94548,1249.56751,0.0337781707,-31.4212124,4.4659747e-05
1481.0,-17.526785,3745.11622,14.19648455,14.19648455,5.56765835,5.56765835,6.08046819,6.08046819,0.0365432269,80.203844,80.203844,0.000306945226,0.000306945226,0.000928360615,0.000928360615,0.551200585,1560.5017,32.21525,0.00190264775,-3.9918663e-05,0.0,3745.11622,1558.39184,0.0365432269,-41.3186571,6.3252664e-05
1481.5,-17.526785,4229.78184,8.23920258,8.23920258,3.64353246,3.64353246,4.20613005,4.20613005,0.0371846364,80.67424,80.67424,0.000314142754,0.000314142754,0.000950127471,0.000950127471,0.55115386,1751.68922,32.21525,0.0019360432,3.723162e-05,0.0,4229.78184,1760.06514,0.0371846364,-43.6145648,6.7943266e-05
1482.0,-17.526785,4211.62379,7.22549245,7.22549245,3.18671966,3.18671966,3.75758553,3.75758553,0.0372827107,80.67424,80.67424,0.000314971296,0.000314971296,0.000952633085,0.000952633085,0.551123089,1754.0818,32.21525,0.00194114948,8.103685e-05,0.0,4211.62379,1752.50955,0.0372827107,-43.965617,6.8660907e-05
1482.5,-17.526785,4209.78013,7.29168009,7.29168009,3.21451636,3.21451636,3.78523588,3.78523588,0.0372789591,80.67424,80.67424,0.000314939606,0.000314939606,0.000952537244,0.000952537244,0.55109182,1754.0818,32.21525,0.00194095413,-0.00011904345,0.0,4209.78013,1751.74238,0.0372789591,-43.9521888,6.8633011e-05
1483.0,-17.526785,4209.74458,7.29299949,7.29299949,3.21507091,3.21507091,3.78578605,3.78578605,0.0372781241,80.67424,80.67424,0.00031493255,0.00031493255,0.00095251591,0.00095251591,0.551060496,1754.0818,32.21525,0.00194091066,-0.000149020305,0.0,4209.74458,1751.72763,0.0372781241,-43.9492003,6.8626807e-05
1483.5,-17.526785,4209.744,7.29302373,7.29302373,3.21508112,3.21508112,3.78579623,3.78579623,0.0372821955,80.67424,80.67424,0.000314966943,0.000314966943,0.000952619929,0.000952619929,0.551029175,1754.0818,32.21525,0.00194112265,-8.51466e-06,0.0,4209.744,1751.72731,0.0372821955,-43.9637728,6.8657065e-05
1484.0,-17.526785,4209.744,7.29302418,7.29302418,3.21508137,3.21508137,3.78579637,3.78579637,0.0372810926,80.67424,80.67424,0.000314957621,0.000314957621,0.000952591719,0.000952591719,0.550997836,1754.0818,32.21525,0.00194106517,-3.5395056e-05,0.0,4209.744,1751.7273,0.0372810926,-43.9598209,6.8648853e-05
1484.5,-17.526785,4209.744,7.29302492,7.29302492,3.21508169,3.21508169,3.78579667,3.78579667,0.0372753309,80.67424,80.67424,0.000314908953,0.000314908953,0.000952444551,0.000952444551,0.550966515,1754.0818,32.21525,0.00194076524,0.000101460764,0.0,4209.744,1751.7273,0.0372753309,-43.9392019,6.8606046e-05
1485.0,-15.13587693,4215.23,6.61810514,6.61810514,2.92003162,2.92003162,3.47067079,3.47067079,0.0374887703,80.67424,80.67424,0.000316712125,0.000316712125,0.000957897545,0.000957897545,0.550935446,1754.0818,32.21525,0.0019518781,0.000157975157,0.0,4215.23,1754.01018,0.0374887703,-44.7032007,7.0219015e-05
1485.5,16.54013635,4268.07633,-6.59803187,-6.59803187,-2.95297795,-2.95297795,-2.582923332,-2.582923332,0.040721071,80.67424,80.67424,0.000344019215,0.000344019215,0.00104047604,0.00104047604,0.550927253,1754.0818,32.21525,0.00212017004,0.00022829247,0.0,4268.07633,1776.00189,0.040721071,-56.2731326,9.6199294e-05
1486.0,56.6897166,4276.38512,-23.5829515,-23.5829515,-10.56104663,-10.56104663,-9.93073479,-9.93073479,0.0448357842,80.67424,80.67424,0.000378781065,0.000378781065,0.00114559576,0.00114559576,0.550973138,1754.0818,32.21525,0.00233440533,0.000106159833,0.0,4276.38512,1779.46162,0.0448357842,-71.00163,0.000133554027
1486.5,76.77088,4235.48774,-32.5483606,-32.5483606,-14.4370717,-14.4370717,-13.6576054,-13.6576054,0.0469403976,80.67424,80.67424,0.000396561233,0.000396561233,0.00119936183,0.00119936183,0.551060545,1754.0818,32.21525,0.00244398338,8.3156137e-05,0.0,4235.48774,1762.44509,0.0469403976,-78.5350316,0.000154418483
1487.0,76.77088,4210.43477,-31.9708134,-31.9708134,-14.0964357,-14.0964357,-13.33152395,-13.33152395,0.0468861346,80.67424,80.67424,0.000396102813,0.000396102813,0.00119797561,0.00119797561,0.5511544,1754.0818,32.21525,0.00244115816,-1.2884797e-05,0.0,4210.43477,1752.0204,0.0468861346,-78.3408018,0.00015385836
1487.5,76.77088,4209.74387,-31.9454205,-31.9454205,-14.0829259,-14.0829259,-13.31862,-13.31862,0.0468857466,80.67424,80.67424,0.000396099533,0.000396099533,0.00119796572,0.00119796572,0.551247469,1754.0818,32.21525,0.00244113798,3.2787755e-05,0.0,4209.74387,1751.73283,0.0468857466,-78.3394116,0.000153854349
1488.0,76.77088,4209.73368,-31.9448982,-31.9448982,-14.0826614,-14.0826614,-13.3183675,-13.3183675,0.0447528551,68.384102,68.384102,0.00032223845,0.00032223845,0.000974589329,0.000974589329,0.551340547,1754.0818,32.21525,0.00233008756,-0.000132910869,0.0,4209.73368,1751.72737,0.0447528551,-70.704788,0.00013298242
1488.5,76.77088,4209.74241,-31.9448782,-31.9448782,-14.08268205,-14.08268205,-13.3183878,-13.3183878,0.0383682356,31.7905642,31.7905642,0.000129819409,0.000129819409,0.000392655738,0.000392655738,0.551433611,1754.0818,32.21525,0.00199766807,-0.000133767127,0.0,4209.74241,1751.7273,0.0383682356,-47.8512244,7.7425662e-05
1489.0,76.77088,4209.75171,-31.9448788,-31.9448788,-14.08271295,-14.08271295,-13.318418,-13.318418,0.0318665007,-5.457416497,-5.457416497,-1.6120203e-05,-1.6120203e-05,1.6799763e-05,1.6799763e-05,0.551526674,1754.0818,32.21525,0.00165915082,-0.000221329339,0.0,4209.75171,1751.7273,0.0318665007,-24.5784437,3.3330717e-05
1489.5,76.77088,4209.78205,-31.9444426,-31.9444426,-14.0826229,-14.0826229,-13.3183344,-13.3183344,0.00852754896,-42.6989422,-42.6989422,-1.4499353e-05,-1.4499353e-05,0.00012211141,0.00012211141,0.551619735,1754.0818,32.21525,0.000443992576,-0.00132316971,0.0,4209.78205,1751.72634,0.00852754896,-1.5532602788,6.375757e-06
1490.0,76.77088,4209.84218,-31.9449271,-31.9449271,-14.0830377,-14.0830377,-13.3187337,-13.3187337,-0.0311013961,-79.9430884,-79.9430884,0.00026246137,0.00026246137,0.000793832776,0.000793832776,0.55171281,1754.0818,32.21525,-0.00161931513,-0.0002928445,0.0,4209.84218,1751.72824,-0.0311013961,21.8397746,2.8975462e-05
1490.5,76.77088,4209.84887,-31.9448812,-31.9448812,-14.0830399,-14.0830399,-13.3187364,-13.3187364,-0.0375956561,-117.1889324,-117.1889324,0.000463467967,0.000463467967,0.00140176662,0.00140176662,0.551805874,1754.0818,32.21525,-0.00195744321,-0.000171743014,0.0,4209.84887,1751.7273,-0.0375956561,45.0857957,7.1525592e-05
1491.0,76.77088,4209.85801,-31.9448782,-31.9448782,-14.0830687,-14.0830687,-13.31876435,-13.31876435,-0.0441053365,-154.429351,-154.429351,0.000715359317,0.000715359317,0.00216359937,0.00216359937,0.551898925,1754.0818,32.21525,-0.00229637408,-0.00011459365,0.0,4209.85801,1751.72724,-0.0441053365,68.3870133,0.00012686877
1491.5,76.77088,4209.86705,-31.9448782,-31.9448782,-14.083099,-14.083099,-13.31879415,-13.31879415,-0.0506052488,-191.675927,-191.675927,0.001017851217,0.001017851217,0.00307848115,0.00307848115,0.551991977,1754.0818,32.21525,-0.00263479638,-0.000218432215,0.0,4209.86705,1751.7272,-0.0506052488,91.6532669,0.00019480341
1492.0,76.731472,4209.85009,-31.9429857,-31.9429857,-14.0822083,-14.0822083,-13.3179453,-13.3179453,-0.0540699357,-211.48988,-211.48988,0.001197496,0.001197496,0.00362181979,0.00362181979,0.552085025,1754.0818,32.21525,-0.00281518768,-5.2158139e-05,0.0,4209.85009,1751.71819,-0.0540699357,104.055018,0.000235671765
1492.5,68.3306458,4193.12924,-28.6398695,-28.6398695,-12.577089,-12.577089,-11.8732506,-11.8732506,-0.054912556,-211.48988,-211.48988,0.00121615764,0.00121615764,0.00367825402,0.00367825402,0.55217498,1754.0818,32.21525,-0.00285905924,-6.3507322e-05,0.0,4193.12924,1744.75993,-0.054912556,107.0711531,0.000246311075
1493.0,53.7435393,4185.74037,-22.3549548,-22.3549548,-9.7988652,-9.7988652,-9.19860575,-9.19860575,-0.0564167616,-211.48988,-211.48988,0.00124947156,0.00124947156,0.00377899726,0.00377899726,0.5522501,1754.0818,32.21525,-0.00293737669,2.6123813e-05,0.0,4185.74037,1741.68452,-0.0564167616,112.4554113,0.000265778815
1493.5,47.540684,4202.31626,-19.5758716,-19.5758716,-8.6147576,-8.6147576,-8.05306382,-8.05306382,-0.0570650672,-211.48988,-211.48988,0.00126382972,0.00126382972,0.00382241705,0.00382241705,0.55231112,1754.0818,32.21525,-0.00297113123,-2.5687163e-05,0.0,4202.31626,1748.58152,-0.0570650672,114.7760088,0.00027435327
1494.0,47.540684,4209.68833,-19.775106,-19.775106,-8.7176089,-8.7176089,-8.1520488,-8.1520488,-0.0570513926,-211.48988,-211.48988,0.00126352683,0.00126352683,0.00382150112,0.00382150112,0.552370349,1754.0818,32.21525,-0.00297041922,-3.8230785e-05,0.0,4209.68833,1751.64906,-0.0570513926,114.727057,0.000274170513
1494.5,47.540684,4209.87255,-19.7818995,-19.7818995,-8.7209854,-8.7209854,-8.15529985,-8.15529985,-0.0570477697,-211.48988,-211.48988,0.00126344658,0.00126344658,0.00382125846,0.00382125846,0.552429788,1754.0818,32.21525,-0.00297023057,4.4085134e-05,0.0,4209.87255,1751.72575,-0.0570477697,114.7140865,0.000274122121
1495.0,47.540684,4213.65944,-18.9611517,-18.9611517,-8.36374448,-8.36374448,-7.80810734,-7.80810734,-0.0571263444,-211.48988,-211.48988,0.00126518683,0.00126518683,0.00382652095,0.00382652095,0.552489126,1758.79462,32.21525,-0.00297432163,-9.4427712e-05,0.0,4213.65944,1753.30146,-0.0571263444,114.9953455,0.000275180197
1495.5,47.540684,5062.403209999999,-5.65513142,-5.65513142,-3.00790254,-3.00790254,-2.48838761,-2.48838761,-0.0583713236,-211.48988,-211.48988,0.00129275956,0.00129275956,0.00390990182,0.00390990182,0.552525411,2127.6781,32.21525,-0.00303914229,3.7461038e-05,0.0,5062.403209999999,2106.46922,-0.0583713236,119.4517106,0.000292066201
1496.0,47.540684,6529.76854,-6.45154779,-6.45154779,-4.4134487,-4.4134487,-3.71913772,-3.71913772,-0.0582998152,-211.48988,-211.48988,0.00129117586,0.00129117586,0.00390511266,0.00390511266,0.552549255,2721.25641,32.21525,-0.00303541923,-2.6496116e-05,0.0,6529.76854,2717.05085,-0.0582998152,119.195751,0.000291082833
1496.5,47.6138318,7453.32951,-18.12588705,-18.12588705,-14.16727807,-14.16727807,-13.31758683,-13.31758683,-0.0572008457,-211.48988,-211.48988,0.00126683678,0.00126683678,0.00383151059,0.00383151059,0.552604208,3084.63036,32.21525,-0.00297820061,0.000182864095,0.0,7453.32951,3101.35203,-0.0572008457,115.2620192,0.000276204361
1497.0,48.679245,7418.51125,-20.3712124,-20.3712124,-15.8256638,-15.8256638,-14.9654841,-14.9654841,-0.0569191843,-211.48988,-211.48988,0.00126059879,0.00126059879,0.00381264665,0.00381264665,0.552707339,3088.731,32.21525,-0.00296353569,-2.8307704e-05,0.0,7418.51125,3086.86401,-0.0569191843,114.2538222,0.0002724071
1497.5,50.0557594,7182.060829999999,-35.7126587,-35.7126587,-25.9629741,-25.9629741,-24.7308694,-24.7308694,-0.0554042815,-211.48988,-211.48988,0.00122704796,0.00122704796,0.00371118645,0.00371118645,0.552819141,2946.86812,32.21525,-0.00288466123,0.000229348128,0.0,7182.060829999999,2988.47614,-0.0554042815,108.831269,0.000253221631
1498.0,51.432272,4643.4344,-32.5821958,-32.5821958,-16.4905432,-16.4905432,-15.55186059,-15.55186059,-0.0555958136,-211.48988,-211.48988,0.00123128991,0.00123128991,0.0037240142,0.0037240142,0.552980661,1972.44103,32.21525,-0.00289463356,-4.913341e-05,0.0,4643.4344,1932.13486,-0.0555958136,109.5168556,0.000255704295
1498.5,52.8087865,4657.048570000001,-21.502512,-21.502512,-10.48729095,-10.48729095,-9.8599683,-9.8599683,-0.0565558891,-211.48988,-211.48988,0.00125255283,0.00125255283,0.00378831527,0.00378831527,0.553050382,1944.97,32.21525,-0.00294462048,-4.2642134e-05,0.0,4657.048570000001,1937.7993,-0.0565558891,112.9534151,0.000267588508
1499.0,54.1853007,4670.04063,-22.5372847,-22.5372847,-11.0217622,-11.0217622,-10.3792479,-10.3792479,-0.0563727106,-211.48988,-211.48988,0.00124849596,0.00124849596,0.00377604712,0.00377604712,0.553123321,1944.97,32.21525,-0.00293508323,-4.6967441e-05,0.0,4670.04063,1943.20545,-0.0563727106,112.2977364,0.000265172756
1499.5,55.5618143,4670.29312,-23.1195428,-23.1195428,-11.30711995,-11.30711995,-10.6574302,-10.6574302,-0.0562327272,-211.48988,-211.48988,0.00124539571,0.00124539571,0.00376667176,0.00376667176,0.55319847,1944.97,32.21525,-0.00292779482,2.2671701e-05,0.0,4670.29312,1943.31058,-0.0562327272,111.7966674,0.000263334082
1500.0,56.9383281,4670.297759999999,-23.6924339,-23.6924339,-11.58731615,-11.58731615,-10.9310527,-10.9310527,-0.0560862984,-211.48988,-211.48988,0.00124215272,0.00124215272,0.00375686483,0.00375686483,0.553275379,1944.97,32.21525,-0.0029201709,-7.5031695e-05,0.0,4670.297759999999,1943.31254,-0.0560862984,111.272528,0.000261417078
1500.5,58.1784381,4669.972400000001,-24.2222631,-24.2222631,-11.845612,-11.845612,-11.1836964,-11.1836964,-0.0559644856,-211.48988,-211.48988,0.00123945489,0.00123945489,0.00374870646,0.00374870646,0.553354062,1944.97,32.21525,-0.00291382862,-5.232324e-06,0.0,4669.972400000001,1943.17727,-0.0559644856,110.836503,0.000259826884
1501.0,58.386787,4668.20796,-24.3021868,-24.3021868,-11.8802115,-11.8802115,-11.2176084,-11.2176084,-0.055077818,-206.533547,-206.533547,0.0011919141,0.0011919141,0.0036049185,0.0036049185,0.553433707,1944.97,32.21525,-0.0028676637,7.5832263e-05,0.0,4668.20796,1942.44367,-0.055077818,107.6627042,0.000248557788
1501.5,58.386787,4668.001480000001,-24.2953779,-24.2953779,-11.8763574,-11.8763574,-11.2138405,-11.2138405,-0.0494994647,-174.53831,-174.53831,0.000906693062,0.000906693062,0.00274226883,0.00274226883,0.553513361,1944.97,32.21525,-0.00257722298,0.000223796346,0.0,4668.001480000001,1942.36097,-0.0494994647,87.6951435,0.000182319888
1502.0,58.2937473,4667.85164,-24.2809084,-24.2809084,-11.86890535,-11.86890535,-11.20654975,-11.20654975,-0.0432175852,-138.474047,-138.474047,0.000628637554,0.000628637554,0.00190130293,0.00190130293,0.553593021,1944.97,32.21525,-0.00225015269,0.000137396878,0.0,4667.85164,1942.30232,-0.0432175852,65.209332,0.000118528469
1502.5,51.6615741,4654.9907,-21.6300806,-21.6300806,-10.54454715,-10.54454715,-9.9166248,-9.9166248,-0.0375847514,-102.4240656,-102.4240656,0.000404745615,0.000404745615,0.001224155925,0.001224155925,0.553669649,1944.97,32.21525,-0.00195687545,0.000171486673,0.0,4654.9907,1936.95407,-0.0375847514,45.0467648,7.1253291e-05
1503.0,41.1255471,4650.54396,-17.1167112,-17.1167112,-8.33591703,-8.33591703,-7.77256348,-7.77256348,-0.0323836919,-66.3688889,-66.3688889,0.000226687465,0.000226687465,0.00068563115,0.00068563115,0.553733638,1944.97,32.21525,-0.00168607874,0.000120717288,0.0,4650.54396,1935.10677,-0.0323836919,26.4297163,3.618457e-05
1503.5,30.5895199,4650.43603,-12.7288176,-12.7288176,-6.19883912,-6.19883912,-5.68355148,-5.68355148,-0.030539641,-49.73695,-49.73695,0.000159063932,0.000159063932,0.000481107683,0.000481107683,0.553783282,1944.97,32.21525,-0.001590067,-7.7337354e-05,0.0,4650.43603,1935.06296,-0.030539641,19.82899,2.537992e-05
1504.0,20.0534926,4650.43615,-8.34372121,-8.34372121,-4.06332978,-4.06332978,-3.55204272,-3.55204272,-0.0316186181,-49.73695,-49.73695,0.000164683723,0.000164683723,0.000498103733,0.000498103733,0.5538181,1944.97,32.21525,-0.00164624466,-9.0392987e-05,0.0,4650.43615,1935.06238,-0.0316186181,23.6911573,3.1391274e-05
1504.5,9.51746531,4650.4372,-3.96032497,-3.96032497,-1.92864904,-1.92864904,-1.551699044,-1.551699044,-0.0326878071,-49.73695,-49.73695,0.000170252525,0.000170252525,0.000514945499,0.000514945499,0.553837467,1944.97,32.21525,-0.00170191268,7.2504571e-05,0.0,4650.4372,1935.06215,-0.0326878071,27.5182878,3.769343e-05
1505.0,-1.018561967,4650.43885,0.423494934,0.423494934,0.2062389445,0.2062389445,0.347106304,0.347106304,-0.0337653117,-49.73695,-49.73695,0.000175864647,0.000175864647,0.00053191813,0.00053191813,0.553842522,1944.97,32.21525,-0.00175801368,4.7000484e-05,0.0,4650.43885,1935.06224,-0.0337653117,31.375185,4.4389442e-05
1505.5,-11.55458926,4650.439710000001,4.80765536,4.80765536,2.34129391,2.34129391,2.87236951,2.87236951,-0.0343742671,-47.0318104,-47.0318104,0.000169340041,0.000169340041,0.000512184071,0.000512184071,0.553829518,1944.97,32.21525,-0.00178971939,8.9983535e-05,0.0,4650.439710000001,1935.06221,-0.0343742671,33.5549248,4.8319014e-05
1506.0,-17.5886905,4659.96538,7.47308793,7.47308793,3.64678601,3.64678601,4.26189432,4.26189432,-0.0331045956,-36.1496412,-36.1496412,0.000125517937,0.000125517937,0.000379647579,0.000379647579,0.553798359,1944.97,32.21525,-0.00172361312,-1.9225304e-05,0.0,4659.96538,1939.02664,-0.0331045956,29.0101738,4.0277478e-05
1506.5,-17.615278,4667.72314,7.33892824,7.33892824,3.58728866,3.58728866,4.20381887,4.20381887,-0.031104195,-24.7128376,-24.7128376,8.0695477e-05,8.0695477e-05,0.00024408561,0.00024408561,0.553763165,1944.97,32.21525,-0.00161946086,-2.3174283e-05,0.0,4667.72314,1942.2559,-0.031104195,21.8497926,2.8518674e-05
1507.0,-17.615278,4667.96421,7.33000566,7.33000566,3.58311244,3.58311244,4.19968757,4.19968757,-0.0291022714,-13.2752796,-13.2752796,4.065501e-05,4.065501e-05,0.000122976599,0.000122976599,0.553728252,1944.97,32.21525,-0.00151522938,0.000169841845,0.0,4667.96421,1942.35732,-0.0291022714,14.68396545,1.7949674e-05
1507.5,-17.615278,4667.96602,7.32983483,7.32983483,3.58303028,3.58303028,4.19960604,4.19960604,-0.0271044851,-1.838157646,-1.838157646,5.412142e-06,5.412142e-06,2.1196629e-05,2.1196629e-05,0.553693358,1944.97,32.21525,-0.00141121327,0.000176566801,0.0,4667.96602,1942.35928,-0.0271044851,7.53294538,8.600608e-06
1508.0,-17.615278,4667.94783,7.32939201,7.32939201,3.58279995,3.58279995,4.1993746,4.1993746,-0.012075154264,9.59933204,9.59933204,-6.313049e-06,-6.313049e-06,1.8438132e-05,1.8438132e-05,0.553658456,1944.97,32.21525,-0.000628701028,0.001087408156,0.0,4667.94783,1942.3605,-0.012075154264,0.622336846,1.686558e-06
1508.5,-17.615278,4667.88765,7.32985788,7.32985788,3.58298151,3.58298151,4.19954916,4.19954916,0.0268531805,21.0361073,21.0361073,5.9350356e-05,5.9350356e-05,0.000179524368,0.000179524368,0.553623548,1944.97,32.21525,0.00139812892,0.000124669962,0.0,4667.88765,1942.35823,0.0268531805,-6.63340611,7.509896e-06
1509.0,-17.615278,4667.88745,7.3298357,7.3298357,3.58297062,3.58297062,4.19953827,4.19953827,0.0288447684,32.4736941,32.4736941,9.8286795e-05,9.8286795e-05,0.0002972891,0.0002972891,0.55358865,1944.97,32.21525,0.00150182232,6.9136215e-05,0.0,4667.88745,1942.35937,0.0288447684,-13.7622398,1.667696e-05
1509.5,-17.615278,4667.88493,7.32983118,7.32983118,3.58296634,3.58296634,4.19953376,4.19953376,0.0308520551,43.9117978,43.9117978,0.000142068083,0.000142068083,0.000429703108,0.000429703108,0.553553747,1944.97,32.21525,0.00160633303,1.6511501e-05,0.0,4667.88493,1942.3594,0.0308520551,-20.9472661,2.7119891e-05
1510.0,-17.615278,4667.88212,7.32983109,7.32983109,3.5829642,3.5829642,4.19953135,4.19953135,0.0328447342,55.3496236,55.3496236,0.000190572449,0.000190572449,0.000576401853,0.000576401853,0.553518848,1944.97,32.21525,0.00171008321,2.906427e-06,0.0,4667.88212,1942.3594,0.0328447342,-28.0800043,3.868202e-05
1510.5,-17.615278,4667.88012,7.32984486,7.32984486,3.58296938,3.58296938,4.19953618,4.19953618,0.0341717968,62.9448403,62.9448403,0.000225249308,0.000225249308,0.000681277618,0.000681277618,0.55348394,1944.97,32.21525,0.00177917765,3.4438791e-05,0.0,4667.88012,1942.3594,0.0341717968,-32.8301899,4.6993543e-05
1511.0,-17.615278,4667.8804,7.32984734,7.32984734,3.58297055,3.58297055,4.19953743,4.19953743,0.0342079275,63.12832,63.12832,0.000226141155,0.000226141155,0.000683974873,0.000683974873,0.553449038,1944.97,32.21525,0.00178105879,-0.000117117056,0.0,4667.8804,1942.3594,0.0342079275,-32.9595164,4.722765e-05
1511.5,-17.615278,4667.88055,7.32985377,7.32985377,3.58297386,3.58297386,4.19954074,4.19954074,0.0340327704,62.1443166,62.1443166,0.000221517115,0.000221517115,0.000669990162,0.000669990162,0.553414125,1944.97,32.21525,0.00177193915,-7.5144819e-05,0.0,4667.88055,1942.35938,0.0340327704,-32.3325478,4.6102006e-05
1512.0,-17.615278,4667.88301,7.32986683,7.32986683,3.58298219,3.58298219,4.19954926,4.19954926,0.0322058739,51.6452517,51.6452517,0.000174428408,0.000174428408,0.000527575533,0.000527575533,0.553379222,1944.97,32.21525,0.00167682056,6.902638e-06,0.0,4667.88301,1942.3594,0.0322058739,-25.7932243,3.4858395e-05
1512.5,-17.615278,4667.88608,7.32986612,7.32986612,3.58298428,3.58298428,4.19955163,4.19955163,0.0299585013,38.7532016,38.7532016,0.000121827607,0.000121827607,0.000368486652,0.000368486652,0.553344309,1944.97,32.21525,0.00155980953,6.578396e-05,0.0,4667.88608,1942.3594,0.0299585013,-17.7488143,2.2334898e-05
1513.0,-17.615278,4667.88919,7.32986584,7.32986584,3.58298659,3.58298659,4.19955447,4.19955447,0.0277035706,25.8606094,25.8606094,7.5275951e-05,7.5275951e-05,0.000227692925,0.000227692925,0.553309402,1944.97,32.21525,0.00144240507,-6.0682479e-05,0.0,4667.88919,1942.3594,0.0277035706,-9.67735384,1.129316e-05
1513.5,-17.615278,4667.89832,7.33017379,7.33017379,3.58314412,3.58314412,4.19971216,4.19971216,0.0193810675,12.97050705,12.97050705,3.0015728e-05,3.0015728e-05,9.4648699e-05,9.4648699e-05,0.553274505,1944.97,32.21525,0.001009088356,-0.001901784181,0.0,4667.89832,1942.35831,0.0193810675,-2.001523173,2.184198e-06
1514.0,-17.615278,4667.96792,7.32996788,7.32996788,3.58309686,3.58309686,4.19967254,4.19967254,-0.0267609196,0.080054089,0.080054089,2.5047e-08,2.5047e-08,1.2199193e-05,1.2199193e-05,0.553239592,1944.97,32.21525,-0.00139332533,3.2011887e-05,0.0,4667.96792,1942.36028,-0.0267609196,6.30316247,7.127664e-06
1514.5,-16.8236329,4669.7831,7.10377035,7.10377035,3.47373815,3.47373815,4.08871434,4.08871434,-0.0286901241,-11.33493717,-11.33493717,3.4129736e-05,3.4129736e-05,0.000103239091,0.000103239091,0.553204781,1944.97,32.21525,-0.00149377064,7.1797053e-05,0.0,4669.7831,1943.11446,-0.0286901241,13.20869515,1.5891572e-05
1515.0,-7.27171724,4685.48102,3.10578689,3.10578689,1.523562096,1.523562096,1.906669472,1.906669472,-0.0280131121,-13.081694,-13.081694,3.8375491e-05,3.8375491e-05,0.000116082035,0.000116082035,0.553178285,1944.97,32.21525,-0.00145852154,5.3806242e-05,0.0,4685.48102,1949.64687,-0.0280131121,10.7853485,1.2674816e-05
1515.5,4.67749485,4687.80489,-1.944288976,-1.944288976,-0.954469419,-0.954469419,-0.746250258,-0.746250258,-0.02679593,-13.081694,-13.081694,3.670806e-05,3.670806e-05,0.000111038228,0.000111038228,0.553174276,1944.97,32.21525,-0.00139514813,1.4633068e-05,0.0,4687.80489,1950.61463,-0.02679593,6.428481,7.234527e-06
1516.0,16.5266416,4687.70983,-6.90394765,-6.90394765,-3.38908783,-3.38908783,-2.88362138,-2.88362138,-0.0255830736,-13.081694,-13.081694,3.5046554e-05,3.5046554e-05,0.000106012339,0.000106012339,0.553188038,1944.97,32.21525,-0.00133199997,4.0457024e-05,0.0,4687.70983,1950.57575,-0.0255830736,2.087095614,2.253783e-06
1516.5,21.0032,4673.1932,-8.8921611,-8.8921611,-4.35166184,-4.35166184,-3.83207567,-3.83207567,-0.0251118766,-13.081694,-13.081694,3.4401054e-05,3.4401054e-05,0.000104059772,0.000104059772,0.553215163,1944.97,32.21525,-0.0013074668,-6.1472561e-05,0.0,4673.1932,1944.53559,-0.0251118766,0.400458136,4.21278e-07
1517.0,21.0032,4668.08677,-8.7441458,-8.7441458,-4.27449614,-4.27449614,-3.75280471,-3.75280471,-0.0251297337,-13.081694,-13.081694,3.4425518e-05,3.4425518e-05,0.00010413377,0.00010413377,0.553243842,1944.97,32.21525,-0.00130839656,0.000119763935,0.0,4668.08677,1942.41065,-0.0251297337,0.464378767,4.88842e-07
1517.5,21.0032,4667.96555,-8.7396725,-8.7396725,-4.27219833,-4.27219833,-3.75044963,-3.75044963,-0.0251278487,-13.081694,-13.081694,3.4422935e-05,3.4422935e-05,0.000104125957,0.000104125957,0.553272339,1944.97,32.21525,-0.00130829836,0.000135701076,0.0,4667.96555,1942.36025,-0.0251278487,0.45763031,4.81705e-07
1518.0,21.0032,4667.9634,-8.7395886,-8.7395886,-4.27215534,-4.27215534,-3.75040548,-3.75040548,-0.0251301511,-13.081694,-13.081694,3.4426089e-05,3.4426089e-05,0.000104135498,0.000104135498,0.553300826,1944.97,32.21525,-0.00130841825,5.2816085e-05,0.0,4667.9634,1942.35932,-0.0251301511,0.465871207,4.90421e-07
1518.5,21.0032,4667.89903,-8.7400304,-8.7400304,-4.27231252,-4.27231252,-3.75057506,-3.75057506,0.0210671858,2.1627726,2.1627726,1.4482744e-05,1.4482744e-05,5.1328518e-05,5.1328518e-05,0.553329319,1944.97,32.21525,0.001096877222,0.001875629359,0.0,4667.89903,1942.35952,0.0210671858,-8.6288209,1.0291917e-05
1519.0,21.0032,4667.881960000001,-8.739614,-8.739614,-4.27209323,-4.27209323,-3.75035104,-3.75035104,0.0326309051,31.634251,31.634251,0.00010940787,0.00010940787,0.00033092362,0.00033092362,0.553357809,1944.97,32.21525,0.00169895005,2.85648e-05,0.0,4667.881960000001,1942.35921,0.0326309051,-27.3146082,3.7662356e-05
1519.5,21.0032,4667.875190000001,-8.7396279,-8.7396279,-4.27209389,-4.27209389,-3.75035238,-3.75035238,0.037777176,61.1023628,61.1023628,0.000243028911,0.000243028911,0.000735045155,0.000735045155,0.553386301,1944.97,32.21525,0.00196689414,0.000159516929,0.0,4667.875190000001,1942.3594,0.037777176,-45.7355422,7.2698102e-05
1520.0,21.0032,4667.86783,-8.7396284,-8.7396284,-4.27208732,-4.27208732,-3.75034664,-3.75034664,0.0429189951,90.5754235,90.5754235,0.000408393981,0.000408393981,0.00123516554,0.00123516554,0.553414783,1944.97,32.21525,0.00223460638,0.000178717207,0.0,4667.86783,1942.3594,0.0429189951,-64.1405371,0.000115635874
1520.5,21.0032,4667.86088,-8.7396284,-8.7396284,-4.27208109,-4.27208109,-3.75034084,-3.75034084,0.0480642074,120.0429645,120.0429645,0.000605514828,0.000605514828,0.00183132668,0.00183132668,0.553443261,1944.97,32.21525,0.00250249533,0.000133382342,0.0,4667.86088,1942.3594,0.0480642074,-82.5576805,0.000166539748
1521.0,23.9294589,4674.79896,-9.65155965,-9.65155965,-4.72644888,-4.72644888,-4.21124429,-4.21124429,0.0534710294,149.509286,149.509286,0.000838779307,0.000838779307,0.00253680265,0.00253680265,0.553472144,1944.97,32.21525,0.00278400518,0.000146755687,0.0,4674.79896,1945.24959,0.0534710294,-101.9112494,0.00022875895
1521.5,49.6977384,4714.04194,-20.52094295,-20.52094295,-10.13188085,-10.13188085,-9.51332663,-9.51332663,0.0612506909,178.981317,178.981317,0.00115012896,0.00115012896,0.00347842564,0.00347842564,0.553519878,1944.97,32.21525,0.00318905852,0.000261854301,0.0,4714.04194,1961.58341,0.0612506909,-129.758325,0.000333769435
1522.0,80.2390116,4718.57117,-33.3848153,-33.3848153,-16.4963903,-16.4963903,-15.6558883,-15.6558883,0.0695183751,208.44883,208.44883,0.00151959872,0.00151959872,0.00459583119,0.00459583119,0.553608096,1944.97,32.21525,0.00361952104,0.000193867598,0.0,4718.57117,1963.47288,0.0695183751,-159.352269,0.000464873506
1522.5,96.094357,4687.58645,-40.5899717,-40.5899717,-19.9260827,-19.9260827,-18.9314376,-18.9314376,0.0763478959,237.922621,237.922621,0.00190340285,0.00190340285,0.00575662776,0.00575662776,0.553728749,1944.97,32.21525,0.00397510466,0.000325987668,0.0,4687.58645,1950.58388,0.0763478959,-183.798346,0.000588064882
1523.0,79.89951,4643.6591,-31.9754912,-31.9754912,-15.54189023,-15.54189023,-14.7294553,-14.7294553,0.0776400304,255.759824,255.759824,0.00207942549,0.00207942549,0.00628905229,0.00628905229,0.553846604,1952.83047,32.21525,0.00404238055,-2.5885891e-05,0.0,4643.6591,1932.3062,0.0776400304,-188.423505,0.000612897058
1523.5,59.1138918,6369.86019,4.94161661,4.94161661,3.51520218,3.51520218,4.25365291,4.25365291,0.0729020096,255.94153,255.94153,0.0019539294,0.0019539294,0.00590955832,0.00590955832,0.55388091,2708.32263,32.21525,0.00379569227,-0.000141358624,0.0,6369.86019,2650.58845,0.0729020096,-171.463896,0.000523656306
1524.0,38.3282757,9421.4729,8.20402553,8.20402553,7.8599485,7.8599485,9.23384218,9.23384218,0.0712866779,255.94153,255.94153,0.00191063507,0.00191063507,0.00577863601,0.00577863601,0.553806697,3927.70905,32.21525,0.00371158899,6.528248e-05,0.0,9421.4729,3920.38607,0.0712866779,-165.68186,0.000494781952
1524.5,17.5426588,10418.9461,-9.18570845,-9.18570845,-10.04429514,-10.04429514,-8.52482108,-8.52482108,0.0703689076,248.742839,248.742839,0.00183564794,0.00183564794,0.00555182601,0.00555182601,0.553802657,4323.268,32.21525,0.00366380452,-0.000172439262,0.0,10418.9461,4335.44152,0.0703689076,-162.396719,0.000479583024
1525.0,-3.242958219,10343.2534,1.273311554,1.273311554,1.3786650438,1.3786650438,2.3390155528,2.3390155528,0.056445312,181.985466,181.985466,0.001086821051,0.001086821051,0.00328701272,0.00328701272,0.553823821,4323.268,32.21525,0.00293886324,-0.000419522555,0.0,10343.2534,4303.93704,0.056445312,-112.557607,0.00026933509
1525.5,-19.9702502,10350.76835,8.57406772,8.57406772,9.29441944,9.29441944,11.2040013,11.2040013,0.0407507365,102.0615955,102.0615955,0.000445679803,0.000445679803,0.00134794576,0.00134794576,0.553756914,4323.268,32.21525,0.0021217146,-0.000406207949,0.0,10350.76835,4307.05485,0.0407507365,-56.3793201,9.8909232e-05
1526.0,-21.421824,10374.25925,8.9701771,8.9701771,9.74510075,9.74510075,11.65097585,11.65097585,0.0112914293,22.12447538,22.12447538,8.0242752e-05,8.0242752e-05,0.000244310203,0.000244310203,0.553647383,4323.268,32.21525,0.00058789587,-0.001311797622,0.0,10374.25925,4316.81238,0.0112914293,-6.17020917,1.6437397e-05
1526.5,-21.421824,10375.86795,8.91497505,8.91497505,9.68664045,9.68664045,11.60005875,11.60005875,-0.0372288206,-57.7962178,-57.7962178,0.000234948536,0.000234948536,0.000710605312,0.000710605312,0.553539093,4323.268,32.21525,-0.00193834366,-0.000324580774,0.0,10375.86795,4317.45347,-0.0372288206,43.7727191,7.0663739e-05
1527.0,-21.421824,10375.9146,8.91390875,8.91390875,9.6855254,9.6855254,11.5990894,11.5990894,-0.0511774859,-137.7408385,-137.7408385,0.00074781581,0.00074781581,0.00226169871,0.00226169871,0.553430946,4323.268,32.21525,-0.00266459033,-0.000441929951,0.0,10375.9146,4317.46488,-0.0511774859,93.7015754,0.000203272137
1527.5,-21.421824,10375.932,8.91382845,8.91382845,9.6854539,9.6854539,11.5990311,11.5990311,-0.0627421182,-203.909191,-203.909191,0.00134161855,0.00134161855,0.00405761111,0.00405761111,0.55332276,4323.268,32.21525,-0.00326671074,-0.000203216722,0.0,10375.932,4317.46518,-0.0627421182,135.0968536,0.000355520954
1528.0,-21.421824,10375.9334,8.9137758,8.9137758,9.6853984,9.6853984,11.5989826,11.5989826,-0.063943308,-210.72536,-210.72536,0.00141104391,0.00141104391,0.00426758677,0.00426758677,0.553214575,4323.268,32.21525,-0.00332925143,-3.1116908e-05,0.0,10375.9334,4317.46503,-0.063943308,139.396475,0.000373366664
1528.5,-21.421824,10375.933,8.9137783,8.9137783,9.6854015,9.6854015,11.5989856,11.5989856,-0.063944626,-210.72536,-210.72536,0.001411073,0.001411073,0.00426767465,0.00426767465,0.553106366,4323.268,32.21525,-0.00332932006,-3.3599944e-05,0.0,10375.933,4317.465,-0.063944626,139.401193,0.000373386987
1529.0,-21.421824,10375.933,8.9137782,8.9137782,9.6854012,9.6854012,11.5989852,11.5989852,-0.0639405415,-210.72536,-210.72536,0.00141098283,0.00141098283,0.00426740194,0.00426740194,0.552998174,4323.268,32.21525,-0.00332910739,-3.7089811e-05,0.0,10375.933,4317.465,-0.0639405415,139.386569,0.000373323977
1529.5,-21.421824,10375.933,8.9137783,8.9137783,9.6854014,9.6854014,11.5989854,11.5989854,-0.0639430681,-210.72536,-210.72536,0.00141103863,0.00141103863,0.00426757068,0.00426757068,0.552889964,4323.268,32.21525,-0.00332923894,-0.000104165189,0.0,10375.933,4317.465,-0.0639430681,139.395617,0.000373362955
1530.0,-21.421824,10375.933,8.9137789,8.9137789,9.6854019,9.6854019,11.5989857,11.5989857,-0.0639475699,-210.76197,-210.76197,0.00141138336,0.00141138336,0.00426861354,0.00426861354,0.552781756,4323.268,32.21525,-0.00332947334,-8.8583534e-05,0.0,10375.933,4317.465,-0.0639475699,139.411729,0.000373432487
1530.5,-21.421824,10375.9347,8.913791,8.913791,9.6854155,9.6854155,11.5989981,11.5989981,-0.064805444,-215.669153,-215.669153,0.00146372294,0.00146372294,0.00442691496,0.00442691496,0.552673527,4323.268,32.21525,-0.0033741391,-0.000212121557,0.0,10375.9347,4317.465,-0.064805444,142.48247,0.00038680349
1531.0,-21.421824,10374.7332,8.6000448,8.6000448,9.34378365,9.34378365,11.2666164,11.2666164,-0.0662258372,-223.988015,-223.988015,0.00155348201,0.00155348201,0.00469839386,0.00469839386,0.552565428,4321.5407,32.21525,-0.00344809285,-9.849888e-05,0.0,10374.7332,4316.96425,-0.0662258372,147.566724,0.000409379741
1531.5,-21.421824,10014.9628,2.81325755,2.81325755,2.94925153,2.94925153,4.19286545,4.19286545,-0.0671332715,-232.308453,-232.308453,0.00163327598,0.00163327598,0.00493974162,0.00493974162,0.552496915,4164.71399,32.21525,-0.00349533905,-5.7377773e-05,0.0,10014.9628,4167.26071,-0.0671332715,150.814858,0.000424129187
1532.0,-21.421824,9379.5137,3.14390717,3.14390717,3.08763514,3.08763514,4.28274527,4.28274527,-0.0682538134,-238.586623,-238.586623,0.00170531211,0.00170531211,0.0051576189,0.0051576189,0.552461439,3907.83945,32.21525,-0.00355368085,8.0054077e-05,0.0,9379.5137,3902.84505,-0.0682538134,154.825807,0.000442650703
1532.5,-21.5017609,8987.7585,8.31450817,8.31450817,7.82251354,7.82251354,9.1736519,9.1736519,-0.0688182164,-238.95961,-238.95961,0.0017220927,0.0017220927,0.00520836552,0.00520836552,0.552406938,3754.01206,32.21525,-0.00358306675,-5.797497e-05,0.0,8987.7585,3739.83241,-0.0688182164,156.846069,0.000452138449
1533.0,-21.8794272,9004.3042,9.1546159,9.1546159,8.6321477,8.6321477,10.03266295,10.03266295,-0.0689154618,-238.95961,-238.95961,0.00172452617,0.00172452617,0.00521572443,0.00521572443,0.552315918,3752.618,32.21525,-0.00358812996,-9.5900953e-05,0.0,9004.3042,3746.71727,-0.0689154618,157.194154,0.000453776202
1533.5,-22.2848964,9005.677899999999,9.27391015,9.27391015,8.7459688,8.7459688,10.13400395,10.13400395,-0.068955947,-238.95961,-238.95961,0.00172553927,0.00172553927,0.00521878802,0.00521878802,0.552224467,3752.618,32.21525,-0.00359023787,3.389489e-06,0.0,9005.677899999999,3747.28881,-0.068955947,157.339073,0.000454461384
1534.0,-22.6903655,9005.704300000001,9.4416514,9.4416514,8.90418665,8.90418665,10.27293385,10.27293385,-0.0689949015,-238.95961,-238.95961,0.00172651406,0.00172651406,0.00522173569,0.00522173569,0.552131621,3752.618,32.21525,-0.00359226607,7.2506333e-05,0.0,9005.704300000001,3747.29977,-0.0689949015,157.478512,0.000455121091
1534.5,-23.0958349,9005.705,9.6103582,9.6103582,9.06329065,9.06329065,10.41142935,10.41142935,-0.0690358389,-238.95961,-238.95961,0.00172753845,0.00172753845,0.00522483342,0.00522483342,0.552037288,3752.618,32.21525,-0.00359439749,-3.6273527e-05,0.0,9005.705,3747.3,-0.0690358389,157.625042,0.000455814872
1535.0,-23.5013036,9005.704399999999,9.7790388,9.7790388,9.22236855,9.22236855,10.5487133,10.5487133,-0.0686149386,-236.277452,-236.277452,0.00169803354,0.00169803354,0.00513559356,0.00513559356,0.551941444,3752.618,32.21525,-0.003572483,4.8627917e-05,0.0,9005.704399999999,3747.3,-0.0686149386,156.118441,0.000448778491
1535.5,-23.9067726,9005.697199999999,9.9477358,9.9477358,9.38145515,9.38145515,10.6848283,10.6848283,-0.0636995033,-207.836684,-207.836684,0.00138822339,0.00138822339,0.00419856383,0.00419856383,0.551844124,3752.618,32.21525,-0.00331655757,4.2074326e-05,0.0,9005.697199999999,3747.3,-0.0636995033,138.52378,0.000370070041
1536.0,-24.3122423,9005.68885,10.11645725,10.11645725,9.54056325,9.54056325,10.8198019,10.8198019,-0.0576508035,-172.957279,-172.957279,0.001045991577,0.001045991577,0.00316349654,0.00316349654,0.551745325,3752.618,32.21525,-0.00300162794,-4.8081929e-05,0.0,9005.68885,3747.3,-0.0576508035,116.872631,0.000282682607
1536.5,-24.713723,9005.6872,10.28451895,10.28451895,9.699055,9.699055,10.95312115,10.95312115,-0.0516105746,-138.0795819,-138.0795819,0.000748088743,0.000748088743,0.00226251948,0.00226251948,0.551645057,3752.618,32.21525,-0.00268713937,0.000228620999,0.0,9005.6872,3747.30262,-0.0516105746,95.2518036,0.000206371312
1537.0,-24.860294,9006.1772,10.3495196,10.3495196,9.76088735,9.76088735,11.0051353,11.0051353,-0.0455373837,-103.1985272,-103.1985272,0.000493949645,0.000493949645,0.00149391301,0.00149391301,0.551543646,3752.618,32.21525,-0.0023709346,0.000127457022,0.0,9006.1772,3747.51024,-0.0455373837,73.5129854,0.000140680414
1537.5,-17.83773375,9021.6556,7.69531961,7.69531961,7.26764155,7.26764155,8.66018747,8.66018747,-0.0387701596,-68.32597,-68.32597,0.000279797226,0.000279797226,0.000846245375,0.000846245375,0.551448223,3752.618,32.21525,-0.00201859449,0.000109065491,0.0,9021.6556,3753.95482,-0.0387701596,49.2898971,8.0827901e-05
1538.0,1.257869336,9037.8163,-0.501588905,-0.501588905,-0.47485501,-0.47485501,0.106497076,0.106497076,-0.0307045107,-33.4448635,-33.4448635,0.000109970472,0.000109970472,0.000332624532,0.000332624532,0.551409411,3752.618,32.21525,-0.00159865104,0.000295129633,0.0,9037.8163,3760.68414,-0.0307045107,20.4191344,2.706867e-05
1538.5,20.5371524,9038.3447,-8.54551415,-8.54551415,-8.08826716,-8.08826716,-6.90430384,-6.90430384,0.0127698656,1.433340613,1.433340613,2.3084274e-05,2.3084274e-05,7.2860034e-05,7.2860034e-05,0.551434674,3752.618,32.21525,0.00066487164,0.001026304165,0.0,9038.3447,3760.92944,0.0127698656,-8.1845282,1.1474491e-05
1539.0,39.8164355,9038.3212,-16.5673644,-16.5673644,-15.6808577,-15.6808577,-14.44799715,-14.44799715,0.0349050505,33.654614,33.654614,0.000124315331,0.000124315331,0.000376009595,0.000376009595,0.551510364,3752.618,32.21525,0.00181735497,0.000172414193,0.0,9038.3212,3760.93266,0.0349050505,-35.4548484,5.2312168e-05
1539.5,48.72271,9017.4204,-20.5591243,-20.5591243,-19.4141802,-19.4141802,-18.1327609,-18.1327609,0.0369835161,40.135925,40.135925,0.000155442623,0.000155442623,0.000470149557,0.000470149557,0.551625548,3752.618,32.21525,0.00192557174,0.000100295142,0.0,9017.4204,3752.23683,0.0369835161,-42.8946617,6.6450832e-05
1540.0,48.72271,9006.522200000001,-20.2845869,-20.2845869,-19.1316273,-19.1316273,-17.8587197,-17.8587197,0.0369567255,40.135925,40.135925,0.000155330015,0.000155330015,0.000469809006,0.000469809006,0.551746724,3752.618,32.21525,0.00192417682,0.00014438068,0.0,9006.522200000001,3747.70199,0.0369567255,-42.7987625,6.6254206e-05
1540.5,48.72271,9006.2365,-20.2740808,-20.2740808,-19.1211128,-19.1211128,-17.8484968,-17.8484968,0.0369503664,40.135925,40.135925,0.000155303292,0.000155303292,0.000469728189,0.000469728189,0.551867319,3752.618,32.21525,0.00192384576,-8.9025006e-05,0.0,9006.2365,3747.58317,0.0369503664,-42.7760009,6.6207572e-05
1541.0,48.72271,9006.231,-20.2738825,-20.2738825,-19.1209141,-19.1209141,-17.8483036,-17.8483036,0.0369582144,40.135925,40.135925,0.000155336273,0.000155336273,0.000469827934,0.000469827934,0.551987897,3752.618,32.21525,0.00192425433,1.6402166e-05,0.0,9006.231,3747.581,0.0369582144,-42.8040902,6.6265119e-05
1541.5,48.72271,9006.231,-20.2738786,-20.2738786,-19.1209101,-19.1209101,-17.8482993,-17.8482993,0.0369536205,40.135925,40.135925,0.00015531697,0.00015531697,0.000469769557,0.000469769557,0.552108469,3752.618,32.21525,0.0019240152,1.0309808e-05,0.0,9006.231,3747.5809,0.0369536205,-42.7876516,6.6231437e-05
1542.0,48.72271,9006.231,-20.273879,-20.273879,-19.1209104,-19.1209104,-17.8482994,-17.8482994,0.0369509576,40.135925,40.135925,0.000155305772,0.000155305772,0.000469735699,0.000469735699,0.552229047,3752.618,32.21525,0.0019238765,4.3674332e-05,0.0,9006.231,3747.5809,0.0369509576,-42.7781156,6.6211927e-05
1542.5,48.72271,9006.231,-20.2738788,-20.2738788,-19.1209099,-19.1209099,-17.8482993,-17.8482993,0.03695583,40.135925,40.135925,0.000155326256,0.000155326256,0.00046979763,0.00046979763,0.552349619,3752.618,32.21525,0.00192413017,8.8545602e-05,0.0,9006.231,3747.58094,0.03695583,-42.795556,6.624765e-05
1543.0,48.72271,9006.231,-20.2738796,-20.2738796,-19.1209109,-19.1209109,-17.8483,-17.8483,0.0369557024,40.135925,40.135925,0.000155325719,0.000155325719,0.000469796007,0.000469796007,0.552470177,3752.618,32.21525,0.00192412355,-8.0103288e-05,0.0,9006.231,3747.58092,0.0369557024,-42.7950994,6.6246708e-05
1543.5,48.72271,9006.231,-20.2738794,-20.2738794,-19.1209106,-19.1209106,-17.8482998,-17.8482998,0.0369567613,40.135925,40.135925,0.000155330166,0.000155330166,0.000469809472,0.000469809472,0.552590742,3752.618,32.21525,0.00192417869,-4.4013067e-05,0.0,9006.231,3747.58094,0.0369567613,-42.7988899,6.6254465e-05
1544.0,48.72271,9006.231,-20.2738794,-20.2738794,-19.1209102,-19.1209102,-17.8482997,-17.8482997,0.0369519329,40.135925,40.135925,0.000155309876,0.000155309876,0.0004697481,0.0004697481,0.552711309,3752.618,32.21525,0.00192392731,-6.8371466e-05,0.0,9006.231,3747.58088,0.0369519329,-42.7816084,6.6219056e-05
1544.5,48.72271,9006.231,-20.2738792,-20.2738792,-19.1209102,-19.1209102,-17.8482996,-17.8482996,0.0369571454,40.135925,40.135925,0.000155331783,0.000155331783,0.000469814354,0.000469814354,0.552831874,3752.618,32.21525,0.00192419866,2.1837853e-05,0.0,9006.231,3747.58094,0.0369571454,-42.8002636,6.6257278e-05
1545.0,48.72271,9006.231,-20.2738786,-20.2738786,-19.1209103,-19.1209103,-17.8482993,-17.8482993,0.0369484716,40.135925,40.135925,0.000155295331,0.000155295331,0.000469704087,0.000469704087,0.552952436,3752.618,32.21525,0.00192374709,-2.2395594e-05,0.0,9006.231,3747.58088,0.0369484716,-42.769216,6.6193676e-05
1545.5,45.5911266,8999.24395,-19.1133746,-19.1133746,-18.0130417,-18.0130417,-16.7693112,-16.7693112,0.0366555755,40.135925,40.135925,0.000154064278,0.000154064278,0.000465981064,0.000465981064,0.553071459,3752.618,32.21525,0.00190849725,6.3302827e-05,0.0,8999.24395,3744.67326,0.0366555755,-41.7208043,6.4069147e-05
1546.0,35.7719322,8989.9226,-14.8995191,-14.8995191,-14.0267888,-14.0267888,-12.8207706,-12.8207706,0.0356426299,40.135925,40.135925,0.000149806845,0.000149806845,0.000453105381,0.000453105381,0.553173898,3752.618,32.21525,0.00185575756,1.026156e-06,0.0,8989.9226,3740.79396,0.0356426299,-38.0949944,5.6888939e-05
1546.5,25.7316003,8989.5307,-10.7076226,-10.7076226,-10.07995835,-10.07995835,-8.92878057,-8.92878057,0.0346147345,40.135925,40.135925,0.000145486572,0.000145486572,0.000440039594,0.000440039594,0.553251299,3752.618,32.21525,0.00180223952,-5.7010037e-05,0.0,8989.5307,3740.63045,0.0346147345,-34.4156734,4.9913772e-05
1547.0,15.6912681,8989.5243,-6.52917483,-6.52917483,-6.14644001,-6.14644001,-4.96226537,-4.96226537,0.0335872519,40.135925,40.135925,0.000141168039,0.000141168039,0.00042697897,0.00042697897,0.553302238,3752.618,32.21525,0.00174874294,3.3414538e-05,0.0,8989.5243,3740.62722,0.0335872519,-30.7378271,4.3258004e-05
1547.5,5.65093597,8989.526,-2.351532103,-2.351532103,-2.213687578,-2.213687578,-1.63595221,-1.63595221,0.0325646347,40.135925,40.135925,0.000136869951,0.000136869951,0.000413980106,0.000413980106,0.553326844,3752.618,32.21525,0.00169549965,-9.5702139e-05,0.0,8989.526,3740.62724,0.0325646347,-27.0773957,3.6948342e-05
1548.0,-4.389396221,8989.5272,1.826670111,1.826670111,1.7195928232,1.7195928232,2.3400928673,2.3400928673,0.0315445499,40.135925,40.135925,0.000132582514,0.000132582514,0.000401013377,0.000401013377,0.553325431,3752.618,32.21525,0.00164238826,-5.2606089e-05,0.0,8989.5272,3740.62728,0.0315445499,-23.4260323,3.0966895e-05
1548.5,-9.853893,8999.0918,4.2461345,4.2461345,4.00146051,4.00146051,5.32473341,5.32473341,0.0309724842,40.135925,40.135925,0.000130178105,0.000130178105,0.000393741568,0.000393741568,0.553289574,3752.618,32.21525,0.00161260329,2.5901159e-05,0.0,8999.0918,3744.60658,0.0309724842,-21.3783391,2.7735699e-05
1549.0,-9.853893,9006.0303,4.1079595,4.1079595,3.87425455,3.87425455,5.17858043,5.17858043,0.03104806,40.4660698,40.4660698,0.000131573356,0.000131573356,0.000397961502,0.000397961502,0.553245408,3752.618,32.21525,0.00161653816,0.00013759568,0.0,9006.0303,3747.49379,0.03104806,-21.6488604,2.8156246e-05
1549.5,-9.853893,9006.2349,4.10041827,4.10041827,3.86723048,3.86723048,5.1704024,5.1704024,0.0315606497,43.4448171,43.4448171,0.000143604974,0.000143604974,0.00043435107,0.00043435107,0.553201857,3752.618,32.21525,0.00164322648,-0.000111073972,0.0,9006.2349,3747.57925,0.0315606497,-23.4836594,3.1050301e-05
1550.0,-9.853893,9006.237799999999,4.10027536,4.10027536,3.86709686,3.86709686,5.17024651,5.17024651,0.0321829018,46.9928912,46.9928912,0.000158393956,0.000158393956,0.000479079901,0.000479079901,0.553158319,3752.618,32.21525,0.00167562446,8.4792649e-05,0.0,9006.237799999999,3747.5808,0.0321829018,-25.7109931,3.4665197e-05
1550.5,-9.853893,9006.2369,4.10027261,4.10027261,3.86709405,3.86709405,5.17024297,5.17024297,0.0327991736,50.541038,50.541038,0.000173613261,0.000173613261,0.000525109814,0.000525109814,0.553114803,3752.618,32.21525,0.00170771109,6.0317147e-05,0.0,9006.2369,3747.58084,0.0327991736,-27.9169247,3.8359463e-05
1551.0,-9.853893,9006.236,4.10027228,4.10027228,3.86709336,3.86709336,5.17024195,5.17024195,0.033415909,54.089182,54.089182,0.000189292973,0.000189292973,0.000572531754,0.000572531754,0.553071249,3752.618,32.21525,0.00173982184,-2.6315106e-05,0.0,9006.236,3747.58084,0.033415909,-30.1245096,4.2170418e-05
1551.5,-9.853893,9006.235,4.10027251,4.10027251,3.86709306,3.86709306,5.17024136,5.17024136,0.0340334506,57.6373271,57.6373271,0.000205436792,0.000205436792,0.000621356862,0.000621356862,0.553027722,3752.618,32.21525,0.00177197453,-4.9581275e-05,0.0,9006.235,3747.58086,0.0340334506,-32.3349824,4.6101104e-05
1552.0,-9.853893,9006.2342,4.10027276,4.10027276,3.86709308,3.86709308,5.17024092,5.17024092,0.0346554604,61.1857969,61.1857969,0.000222069306,0.000222069306,0.000671659479,0.000671659479,0.552984197,3752.618,32.21525,0.00180435987,-5.3678258e-05,0.0,9006.2342,3747.58086,0.0346554604,-34.5614484,5.0175823e-05
1552.5,-9.853893,9006.2333,4.10027289,4.10027289,3.86709286,3.86709286,5.17024046,5.17024046,0.0352773939,64.7336734,64.7336734,0.000239160581,0.000239160581,0.000723349598,0.000723349598,0.552940631,3752.618,32.21525,0.00183674131,7.9490646e-05,0.0,9006.2333,3747.5809,0.0352773939,-36.7876436,5.4365657e-05
1553.0,-9.853893,9006.233,4.10027764,4.10027764,3.86709697,3.86709697,5.1702451,5.1702451,0.0355923018,66.49306,66.49306,0.000247834058,0.000247834058,0.000749581825,0.000749581825,0.55289712,3752.618,32.21525,0.00185313719,0.000101377308,0.0,9006.233,3747.58082,0.0355923018,-37.9148469,5.6526767e-05
1553.5,-9.853893,9006.233,4.10027778,4.10027778,3.86709716,3.86709716,5.17024528,5.17024528,0.0355837903,66.49306,66.49306,0.00024777479,0.00024777479,0.000749402585,0.000749402585,0.552853559,3752.618,32.21525,0.00185269404,2.3224335e-05,0.0,9006.233,3747.58088,0.0355837903,-37.8843781,5.6467826e-05
1554.0,-9.853893,9006.233,4.10027791,4.10027791,3.86709732,3.86709732,5.17024554,5.17024554,0.0355825782,66.49306,66.49306,0.000247766349,0.000247766349,0.000749377049,0.000749377049,0.552810037,3752.618,32.21525,0.00185263091,3.9981566e-05,0.0,9006.233,3747.5809,0.0355825782,-37.8800388,5.6459464e-05
1554.5,-9.853893,9006.233,4.10027788,4.10027788,3.86709723,3.86709723,5.17024535,5.17024535,0.0355805035,66.49306,66.49306,0.00024775191,0.00024775191,0.000749333386,0.000749333386,0.552766474,3752.618,32.21525,0.00185252292,2.8808577e-05,0.0,9006.233,3747.58086,0.0355805035,-37.8726158,5.6445093e-05
1555.0,-9.853893,9039.1352,8.38904737,7.27025937,8.01132858,6.92651618,9.41691876,8.25237926,0.0348935843,66.49306,64.200194,0.000242968791,0.000235740583,0.000734869238,0.000713006535,0.552719231,3781.1457,32.21525,0.00181675799,-8.94858e-06,0.0,9039.1352,3761.27131,0.0348935843,-35.4138056,5.2170772e-05
1555.5,-9.853893,10146.1003,62.8817921,17.9710179,66.2377868,19.0156507,71.9761258,20.7060815,0.0257372647,66.49306,24.6604488,0.000179212091,7.2476544e-05,0.000542079415,0.000219221203,0.55252203,4283.29597,32.21525,0.001340028017,0.000112768694,0.0,10146.1003,4221.88214,0.0257372647,-7.01779828,9.146374e-06
1556.0,-9.853893,10572.6362,0.232323393,0.232323393,0.2330311956,0.2330311956,1.040497477,1.040497477,0.0359464402,66.49306,66.49306,0.000250299977,0.000250299977,0.000757039125,0.000757039125,0.552394421,4336.0605,32.21525,0.00187157565,-7.59501e-07,0.0,10572.6362,4399.37313,0.0359464402,-39.1824748,5.9004484e-05
1556.5,-9.853893,10411.0597,3.93256284,3.93256284,4.28736991,4.28736991,6.01973782,6.01973782,0.0355955619,66.49306,66.49306,0.000247856755,0.000247856755,0.000749650461,0.000749650461,0.552359144,4336.0605,32.21525,0.00185330691,7.1593453e-05,0.0,10411.0597,4332.13969,0.0355955619,-37.9265148,5.6549366e-05
1557.0,9.9325152167,10450.32715,-3.28890637,-3.28890637,-3.62177991,-3.62177991,-2.24145502,-2.24145502,0.037508042,66.49306,66.49306,0.000261173626,0.000261173626,0.000789922318,0.000789922318,0.552324121,4336.0605,32.21525,0.00195288153,1.6056333e-05,0.0,10450.32715,4348.48027,0.037508042,-44.772186,7.072605e-05
1557.5,61.1619674,10486.1935,-26.0414028,-26.0414028,-28.5903592,-28.5903592,-26.8077055,-26.8077055,0.0428640135,66.49306,66.49306,0.000298467986,0.000298467986,0.00090270292,0.00090270292,0.552423773,4336.0605,32.21525,0.00223174373,0.000163680974,0.0,10486.1935,4363.40757,0.0428640135,-63.9437333,0.000114976287
1558.0,68.832016,10413.870749999998,-28.898746,-28.898746,-31.5153653,-31.5153653,-29.6855795,-29.6855795,0.0436344255,66.49306,66.49306,0.000303832462,0.000303832462,0.000918925161,0.000918925161,0.552609312,4336.0605,32.21525,0.00227185578,-6.5400233e-05,0.0,10413.870749999998,4333.31397,0.0436344255,-66.7013983,0.000121913895
1558.5,68.832016,10406.632,-28.6469794,-28.6469794,-31.2189047,-31.2189047,-29.3951601,-29.3951601,0.043604891,66.49306,66.49306,0.000303626809,0.000303626809,0.000918303277,0.000918303277,0.552794068,4336.0605,32.21525,0.00227031803,4.107705e-05,0.0,10406.632,4330.3018,0.043604891,-66.595682,0.000121638201
1559.0,68.832016,10406.487400000002,-28.641604,-28.641604,-31.2126133,-31.2126133,-29.389,-29.389,0.043425806,65.4566488,65.4566488,0.000297755548,0.000297755548,0.000900546968,0.000900546968,0.552978418,4336.0605,32.21525,0.00226099386,-9.4238886e-05,0.0,10406.487400000002,4330.24161,0.043425806,-65.9546528,0.000119994791
1559.5,53.7084307,10370.9587,-24.03633335,-24.03633335,-26.14824797,-26.14824797,-24.3964158,-24.3964158,0.0377405566,40.7226852,40.7226852,0.000164511222,0.000164511222,0.00049757605,0.00049757605,0.55315951,4336.0605,32.21525,0.00196498747,-0.000416022234,0.0,10370.9587,4315.4547,0.0377405566,-45.6044616,7.4082664e-05
1560.0,-7.9442034,10316.9975,4.88609212,4.88609212,5.2779465,5.2779465,7.07445581,7.07445581,0.0067997829,6.38562007,6.38562007,2.6906314e-05,2.6906314e-05,8.1639091e-05,8.1639091e-05,0.553195371,4336.0605,32.21525,0.00035403532,-0.001795706157,0.0,10316.9975,4292.98268,0.0067997829,-0.90835296,5.496386e-06
1560.5,-7.9442034,10403.8056,3.40764252,3.40764252,3.71254164,3.71254164,5.29224197,5.29224197,-0.0306711296,-27.9479016,-27.9479016,9.1528315e-05,9.1528315e-05,0.00027684655,0.00027684655,0.553142251,4336.0605,32.21525,-0.00159691305,-7.3794642e-05,0.0,10403.8056,4329.08238,-0.0306711296,20.2996492,2.6517005e-05
1561.0,-7.9442034,10406.5451,3.30763409,3.30763409,3.60456312,3.60456312,5.14232419,5.14232419,-0.0366577373,-62.287153,-62.287153,0.000240876445,0.000240876445,0.000728537117,0.000728537117,0.553098636,4336.0605,32.21525,-0.00190860982,-0.000210899785,0.0,10406.5451,4330.21864,-0.0366577373,41.7285424,6.4515064e-05
1561.5,-7.9442034,10406.60455,3.30572614,3.30572614,3.6025046,3.6025046,5.13938744,5.13938744,-0.0426514993,-96.6194842,-96.6194842,0.000433317571,0.000433317571,0.00131054758,0.00131054758,0.553055369,4336.0605,32.21525,-0.00222067903,-0.000138805658,0.0,10406.60455,4330.23987,-0.0426514993,63.183043,0.00011332285
1562.0,-7.9442034,10406.6137,3.30569042,3.30569042,3.60246889,3.60246889,5.13933648,5.13933648,-0.0486320041,-130.953182,-130.953182,0.000668685311,0.000668685311,0.00202238488,0.00202238488,0.553012104,4336.0605,32.21525,-0.00253205802,-0.000137869202,0.0,10406.6137,4330.24014,-0.0486320041,84.5900915,0.000172761217
1562.5,-7.9442034,10406.6221,3.3056813,3.3056813,3.60246187,3.60246187,5.13932651,5.13932651,-0.0544522774,-164.289636,-164.289636,0.000938162398,0.000938162398,0.00283739061,0.00283739061,0.552968829,4336.0605,32.21525,-0.00283509452,-8.8927453e-05,0.0,10406.6221,4330.24028,-0.0544522774,105.423595,0.000240797847
1563.0,-7.9442034,10406.6246,3.30563839,3.30563839,3.60241586,3.60241586,5.13926086,5.13926086,-0.0561694724,-174.02388,-174.02388,0.00102361776,0.00102361776,0.00309584334,0.00309584334,0.55292555,4336.0605,32.21525,-0.00292450149,-0.000103259933,0.0,10406.6246,4330.24056,-0.0561694724,111.5702485,0.000262504884
1563.5,-7.9442034,10406.624,3.30564107,3.30564107,3.60241876,3.60241876,5.13926503,5.13926503,-0.0561547171,-174.02388,-174.02388,0.00102334885,0.00102334885,0.00309503028,0.00309503028,0.552882264,4336.0605,32.21525,-0.0029237332,8.6155761e-05,0.0,10406.624,4330.24007,-0.0561547171,111.5174331,0.0002623117
1564.0,-7.9442034,10406.624,3.30564211,3.30564211,3.60241985,3.60241985,5.13926674,5.13926674,-0.0561630132,-174.02388,-174.02388,0.00102350001,0.00102350001,0.00309548738,0.00309548738,0.552838988,4336.0605,32.21525,-0.00292416505,0.000121053032,0.0,10406.624,4330.24,-0.0561630132,111.5471264,0.000262420299
1564.5,-7.9442034,10406.624,3.30564205,3.30564205,3.6024198,3.6024198,5.13926647,5.13926647,-0.0561678042,-174.02388,-174.02388,0.00102358736,0.00102358736,0.00309575141,0.00309575141,0.552795699,4336.0605,32.21525,-0.00292441455,2.013649e-05,0.0,10406.624,4330.24,-0.0561678042,111.5642779,0.000262483034
1565.0,-7.9442034,10406.624,3.30564164,3.30564164,3.60241936,3.60241936,5.13926586,5.13926586,-0.0561621522,-174.02388,-174.02388,0.00102348432,0.00102348432,0.00309543996,0.00309543996,0.552752424,4336.0605,32.21525,-0.00292412031,2.1143817e-05,0.0,10406.624,4330.24,-0.0561621522,111.5440438,0.000262409024
1565.5,-7.9442034,10385.4535,2.69224883,2.69224883,2.92872584,2.92872584,4.1781645,4.1781645,-0.0561022114,-174.02388,-174.02388,0.00102239199,0.00102239199,0.00309213679,0.00309213679,0.552711835,4325.96557,32.21525,-0.00292099944,9.03348e-06,0.0,10385.4535,4321.43106,-0.0561022114,111.3294876,0.000261625053
1566.0,-7.9442034,10293.2046,2.42182872,2.42182872,2.61045659,2.61045659,3.72411676,3.72411676,-0.0560810159,-174.02388,-174.02388,0.00102200574,0.00102200574,0.00309096877,0.00309096877,0.552680558,4288.62695,32.21525,-0.00291989589,7.2581994e-05,0.0,10293.2046,4283.04571,-0.0560810159,111.2536194,0.000261347678
1566.5,-7.9442034,10199.58115,2.43630253,2.43630253,2.60220808,2.60220808,3.71234949,3.71234949,-0.056080372,-174.02388,-174.02388,0.00102199402,0.00102199402,0.00309093333,0.00309093333,0.552649767,4249.78923,32.21525,-0.00291986232,-8.0268917e-05,0.0,10199.58115,4244.08823,-0.056080372,111.2513166,0.000261339284
1567.0,-7.9442034,10106.7475,2.50011281,2.50011281,2.64580392,2.64580392,3.77454381,3.77454381,-0.0560936732,-174.02388,-174.02388,0.0010222364,0.0010222364,0.00309166626,0.00309166626,0.552619162,4211.34976,32.21525,-0.0029205549,0.000131960376,0.0,10106.7475,4205.45948,-0.0560936732,111.2989256,0.000261513187
1567.5,-7.9442034,10071.1023,3.36322154,3.36322154,3.54699538,3.54699538,5.06019726,5.06019726,-0.0562615183,-174.59749,-174.59749,0.00102868811,0.00102868811,0.00311117849,0.00311117849,0.552581746,4197.407,32.21525,-0.00292929387,-1.5558932e-05,0.0,10071.1023,4190.62719,-0.0562615183,111.8997209,0.00026371469
1568.0,-7.9442034,10073.7776,3.30857975,3.30857975,3.49029854,3.49029854,4.97931256,4.97931256,-0.0573335758,-180.708269,-180.708269,0.00108504906,0.00108504906,0.00328163885,0.00328163885,0.552539624,4197.407,32.21525,-0.00298511126,-6.6776427e-05,0.0,10073.7776,4191.73958,-0.0573335758,115.7371237,0.000277973224
1568.5,-7.9442034,10073.8572,3.30570781,3.30570781,3.48729669,3.48729669,4.97503007,4.97503007,-0.0586322683,-188.209271,-188.209271,0.00115568178,0.00115568178,0.00349526436,0.00349526436,0.552497789,4197.407,32.21525,-0.00305272853,3.0084106e-05,0.0,10073.8572,4191.77235,-0.0586322683,120.3857529,0.000295686629
1569.0,-7.9442034,10073.8605,3.3056538,3.3056538,3.48724078,3.48724078,4.97495047,4.97495047,-0.0599463435,-195.709317,-195.709317,0.00122866178,0.00122866178,0.00371599008,0.00371599008,0.552455989,4197.407,32.21525,-0.00312114673,8.159586e-05,0.0,10073.8605,4191.773,-0.0599463435,125.0894505,0.000314123519
1569.5,-7.9442034,10073.8624,3.30565227,3.30565227,3.48723977,3.48723977,4.97494893,4.97494893,-0.0612545379,-203.209396,-203.209396,0.00130358518,0.00130358518,0.00394259475,0.00394259475,0.552414156,4197.407,32.21525,-0.00318925883,-1.5735e-07,0.0,10073.8624,4191.773,-0.0612545379,129.772098,0.00033299432
1570.0,-6.62321496,10076.5401,2.79367028,2.79367028,2.94787652,2.94787652,4.20548507,4.20548507,-0.0624305245,-210.709743,-210.709743,0.0013776256,0.0013776256,0.00416653163,0.00416653163,0.552374488,4197.407,32.21525,-0.00325048742,-0.000104481469,0.0,10076.5401,4192.88631,-0.0624305245,133.981514,0.000350385935
1570.5,-4.10498342,10078.0173,1.70949654,1.70949654,1.80414588,1.80414588,2.57382178,2.57382178,-0.0634775877,-218.211417,-218.211417,0.0014505977,0.0014505977,0.00438724023,0.00438724023,0.552346566,4197.407,32.21525,-0.00330500335,-5.358023e-05,0.0,10078.0173,4193.50023,-0.0634775877,137.729438,0.00036622853
1571.0,-1.58675183,10078.0584,0.660368717,0.660368717,0.696934473,0.696934473,0.994257259,0.994257259,-0.0645327923,-225.710523,-225.710523,0.00152538862,0.00152538862,0.0046134509,0.0046134509,0.552332083,4197.407,32.21525,-0.00335994334,-3.8415941e-05,0.0,10078.0584,4193.5166,-0.0645327923,141.506514,0.000382526417
1571.5,0.931479762,10078.0605,-0.3875848315,-0.3875848315,-0.4090461794,-0.4090461794,-0.2802915139,-0.2802915139,-0.0655868512,-233.21168,-233.21168,0.00160182046,0.00160182046,0.00484462628,0.00484462628,0.552329662,4197.407,32.21525,-0.00341482369,6.9400813e-05,0.0,10078.0605,4193.51684,-0.0655868512,145.279495,0.000399138927
1572.0,3.44971141,10078.0619,-1.435393655,-1.435393655,-1.51487442,-1.51487442,-1.061866242,-1.061866242,-0.066413105,-239.457267,-239.457267,0.00166537941,0.00166537941,0.00503686844,0.00503686844,0.552334904,4197.407,32.21525,-0.00345784303,-0.000100798107,0.0,10078.0619,4193.51696,-0.066413105,148.237042,0.000412383288
1572.5,5.9679429,10078.0618,-2.48347014,-2.48347014,-2.6209851,-2.6209851,-1.83720551,-1.83720551,-0.0662834356,-240.12134,-240.12134,0.00166672667,0.00166672667,0.00504094664,0.00504094664,0.552346124,4197.407,32.21525,-0.00345109162,-9.0573248e-05,0.0,10078.0618,4193.51696,-0.0662834356,147.772888,0.000410288394
1573.0,8.4861744,10078.0612,-3.53112468,-3.53112468,-3.72665036,-3.72665036,-2.62785622,-2.62785622,-0.066019537,-240.12134,-240.12134,0.00166009083,0.00166009083,0.00502087976,0.00502087976,0.552363248,4197.407,32.21525,-0.00343735168,8.4282481e-05,0.0,10078.0612,4193.51692,-0.066019537,146.828271,0.000406042554
1573.5,11.00440605,10078.0608,-4.578964,-4.578964,-4.83251055,-4.83251055,-3.52052656,-3.52052656,-0.0657738014,-240.12134,-240.12134,0.00165391168,0.00165391168,0.00500219392,0.00500219392,0.552386635,4197.407,32.21525,-0.00342455726,-2.9646228e-05,0.0,10078.0608,4193.51692,-0.0657738014,145.948668,0.000402107883
1574.0,13.1663569,10077.21085,-5.50779876,-5.50779876,-5.81227425,-5.81227425,-4.36553383,-4.36553383,-0.0655385384,-240.12134,-240.12134,0.00164799595,0.00164799595,0.00498430456,0.00498430456,0.552416748,4197.407,32.21525,-0.00341230819,6.5006677e-05,0.0,10077.21085,4193.16344,-0.0655385384,145.106556,0.000398357247
1574.5,13.439634,10074.13845,-5.60180288,-5.60180288,-5.90968536,-5.90968536,-4.45158134,-4.45158134,-0.0655213184,-240.12134,-240.12134,0.00164756292,0.00164756292,0.00498299515,0.00498299515,0.552450315,4197.407,32.21525,-0.00341141158,-1.4742651e-05,0.0,10074.13845,4191.885,-0.0655213184,145.044915,0.000398083124
1575.0,13.439634,10073.874,-5.59252855,-5.59252855,-5.89974629,-5.89974629,-4.44274193,-4.44274193,-0.0655147951,-240.12134,-240.12134,0.00164739887,0.00164739887,0.00498249914,0.00498249914,0.552483825,4197.407,32.21525,-0.003411072,0.000134399014,0.0,10073.874,4191.77509,-0.0655147951,145.02157,0.000397979422
1575.5,13.439634,10073.8689,-5.5923379,-5.5923379,-5.89954219,-5.89954219,-4.4425604,-4.4425604,-0.0654731754,-239.850708,-239.850708,0.00164450813,0.00164450813,0.00497375573,0.00497375573,0.552517321,4197.407,32.21525,-0.00340890499,0.00016444432,0.0,10073.8689,4191.773,-0.0654731754,144.87259,0.000397320696
1576.0,13.439634,10073.8572,-5.5924552,-5.5924552,-5.8996591,-5.8996591,-4.44266545,-4.44266545,-0.0569906742,-191.077434,-191.077434,0.001151063947,0.001151063947,0.00348132508,0.00348132508,0.55255081,4197.407,32.21525,-0.00296725782,0.000362154852,0.0,10073.8572,4191.773080000001,-0.0569906742,114.509713,0.00027603517
1576.5,13.439634,10073.8362,-5.59244958,-5.59244958,-5.89964101,-5.89964101,-4.44265091,-4.44265091,-0.0422839688,-106.8231386,-106.8231386,0.000483719295,0.000483719295,0.00146298966,0.00146298966,0.552584324,4197.407,32.21525,-0.00220154331,0.000485291312,0.0,10073.8362,4191.773,-0.0422839688,61.8674785,0.000112254374
1577.0,13.439634,10073.80035,-5.59287461,-5.59287461,-5.90006848,-5.90006848,-4.44303486,-4.44303486,-0.01494962484,-22.60509291,-22.60509291,8.7170995e-05,8.7170995e-05,0.000263767731,0.000263767731,0.552617845,4197.407,32.21525,-0.000778362291,0.002467431888,0.0,10073.80035,4191.77418,-0.01494962484,9.63929559,1.8661836e-05
1577.5,13.439634,10073.72255,-5.59241639,-5.59241639,-5.89953911,-5.89953911,-4.44256941,-4.44256941,0.0370901251,61.6340149,61.6340149,0.000250105805,0.000250105805,0.000756447539,0.000756447539,0.552651382,4197.407,32.21525,0.00193112241,0.000369514797,0.0,10073.72255,4191.7719,0.0370901251,-43.2762643,6.9916567e-05
1578.0,13.439634,10073.704,-5.59244602,-5.59244602,-5.89955994,-5.89955994,-4.4425894,-4.4425894,0.0517979026,145.8852964,145.8852964,0.000802011486,0.000802011486,0.00242561334,0.00242561334,0.552684893,4197.407,32.21525,0.0026968927,0.000527222091,0.0,10073.704,4191.773,0.0517979026,-95.922336,0.00021079465
1578.5,11.2873137,10068.6006,-4.85493221,-4.85493221,-5.11952762,-5.11952762,-3.78868399,-3.78868399,0.0646674653,220.762022,220.762022,0.00149854398,0.00149854398,0.0045322477,0.0045322477,0.552717572,4197.407,32.21525,0.00336695513,0.000250047824,0.0,10068.6006,4189.65682,0.0646674653,-141.988573,0.000385450414
1579.0,-0.29381483,10053.7005,0.081941759,0.081941759,0.08610417,0.08610417,0.606847988,0.606847988,0.0655239533,232.45743,232.45743,0.00159504205,0.00159504205,0.00482412354,0.00482412354,0.552731957,4197.407,32.21525,0.00341154883,-0.00012164379,0.0,10053.7005,4183.45733,0.0655239533,-145.054354,0.000398146756
1579.5,-12.97662525,10052.5992,5.39917353,5.39917353,5.68373769,5.68373769,7.50029115,7.50029115,0.0642290272,232.45743,232.45743,0.00156351976,0.00156351976,0.00472880004,0.00472880004,0.552697428,4197.407,32.21525,0.00334412755,-3.2390925e-05,0.0,10052.5992,4182.99814,0.0642290272,-140.419195,0.000377807876
1580.0,-23.9007917,10056.7689,10.0921958,10.0921958,10.6288335,10.6288335,12.3309548,12.3309548,0.063104844,232.45743,232.45743,0.00153615395,0.00153615395,0.00464604532,0.00464604532,0.552603762,4197.407,32.21525,0.00328559625,-6.4761187e-05,0.0,10056.7689,4184.73263,0.063104844,-136.395217,0.00036054376
1580.5,-25.31285,10072.3012,10.58155035,10.58155035,11.16108415,11.16108415,12.7740234,12.7740234,0.0629645384,232.45743,232.45743,0.00153273852,0.00153273852,0.00463571685,0.00463571685,0.55248157,4197.407,32.21525,0.00327829115,-2.0921693e-05,0.0,10072.3012,4191.1957,0.0629645384,-135.892998,0.000358411337
1581.0,-25.31285,10073.6616,10.5338827,10.5338827,11.11231245,11.11231245,12.7225779,12.7225779,0.0629694235,232.45743,232.45743,0.00153285741,0.00153285741,0.00463607645,0.00463607645,0.55236004,4197.407,32.21525,0.0032785455,0.000131786622,0.0,10073.6616,4191.76168,0.0629694235,-135.910478,0.000358485267
1581.5,-25.31285,10073.6879,10.53288265,10.53288265,11.1112873,11.1112873,12.7214954,12.7214954,0.0629702414,232.45743,232.45743,0.00153287732,0.00153287732,0.00463613652,0.00463613652,0.552238675,4197.407,32.21525,0.00327858807,-4.4606264e-05,0.0,10073.6879,4191.7729,0.0629702414,-135.913405,0.000358497624
1582.0,-25.31285,10073.688,10.5328643,10.5328643,11.111268,11.111268,12.72147565,12.72147565,0.0629786323,232.45743,232.45743,0.00153308157,0.00153308157,0.0046367542,0.0046367542,0.552117309,4197.407,32.21525,0.00327902489,0.000145448852,0.0,10073.688,4191.773,0.0629786323,-135.943443,0.000358624634
1582.5,-25.31285,10073.688,10.5328641,10.5328641,11.111268,11.111268,12.7214753,12.7214753,0.0629702968,232.45743,232.45743,0.00153287867,0.00153287867,0.00463614082,0.00463614082,0.551995943,4197.407,32.21525,0.00327859094,-4.0769135e-05,0.0,10073.688,4191.773,0.0629702968,-135.913607,0.000358498475
1583.0,-25.31285,10073.688,10.5328638,10.5328638,11.1112674,11.1112674,12.721475,12.721475,0.062973199,232.45743,232.45743,0.00153294933,0.00153294933,0.00463635439,0.00463635439,0.55187456,4197.407,32.21525,0.00327874204,-0.000137296063,0.0,10073.688,4191.773,0.062973199,-135.923997,0.000358542397
1583.5,-25.31285,10073.6881,10.5328717,10.5328717,11.1112761,11.1112761,12.7214839,12.7214839,0.0628481668,231.744353,231.744353,0.00152529399,0.00152529399,0.00461320037,0.00461320037,0.551753174,4197.407,32.21525,0.00327223211,-0.00011101311,0.0,10073.6881,4191.773,0.0628481668,-135.476439,0.000356672082
1584.0,-25.31285,10073.7024,10.5330037,10.5330037,11.1114305,11.1114305,12.7216486,12.7216486,0.0527716282,173.873635,173.873635,0.00097407229,0.00097407229,0.00294603106,0.00294603106,0.551631779,4197.407,32.21525,0.00274759041,-0.000414310527,0.0,10073.7024,4191.7729,0.0527716282,-99.4077616,0.000223042758
1584.5,-25.31285,10073.72595,10.5329956,10.5329956,11.111448,11.111448,12.72166935,12.72166935,0.0364438125,80.3114353,80.3114353,0.000319689402,0.000319689402,0.000966902566,0.000966902566,0.551510422,4197.407,32.21525,0.00189747167,-0.000504647814,0.0,10073.72595,4191.773,0.0364438125,-40.9628048,6.5830708e-05
1585.0,-25.31285,10073.7991,10.533384,10.533384,11.1119382,11.1119382,12.7221953,12.7221953,-0.0161213665,-13.230298466,-13.230298466,8.3820023e-05,8.3820023e-05,0.000254149091,0.000254149091,0.55138906,4197.407,32.21525,-0.00083936977,-0.00183939758,0.0,10073.7991,4191.77277,-0.0161213665,17.08615418,2.7170376e-05
1585.5,-25.31285,10073.8424,10.53297155,10.53297155,11.1115511,11.1115511,12.7217892,12.7217892,-0.0461686214,-106.7987605,-106.7987605,0.000529528863,0.000529528863,0.00160151798,0.00160151798,0.55126769,4197.407,32.21525,-0.00240380039,-0.000314826072,0.0,10073.8424,4191.77322,-0.0461686214,75.772485,0.000149828096
1586.0,-10.46424264,10108.03305,5.181923434,5.181923434,5.46592018,5.46592018,6.87860483,6.87860483,-0.0580101699,-182.710605,-182.710605,0.00111103707,0.00111103707,0.00336023603,0.00336023603,0.551158169,4197.407,32.21525,-0.00302033853,-0.000202623048,0.0,10108.03305,4205.9933,-0.0580101699,118.158972,0.000287435909
1586.5,47.722785,10171.8545,-19.73637625,-19.73637625,-21.0255266,-21.0255266,-19.3868221,-19.3868221,-0.0532386425,-189.6564,-189.6564,0.00105736053,0.00105736053,0.00319794903,0.00319794903,0.551191699,4197.407,32.21525,-0.00277190578,0.000223320321,0.0,10171.8545,4232.55257,-0.0532386425,101.0794234,0.000225895357
1587.0,91.9227969,10055.5861,-41.6024655,-41.6024655,-43.7768886,-43.7768886,-41.6837544,-41.6837544,-0.0484036913,-189.6564,-189.6564,0.000961334681,0.000961334681,0.00290756105,0.00290756105,0.55138691,4157.96816,32.21525,-0.00252017083,0.000118101055,0.0,10055.5861,4184.17532,-0.0484036913,83.772855,0.000169903693
1587.5,93.88154,9596.648700000002,-43.0516599,-43.0516599,-43.2672039,-43.2672039,-41.2857951,-41.2857951,-0.0481363819,-189.6564,-189.6564,0.000956025707,0.000956025707,0.00289150616,0.00289150616,0.55163538,3996.46491,32.21525,-0.00250625318,6.8805916e-05,0.0,9596.648700000002,3993.20824,-0.0481363819,82.8160254,0.000166984683
1588.0,93.88154,9183.3968,-42.8750112,-42.8750112,-41.2322141,-41.2322141,-39.4062046,-39.4062046,-0.0481589499,-189.6564,-189.6564,0.000956473902,0.000956473902,0.00289286162,0.00289286162,0.551873756,3826.34628,32.21525,-0.00250742819,5.9328364e-05,0.0,9183.3968,3821.25106,-0.0481589499,82.8968095,0.000167225874
1588.5,93.88154,8775.0158,-42.8679846,-42.8679846,-39.3922082,-39.3922082,-37.7095159,-37.7095159,-0.0481619403,-189.6564,-189.6564,0.000956533306,0.000956533306,0.00289304124,0.00289304124,0.552103866,3656.27419,32.21525,-0.00250758395,-5.5966374e-05,0.0,8775.0158,3651.32076,-0.0481619403,82.9075141,0.000167257872
1589.0,93.88154,8578.0931,-38.9190286,-38.9190286,-34.9607174,-34.9607174,-33.4586542,-33.4586542,-0.0485288715,-189.6564,-189.6564,0.000963820832,0.000963820832,0.00291507945,0.00291507945,0.552318749,3580.1404,32.21525,-0.00252668836,-8.7977562e-05,0.0,8578.0931,3569.37956,-0.0485288715,84.2209291,0.000171202296
1589.5,93.88154,8591.890300000001,-39.0460315,-39.0460315,-35.1313037,-35.1313037,-33.621014,-33.621014,-0.048517245,-189.6564,-189.6564,0.000963589925,0.000963589925,0.00291438117,0.00291438117,0.552524103,3580.1404,32.21525,-0.0025260831,-3.4953727e-05,0.0,8591.890300000001,3575.12068,-0.048517245,84.179316,0.000171076429
1590.0,93.88154,8592.3948,-39.0644397,-39.0644397,-35.1499297,-35.1499297,-33.6389299,-33.6389299,-0.0485167724,-189.6564,-189.6564,0.000963580533,0.000963580533,0.00291435285,0.00291435285,0.552730093,3580.1404,32.21525,-0.00252605844,4.5793584e-05,0.0,8592.3948,3575.33074,-0.0485167724,84.1776221,0.000171071336
1590.5,93.88154,8592.4028,-39.0648175,-39.0648175,-35.150302,-35.150302,-33.6392888,-33.6392888,-0.0472816148,-182.569587,-182.569587,0.000904499151,0.000904499151,0.00273566094,0.00273566094,0.552936093,3580.1404,32.21525,-0.00246174913,5.94214e-05,0.0,8592.4028,3575.33466,-0.0472816148,79.7564096,0.000158093484
1591.0,93.88154,8592.39755,-39.0648297,-39.0648297,-35.1502933,-35.1502933,-33.6392819,-33.6392819,-0.0438046934,-162.615547,-162.615547,0.000746563924,0.000746563924,0.00225798738,0.00225798738,0.553142097,3580.1404,32.21525,-0.00228072087,6.6423578e-05,0.0,8592.39755,3575.3347,-0.0438046934,67.3108675,0.000123659513
1591.5,93.88154,8592.39345,-39.0648297,-39.0648297,-35.150273,-35.150273,-33.6392632,-33.6392632,-0.0402804174,-142.412561,-142.412561,0.00060133105,0.00060133105,0.00181873459,0.00181873459,0.553348093,3580.1404,32.21525,-0.00209722704,0.00011731366,0.0,8592.39345,3575.3347,-0.0402804174,54.695822,9.2438667e-05
1592.0,93.88154,8592.3885,-39.0648294,-39.0648294,-35.1502519,-35.1502519,-33.6392436,-33.6392436,-0.0367573037,-122.207579,-122.207579,0.00047101474,0.00047101474,0.00142459792,0.00142459792,0.553554089,3580.1404,32.21525,-0.00191379383,-1.301695e-06,0.0,8592.3885,3575.3347,-0.0367573037,42.0849383,6.4949398e-05
1592.5,93.88154,8592.3835,-39.0648291,-39.0648291,-35.1502319,-35.1502319,-33.6392253,-33.6392253,-0.0332297597,-102.0058135,-102.0058135,0.000355572623,0.000355572623,0.00107544818,0.00107544818,0.553760083,3580.1404,32.21525,-0.00173012985,-2.8123675e-05,0.0,8592.3835,3575.3347,-0.0332297597,29.4581947,4.1155646e-05
1593.0,93.88154,8592.3785,-39.0648297,-39.0648297,-35.1502131,-35.1502131,-33.639207,-33.639207,-0.0296979978,-81.805214,-81.805214,0.000255027205,0.000255027205,0.000771351823,0.000771351823,0.553966068,3580.1404,32.21525,-0.00154624624,1.2973955e-05,0.0,8592.3785,3575.3347,-0.0296979978,16.8163486,2.1073268e-05
1593.5,93.88154,8592.372099999999,-39.0649295,-39.0649295,-35.150276,-35.150276,-33.6392697,-33.6392697,-0.0245874287,-61.6029578,-61.6029578,0.000160734512,0.000160734512,0.00048616368,0.00048616368,0.55417205,3580.1404,32.21525,-0.00128016104,0.001033009683,0.0,8592.372099999999,3575.33512,-0.0245874287,4.37333272,4.937964e-06
1594.0,93.88154,8592.2989,-39.065152,-39.065152,-35.1501758,-35.1501758,-33.639186,-33.639186,0.0268223748,-44.2991271,-44.2991271,-0.000124268975,-0.000124268975,-4.1085211e-05,-4.1085211e-05,0.554378036,3580.1404,32.21525,0.00139652503,6.1072713e-05,0.0,8592.2989,3575.33457,0.0268223748,-6.52313926,7.369078e-06
1594.5,93.88154,8592.2988,-39.0647913,-39.0647913,-35.1498509,-35.1498509,-33.6388714,-33.6388714,0.0271942289,-42.146824,-42.146824,-0.000120024586,-0.000120024586,-3.9681936e-05,-3.9681936e-05,0.554584008,3580.1404,32.21525,0.00141588585,3.5128545e-05,0.0,8592.2988,3575.33466,0.0271942289,-7.85418166,8.946792e-06
1595.0,88.0168909,8578.3107,-37.1001978,-37.1001978,-33.3327311,-33.3327311,-31.8737628,-31.8737628,0.0266543541,-42.146824,-42.146824,-0.000117641787,-0.000117641787,-3.8894089e-05,-3.8894089e-05,0.554788615,3580.1404,32.21525,0.00138777689,-0.000103568171,0.0,8578.3107,3569.51384,0.0266543541,-5.92171326,6.683826e-06
1595.5,51.3330342,8528.3298,-21.5135482,-21.5135482,-19.2154938,-19.2154938,-18.0696346,-18.0696346,-0.02041339514,-42.146824,-42.146824,9.0096664e-05,9.0096664e-05,0.000298266785,0.000298266785,0.554952271,3580.1404,32.21525,-0.001062837158,-0.001615792972,0.0,8528.3298,3548.68909,-0.02041339514,7.21132095,8.423956e-06
1596.0,10.2407614777,8524.074400000001,-4.265383283,-4.265383283,-3.8074874444,-3.8074874444,-3.0285489355,-3.0285489355,-0.0312891687,-42.146824,-42.146824,0.000138098035,0.000138098035,0.000417695375,0.000417695375,0.555025429,3580.1404,32.21525,-0.00162909169,-7.289042e-06,0.0,8524.074400000001,3546.91203,-0.0312891687,22.5119045,2.9719068e-05
1596.5,-29.8800043,8525.8154,12.6338772,12.6338772,11.28096975,11.28096975,12.46456825,12.46456825,-0.0354004237,-42.146824,-42.146824,0.000156243486,0.000156243486,0.000472573046,0.000472573046,0.554980172,3580.1404,32.21525,-0.00184314689,-0.000145113198,0.0,8525.8154,3547.6341,-0.0354004237,37.2280225,5.5382143e-05
1597.0,-42.430885,8578.7196,18.0836467,18.0836467,16.2451865,16.2451865,17.413874,17.413874,-0.0367046964,-42.146824,-42.146824,0.000162000032,0.000162000032,0.00048998247,0.00048998247,0.554809441,3580.1404,32.21525,-0.00191105477,2.4100095e-05,0.0,8578.7196,3569.64705,-0.0367046964,41.8966324,6.4415484e-05
1597.5,-42.430885,8592.084299999999,17.6670416,17.6670416,15.8961139,15.8961139,17.0583715,17.0583715,-0.0366621563,-42.146824,-42.146824,0.000161812273,0.000161812273,0.000489414633,0.000489414633,0.554627026,3580.1404,32.21525,-0.00190883984,0.000114963857,0.0,8592.084299999999,3575.20834,-0.0366621563,41.7443572,6.4106865e-05
1598.0,-42.430885,8592.3829,17.6560148,17.6560148,15.8867438,15.8867438,17.0487961,17.0487961,-0.0366641094,-42.146824,-42.146824,0.000161820897,0.000161820897,0.00048944071,0.00048944071,0.554446328,3580.1404,32.21525,-0.00190894157,-0.000106118515,0.0,8592.3829,3575.33244,-0.0366641094,41.7513515,6.4121013e-05
1598.5,-42.430885,8592.388,17.6558085,17.6558085,15.8865692,15.8865692,17.0486171,17.0486171,-0.0366567469,-42.146824,-42.146824,0.000161788402,0.000161788402,0.00048934245,0.00048934245,0.554265646,3580.1404,32.21525,-0.00190855825,5.5736565e-05,0.0,8592.388,3575.3347,-0.0366567469,41.724999,6.4067686e-05
1599.0,-13.904066283,8654.0223,6.4879297,6.4879297,5.84614083,5.84614083,6.8623916,6.8623916,-0.0335608771,-40.5824276,-40.5824276,0.000143113046,0.000143113046,0.000432861639,0.000432861639,0.554117636,3580.1404,32.21525,-0.00174736969,8.8709986e-05,0.0,8654.0223,3600.98293,-0.0335608771,30.643418,4.3881623e-05
1599.5,7.454732,8613.307,-3.76337119,-3.76337119,-3.39561773,-3.39561773,-2.57366673,-2.57366673,-0.0282857608,-23.6037753,-23.6037753,7.0547215e-05,7.0547215e-05,0.000213390006,0.000213390006,0.554115808,3580.1404,32.21525,-0.0014727172,5.0736164e-05,0.0,8613.307,3584.04421,-0.0282857608,11.76128761,1.4086507e-05
1600.0,7.454732,8592.80315,-3.11950654,-3.11950654,-2.8070459,-2.8070459,-2.1039534,-2.1039534,-0.00256518517,-2.707030288,-2.707030288,1.4717547e-05,1.4717547e-05,4.4519157e-05,4.4519157e-05,0.554132995,3580.1404,32.21525,-0.000133558069,0.001183242798,0.0,8592.80315,3575.52731,-0.00256518517,-0.78706982,3.398013e-06
1600.5,7.454732,8592.3032,-3.10226912,-3.10226912,-2.79137168,-2.79137168,-2.09225763,-2.09225763,0.0289251057,18.1899964,18.1899964,5.5754636e-05,5.5754636e-05,0.000168648033,0.000168648033,0.554149178,3580.1404,32.21525,0.00150600512,5.1640465e-05,0.0,8592.3032,3575.33765,0.0289251057,-14.0498048,1.7186536e-05
1601.0,7.454732,8592.2914,-3.10200287,-3.10200287,-2.79112835,-2.79112835,-2.09207645,-2.09207645,0.032568453,39.088617,39.088617,0.000133977004,0.000133977004,0.000405231552,0.000405231552,0.554165336,3580.1404,32.21525,0.00169569846,2.5048624e-05,0.0,8592.2914,3575.335,0.032568453,-27.0910645,3.7125062e-05
1601.5,7.454732,8592.286,-3.10199874,-3.10199874,-2.79112299,-2.79112299,-2.09207293,-2.09207293,0.0362072007,59.9865918,59.9865918,0.000228105923,0.000228105923,0.000689914502,0.000689914502,0.554181505,3580.1404,32.21525,0.00188515234,1.6931642e-05,0.0,8592.286,3575.33494,0.0362072007,-40.1158599,6.1006881e-05
1602.0,7.454732,8592.2808,-3.10199768,-3.10199768,-2.79112029,-2.79112029,-2.09207152,-2.09207152,0.0398569846,80.885058,80.885058,0.000338257163,0.000338257163,0.001023051643,0.001023051643,0.554197645,3580.1404,32.21525,0.00207518077,0.000288836757,0.0,8592.2808,3575.335,0.0398569846,-53.1801584,8.8949943e-05
1602.5,7.454732,8592.2755,-3.10199728,-3.10199728,-2.79111833,-2.79111833,-2.09207054,-2.09207054,0.0434935919,101.7029255,101.7029255,0.000463852551,0.000463852551,0.00140289637,0.00140289637,0.554213798,3580.1404,32.21525,0.00226452317,0.000230076833,0.0,8592.2755,3575.33497,0.0434935919,-66.1972926,0.000120760506
1603.0,7.454732,8592.273,-3.10196713,-3.10196713,-2.79109053,-2.79109053,-2.09204997,-2.09204997,0.0450005092,110.35907,110.35907,0.000520060758,0.000520060758,0.00157288987,0.00157288987,0.554229945,3580.1404,32.21525,0.00234298186,1.5224877e-05,0.0,8592.273,3575.33476,0.0450005092,-71.5912591,0.000134947904
1603.5,7.454732,8592.273,-3.10196846,-3.10196846,-2.7910917,-2.7910917,-2.09205084,-2.09205084,0.0450024221,110.35907,110.35907,0.000520082864,0.000520082864,0.00157295669,0.00157295669,0.5542461,3580.1404,32.21525,0.00234308144,7.3671379e-05,0.0,8592.273,3575.335,0.0450024221,-71.5981057,0.000134966549
1604.0,7.454732,8592.273,-3.10196895,-3.10196895,-2.79109212,-2.79109212,-2.09205115,-2.09205115,0.0450022181,110.35907,110.35907,0.000520080502,0.000520080502,0.00157294959,0.00157294959,0.554262251,3580.1404,32.21525,0.00234307077,-1.4567477e-05,0.0,8592.273,3575.335,0.0450022181,-71.5973724,0.00013496454
1604.5,7.454732,8534.404999999999,-8.20659757,-8.20659757,-7.22601299,-7.22601299,-6.40503431,-6.40503431,0.0454762074,110.35907,110.35907,0.00052555831,0.00052555831,0.00158951414,0.00158951414,0.554281416,3539.23478,32.21525,0.00236774942,2.8428152e-05,0.0,8534.404999999999,3551.25587,0.0454762074,-73.29401,0.000139723352
1605.0,7.454732,6697.97052,-27.7735603,-27.7735603,-19.5593924,-19.5593924,-18.64245985,-18.64245985,0.0473216975,110.35907,110.35907,0.000546886219,0.000546886219,0.0016540085,0.0016540085,0.554381391,2769.14984,32.21525,0.00246383608,2.4164985e-05,0.0,6697.97052,2787.10256,0.0473216975,-79.899886,0.00015837948
1605.5,6.67630509,4154.628,-26.0705897,-26.0705897,-11.359779,-11.359779,-10.70202278,-10.70202278,0.0471085012,110.35907,110.35907,0.000544422337,0.000544422337,0.00164655793,0.00164655793,0.554481019,1731.24443,32.21525,0.00245273583,4.304451e-06,0.0,4154.628,1728.79888,0.0471085012,-79.1367555,0.000156158963
1606.0,5.22753842,1661.58249,-25.4009502,-25.4009502,-4.43286696,-4.43286696,-3.96524049,-3.96524049,0.0469571932,110.35907,110.35907,0.000542673711,0.000542673711,0.00164127022,0.00164127022,0.554534291,693.339106,32.21525,0.00244485787,7.772513e-05,0.0,1661.58249,691.424179,0.0469571932,-78.5951529,0.000154592095
1606.5,3.77877164,38.58393187,-4.658284246,-4.658284246,-0.083525340116,-0.083525340116,-0.0402773006,-0.0402773006,0.0449238805,110.35907,110.35907,0.000519175166,0.000519175166,0.00157021178,0.00157021178,0.554545594,53.3771712,32.21525,0.00233899209,-0.000165290143,0.0,38.58393187,16.08128864,0.0449238805,-71.3169679,0.000134318633
1607.0,2.33000495,100.9412218,-0.744663174,-0.744663174,-0.00791310214,-0.00791310214,-0.00276808892,-0.00276808892,0.0444544345,110.35907,110.35907,0.000513749893,0.000513749893,0.00155380599,0.00155380599,0.5545456,45.697838,32.21525,0.00231455009,4.09254e-06,0.0,100.9412218,42.028344,0.0444544345,-69.6365986,0.000129670587
1607.5,0.881238178,107.0810246,-0.36220916,-0.36220916,-0.00405967576,-0.00405967576,-0.001420118563,-0.001420118563,0.0443417189,110.35907,110.35907,0.000512447272,0.000512447272,0.00154986687,0.00154986687,0.5545456,45.697838,32.21525,0.00230868152,-7.1927001e-05,0.0,107.0810246,44.5830959,0.0443417189,-69.23314,0.000128592701
1608.0,-0.567528553,107.1994029,0.2361904848,0.2361904848,0.002651488119,0.002651488119,0.00767807597,0.00767807597,0.0441813663,110.35907,110.35907,0.000510594115,0.000510594115,0.00154426297,0.00154426297,0.55454557,45.697838,32.21525,0.00230033261,-0.000108860231,0.0,107.1994029,44.63226,0.0441813663,-68.659162,0.00012706539
1608.5,-2.01629529,107.2017629,0.838956982,0.838956982,0.00941825388,0.00941825388,0.0269238483,0.0269238483,0.0440379627,110.35907,110.35907,0.000508936833,0.000508936833,0.00153925136,0.00153925136,0.554545406,45.697838,32.21525,0.00229286626,0.000130081226,0.0,107.2017629,44.6331585,0.0440379627,-68.1458486,0.000125706075
1609.0,-3.46506204,107.2019952,1.4418121,1.4418121,0.016186024,0.016186024,0.0462707913,0.0462707913,0.0438959504,110.35907,110.35907,0.000507295616,0.000507295616,0.00153428837,0.00153428837,0.55454511,45.697838,32.21525,0.00228547225,5.8825225e-05,0.0,107.2019952,44.6331724,0.0438959504,-67.6375235,0.000124366035
1609.5,-4.91382871,107.2021701,2.0446411,2.0446411,0.0229535214,0.0229535214,0.0656169535,0.0656169535,0.0437408512,110.35907,110.35907,0.00050550318,0.00050550318,0.00152886804,0.00152886804,0.554544651,45.697838,32.21525,0.00227739691,-0.000111845478,0.0,107.2021701,44.633155,0.0437408512,-67.0823501,0.000122909502
1610.0,-6.35688081,107.2067879,2.64713318,2.64713318,0.0297186111,0.0297186111,0.084956234,0.084956234,0.0435977833,110.35907,110.35907,0.000503849767,0.000503849767,0.00152386812,0.00152386812,0.554544043,45.697838,32.21525,0.00226994802,8.0757122e-05,0.0,107.2067879,44.6349925,0.0435977833,-66.5702419,0.000121572186
1610.5,-6.957394,108.8878469,2.91510854,2.91510854,0.0332392483,0.0332392483,0.0950206349,0.0950206349,0.0435288092,110.35907,110.35907,0.000503052653,0.000503052653,0.00152145766,0.00152145766,0.554543315,45.697838,32.21525,0.00226635683,-6.043317e-06,0.0,108.8878469,45.3344529,0.0435288092,-66.3233515,0.00012092941
1611.0,-6.957394,109.5960081,2.89568137,2.89568137,0.033233349,0.033233349,0.0950037721,0.0950037721,0.0435338302,110.35907,110.35907,0.000503110684,0.000503110684,0.00152163315,0.00152163315,0.55454255,45.697838,32.21525,0.00226661827,-8.1194091e-05,0.0,109.5960081,45.6291267,0.0435338302,-66.3413242,0.000120976139
1611.5,-6.957394,109.6138781,2.89505027,2.89505027,0.033231524,0.033231524,0.0949985574,0.0949985574,0.0432048518,108.4472665,108.4472665,0.000490888186,0.000490888186,0.00148466787,0.00148466787,0.554541785,45.697838,32.21525,0.00224948974,-8.7414905e-05,0.0,109.6138781,45.6363713,0.0432048518,-65.1637532,0.000117987557
1612.0,-6.957394,109.6224696,2.89509112,2.89509112,0.0332345977,0.0332345977,0.0950073424,0.0950073424,0.0372829766,74.4585837,74.4585837,0.000293817777,0.000293817777,0.000888653727,0.000888653727,0.554541021,45.697838,32.21525,0.0019411633,-0.000187194666,0.0,109.6224696,45.6364876,0.0372829766,-43.9665678,6.9440104e-05
1612.5,-6.957394,109.6337162,2.89508727,2.89508727,0.0332379629,0.0332379629,0.0950169646,0.0950169646,0.0293485752,29.0120346,29.0120346,9.2280486e-05,9.2280486e-05,0.000279120062,0.000279120062,0.554540269,45.697838,32.21525,0.00152805334,-0.000177785713,0.0,109.6337162,45.6365342,0.0293485752,-15.56560247,1.9914456e-05
1613.0,-6.957394,109.7042424,2.8954809,2.8954809,0.0332638669,0.0332638669,0.0950910135,0.0950910135,-0.02119025376,-16.43494637,-16.43494637,5.4214585e-05,5.4214585e-05,0.00016398608,0.00016398608,0.554539518,45.697838,32.21525,-0.001103284818,-0.001772747981,0.0,109.7042424,45.6363725,-0.02119025376,12.4323515,1.5674576e-05
1613.5,-6.957394,109.7263331,2.89507177,2.89507177,0.0332658652,0.0332658652,0.0950967258,0.0950967258,-0.0364864073,-61.8825032,-61.8825032,0.000239556423,0.000239556423,0.000724544678,0.000724544678,0.554538759,45.697838,32.21525,-0.00189968939,-0.000198538766,0.0,109.7263331,45.6366333,-0.0364864073,41.1152714,6.3615554e-05
1614.0,6.962901183,138.7006435,-2.45523747,-2.45523747,-0.0417660083,-0.0417660083,0.00212663166,0.00212663166,-0.0430386314,-107.3298396,-107.3298396,0.000485634644,0.000485634644,0.00146877973,0.00146877973,0.554538262,45.697838,32.21525,-0.00224083533,-0.000273188967,0.0,138.7006435,57.6892334,-0.0430386314,64.5687736,0.000116694081
1614.5,36.9752747,159.088797,-15.3636049,-15.3636049,-0.256164331,-0.256164331,-0.122447007,-0.122447007,-0.0478759306,-152.781039,-152.781039,0.000767887891,0.000767887891,0.00232244386,0.00232244386,0.554538746,45.697838,32.21525,-0.00249269256,-0.000235184771,0.0,159.088797,66.1700674,-0.0478759306,81.8837461,0.0001645047
1615.0,66.987648,159.690305,-27.874601,-27.874601,-0.46614376,-0.46614376,-0.231363649,-0.231363649,-0.0527319056,-198.231569,-198.231569,0.001096564721,0.001096564721,0.00331654271,0.00331654271,0.554540137,45.697838,32.21525,-0.00274552219,-0.000175179327,0.0,159.690305,66.4175246,-0.0527319056,99.2655746,0.000219555503
1615.5,97.000021,159.707608,-40.3626378,-40.3626378,-0.675046773,-0.675046773,-0.332071328,-0.332071328,-0.0560549524,-234.68643,-234.68643,0.00137770549,0.00137770549,0.0041668961,0.0041668961,0.554542321,45.697838,32.21525,-0.00291853894,7.1774284e-05,0.0,159.707608,66.4227834,-0.0560549524,111.1603284,0.000261050396
1616.0,125.7723174,157.083863,-52.5422214,-52.5422214,-0.863268198,-0.863268198,-0.414200035,-0.414200035,-0.0536512713,-237.77946,-237.77946,0.00133592777,0.00133592777,0.00404056687,0.00404056687,0.554545271,45.697838,32.21525,-0.00279338966,8.087786e-05,0.0,157.083863,65.3324277,-0.0536512713,102.5564199,0.000230562124
1616.5,133.38313,117.6158031,-55.7577935,-55.7577935,-0.686924703,-0.686924703,-0.305923762,-0.305923762,-0.05286368,-237.77946,-237.77946,0.00131631655,0.00131631655,0.0039812591,0.0039812591,0.554548121,45.697838,32.21525,-0.00275238316,-1.456609e-05,0.0,117.6158031,48.9099378,-0.05286368,99.7372577,0.000220853142
1617.0,133.38313,109.9172105,-55.5079424,-55.5079424,-0.638924475,-0.638924475,-0.280427811,-0.280427811,-0.0528914631,-237.77946,-237.77946,0.00131700838,0.00131700838,0.00398335131,0.00398335131,0.554550364,45.697838,32.21525,-0.00275382967,6.1038718e-05,0.0,109.9172105,45.7064796,-0.0528914631,99.8367066,0.000221189483
1617.5,133.38313,109.7519665,-55.5018208,-55.5018208,-0.637893473,-0.637893473,-0.279892286,-0.279892286,-0.0528875269,-237.77946,-237.77946,0.00131691035,0.00131691035,0.00398305496,0.00398305496,0.554552546,45.697838,32.21525,-0.00275362475,-1.0909406e-05,0.0,109.7519665,45.6377229,-0.0528875269,99.8226173,0.000221141808
1618.0,133.38313,109.7489123,-55.5017063,-55.5017063,-0.637874395,-0.637874395,-0.279882383,-0.279882383,-0.0528859526,-237.77946,-237.77946,0.00131687114,0.00131687114,0.00398293632,0.00398293632,0.554554711,45.697838,32.21525,-0.00275354273,3.1152007e-05,0.0,109.7489123,45.636452,-0.0528859526,99.8169805,0.000221122736
1618.5,133.38313,109.7488548,-55.501704,-55.501704,-0.637874041,-0.637874041,-0.279882207,-0.279882207,-0.0528878089,-237.77946,-237.77946,0.00131691742,0.00131691742,0.00398307632,0.00398307632,0.554556882,45.697838,32.21525,-0.0027536394,2.0223006e-05,0.0,109.7488548,45.6364282,-0.0528878089,99.8236264,0.000221145233
1619.0,133.38313,109.7488538,-55.501704,-55.501704,-0.637874049,-0.637874049,-0.279882204,-0.279882204,-0.0528879542,-237.77946,-237.77946,0.00131692101,0.00131692101,0.00398308695,0.00398308695,0.554559065,45.697838,32.21525,-0.00275364697,-1.9712132e-05,0.0,109.7488538,45.6364274,-0.0528879542,99.8241459,0.000221146984
1619.5,133.38313,109.7488498,-55.501704,-55.501704,-0.637874023,-0.637874023,-0.279882194,-0.279882194,-0.0528833993,-237.77946,-237.77946,0.00131680761,0.00131680761,0.00398274416,0.00398274416,0.55456123,45.697838,32.21525,-0.00275340987,-5.968356e-06,0.0,109.7488498,45.6364297,-0.0528833993,99.8078415,0.000221091832
1620.0,133.38313,109.7488582,-55.5017045,-55.5017045,-0.637874065,-0.637874065,-0.279882217,-0.279882217,-0.0528964387,-237.77946,-237.77946,0.00131713228,0.00131713228,0.00398372597,0.00398372597,0.554563408,45.697838,32.21525,-0.00275408876,-0.000103479861,0.0,109.7488582,45.6364238,-0.0528964387,99.8545152,0.000221249752
1620.5,133.38313,109.7488518,-55.5017045,-55.5017045,-0.637874028,-0.637874028,-0.279882204,-0.279882204,-0.052885663,-237.77946,-237.77946,0.00131686397,0.00131686397,0.00398291444,0.00398291444,0.554565575,45.697838,32.21525,-0.00275352766,6.6350375e-05,0.0,109.7488518,45.6364281,-0.052885663,99.8159445,0.000221119231
1621.0,133.38313,109.7488492,-55.5017045,-55.5017045,-0.637874011,-0.637874011,-0.279882192,-0.279882192,-0.05288199,-237.77946,-237.77946,0.0013167725,0.0013167725,0.00398263794,0.00398263794,0.554567749,45.697838,32.21525,-0.00275333639,6.7031188e-05,0.0,109.7488492,45.6364287,-0.05288199,99.802797,0.000221074757
1621.5,133.38313,109.7488476,-55.501705,-55.501705,-0.637874002,-0.637874002,-0.279882188,-0.279882188,-0.0528776649,-237.77946,-237.77946,0.0013166648,0.0013166648,0.00398231218,0.00398231218,0.554569931,45.697838,32.21525,-0.00275311129,-2.2979406e-05,0.0,109.7488476,45.6364308,-0.0528776649,99.787314,0.000221022378
1622.0,133.38313,109.7488578,-55.501704,-55.501704,-0.637874052,-0.637874052,-0.279882215,-0.279882215,-0.0528922775,-237.77946,-237.77946,0.00131702867,0.00131702867,0.00398341253,0.00398341253,0.554572095,45.697838,32.21525,-0.00275387205,-1.0459563e-05,0.0,109.7488578,45.6364263,-0.0528922775,99.83962,0.000221199355
1622.5,133.38313,109.7488542,-55.5017045,-55.5017045,-0.637874049,-0.637874049,-0.279882208,-0.279882208,-0.0528891545,-237.77946,-237.77946,0.00131695092,0.00131695092,0.00398317738,0.00398317738,0.554574268,45.697838,32.21525,-0.00275370945,-0.000188713812,0.0,109.7488542,45.6364268,-0.0528891545,99.8284436,0.000221161519
1623.0,133.38313,109.7488522,-55.5017045,-55.5017045,-0.637874014,-0.637874014,-0.279882202,-0.279882202,-0.0528861654,-237.77946,-237.77946,0.00131687646,0.00131687646,0.0039829524,0.0039829524,0.554576446,45.697838,32.21525,-0.00275355386,0.00012035351,0.0,109.7488522,45.6364273,-0.0528861654,99.8177431,0.000221125314
1623.5,133.38313,109.748851,-55.501704,-55.501704,-0.637874026,-0.637874026,-0.279882195,-0.279882195,-0.0528856522,-237.77946,-237.77946,0.00131686366,0.00131686366,0.00398291376,0.00398291376,0.554578612,45.697838,32.21525,-0.00275352714,5.6705327e-05,0.0,109.748851,45.6364284,-0.0528856522,99.8159085,0.000221119125
1624.0,127.9373805,96.9338064,-53.6038557,-53.6038557,-0.547477718,-0.547477718,-0.236073813,-0.236073813,-0.050578745,-221.50282,-221.50282,0.00117749636,0.00117749636,0.00356138253,0.00356138253,0.55458072,45.697838,32.21525,-0.00263341647,0.000148578026,0.0,96.9338064,40.3053393,-0.050578745,91.558396,0.000194840439
1624.5,101.2574192,64.0614032,-42.2134852,-42.2134852,-0.283942771,-0.283942771,-0.1154065479,-0.1154065479,-0.037811753,-145.7475016,-145.7475016,0.00058767274,0.00058767274,0.00177744075,0.00177744075,0.55458202,45.697838,39.8199976,-0.00196869438,0.000546402729,0.0,64.0614032,26.6343452,-0.037811753,54.136763,8.7832887e-05
1625.0,72.4455929,61.8064915,-30.1478484,-30.1478484,-0.195153533,-0.195153533,-0.0793438726,-0.0793438726,-0.0235786095,-64.6533216,-64.6533216,0.000178844675,0.000178844675,0.000551354437,0.000551354437,0.554582758,45.697838,58.4946579,-0.001227636177,0.00242143653,0.0,61.8064915,25.7043704,-0.0235786095,14.4138425,1.7419162e-05
1625.5,43.6337678,61.7027382,-18.1562497,-18.1562497,-0.1173150045,-0.1173150045,-0.0472197138,-0.0472197138,0.0279668164,16.44666836,16.44666836,5.0923793e-05,5.0923793e-05,0.000180644068,0.000180644068,0.554583271,45.697838,77.2627519,0.00145611118,-0.001069562383,0.0,61.7027382,25.6912943,0.0279668164,-26.1417276,3.1167015e-05
1626.0,14.82194168,61.677762,-6.167193755,-6.167193755,-0.0398345169,-0.0398345169,-0.01500405439,-0.01500405439,0.0315074751,97.5308413,97.5308413,0.000324365963,0.000324365963,0.000981069126,0.000981069126,0.554583506,45.697838,91.7344205,0.00164045792,0.000586426255,0.0,61.677762,25.6829688,0.0315074751,-66.4725019,8.8242846e-05
1626.5,-13.98988455,61.6700621,5.822785738,5.822785738,0.03760341177,0.03760341177,0.1002666853,0.1002666853,0.0353383524,178.609343,178.609343,0.00066360923,0.00066360923,0.00200715494,0.00200715494,0.554583281,45.697838,92.70831,0.00183991513,0.00059800858,0.0,61.6700621,25.682002,0.0353383524,-106.494583,0.000158146795
1627.0,-41.0693684,65.6142127,17.31914265,17.31914265,0.1202646516,0.1202646516,0.295785443,0.295785443,0.0377184093,233.300387,233.300387,0.000921505382,0.000921505382,0.00278722466,0.00278722466,0.554581704,45.697838,92.70831,0.00196383437,-0.000222033993,0.0,65.6142127,27.3245817,0.0377184093,-131.011364,0.000207001532
1627.5,-47.114403,103.4860516,19.808391,19.808391,0.214552777,0.214552777,0.486518889,0.486518889,0.0376077873,234.8156,234.8156,0.000924769177,0.000924769177,0.0027970987,0.0027970987,0.554578467,45.697838,92.70831,0.00195807473,0.000277665618,0.0,103.4860516,43.0832687,0.0376077873,-129.871855,0.000204592169
1628.0,-47.114403,109.4913705,19.60948,19.60948,0.22484045,0.22484045,0.504219968,0.504219968,0.0375450577,234.8156,234.8156,0.000923226665,0.000923226665,0.00279243353,0.00279243353,0.554574465,45.697838,92.70831,0.00195480869,-0.000390794588,0.0,109.4913705,45.5820884,0.0375450577,-129.225682,0.000203233661
1628.5,-47.114403,109.6197355,19.604742,19.604742,0.225049728,0.225049728,0.504566835,0.504566835,0.0375886896,234.8156,234.8156,0.000924299577,0.000924299577,0.00279567842,0.00279567842,0.55457043,45.697838,92.70831,0.00195708043,0.001148575358,0.0,109.6197355,45.6355281,0.0375886896,-129.67513,0.000204176951
1629.0,-47.114403,109.6221558,19.6046488,19.6046488,0.225053632,0.225053632,0.504573286,0.504573286,0.0375893504,234.8156,234.8156,0.000924315818,0.000924315818,0.00279572754,0.00279572754,0.5545664,45.697838,92.70831,0.0019571148,-0.000513182516,0.0,109.6221558,45.6365366,0.0375893504,-129.681935,0.000204190134
1629.5,-47.114403,109.6222125,19.6046509,19.6046509,0.225053769,0.225053769,0.504573541,0.504573541,0.0375698253,234.8156,234.8156,0.000923835719,0.000923835719,0.00279427554,0.00279427554,0.554562378,45.697838,92.70831,0.00195609828,0.000869199157,0.0,109.6222125,45.6365482,0.0375698253,-129.480814,0.000203770865
1630.0,-47.114403,109.6222115,19.6046528,19.6046528,0.22505379,0.22505379,0.504573585,0.504573585,0.0375602611,234.8156,234.8156,0.000923600529,0.000923600529,0.00279356425,0.00279356425,0.55455834,45.697838,92.70831,0.00195560032,0.00042962118,0.0,109.6222115,45.6365433,0.0375602611,-129.382295,0.000203563717
1630.5,-47.114403,109.6222269,19.604652,19.604652,0.225053813,0.225053813,0.504573624,0.504573624,0.0375487355,234.8156,234.8156,0.000923317128,0.000923317128,0.00279270713,0.00279270713,0.55455431,45.697838,92.70831,0.00195500028,0.000109706342,0.0,109.6222269,45.6365412,0.0375487355,-129.2635765,0.000203314417
1631.0,-47.114403,109.6221903,19.6046488,19.6046488,0.225053697,0.225053697,0.504573414,0.504573414,0.0376024759,234.8156,234.8156,0.000924638591,0.000924638591,0.00279670377,0.00279670377,0.554550278,45.697838,92.70831,0.00195779829,-2.7407253e-05,0.0,109.6221903,45.6365571,0.0376024759,-129.817146,0.000204476699
1631.5,-47.114403,109.6222148,19.6046532,19.6046532,0.225053804,0.225053804,0.504573608,0.504573608,0.0375597027,234.8156,234.8156,0.000923586775,0.000923586775,0.00279352264,0.00279352264,0.554546257,45.697838,92.70831,0.00195557121,0.001653573303,0.0,109.6222148,45.6365431,0.0375597027,-129.376537,0.000203552435
1632.0,-47.114403,109.6222172,19.6046513,19.6046513,0.225053784,0.225053784,0.50457357,0.50457357,0.0375666227,234.8156,234.8156,0.000923756954,0.000923756954,0.00279403735,0.00279403735,0.55454221,45.697838,92.70831,0.00195593151,0.000909927473,0.0,109.6222172,45.6365482,0.0375666227,-129.4478256,0.000203701538
1632.5,-47.114403,109.6222103,19.60465,19.60465,0.225053755,0.225053755,0.504573514,0.504573514,0.0375590312,234.8156,234.8156,0.000923570292,0.000923570292,0.00279347277,0.00279347277,0.554538193,45.697838,92.70831,0.00195553626,-0.00208682642,0.0,109.6222103,45.6365417,0.0375590312,-129.369623,0.000203536094
1633.0,-42.765997,119.9364465,18.1288428,18.1288428,0.225103455,0.225103455,0.498462768,0.498462768,0.0376907666,234.8156,234.8156,0.000926809634,0.000926809634,0.00280326984,0.00280326984,0.554534157,45.697838,92.70831,0.00196239517,0.000610286884,0.0,119.9364465,49.9284468,0.0376907666,-130.726625,0.000206404469
1633.5,-16.89973177,154.493506,7.1344773,7.1344773,0.1144564045,0.1144564045,0.273011502,0.273011502,0.0386583759,234.8156,234.8156,0.00095060301,0.00095060301,0.00287522999,0.00287522999,0.55453085,45.697838,92.70831,0.00201277447,0.001793124324,0.0,154.493506,64.3084602,0.0386583759,-140.693899,0.000227868869
1634.0,11.80942873,157.345274,-4.910953305,-4.910953305,-0.0809384684,-0.0809384684,-0.0311492836,-0.0311492836,0.0396506045,234.8156,234.8156,0.000975001728,0.000975001728,0.00294902062,0.00294902062,0.554530038,45.697838,92.70831,0.0020644355,0.000598035073,0.0,157.345274,65.4956806,0.0396506045,-150.91476,0.000250690146
1634.5,40.5185889,157.399667,-16.8612526,-16.8612526,-0.277921767,-0.277921767,-0.1336950716,-0.1336950716,0.0406766978,234.8156,234.8156,0.0010002332,0.0010002332,0.00302532946,0.00302532946,0.554530662,45.697838,92.70831,0.00211785968,0.000585947193,0.0,157.399667,65.5189135,0.0406766978,-161.484473,0.000275184337
1635.0,66.4642231,150.887869,-27.9420589,-27.9420589,-0.43996111,-0.43996111,-0.215022715,-0.215022715,0.0415900654,234.8156,234.8156,0.00102269276,0.00102269276,0.0030932548,0.0030932548,0.554532078,45.697838,92.70831,0.0021654148,-0.002246422466,0.0,150.887869,62.8098421,0.0415900654,-170.893006,0.000297735627
1635.5,70.93168,223.7441275,-25.6767256,-25.6767256,-0.559778415,-0.559778415,-0.327175221,-0.327175221,0.0415776334,233.307391,233.307391,0.00101587601,0.00101587601,0.00307263503,0.00307263503,0.554533759,100.8321957,92.70831,0.00216476753,0.000685473634,0.0,223.7441275,93.1258606,0.0415776334,-170.764939,0.000297434286
1636.0,70.93168,921.143553,-22.7743018,-22.7743018,-2.21442426,-2.21442426,-1.83570215,-1.83570215,0.0405882641,219.304554,219.304554,0.000932254653,0.000932254653,0.002819703,0.002819703,0.554541282,384.515286,92.70831,0.00211325534,-0.00129199143,0.0,921.143553,383.318332,0.0405882641,-160.573522,0.000273028954
1636.5,70.93168,1232.7559,-29.9435193,-29.9435193,-3.86563623,-3.86563623,-3.35169599,-3.35169599,0.039756283,202.533988,202.533988,0.000843334254,0.000843334254,0.00255074179,0.00255074179,0.554562522,503.95822,92.70831,0.00206993773,0.000642043854,0.0,1232.7559,512.982052,0.039756283,-152.003353,0.000253163177
1637.0,70.93168,1210.1749,-29.5417568,-29.5417568,-3.74380578,-3.74380578,-3.23699169,-3.23699169,0.0388379187,185.760242,185.760242,0.000755644706,0.000755644706,0.00228550696,0.00228550696,0.554587512,503.95822,92.70831,0.00202212244,0.001081979237,0.0,1210.1749,503.585386,0.0388379187,-142.543352,0.000231930372
1637.5,70.93168,1209.46086,-29.5157057,-29.5157057,-3.73829529,-3.73829529,-3.23192688,-3.23192688,0.0377646047,168.986174,168.986174,0.000668459675,0.000668459675,0.00202180194,0.00202180194,0.554612185,503.95822,92.70831,0.00196623959,-0.000643834569,0.0,1209.46086,503.287643,0.0377646047,-131.487215,0.00020804823
1638.0,52.3334829,1165.94966,-23.0249727,-23.0249727,-2.850167424,-2.850167424,-2.43309801,-2.43309801,0.0361202315,152.211052,152.211052,0.000576229582,0.000576229582,0.00174284371,0.00174284371,0.55463574,503.95822,92.70831,0.0018806242,0.00061813669,0.0,1165.94966,485.18135,0.0361202315,-114.5486623,0.000173741031
1638.5,2.37940846,1142.39443,0.375615704,0.375615704,0.040488825,0.040488825,0.160700271,0.160700271,0.0332612383,135.437339,135.437339,0.000471842425,0.000471842425,0.00142712336,0.00142712336,0.554642286,503.95822,92.70831,0.00173176879,0.000551087183,0.0,1142.39443,475.378187,0.0332612383,-85.0983894,0.000118589243
1639.0,17.18077395,1233.42014,-7.00037377,-7.00037377,-0.905053075,-0.905053075,-0.673447769,-0.673447769,0.0328057924,118.664268,118.664268,0.00040772987,0.00040772987,0.0012332064,0.0012332064,0.55464396,503.95822,92.70831,0.0017080557,-0.000897167395,0.0,1233.42014,513.254387,0.0328057924,-80.4068777,0.000110502441
1639.5,34.0738705,1237.49076,-14.1758498,-14.1758498,-1.83706039,-1.83706039,-1.53726052,-1.53726052,0.0325279361,104.6614116,104.6614116,0.000356507347,0.000356507347,0.00107827857,0.00107827857,0.554652592,503.95822,92.70831,0.00169358892,-4.605045e-05,0.0,1237.49076,514.94805,0.0325279361,-77.5446984,0.000105663975
1640.0,50.9669668,1237.56894,-21.2072143,-21.2072143,-2.74841102,-2.74841102,-2.36469797,-2.36469797,0.0330524248,103.15397,103.15397,0.000357040827,0.000357040827,0.00107988989,0.00107988989,0.55466768,503.95822,92.70831,0.00172089675,0.001668703905,0.0,1237.56894,514.980858,0.0330524248,-82.9474115,0.000114856743
1640.5,67.8600636,1237.56971,-28.2378096,-28.2378096,-3.65956347,-3.65956347,-3.17271221,-3.17271221,0.0336671456,103.15397,103.15397,0.000363681203,0.000363681203,0.00109997176,0.00109997176,0.554688908,503.95822,92.70831,0.00175290267,-0.00180441882,0.0,1237.56971,514.981549,0.0336671456,-89.2796104,0.000125912969
1641.0,83.7528605,1235.29698,-34.982862,-34.982862,-4.52495255,-4.52495255,-3.9211706,-3.9211706,0.034233347,103.15397,103.15397,0.000369797449,0.000369797449,0.00111846841,0.00111846841,0.554716008,503.95822,92.70831,0.00178238231,0.00104027388,0.0,1235.29698,514.036192,0.034233347,-95.1120024,0.000136399236
1641.5,87.33141,1213.08673,-36.4597977,-36.4597977,-4.63167818,-4.63167818,-4.00113725,-4.00113725,0.0343254158,103.15397,103.15397,0.000370792,0.000370792,0.00112147614,0.00112147614,0.554746432,503.95822,92.70831,0.00178717587,-0.000448930693,0.0,1213.08673,504.79439,0.0343254158,-96.0603916,0.000138120219
1642.0,87.33141,1209.52921,-36.3421063,-36.3421063,-4.60314959,-4.60314959,-3.97498368,-3.97498368,0.0343464838,103.15397,103.15397,0.000371019587,0.000371019587,0.00112216437,0.00112216437,0.55477658,503.95822,92.70831,0.00178827284,0.001481524918,0.0,1209.52921,503.314099,0.0343464838,-96.2774174,0.000138517426
1642.5,87.33141,1209.45311,-36.3393017,-36.3393017,-4.60250459,-4.60250459,-3.97439513,-3.97439513,0.0343387898,103.15397,103.15397,0.00037093647,0.00037093647,0.00112191303,0.00112191303,0.55480671,503.95822,92.70831,0.00178787222,-0.001065255183,0.0,1209.45311,503.282412,0.0343387898,-96.1981588,0.000138373549
1643.0,87.33141,1209.45175,-36.339245,-36.339245,-4.60249219,-4.60249219,-3.97438375,-3.97438375,0.0342990824,103.15397,103.15397,0.00037050754,0.00037050754,0.00112061589,0.00112061589,0.55483681,503.95822,92.70831,0.00178580483,-0.00081103053,0.0,1209.45175,503.281819,0.0342990824,-95.7891334,0.000137624686
1643.5,87.33141,1209.45167,-36.339249,-36.339249,-4.60249244,-4.60249244,-3.97438387,-3.97438387,0.0343661981,103.15397,103.15397,0.000371232542,0.000371232542,0.00112280843,0.00112280843,0.55486691,503.95822,92.70831,0.00178929928,0.000477469566,0.0,1209.45167,503.281827,0.0343661981,-96.4804975,0.000138889047
1644.0,87.33141,1209.45167,-36.339247,-36.339247,-4.6024923,-4.6024923,-3.97438376,-3.97438376,0.0343283851,103.15397,103.15397,0.000370824084,0.000370824084,0.00112157313,0.00112157313,0.554897036,503.95822,92.70831,0.0017873305,-0.00151200839,0.0,1209.45167,503.281809,0.0343283851,-96.0909851,0.000138178786
1644.5,87.33141,1209.45166,-36.3392475,-36.3392475,-4.60249213,-4.60249213,-3.97438367,-3.97438367,0.0343618332,103.15397,103.15397,0.000371185402,0.000371185402,0.00112266586,0.00112266586,0.55492714,503.95822,92.70831,0.00178907202,0.000422972415,0.0,1209.45166,503.281821,0.0343618332,-96.4355379,0.00013880606
1645.0,86.6143155,1207.81966,-36.1326207,-36.1326207,-4.57025687,-4.57025687,-3.94610556,-3.94610556,0.0343796074,103.15397,103.15397,0.000371377407,0.000371377407,0.00112324649,0.00112324649,0.554957214,503.95822,92.70831,0.00178999746,-9.1285675e-05,0.0,1207.81966,502.60274,0.0343796074,-96.6186279,0.000139140934
1645.5,78.254944,1194.18158,-32.6310208,-32.6310208,-4.08090033,-4.08090033,-3.52235198,-3.52235198,0.0340077842,103.15397,103.15397,0.000367360873,0.000367360873,0.00111109976,0.00111109976,0.554985802,503.95822,92.70831,0.00177063823,-0.00087240007,0.0,1194.18158,496.927629,0.0340077842,-92.788504,0.000132183923
1646.0,67.8496149,1252.71741,-25.5775479,-25.5775479,-3.32381205,-3.32381205,-2.87351193,-2.87351193,0.0335677545,103.15397,103.15397,0.000362607552,0.000362607552,0.00109672482,0.00109672482,0.555010491,536.04543,92.70831,0.00174772777,-0.000510859718,0.0,1252.71741,521.284569,0.0335677545,-88.2557874,0.000124111131
1646.5,57.4442855,1791.09639,-18.098928,-18.098928,-3.3745877,-3.3745877,-2.99666714,-2.99666714,0.0330902801,103.15397,103.15397,0.00035744975,0.00035744975,0.00108112657,0.00108112657,0.55503209,756.04565,92.70831,0.00172286774,0.00114879925,0.0,1791.09639,745.307758,0.0330902801,-83.3373574,0.000115521753
1647.0,47.0389567,2398.33584,-13.9621706,-13.9621706,-3.48422328,-3.48422328,-3.11107708,-3.11107708,0.0326660539,103.15397,103.15397,0.000352867155,0.000352867155,0.00106726784,0.00106726784,0.555055843,1006.596323,92.70831,0.00170078015,0.000354499689,0.0,2398.33584,997.984338,0.0326660539,-78.9674425,0.000108057505
1647.5,36.6336278,2984.61151,-10.929915,-10.929915,-3.42068292,-3.42068292,-3.04346332,-3.04346332,0.0323390815,102.5959,102.5959,0.000347456737,0.000347456737,0.00105090479,0.00105090479,0.55507854,1246.64743,92.70831,0.00168375607,0.000303679463,0.0,2984.61151,1241.93778,0.0323390815,-75.599319,0.000102412518
1648.0,26.2282988,3138.58361,-11.25709215,-11.25709215,-3.70146153,-3.70146153,-3.30948453,-3.30948453,0.0303952336,73.3131002,73.3131002,0.000234518427,0.000234518427,0.000709320543,0.000709320543,0.555104447,1309.8412,92.70831,0.00158254832,-0.000162735028,0.0,3138.58361,1306.00556,0.0303952336,-55.5758868,7.1080203e-05
1648.5,15.8229695,3126.56871,-6.59531855,-6.59531855,-2.15943313,-2.15943313,-1.7833016,-1.7833016,0.0272688366,28.21192085,28.21192085,8.1793391e-05,8.1793391e-05,0.000247402188,0.000247402188,0.555123767,1309.8412,92.70831,0.00141977036,-0.00079963094,0.0,3126.56871,1301.00424,0.0272688366,-23.37111024,2.7056141e-05
1649.0,5.41764041,3126.31701,-2.254437665,-2.254437665,-0.738069832,-0.738069832,-0.5657816945,-0.5657816945,-0.0099507057,-16.87808607,-16.87808607,4.4193997e-05,4.4193997e-05,0.00013821563,0.00013821563,0.555132736,1309.8412,92.70831,-0.0005180902,-0.00029357836,0.0,3126.31701,1300.87779,-0.0099507057,8.01552363,1.0885745e-05
1649.5,-4.987688573,3126.34265,2.075381454,2.075381454,0.679458701,0.679458701,0.8876509818,0.8876509818,-0.0289470788,-61.9905008,-61.9905008,0.000189080621,0.000189080621,0.000571894726,0.000571894726,0.555131946,1309.8412,92.70831,-0.00150714917,0.000820823064,0.0,3126.34265,1300.8774,-0.0289470788,40.6585596,4.9622004e-05
1650.0,-10.597393,3136.3009,4.5617131,4.5617131,1.49818911,1.49818911,1.91189547,1.91189547,-0.0318975424,-107.0917573,-107.0917573,0.000358748289,0.000358748289,0.001085059568,0.001085059568,0.555119393,1309.8412,92.70831,-0.00166076706,0.001000029644,0.0,3136.3009,1305.01935,-0.0318975424,71.0510647,9.5182919e-05
1650.5,-10.597393,3143.44657,4.41763994,4.41763994,1.4542027,1.4542027,1.8618028,1.8618028,-0.0334055726,-131.71526,-131.71526,0.000460769405,0.000460769405,0.00139363001,0.00139363001,0.55510418,1309.8412,92.70831,-0.00173928366,-0.00106630919,0.0,3143.44657,1307.9918,-0.0334055726,86.5851616,0.000121159746
1651.0,-10.597393,3143.6612,4.40980518,4.40980518,1.45172301,1.45172301,1.85896392,1.85896392,-0.0333272811,-131.71526,-131.71526,0.000459689513,0.000459689513,0.00139036417,0.00139036417,0.555089164,1309.8412,92.70831,-0.00173520734,-0.001253274527,0.0,3143.6612,1308.0812,-0.0333272811,85.7786881,0.000119750885
1651.5,-10.597393,3143.66536,4.40965953,4.40965953,1.45167695,1.45167695,1.85891113,1.85891113,-0.033391301,-131.71526,-131.71526,0.000460572566,0.000460572566,0.00139303476,0.00139303476,0.555074153,1309.8412,92.70831,-0.00173854065,-0.00155253727,0.0,3143.66536,1308.08289,-0.033391301,86.4381642,0.000120902177
1652.0,-10.597393,3143.6654,4.40965175,4.40965175,1.45167443,1.45167443,1.85890825,1.85890825,-0.0333230141,-131.71526,-131.71526,0.000459630649,0.000459630649,0.00139018616,0.00139018616,0.555059147,1309.8412,92.70831,-0.00173498513,0.000236348106,0.0,3143.6654,1308.08293,-0.0333230141,85.734724,0.000119673606
1652.5,-10.597393,3143.66542,4.40965787,4.40965787,1.4516765,1.4516765,1.85891057,1.85891057,-0.0333924333,-131.71526,-131.71526,0.000460588172,0.000460588172,0.00139308195,0.00139308195,0.555044136,1309.8412,92.70831,-0.00173859956,0.001312336728,0.0,3143.66542,1308.0829,-0.0333924333,86.4498174,0.000120924431
1653.0,-10.597393,3143.66542,4.40965323,4.40965323,1.45167497,1.45167497,1.85890885,1.85890885,-0.033384881,-131.71526,-131.71526,0.000460484004,0.000460484004,0.00139276691,0.00139276691,0.555029123,1309.8412,92.70831,-0.00173820636,-0.002005607992,0.0,3143.66542,1308.08291,-0.033384881,86.372024,0.000120788377
1653.5,-10.5588528,3143.71569,4.40442586,4.40442586,1.44997698,1.44997698,1.85696145,1.85696145,-0.0333845173,-131.71526,-131.71526,0.000460478988,0.000460478988,0.00139275175,0.00139275175,0.555014113,1309.8412,92.70831,-0.00173818742,0.000352842317,0.0,3143.71569,1308.10383,-0.0333845173,86.3682774,0.000120782272
1654.0,-7.41171017,3380.31774,8.15511859,8.15511859,2.8949949,2.8949949,3.36824899,3.36824899,-0.0334673302,-131.71526,-131.71526,0.000461621244,0.000461621244,0.0013962062,0.0013962062,0.554993642,1414.41668,92.70831,-0.00174249911,0.001009615155,0.0,3380.31774,1406.55561,-0.0334673302,87.2213265,0.000122277657
1654.5,-2.3202903055,3984.42646,6.45522929,6.45522929,2.68194038,2.68194038,3.22148101,3.22148101,-0.0332575786,-131.71526,-131.71526,0.000458728091,0.000458728091,0.00138745661,0.00138745661,0.554965306,1657.16084,92.70831,-0.00173157821,0.000265967799,0.0,3984.42646,1657.92982,-0.0332575786,85.0606859,0.000118501134
1655.0,2.77112948,4569.57531,4.29164779,4.29164779,2.04295171,2.04295171,2.55264064,2.55264064,-0.0330359967,-131.71526,-131.71526,0.000455671772,0.000455671772,0.00137821354,0.00137821354,0.554941467,1900.44994,92.70831,-0.00172004143,0.00176557402,0.0,4569.57531,1901.41475,-0.0330359967,82.7781861,0.000114555758
1655.5,7.8625496,5145.425069999999,1.29797143,1.29797143,0.67093561,0.67093561,1.012265656,1.012265656,-0.0328750602,-131.71526,-131.71526,0.000453451939,0.000453451939,0.00137150023,0.00137150023,0.554925168,2137.40684,92.70831,-0.00171166217,-0.000367509438,0.0,5145.425069999999,2141.03012,-0.0328750602,81.120394,0.00011171781
1656.0,12.9539691,5325.26427,-5.75051737,-5.75051737,-3.20637152,-3.20637152,-2.65867815,-2.65867815,-0.0376718555,-131.71526,-131.71526,0.000519615049,0.000519615049,0.00157158604,0.00157158604,0.554933223,2209.3936,65.1614255,-0.00196141055,-0.001645600508,0.0,5325.26427,2215.85978,-0.0376718555,77.232982,0.00012173978
1656.5,18.0453889,5311.56691,-7.5221877,-7.5221877,-4.18401603,-4.18401603,-3.59953096,-3.59953096,-0.121872235,-131.71526,-131.71526,0.00168100692,0.00168100692,0.00508279889,0.00508279889,0.554956807,2209.3936,7.5026035,-0.00634536008,-0.003472813158,0.0,5311.56691,2210.111,-0.121872235,74.812911,0.000382121142
1657.0,23.1368092,5311.20438,-9.6276863,-9.6276863,-5.35480338,-5.35480338,-4.80093251,-4.80093251,-0.127585203,-131.71526,-131.71526,0.00175980698,0.00175980698,0.00532101716,0.00532101716,0.554988434,2209.3936,6.45918,-0.00664280971,7.4651145e-05,0.0,5311.20438,2209.95691,-0.127585203,73.6240335,0.000393483715
1657.5,28.2282286,5311.193880000001,-11.74600005,-11.74600005,-6.53297149,-6.53297149,-5.98048858,-5.98048858,-0.125003996,-131.71526,-131.71526,0.00172420382,0.00172420382,0.00521341045,0.00521341045,0.555028734,2209.3936,6.45918,-0.00650841732,7.4665919e-05,0.0,5311.193880000001,2209.95393,-0.125003996,71.7715339,0.000375823411
1658.0,33.3196489,5311.19012,-13.86457255,-13.86457255,-7.71128834,-7.71128834,-7.12132262,-7.12132262,-0.1224226605,-131.71526,-131.71526,0.00168859899,0.00168859899,0.00510579664,0.00510579664,0.555077099,2209.3936,6.45918,-0.00637401824,7.4666186e-05,0.0,5311.19012,2209.9539,-0.1224226605,69.918944,0.000358562859
1658.5,37.7736431,5309.67668,-15.77574695,-15.77574695,-8.77170685,-8.77170685,-8.16392571,-8.16392571,-0.1201279864,-131.71526,-131.71526,0.00165694814,0.00165694814,0.00501013205,0.00501013205,0.555133282,2209.3936,6.45918,-0.00625454454,3.8512078e-05,0.0,5309.67668,2209.32554,-0.1201279864,68.272088,0.000343544826
1659.0,38.409073,5303.33119,-16.0038663,-16.0038663,-8.8879651,-8.8879651,-8.27936745,-8.27936745,-0.119812362,-131.71526,-131.71526,0.00165259465,0.00165259465,0.00499697358,0.00499697358,0.55519351,2209.3936,6.45918,-0.0062381114,-1.051293e-06,0.0,5303.33119,2206.68532,-0.119812362,68.0455684,0.000341499508
1659.5,38.409073,5302.72438,-15.9827695,-15.9827695,-8.8752318,-8.8752318,-8.2667741,-8.2667741,-0.1196268246,-131.471329,-131.471329,0.0016470065,0.0016470065,0.00498007847,0.00498007847,0.55525371,2209.3936,6.45918,-0.00622845118,6.1379042e-05,0.0,5302.72438,2206.43285,-0.1196268246,67.9124095,0.000340309729
1660.0,38.409073,5302.70226,-15.9823991,-15.9823991,-8.87498925,-8.87498925,-8.2665349,-8.2665349,-0.1124716285,-123.1562526,-123.1562526,0.00145165697,0.00145165697,0.00438946536,0.00438946536,0.555313857,2209.3936,6.45918,-0.00585591115,0.000307226135,0.0,5302.70226,2206.42789,-0.1124716285,62.7772212,0.000296035876
1660.5,38.409073,5302.686909999999,-15.9823854,-15.9823854,-8.8749559,-8.8749559,-8.2665027,-8.2665027,-0.1018502912,-110.9239945,-110.9239945,0.00118420868,0.00118420868,0.00358086081,0.00358086081,0.555374046,2209.3936,6.45918,-0.00530290398,0.000307226565,0.0,5302.686909999999,2206.4277,-0.1018502912,55.1544288,0.000235584861
1661.0,38.409073,5170.49129,-21.0179871,-21.0179871,-11.3074126,-11.3074126,-10.6416283,-10.6416283,-0.0889265664,-98.691733,-98.691733,0.000920942137,0.000920942137,0.00278489088,0.00278489088,0.55543816,2142.12284,6.45918,-0.0046300216,0.000490760402,0.0,5170.49129,2151.42765,-0.0889265664,45.8792441,0.000171713567
1661.5,38.409073,4236.15673,-25.6417034,-25.6417034,-11.38209975,-11.38209975,-10.727975,-10.727975,-0.0760951832,-86.4594716,-86.4594716,0.000690048792,0.000690048792,0.00208676906,0.00208676906,0.555519657,1761.65736,6.45918,-0.00396194715,0.00029493666,0.0,4236.15673,1762.65161,-0.0760951832,36.6703334,0.000117145472
1662.0,38.409073,3221.38919,-25.375678,-25.375678,-8.56048294,-8.56048294,-7.98597772,-7.98597772,-0.070975031,-80.50918,-80.50918,0.000598383505,0.000598383505,0.0018096017,0.0018096017,0.55558686,1342.13449,6.45918,-0.00369536284,-3.36627e-07,0.0,3221.38919,1340.40239,-0.070975031,32.9956673,9.8095958e-05
1662.5,38.409073,2214.37036,-25.3695912,-25.3695912,-5.88291496,-5.88291496,-5.37598251,-5.37598251,-0.0709779596,-80.50918,-80.50918,0.000598408197,0.000598408197,0.00180967633,0.00180967633,0.555636142,922.611602,6.45918,-0.00369551527,-6.405e-09,0.0,2214.37036,921.374397,-0.0709779596,32.9977692,9.8106255e-05
1663.0,41.4636205,1535.06543,-18.7281348,-18.7281348,-3.02512186,-3.02512186,-2.65137756,-2.65137756,-0.0731321859,-80.50918,-80.50918,0.000616570253,0.000616570253,0.00186458683,0.00186458683,0.555665562,650.864215,6.45918,-0.0038076765,3.4576155e-05,0.0,1535.06543,638.709364,-0.0731321859,34.5438271,0.000105889082
1663.5,53.3098178,1567.1745,-22.0536515,-22.0536515,-3.61987034,-3.61987034,-3.20223028,-3.20223028,-0.067915287,-80.50918,-80.50918,0.000572587098,0.000572587098,0.00173160772,0.00173160772,0.555686647,645.8558,6.45918,-0.00353605512,0.000188443286,0.0,1567.1745,652.073229,-0.067915287,30.7997288,8.7724046e-05
1664.0,65.7064112,1570.7033,-27.3383735,-27.3383735,-4.49672542,-4.49672542,-4.00005902,-4.00005902,-0.0615695257,-80.50918,-80.50918,0.000519086612,0.000519086612,0.00156984741,0.00156984741,0.555714074,645.8558,6.45918,-0.0032056589,0.000181941421,0.0,1570.7033,653.545283,-0.0615695257,26.2454612,6.7785619e-05
1664.5,78.1030051,1570.7632,-32.49924,-32.49924,-5.34579761,-5.34579761,-4.76131188,-4.76131188,-0.0552832561,-80.50918,-80.50918,0.000466087696,0.000466087696,0.00140959652,0.00140959652,0.555747109,645.8558,6.45918,-0.00287836004,0.000181799997,0.0,1570.7632,653.573886,-0.0552832561,21.7338897,5.0427133e-05
1665.0,90.4995998,1570.75565,-37.6576012,-37.6576012,-6.19426647,-6.19426647,-5.51042544,-5.51042544,-0.0489981914,-80.50918,-80.50918,0.000413098937,0.000413098937,0.00124936928,0.00124936928,0.555785562,645.8558,6.45918,-0.00255112392,0.000181797367,0.0,1570.75565,653.5744,-0.0489981914,17.2231828,3.5447373e-05
1665.5,102.8961935,1570.74758,-42.8158981,-42.8158981,-7.04271411,-7.04271411,-6.24872846,-6.24872846,-0.0432891083,-81.1947185,-81.1947185,0.000367995105,0.000367995105,0.0011129804,0.0011129804,0.555829301,645.8558,6.45918,-0.00225387669,0.000108400509,0.0,1570.74758,653.574406,-0.0432891083,13.1258497,2.384306e-05
1666.0,115.2240345,1570.67397,-47.9671588,-47.9671588,-7.88964992,-7.88964992,-6.97549717,-6.97549717,-0.0414156327,-86.2734188,-86.2734188,0.000374115975,0.000374115975,0.00113149928,0.00113149928,0.555878129,645.8558,6.45918,-0.00215633282,2.0592562e-05,0.0,1570.67397,653.544858,-0.0414156327,11.7812809,2.0441332e-05
1666.5,120.18372,1556.04791,-50.1765858,-50.1765858,-8.1762853,-8.1762853,-7.20825228,-7.20825228,-0.0438740883,-92.13097,-92.13097,0.000423561226,0.000423561226,0.00128103317,0.00128103317,0.555930799,645.8558,6.45918,-0.00228433398,-0.000151040889,0.0,1556.04791,647.457394,-0.0438740883,13.5456811,2.4963199e-05
1667.0,120.18372,1550.26703,-50.0146167,-50.0146167,-8.11955205,-8.11955205,-7.15582026,-7.15582026,-0.0490368014,-97.9885207,-97.9885207,0.000503440792,0.000503440792,0.00152259808,0.00152259808,0.555983494,645.8558,6.45918,-0.00255313413,-0.000147409165,0.0,1550.26703,645.048897,-0.0490368014,17.2508916,3.5498537e-05
1667.5,120.18372,1550.13231,-50.0093954,-50.0093954,-8.1179989,-8.1179989,-7.15440405,-7.15440405,-0.0541254604,-103.8460725,-103.8460725,0.000588857443,0.000588857443,0.00178090174,0.00178090174,0.556036103,645.8558,6.45918,-0.00281807855,-0.000147124395,0.0,1550.13231,644.989909,-0.0541254604,20.9029542,4.7455382e-05
1668.0,120.18372,1550.13678,-50.0092968,-50.0092968,-8.11800625,-8.11800625,-7.15441366,-7.15441366,-0.0592116541,-109.7036226,-109.7036226,0.000680488949,0.000680488949,0.00205799313,0.00205799313,0.556088679,645.8558,6.45918,-0.00308289469,-0.000147118913,0.0,1550.13678,644.988806,-0.0592116541,24.5532481,6.0962402e-05
1668.5,120.18372,1550.14387,-50.009296,-50.009296,-8.11804305,-8.11804305,-7.15445008,-7.15445008,-0.0642978022,-115.561175,-115.561175,0.00077835967,0.00077835967,0.00235394571,0.00235394571,0.556141274,645.8558,6.45918,-0.00334770837,-0.00014711882,0.0,1550.14387,644.9888,-0.0642978022,28.2035082,7.6024668e-05
1669.0,120.18372,1550.15097,-50.009296,-50.009296,-8.11808035,-8.11808035,-7.15448701,-7.15448701,-0.0693839479,-121.4187256,-121.4187256,0.000882470069,0.000882470069,0.00266876275,0.00266876275,0.556193854,645.8558,6.45918,-0.003612522,-0.00014711882,0.0,1550.15097,644.9888,-0.0693839479,31.8537675,9.2642295e-05
1669.5,120.18372,1550.15501,-50.0093349,-50.0093349,-8.1181079,-8.1181079,-7.15451334,-7.15451334,-0.0721530575,-124.56407,-124.56407,0.000941187458,0.000941187458,0.00284631473,0.00284631473,0.556246441,645.8558,6.45918,-0.00375669737,-2.732716e-06,0.0,1550.15501,644.988822,-0.0721530575,33.8411179,0.00010227937
1670.0,120.18372,1550.1549,-50.0093355,-50.0093355,-8.118108,-8.118108,-7.154513,-7.154513,-0.07215375,-124.56407,-124.56407,0.0009411965,0.0009411965,0.00284634221,0.00284634221,0.556299023,645.8558,6.45918,-0.00375673356,-1.5e-11,0.0,1550.1549,644.9888,-0.07215375,33.8416176,0.000102281854
1670.5,120.18372,1550.1549,-50.009335,-50.009335,-8.1181073,-8.1181073,-7.154513,-7.154513,-0.07215375,-124.56407,-124.56407,0.0009411965,0.0009411965,0.0028463423,0.0028463423,0.556351611,645.8558,6.45918,-0.0037567336,-0.0,0.0,1550.1549,644.9888,-0.07215375,33.841618,0.000102281854
1671.0,120.18372,1550.1549,-50.009335,-50.009335,-8.118107,-8.118107,-7.154513,-7.154513,-0.07215375,-124.56407,-124.56407,0.0009411965,0.0009411965,0.0028463423,0.0028463423,0.556404186,645.8558,6.45918,-0.0037567336,-0.0,0.0,1550.1549,644.9888,-0.07215375,33.841618,0.000102281854
1671.5,120.18372,1550.1549,-50.009335,-50.009335,-8.118107,-8.118107,-7.154513,-7.154513,-0.07215375,-124.56407,-124.56407,0.0009411965,0.0009411965,0.0028463423,0.0028463423,0.556456769,645.8558,6.45918,-0.0037567336,-0.0,0.0,1550.1549,644.9888,-0.07215375,33.841618,0.000102281854
1672.0,120.18372,1550.1549,-50.009335,-50.009335,-8.118107,-8.118107,-7.154513,-7.154513,-0.07215375,-124.56407,-124.56407,0.0009411965,0.0009411965,0.0028463423,0.0028463423,0.556509352,645.8558,6.45918,-0.0037567336,-0.0,0.0,1550.1549,644.9888,-0.07215375,33.841618,0.000102281854
1672.5,120.18372,1550.1549,-50.009335,-50.009335,-8.118107,-8.118107,-7.154513,-7.154513,-0.07215375,-124.56407,-124.56407,0.0009411965,0.0009411965,0.0028463423,0.0028463423,0.556561923,645.8558,6.45918,-0.0037567336,-0.0,0.0,1550.1549,644.9888,-0.07215375,33.841618,0.000102281854
1673.0,119.9272285,1549.74724,-49.966272,-49.966272,-8.1090002,-8.1090002,-7.14649845,-7.14649845,-0.0722452394,-124.56407,-124.56407,0.00094238992,0.00094238992,0.00284995052,0.00284995052,0.556614517,645.8558,6.45918,-0.00376149706,-3.3567131e-05,0.0,1549.74724,644.81911,-0.0722452394,33.9072784,0.000102612513
1673.5,103.4549915,1518.04872,-43.3663002,-43.3663002,-6.89707263,-6.89707263,-6.09168604,-6.09168604,-0.0803849292,-124.56407,-124.56407,0.00104856668,0.00104856668,0.00317095905,0.00317095905,0.556664346,645.8558,6.45918,-0.00418529549,-0.000387167312,0.0,1518.04872,631.62434,-0.0803849292,39.7490251,0.000134289538
1674.0,77.6959331,1507.5631,-32.3390519,-32.3390519,-5.10549243,-5.10549243,-4.5248268,-4.5248268,-0.093591162,-124.56407,-124.56407,0.00122083299,0.00122083299,0.00369174531,0.00369174531,0.556703888,645.8558,6.45918,-0.00487288693,-0.000378268165,0.0,1507.5631,627.253491,-0.093591162,49.2269619,0.000193410236
1674.5,51.9368752,1507.33371,-21.6113877,-21.6113877,-3.41130576,-3.41130576,-3.00191688,-3.00191688,-0.1066553315,-124.56407,-124.56407,0.00139124619,0.00139124619,0.00420688408,0.00420688408,0.556732434,645.8558,6.45918,-0.00555308176,-0.000377768965,0.0,1507.33371,627.150415,-0.1066553315,58.6029425,0.00026223566
1675.0,26.1778176,1507.34741,-10.89268125,-10.89268125,-1.7193977,-1.7193977,-1.42773051,-1.42773051,-0.1197151905,-124.56407,-124.56407,0.00156160316,0.00156160316,0.00472180785,0.00472180785,0.55674952,645.8558,6.45918,-0.0062330521,-0.000377759398,0.0,1507.34741,627.14847,-0.1197151905,67.9758288,0.000341295831
1675.5,0.7596583,1507.89578,-0.231968062,-0.231968062,-0.0363867936,-0.0363867936,0.122864895,0.122864895,-0.13265609,-124.56407,-124.56407,0.00173040835,0.00173040835,0.00523199716,0.00523199716,0.556754655,645.8558,6.45918,-0.00690682853,-0.000321942427,0.0,1507.89578,627.36913,-0.13265609,77.2633361,0.00042971301
1676.0,-8.18037,1540.07405,3.70996015,3.70996015,0.598100553,0.598100553,0.875616568,0.875616568,-0.13737943,-124.56407,-124.56407,0.0017920211,0.0017920211,0.00541820346,0.00541820346,0.556749387,645.8558,6.45918,-0.00715275262,9.672558e-06,0.0,1540.07405,640.755967,-0.13737943,80.6532175,0.00046412223
1676.5,-8.18037,1550.01205,3.4125571,3.4125571,0.55391542,0.55391542,0.81631804,0.81631804,-0.137238175,-124.56407,-124.56407,0.00179017853,0.00179017853,0.00541263495,0.00541263495,0.556742697,645.8558,6.45918,-0.0071453981,4.74096e-07,0.0,1550.01205,644.891335,-0.137238175,80.5518405,0.000463061868
1677.0,-8.18037,1550.24163,3.40407405,3.40407405,0.552620523,0.552620523,0.81437792,0.81437792,-0.137234092,-124.56407,-124.56407,0.0017901253,0.0017901253,0.00541247412,0.00541247412,0.556736162,645.8558,6.45918,-0.00714518543,9e-09,0.0,1550.24163,644.986847,-0.137234092,80.5489124,0.000463031253
1677.5,-8.18037,1550.24588,3.40391538,3.40391538,0.552596284,0.552596284,0.814341631,0.814341631,-0.13723402,-124.56407,-124.56407,0.0017901243,0.0017901243,0.005412471,0.005412471,0.556729645,645.8558,6.45918,-0.0071451815,1.65e-10,0.0,1550.24588,644.988625,-0.13723402,80.54886,0.000463030682
1678.0,-8.18037,1550.23646,3.40374763,3.40374763,0.5525657,0.5525657,0.814297859,0.814297859,-0.1298483276,-115.8764256,-115.8764256,0.00158150038,0.00158150038,0.00478176551,0.00478176551,0.556723095,645.8558,6.45918,-0.00676064069,0.000600415975,0.0,1550.23646,644.989019,-0.1298483276,75.248247,0.000410723778
1678.5,-8.18037,1550.19601,3.40366979,3.40366979,0.552538632,0.552538632,0.814263549,0.814263549,-0.101477031,-83.1242091,-83.1242091,0.00089208137,0.00089208137,0.00269748365,0.00269748365,0.556716592,645.8558,6.45918,-0.00528347001,0.00085775696,0.0,1550.19601,644.988756,-0.101477031,54.8865462,0.000235485017
1679.0,-8.18037,1550.15441,3.40367401,3.40367401,0.552524473,0.552524473,0.814248459,0.814248459,-0.0718229144,-48.9725147,-48.9725147,0.000377085403,0.000377085403,0.001140379673,0.001140379673,0.55671008,645.8558,6.45918,-0.00373950844,0.0008577572,0.0,1550.15441,644.98878,-0.0718229144,33.6041817,0.000103279532
1679.5,-8.18037,1550.11355,3.40370933,3.40370933,0.552515644,0.552515644,0.81424107,0.81424107,-0.0428505798,-15.6579559,-15.6579559,7.7182344e-05,7.7182344e-05,0.000233456313,0.000233456313,0.556703585,645.8558,6.45918,-0.00223104435,0.000686207811,0.0,1550.11355,644.988674,-0.0428505798,12.81112288,2.4732368e-05
1680.0,-8.18037,1550.1004,3.4039285,3.4039285,0.552546552,0.552546552,0.814288451,0.814288451,-0.0337161026,-5.345817,-5.345817,1.8874701e-05,1.8874701e-05,5.7094143e-05,5.7094143e-05,0.556697095,645.8558,6.45918,-0.00175545162,8.9e-11,0.0,1550.1004,644.988535,-0.0337161026,6.2554307,8.834525e-06
1680.5,-8.18037,1550.10107,3.40391311,3.40391311,0.552544288,0.552544288,0.814284998,0.814284998,-0.0337160949,-5.345817,-5.345817,1.8874696e-05,1.8874696e-05,5.709413e-05,5.709413e-05,0.556690615,645.8558,6.45918,-0.00175545121,3.4e-11,0.0,1550.10107,644.9888,-0.0337160949,6.2554256,8.834516e-06
1681.0,-8.18037,1550.1011,3.4039125,3.4039125,0.5525442,0.5525442,0.81428486,0.81428486,-0.033716094,-5.345817,-5.345817,1.8874696e-05,1.8874696e-05,5.709413e-05,5.709413e-05,0.556684124,645.8558,6.45918,-0.0017554512,1e-12,0.0,1550.1011,644.9888,-0.033716094,6.2554255,8.834515e-06
1681.5,-8.18037,1550.1011,3.4039125,3.4039125,0.5525442,0.5525442,0.81428486,0.81428486,-0.033716094,-5.345817,-5.345817,1.8874696e-05,1.8874696e-05,5.709413e-05,5.709413e-05,0.556677638,645.8558,6.45918,-0.0017554512,0.0,0.0,1550.1011,644.9888,-0.033716094,6.2554255,8.834515e-06
1682.0,-8.18037,1550.1011,3.4039125,3.4039125,0.5525442,0.5525442,0.81428486,0.81428486,-0.033716094,-5.345817,-5.345817,1.8874696e-05,1.8874696e-05,5.709413e-05,5.709413e-05,0.556671142,645.8558,6.45918,-0.0017554512,0.0,0.0,1550.1011,644.9888,-0.033716094,6.2554255,8.834515e-06
1682.5,-8.18037,1550.1011,3.4039125,3.4039125,0.5525442,0.5525442,0.81428486,0.81428486,-0.033716094,-5.345817,-5.345817,1.8874696e-05,1.8874696e-05,5.709413e-05,5.709413e-05,0.556664651,645.8558,6.45918,-0.0017554512,-0.0,0.0,1550.1011,644.9888,-0.033716094,6.2554255,8.834515e-06
1683.0,-8.18037,1550.1011,3.4039125,3.4039125,0.5525442,0.5525442,0.81428486,0.81428486,-0.033716094,-5.345817,-5.345817,1.8874696e-05,1.8874696e-05,5.709413e-05,5.709413e-05,0.556658158,645.8558,6.45918,-0.0017554512,0.0,0.0,1550.1011,644.9888,-0.033716094,6.2554255,8.834515e-06
1683.5,-8.18037,1550.1011,3.4039125,3.4039125,0.5525442,0.5525442,0.81428486,0.81428486,-0.033716094,-5.345817,-5.345817,1.8874696e-05,1.8874696e-05,5.709413e-05,5.709413e-05,0.556651679,645.8558,6.45918,-0.0017554512,0.0,0.0,1550.1011,644.9888,-0.033716094,6.2554255,8.834515e-06
1684.0,0.815915967,1569.27447,-0.01633462,-0.01633462,-0.0059735441,-0.0059735441,0.144379503,0.144379503,-0.0291222072,-5.345817,-5.345817,1.630298e-05,1.630298e-05,4.9314936e-05,4.9314936e-05,0.556646794,645.8558,6.45918,-0.00151626738,0.000539914739,0.0,1569.27447,652.969676,-0.0291222072,3.193040862,4.216738e-06
1684.5,22.6709083,1585.99479,-9.41359348,-9.41359348,-1.563593855,-1.563593855,-1.281392444,-1.281392444,0.0283533414,-5.345817,-5.345817,-1.5872559e-05,-1.5872559e-05,-4.529857e-06,-4.529857e-06,0.556651279,645.8558,6.45918,0.001476235834,0.001716252158,0.0,1585.99479,659.960682,0.0283533414,-4.54223757,6.379894e-06
1685.0,44.6239662,1586.52235,-18.5680475,-18.5680475,-3.08490127,-3.08490127,-2.71124526,-2.71124526,0.0428244642,-5.345817,-5.345817,-2.3973677e-05,-2.3973677e-05,-7.925436e-06,-7.925436e-06,0.556666708,645.8558,6.45918,0.00222968463,0.000321966206,0.0,1586.52235,660.188656,0.0428244642,-12.79238045,2.3254594e-05
1685.5,66.5770232,1586.51742,-27.7032729,-27.7032729,-4.60261268,-4.60261268,-4.09922846,-4.09922846,0.0539547983,-5.345817,-5.345817,-3.0204579e-05,-3.0204579e-05,-9.985304e-06,-9.985304e-06,0.556692629,645.8558,6.45918,0.00280919295,0.000321944246,0.0,1586.51742,660.193118,0.0539547983,-20.7804733,4.7272221e-05
1686.0,88.530082,1586.50204,-36.8381097,-36.8381097,-6.12021245,-6.12021245,-5.45133127,-5.45133127,0.0650849456,-5.345817,-5.345817,-3.6435376e-05,-3.6435376e-05,-1.2045138e-05,-1.2045138e-05,0.556728494,645.8558,6.45918,0.00338869156,0.000321943846,0.0,1586.50204,660.193228,0.0650849456,-28.7684314,7.8737807e-05
1686.5,110.4831385,1586.48646,-45.9729385,-45.9729385,-7.63778069,-7.63778069,-6.7700636,-6.7700636,0.0762150904,-5.345817,-5.345817,-4.2666171e-05,-4.2666171e-05,-1.4104971e-05,-1.4104971e-05,0.556773846,645.8558,6.45918,0.00396819003,0.00032194384,0.0,1586.48646,660.19324,0.0762150904,-36.7563871,0.000117651648
1687.0,132.4361955,1586.47229,-55.1076816,-55.1076816,-9.1553134,-9.1553134,-8.05631744,-8.05631744,0.085779862,-7.3183773,-7.3183773,-6.4861739e-05,-6.4861739e-05,-2.1442985e-05,-2.1442985e-05,0.556828188,645.8558,6.45918,0.00446618631,-0.000238593458,0.0,1586.47229,660.192912,0.085779862,-43.6208963,0.000157028212
1687.5,151.603566,1579.95739,-63.3327051,-63.3327051,-10.477633,-10.477633,-9.14433815,-9.14433815,0.0128928873,-82.3763353,-82.3763353,4.4062541e-05,4.4062541e-05,0.000587821476,0.000587821476,0.556890993,645.8558,6.45918,0.00067127685,-0.00522393065,0.0,1579.95739,657.439459,0.0128928873,-4.88584348,3.8523749e-05
1688.0,154.30614,1552.84272,-64.2988394,-64.2988394,-10.4558702,-10.4558702,-9.0950526,-9.0950526,-0.114650417,-194.331846,-194.331846,0.00242731513,0.00242731513,0.00734010152,0.00734010152,0.55695722,645.8558,6.45918,-0.00596935135,-0.00281605773,0.0,1552.84272,646.082377,-0.114650417,64.3409112,0.000332492277
1688.5,149.947949,1540.0509,-62.7764861,-62.7764861,-10.12707175,-10.12707175,-8.8123169,-8.8123169,-0.21168582,-303.596582,-303.596582,0.00681117377,0.00681117377,0.0205961709,0.0205961709,0.557022459,645.8558,6.45918,-0.01102156505,-0.002487161117,0.0,1540.0509,640.702948,-0.21168582,133.9819264,0.001210219898
1689.0,120.760235,1499.23164,-50.3800667,-50.3800667,-7.91105446,-7.91105446,-6.93860914,-6.93860914,-0.33647388,-337.65985,-337.65985,0.0118976009,0.0118976009,0.0359708742,0.0359708742,0.557080287,645.8558,6.45918,-0.0175187393,-0.01221804914,0.0,1499.23164,623.644882,-0.33647388,161.380441,0.00227488805
1689.5,87.6542005,1497.10626,-36.4604372,-36.4604372,-5.71584072,-5.71584072,-5.05683412,-5.05683412,-1.521202855,-337.65985,-337.65985,0.0537892098,0.0537892098,0.162327884,0.162327884,0.557124201,645.8558,6.45918,-0.0792024511,-0.0569872526,0.0,1497.10626,622.068734,-1.521202855,161.47949,0.01028947319
1690.0,55.1746408,1501.754,-22.7906596,-22.7906596,-3.5830449,-3.5830449,-3.15658564,-3.15658564,-4.11038283,-337.65985,-337.65985,0.1453417194,0.1453417194,0.437109641,0.437109641,0.557153107,645.8558,6.45918,-0.214009852,-0.0898188175,0.0,1501.754,622.490898,-4.11038283,161.47949,0.0278027834
1690.5,44.438118,1548.1996,-18.1013842,-18.1013842,-2.93509538,-2.93509538,-2.57362507,-2.57362507,-7.18114127,-337.65985,-337.65985,0.253922686,0.253922686,0.760644807,0.760644807,0.557169248,645.8558,6.45918,-0.373890959,-0.0818508684,0.0,1548.1996,640.024268,-7.18114127,161.47949,0.0485735086
1691.0,44.4273292,1563.66931,-18.4590617,-18.4590617,-3.02261849,-3.02261849,-2.65506937,-2.65506937,-9.91842515,-337.65985,-337.65985,0.350712098,0.350712098,1.046802905,1.046802905,0.557182628,645.8558,6.45918,-0.516409479,-0.0786891849,0.0,1563.66931,644.863048,-9.91842515,161.47949,0.0670885982
1691.5,39.3282641,1557.69031,-16.4715294,-16.4715294,-2.68719028,-2.68719028,-2.34163311,-2.34163311,-12.750486,-337.65985,-337.65985,0.450852793,0.450852793,1.34066001,1.34066001,0.557193246,645.8558,6.45918,-0.663862645,-0.0880822184,0.0,1557.69031,640.721528,-12.750486,161.47949,0.0862447656
1692.0,30.2337787,1557.5617,-12.555793,-12.555793,-2.04778888,-2.04778888,-1.74488496,-1.74488496,-16.09799795,-337.65985,-337.65985,0.56921968,0.56921968,1.68515196,1.68515196,0.557197378,645.8558,6.45918,-0.838153113,-0.1054872555,0.0,1557.5617,638.713417,-16.09799795,161.47949,0.1088874617
1692.5,21.1392928,1659.78504,-5.234885516,-5.234885516,-0.8639375355,-0.8639375355,-0.6927447471,-0.6927447471,-20.096476,-337.65985,-337.65985,0.710604473,0.710604473,2.09265327,2.09265327,0.557193002,694.523343,6.45918,-1.046336555,-0.1288112106,0.0,1659.78504,678.914631,-20.096476,161.47949,0.135933316
1693.0,12.04480735,2289.09297,1.3629269478,1.3629269478,0.3462035831,0.3462035831,0.468561108,0.468561108,-24.98388,-337.65985,-337.65985,0.883421399,0.883421399,2.58499175,2.58499175,0.557174496,947.535398,6.45918,-1.30080253,-0.150878306,0.0,2289.09297,937.920577,-24.98388,161.47949,0.168991902
1693.5,2.950321916,2963.2168,4.99186221,4.99186221,1.57088072,1.57088072,1.98030134,1.98030134,-30.4897872,-337.65985,-337.65985,1.07810839,1.07810839,3.13220071,3.13220071,0.557141008,1223.24421,6.45918,-1.58747134,-0.167775128,0.0,2963.2168,1215.21365,-30.4897872,161.47949,0.206234066
1694.0,-5.61023962,3634.76535,8.62713111,8.62713111,3.30162432,3.30162432,3.79836947,3.79836947,-36.5834929,-337.65985,-337.65985,1.29357973,1.29357973,3.72881571,3.72881571,0.557086983,1498.953,6.45918,-1.90474421,-0.184057366,0.0,3634.76535,1491.09184,-36.5834929,161.47949,0.247452119
1694.5,-7.547487,4098.68551,4.25979854,4.25979854,1.82130515,1.82130515,2.20382751,2.20382751,-42.9251057,-337.65985,-337.65985,1.51781696,1.51781696,4.33997934,4.33997934,0.557022169,1674.19522,6.45918,-2.23492451,-0.178701815,0.0,4098.68551,1680.42967,-42.9251057,161.47949,0.290347018
1695.0,-7.547487,4094.77284,3.12650109,3.12650109,1.34065811,1.34065811,1.71784301,1.71784301,-49.0312742,-337.65985,-337.65985,1.73372898,1.73372898,4.91917243,4.91917243,0.556968248,1676.8177,6.45918,-2.55284633,-0.176703147,0.0,4094.77284,1675.2362,-49.0312742,161.47949,0.331649372
1695.5,-7.547487,4101.59638,3.18843272,3.18843272,1.36949011,1.36949011,1.75459644,1.75459644,-55.1425678,-337.65985,-337.65985,1.94982218,1.94982218,5.48997032,5.48997032,0.556908322,1676.8177,6.45918,-2.87103494,-0.176783475,0.0,4101.59638,1674.5072,-55.1425678,161.47949,0.372986393
1696.0,-7.547487,4110.11861,3.18967256,3.18967256,1.37286893,1.37286893,1.75868702,1.75868702,-61.253807,-337.65985,-337.65985,2.16591356,2.16591356,6.05208442,6.05208442,0.556842848,1676.8177,6.45918,-3.1892208,-0.176754934,0.0,4110.11861,1674.48505,-61.253807,161.47949,0.414323053
1696.5,-7.547487,4118.67208,3.18968621,3.18968621,1.37573187,1.37573187,1.76211484,1.76211484,-67.3639502,-337.65985,-337.65985,2.38196606,2.38196606,6.60561713,6.60561713,0.556771878,1676.8177,6.45918,-3.50734942,-0.176721044,0.0,4118.67208,1674.47657,-67.3639502,161.47949,0.455652272
1697.0,-7.547487,4128.47442,3.36730362,3.36730362,1.45599421,1.45599421,1.85827877,1.85827877,-73.4735631,-337.65985,-337.65985,2.59799988,2.59799988,7.15081362,7.15081362,0.556695361,1677.97976,6.45918,-3.82545051,-0.17699238,0.0,4128.47442,1674.98801,-73.4735631,161.47949,0.49697793
1697.5,-7.547487,4223.68725,4.40993486,4.40993486,1.94942025,1.94942025,2.44084452,2.44084452,-68.9445341,-304.523283,-304.523283,2.23088331,2.23088331,6.08069568,6.08069568,0.556612196,1720.61482,14.6563116,-3.58964353,1.0059376876,0.0,4223.68725,1717.25127,-68.9445341,365.578987,0.986806075
1698.0,-7.547487,4290.94008,4.16321815,4.16321815,1.87195347,1.87195347,2.35274933,2.35274933,-7.5502385444,-179.980635,-179.980635,0.181244615451,0.181244615451,0.51421675055,0.51421675055,0.556565707,1783.92613,39.1719619,-0.39310825863,1.02812706105,0.0,4290.94008,1781.08331,-7.5502385444,304.8775629,0.237386385039
1698.5,-7.547487,4432.8611,4.57593862,4.57593862,2.12411258,2.12411258,2.64465843,2.64465843,-0.0313933792,-50.20525715,-50.20525715,0.000184968171,0.000184968171,0.000564235429,0.000564235429,0.556544347,1847.23742,46.121998,-0.00163451748,0.001160193788,0.0,4432.8611,1844.52787,-0.0313933792,34.81089375,5.0667578e-05
1699.0,-7.547487,4583.359930000001,4.33917099,4.33917099,2.08144254,2.08144254,2.59745499,2.59745499,0.0328521466,69.5752018,69.5752018,0.000248051656,0.000248051656,0.000750245234,0.000750245234,0.556522565,1909.00408,46.121998,0.00171046912,0.000571289501,0.0,4583.359930000001,1907.1891,0.0328521466,-40.2396298,5.7560272e-05
1699.5,-7.547487,4631.27814,3.04593361,3.04593361,1.47721921,1.47721921,1.88050528,1.88050528,0.0358715693,93.51801,93.51801,0.00035129685,0.00035129685,0.00106250484,0.00106250484,0.556504861,1928.1499,46.121998,0.00186767742,0.000158556481,0.0,4631.27814,1927.12998,0.0358715693,-55.7131647,8.3714028e-05
1700.0,-7.547487,4627.609350000001,3.13690232,3.13690232,1.52014952,1.52014952,1.93521926,1.93521926,0.0358185775,93.51801,93.51801,0.000350777903,0.000350777903,0.00106093545,0.00106093545,0.556489366,1928.1499,46.121998,0.00186491841,0.000140106044,0.0,4627.609350000001,1925.60331,0.0358185775,-55.4416001,8.3183176e-05
1700.5,-7.547487,4627.51136,3.14049647,3.14049647,1.52185902,1.52185902,1.93739729,1.93739729,0.0358510209,93.51801,93.51801,0.00035109563,0.00035109563,0.00106189627,0.00106189627,0.556473719,1928.1499,46.121998,0.00186660757,0.000425360876,0.0,4627.51136,1925.56259,0.0358510209,-55.6078629,8.3508084e-05
1701.0,-7.547487,4627.50965,3.14056335,3.14056335,1.52189084,1.52189084,1.93743781,1.93743781,0.0358656597,93.51801,93.51801,0.000351238979,0.000351238979,0.00106232981,0.00106232981,0.556458074,1928.1499,46.121998,0.00186736977,0.000181590074,0.0,4627.50965,1925.56184,0.0358656597,-55.6828806,8.3654977e-05
1701.5,-7.547487,4627.50958,3.14056582,3.14056582,1.52189201,1.52189201,1.93743932,1.93743932,0.0358441792,93.51801,93.51801,0.000351028619,0.000351028619,0.00106169362,0.00106169362,0.556442419,1928.1499,46.121998,0.00186625133,0.000180911273,0.0,4627.50958,1925.5618,0.0358441792,-55.5727979,8.3439633e-05
1702.0,-7.547487,4627.50951,3.14056555,3.14056555,1.52189191,1.52189191,1.93743918,1.93743918,0.035849813,93.51801,93.51801,0.000351083797,0.000351083797,0.00106186048,0.00106186048,0.556426766,1928.1499,46.121998,0.0018665447,0.000306103771,0.0,4627.50951,1925.56182,0.035849813,-55.601672,8.3496157e-05
1702.5,-7.547487,4627.50944,3.1405634,3.1405634,1.52189081,1.52189081,1.93743783,1.93743783,0.0358621324,93.51801,93.51801,0.000351204446,0.000351204446,0.00106222536,0.00106222536,0.556411117,1928.1499,46.121998,0.00186718611,-0.000240168603,0.0,4627.50944,1925.5618,0.0358621324,-55.6648071,8.3619374e-05
1703.0,-7.547487,4627.50951,3.14056494,3.14056494,1.52189157,1.52189157,1.93743873,1.93743873,0.0358622871,93.51801,93.51801,0.000351205961,0.000351205961,0.00106222992,0.00106222992,0.556395468,1928.1499,46.121998,0.00186719417,0.000126177363,0.0,4627.50951,1925.56181,0.0358622871,-55.6655996,8.3621258e-05
1703.5,-7.547487,4627.50951,3.14056718,3.14056718,1.52189267,1.52189267,1.93744015,1.93744015,0.0358358257,93.494391,93.494391,0.000350858379,0.000350858379,0.00106117874,0.00106117874,0.556379803,1928.1499,46.121998,0.0018658164,0.000499584406,0.0,4627.50951,1925.5618,0.0358358257,-55.5299901,8.3355844e-05
1704.0,-6.8480284,4629.1102,2.93948693,2.93948693,1.42484003,1.42484003,1.81386676,1.81386676,0.0350484405,86.4465674,86.4465674,0.000317420497,0.000317420497,0.000960047552,0.000960047552,0.556364265,1928.1499,46.121998,0.00182482066,0.000143933071,0.0,4629.1102,1926.22736,0.0350484405,-51.4949023,7.5630452e-05
1704.5,1.188800213,4642.1955,-0.429285804,-0.429285804,-0.2089128985,-0.2089128985,-0.0809194624,-0.0809194624,0.0341200186,74.0110825,74.0110825,0.000264529239,0.000264529239,0.000800080163,0.000800080163,0.556356306,1928.1499,46.121998,0.00177648175,-0.000130877844,0.0,4642.1955,1931.67173,0.0341200186,-46.7370512,6.6808779e-05
1705.0,11.17114415,5251.757390000001,8.05878981,8.05878981,4.48992793,4.48992793,5.0865916,5.0865916,0.0324565527,61.5717835,61.5717835,0.000209425887,0.000209425887,0.000633423474,0.000633423474,0.556338969,2202.35601,46.121998,0.00168987228,-0.0004384599,0.0,5251.757390000001,2185.31398,0.0324565527,-38.2123417,5.1996741e-05
1705.5,21.153488,6752.78559,4.84656445,4.84656445,3.37089184,3.37089184,4.11641613,4.11641613,0.0316201851,49.139414,49.139414,0.000162788549,0.000162788549,0.000492371681,0.000492371681,0.556295392,2807.89695,46.121998,0.00164632626,0.000284741864,0.0,6752.78559,2809.90247,0.0316201851,-33.9262387,4.4944461e-05
1706.0,31.1358321,7999.368649999999,-7.0849694,-7.0849694,-6.08099922,-6.08099922,-5.35641805,-5.35641805,0.0313177944,36.7060204,36.7060204,0.000120304084,0.000120304084,0.000363878954,0.000363878954,0.556285566,3307.93808,46.121998,0.00163058202,0.000225259487,0.0,7999.368649999999,3328.61463,0.0313177944,-32.3765846,4.2487087e-05
1706.5,41.1181758,8088.231600000001,-17.4743745,-17.4743745,-14.7999265,-14.7999265,-13.8473156,-13.8473156,0.0308947647,24.2671273,24.2671273,7.8603064e-05,7.8603064e-05,0.000237756959,0.000237756959,0.556363782,3358.7131,46.121998,0.00160855674,-7.300549e-05,0.0,8088.231600000001,3365.59098,0.0308947647,-30.2087019,3.9106846e-05
1707.0,51.1005198,8077.70686,-21.271236,-21.271236,-17.9932172,-17.9932172,-16.98159655,-16.98159655,0.0300622716,11.83217219,11.83217219,3.734451e-05,3.734451e-05,0.000112962947,0.000112962947,0.556469149,3358.7131,46.121998,0.00156521248,-9.4902866e-05,0.0,8077.70686,3361.21101,0.0300622716,-25.9424539,3.268219e-05
1707.5,61.0828632,8077.490029999999,-25.4176157,-25.4176157,-21.500068,-21.500068,-20.4319991,-20.4319991,0.0292572697,-0.6057432187,-0.6057432187,-1.762548e-06,-1.762548e-06,9.852254e-06,9.852254e-06,0.556594598,3358.7131,46.121998,0.00152329949,2.8044078e-05,0.0,8077.490029999999,3361.12022,0.0292572697,-21.817089,2.6750971e-05
1708.0,71.0652066,8077.48674,-29.5706522,-29.5706522,-25.0129986,-25.0129986,-23.8662671,-23.8662671,0.0290416608,-8.2147128,-8.2147128,-2.4984707e-05,-2.4984707e-05,-8.259672e-06,-8.259672e-06,0.556739701,3358.7131,46.121998,0.00151207364,0.000119110524,0.0,8077.48674,3361.1188,0.0290416608,-20.7121627,2.5204396e-05
1708.5,81.0475522,8077.485030000001,-33.7242564,-33.7242564,-28.5264127,-28.5264127,-27.2937085,-27.2937085,0.0297354077,-8.299936,-8.299936,-2.5845043e-05,-2.5845043e-05,-8.544089e-06,-8.544089e-06,0.556903746,3358.7131,46.121998,0.00154819403,-8.0837491e-05,0.0,8077.485030000001,3361.11849,0.0297354077,-24.2673836,3.0234826e-05
1709.0,86.820692,8068.57407,-36.2732375,-36.2732375,-30.6486821,-30.6486821,-29.3595244,-29.3595244,0.0301954004,-8.299936,-8.299936,-2.6244854e-05,-2.6244854e-05,-8.676262e-06,-8.676262e-06,0.557083967,3358.7131,46.121998,0.00157214387,0.00021535136,0.0,8068.57407,3357.41086,0.0301954004,-26.6246941,3.3675817e-05
1709.5,86.85212,8061.11356,-36.148748,-36.148748,-30.5152489,-30.5152489,-29.2308401,-29.2308401,0.0305561911,-4.968541841,-4.968541841,-1.5780868e-05,-1.5780868e-05,-5.012074e-06,-5.012074e-06,0.557267688,3358.7131,46.121998,0.00159092867,-0.00058563236,0.0,8061.11356,3354.30668,0.0305561911,-28.4736247,3.6474149e-05
1710.0,86.85212,8060.871349999999,-36.139993,-36.139993,-30.5069418,-30.5069418,-29.2227869,-29.2227869,0.0320324533,7.14178811,7.14178811,2.4113632e-05,2.4113632e-05,7.2941402e-05,7.2941402e-05,0.557451098,3358.7131,46.121998,0.00166779131,0.00023128281,0.0,8060.871349999999,3354.20682,0.0320324533,-36.0389814,4.8393619e-05
1710.5,86.85212,8060.86474,-36.1398242,-36.1398242,-30.5067746,-30.5067746,-29.2226249,-29.2226249,0.0335827913,19.7069657,19.7069657,6.9462577e-05,6.9462577e-05,0.000210111633,0.000210111633,0.557634486,3358.7131,46.121998,0.00174851071,-0.000112276064,0.0,8060.86474,3354.20486,0.0335827913,-43.9839454,6.1910392e-05
1711.0,86.85212,8060.862579999999,-36.1398212,-36.1398212,-30.506763,-30.506763,-29.2226138,-29.2226138,0.0350930573,32.2770343,32.2770343,0.000118790646,0.000118790646,0.000359302606,0.000359302606,0.557817866,3358.7131,46.121998,0.00182714369,-0.000138899742,0.0,8060.862579999999,3354.2048,0.0350930573,-51.7235528,7.6078318e-05
1711.5,86.85212,8060.86042,-36.1398224,-36.1398224,-30.5067553,-30.5067553,-29.222607,-29.222607,0.0366530978,44.8413928,44.8413928,0.000172280391,0.000172280391,0.000521074764,0.000521074764,0.55800125,3358.7131,46.121998,0.00190836824,0.000148422662,0.0,8060.86042,3354.2048,0.0366530978,-59.7182396,9.1728395e-05
1712.0,86.85212,8060.8583,-36.139822,-36.139822,-30.5067472,-30.5067472,-29.2225987,-29.2225987,0.0381653065,57.4108861,57.4108861,0.000229609976,0.000229609976,0.000694460699,0.000694460699,0.558184624,3358.7131,46.121998,0.0019871024,-2.3540452e-05,0.0,8060.8583,3354.2048,0.0381653065,-67.4678033,0.000107896264
1712.5,86.85212,8060.85608,-36.1398216,-36.1398216,-30.5067388,-30.5067388,-29.2225913,-29.2225913,0.0396834873,69.9788334,69.9788334,0.000290984828,0.000290984828,0.000880079645,0.000880079645,0.558367998,3358.7131,46.121998,0.00206614754,-0.000239348788,0.0,8060.85608,3354.2048,0.0396834873,-75.2479739,0.000125129221
1713.0,86.85212,8060.8539,-36.1398212,-36.1398212,-30.5067308,-30.5067308,-29.2225839,-29.2225839,0.0412429196,82.5436188,82.5436188,0.00035665895,0.00035665895,0.0010787023,0.0010787023,0.55855137,3358.7131,46.121998,0.00214734044,0.000267726979,0.0,8060.8539,3354.2048,0.0412429196,-83.2395442,0.000143840424
1713.5,86.158253,8059.38169,-35.9643399,-35.9643399,-30.3531726,-30.3531726,-29.0733237,-29.0733237,0.0426012526,94.1960016,94.1960016,0.000420297028,0.000420297028,0.00127116736,0.00127116736,0.558734661,3358.7131,46.121998,0.00221806295,-0.000292383774,0.0,8059.38169,3353.59302,0.0426012526,-90.2005494,0.000160977044
1714.0,74.076294,8038.21906,-30.9600597,-30.9600597,-26.0617286,-26.0617286,-24.8969224,-24.8969224,0.0420326187,96.59322,96.59322,0.000425169131,0.000425169131,0.00128590597,0.00128590597,0.558908428,3358.7131,46.121998,0.00218845668,7.1101156e-05,0.0,8038.21906,3344.78683,0.0420326187,-87.2864894,0.000153705934
1714.5,57.979475,8034.15322,-24.1283473,-24.1283473,-20.3000286,-20.3000286,-19.2600058,-19.2600058,0.0408815557,96.59322,96.59322,0.000413525865,0.000413525865,0.00125069646,0.00125069646,0.55905292,3358.7131,46.121998,0.00212852571,9.0603145e-05,0.0,8034.15322,3343.09438,0.0408815557,-81.3876704,0.000139397198
1715.0,41.8826541,8034.065039999999,-17.4268899,-17.4268899,-14.6616838,-14.6616838,-13.7130247,-13.7130247,0.0397314154,96.59322,96.59322,0.000401891958,0.000401891958,0.00121551495,0.00121551495,0.559165123,3358.7131,46.121998,0.00206864293,-0.000395883606,0.0,8034.065039999999,3343.057,0.0397314154,-75.4935905,0.000125665301
1715.5,25.7858327,8034.065270000001,-10.72972685,-10.72972685,-9.02719083,-9.02719083,-8.12368594,-8.12368594,0.0385851971,96.59322,96.59322,0.000390297705,0.000390297705,0.00118045307,0.00118045307,0.559242672,3358.7131,46.121998,0.00200896432,-0.000363850663,0.0,8034.065270000001,3343.05642,0.0385851971,-69.6196036,0.00011254542
1716.0,9.68901135,8034.06819,-4.03171364,-4.03171364,-3.391983904,-3.391983904,-2.72300378,-2.72300378,0.0374461545,96.59322,96.59322,0.000378776036,0.000378776036,0.00114561043,0.00114561043,0.559282359,3358.7131,46.121998,0.00194965928,0.000156343671,0.0,8034.06819,3343.05692,0.0374461545,-63.7823882,0.000100067296
1716.5,-6.40781007,8034.06826,2.665181191,2.665181191,2.242285924,2.242285924,2.864403754,2.864403754,0.036293809,96.59322,96.59322,0.000367119814,0.000367119814,0.00111036058,0.00111036058,0.559282793,3358.7131,46.121998,0.00188966164,-4.1955651e-05,0.0,8034.06826,3343.05636,0.036293809,-57.8770029,8.801284e-05
1717.0,-22.504632,8034.07008,9.36413926,9.36413926,7.87829226,7.87829226,8.91566724,8.91566724,0.0351590766,96.59322,96.59322,0.000355641744,0.000355641744,0.00107564925,0.00107564925,0.55923082,3358.7131,46.121998,0.00183058103,0.000161261172,0.0,8034.07008,3343.05638,0.0351590766,-52.0618786,7.6698761e-05
1717.5,-38.6014517,8034.07273,16.06248525,16.06248525,13.51378855,13.51378855,14.51924465,14.51924465,0.0337914452,94.6265546,94.6265546,0.000335118347,0.000335118347,0.00101358015,0.00101358015,0.559120464,3358.7131,46.121998,0.00175937437,-0.000224496592,0.0,8034.07273,3343.05669,0.0337914452,-45.0532213,6.3883458e-05
1718.0,-46.358425,8050.984600000001,19.5311232,19.5311232,16.466531,16.466531,17.5059954,17.5059954,0.0286557635,57.300976,57.300976,0.000174630891,0.000174630891,0.000528190854,0.000528190854,0.558947635,3358.7131,46.121998,0.00149198162,-7.8315442e-05,0.0,8050.984600000001,3350.09086,0.0286557635,-18.7345688,2.3160659e-05
1718.5,-46.358425,8060.669680000001,19.3003418,19.3003418,16.2916373,16.2916373,17.3292612,17.3292612,-0.0181597124,6.931661,6.931661,9.238043e-06,9.238043e-06,6.3706167e-05,6.3706167e-05,0.558761869,3358.7131,46.121998,-0.00094549769,-0.001076655349,0.0,8060.669680000001,3354.09355,-0.0181597124,12.34672923,1.5174787e-05
1719.0,-46.358425,8060.954060000001,19.2902999,19.2902999,16.2837358,16.2837358,17.3212383,17.3212383,-0.033581702,-43.4433956,-43.4433956,0.000155479082,0.000155479082,0.000470262314,0.000470262314,0.558577236,3358.7131,46.121998,-0.00174845396,-0.000703423998,0.0,8060.954060000001,3354.20292,-0.033581702,43.9783607,6.2547022e-05
1719.5,-46.358425,8060.96713,19.290134,19.290134,16.2836222,16.2836222,17.3211245,17.3211245,-0.0397257639,-93.817611,-93.817611,0.000392976424,0.000392976424,0.001188550046,0.001188550046,0.558392611,3358.7131,46.121998,-0.00206834867,-0.000730007281,0.0,8060.96713,3354.20478,-0.0397257639,75.464627,0.000126251261
1720.0,-44.2831761,8065.849429999999,18.6521129,18.6521129,15.7537637,15.7537637,16.7834555,16.7834555,-0.0457097694,-144.190674,-144.190674,0.000692640222,0.000692640222,0.00209486696,0.00209486696,0.558208925,3358.7131,46.121998,-0.00237990987,-0.000193821485,0.0,8065.849429999999,3356.23281,-0.0457097694,106.130654,0.000203765986
1720.5,-25.1880194,8095.32617,10.60539526,10.60539526,8.98965415,8.98965415,10.03995573,10.03995573,-0.0474957722,-169.79118,-169.79118,0.00084449818,0.00084449818,0.00255417031,0.00255417031,0.558070242,3358.7131,46.121998,-0.00247289939,0.000423252441,0.0,8095.32617,3368.49725,-0.0474957722,115.283327,0.000229404829
1721.0,-2.35618681,8098.9014,0.983965715,0.983965715,0.834495912,0.834495912,1.391218135,1.391218135,-0.0458275396,-169.79118,-169.79118,0.000814836192,0.000814836192,0.00246447017,0.00246447017,0.558019475,3358.7131,46.121998,-0.00238604177,0.000399000619,0.0,8098.9014,3369.98588,-0.0458275396,106.7341924,0.000204933939
1721.5,20.4756458,8098.42938,-9.0288381,-9.0288381,-7.65654065,-7.65654065,-6.74643671,-6.74643671,-0.0441996706,-169.79118,-169.79118,0.00078589185,0.00078589185,0.00237693944,0.00237693944,0.558038146,3356.31496,46.121998,-0.00230128562,0.000694801642,0.0,8098.42938,3369.79037,-0.0441996706,98.3919034,0.000182224445
1722.0,34.6941418,6588.66281,-41.9037375,-41.9037375,-28.8569955,-28.8569955,-27.6434497,-27.6434497,-0.0413957018,-169.79118,-169.79118,0.000736035911,0.000736035911,0.00222616777,0.00222616777,0.558160688,2697.45796,46.121998,-0.00215529508,0.000197200019,0.0,6588.66281,2741.56705,-0.0413957018,84.0224954,0.000145701393
1722.5,34.878696,3697.1126,-40.5847515,-40.5847515,-15.7238803,-15.7238803,-14.8100909,-14.8100909,-0.0414682468,-169.79118,-169.79118,0.000737325809,0.000737325809,0.00223006866,0.00223006866,0.558300192,1538.778494,46.121998,-0.00215907219,6.9583945e-05,0.0,3697.1126,1538.371635,-0.0414682468,84.3942685,0.00014659481
1723.0,34.8337707,1288.56011,-26.25271435,-26.25271435,-4.01052331,-4.01052331,-3.516605061,-3.516605061,-0.0424280203,-169.79118,-169.79118,0.000754391052,0.000754391052,0.00228167661,0.00228167661,0.558363717,571.019264,46.121998,-0.00220904348,0.000188663994,0.0,1288.56011,536.154599,-0.0424280203,89.312791,0.000158893865
1723.5,31.4970488,1547.59143,25.7568886,12.5485763,8.96434083,4.43194893,9.99055487,5.12558367,-0.0425572636,-162.814906,-148.3951173,0.000726502578,0.00067130199,0.00219731476,0.002030358764,0.558365701,775.047914,46.121998,-0.00221577263,0.000376473487,0.0,1547.59143,643.939359,-0.0425572636,89.9751164,0.000162513115
1724.0,26.1654248,6358.11359,292.934299,32.0338467,196.682662,20.3658489,206.645651,21.401437,-0.02785589,-138.843036,-15.7881059,0.000405777394,4.6748326e-05,0.0012274211,0.00014140642,0.558167183,3646.72514,46.121998,-0.00145033568,0.000162721473,0.0,6358.11359,2645.64178,-0.02785589,14.63548215,1.7349433e-05
1724.5,20.8338013,9971.9601,172.9521217,15.8108336,171.8119454,15.9625699,185.3811599,17.5733423,-0.0282153783,-114.1585846,-25.5820927,0.000335615734,8.4741172e-05,0.00101517621,0.000256312646,0.557893155,4045.992,46.121998,-0.00146905271,-0.00057589766,0.0,9971.9601,4149.38975,-0.0282153783,16.47774333,2.1387423e-05
1725.0,15.5021771,10147.67105,-18.53973305,-18.53973305,-20.03660956,-20.03660956,-18.4110623,-18.4110623,-0.0340010241,-89.4742069,-89.4742069,0.000318755584,0.000318755584,0.00096408955,0.00096408955,0.557871326,4045.992,46.121998,-0.00177028625,2.366148e-05,0.0,10147.67105,4222.50099,-0.0340010241,46.1272456,6.5709809e-05
1725.5,10.17055347,9712.8037,-4.64588056,-4.64588056,-4.72661444,-4.72661444,-3.51511762,-3.51511762,-0.032142273,-64.7903924,-64.7903924,0.000218621854,0.000218621854,0.000661237313,0.000661237313,0.557930241,4045.992,46.121998,-0.00167350909,-0.000250198155,0.0,9712.8037,4041.55061,-0.032142273,36.6017644,4.9394496e-05
1726.0,4.83892942,9701.75965,-2.02141934,-2.02141934,-2.05370639,-2.05370639,-1.458617115,-1.458617115,-0.0295652886,-40.0972147,-40.0972147,0.000124707509,0.000124707509,0.000377197418,0.000377197418,0.557948408,4045.992,46.121998,-0.00153933667,-0.000160851902,0.0,9701.75965,4036.95663,-0.0295652886,23.3955798,2.9097583e-05
1726.5,-0.492694387,9701.5479,0.204956531,0.204956531,0.208223914,0.208223914,0.423700388,0.423700388,-0.0269290386,-15.40906824,-15.40906824,4.4016688e-05,4.4016688e-05,0.000133143466,0.000133143466,0.557953079,4045.992,46.121998,-0.00140207856,0.000106803959,0.0,9701.5479,4036.86988,-0.0269290386,9.88568113,1.1274923e-05
1727.0,-5.82431834,9701.4975,2.42289673,2.42289673,2.46151199,2.46151199,3.46571367,3.46571367,0.00708898398,4.48639218,4.48639218,9.092807e-06,9.092807e-06,3.0972839e-05,3.0972839e-05,0.557937636,4045.992,46.121998,0.000369092733,0.001273731503,0.0,9701.4975,4036.86883,0.00708898398,-0.483137175,1.117753e-06
1727.5,-11.15594215,9701.4828,4.64261764,4.64261764,4.7166078,4.7166078,6.37467823,6.37467823,0.01232247442,6.2368274,6.2368274,8.048042e-06,8.048042e-06,3.0780674e-05,3.0780674e-05,0.557895827,4045.992,46.121998,0.000641577932,-0.001235464506,0.0,9701.4828,4036.86579,0.01232247442,-0.050407376,2.47965e-07
1728.0,-15.882191,9702.9778,6.66673496,6.66673496,6.77408083,6.77408083,8.60524264,8.60524264,-0.0253518163,6.2368274,6.2368274,-1.6557754e-05,-1.6557754e-05,-5.473813e-06,-5.473813e-06,0.557829713,4045.992,46.121998,-0.00131995938,1.2638104e-05,0.0,9702.9778,4037.4658,-0.0253518163,1.80294125,1.915405e-06
1728.5,-16.609722,9709.7063,6.93601569,6.93601569,7.05252551,7.05252551,8.8935605,8.8935605,-0.0254219803,6.2368274,6.2368274,-1.6603579e-05,-1.6603579e-05,-5.488962e-06,-5.488962e-06,0.55775092,4045.992,46.121998,-0.00132361252,-0.000165655867,0.0,9709.7063,4040.26558,-0.0254219803,2.16250669,2.303202e-06
1729.0,-16.609722,9710.4018,6.91196331,6.91196331,7.0285745,7.0285745,8.8700214,8.8700214,-0.0254534535,6.2368274,6.2368274,-1.6624135e-05,-1.6624135e-05,-5.495758e-06,-5.495758e-06,0.557672128,4045.992,46.121998,-0.00132525122,7.6982714e-05,0.0,9710.4018,4040.55508,-0.0254534535,2.32379836,2.477744e-06
1729.5,-16.609722,9710.4159,6.91143665,6.91143665,7.02804914,7.02804914,8.8695035,8.8695035,-0.0253994308,6.2368274,6.2368274,-1.6588852e-05,-1.6588852e-05,-5.484093e-06,-5.484093e-06,0.557593396,4045.992,46.121998,-0.00132243846,-0.000216652487,0.0,9710.4159,4040.56094,-0.0253994308,2.04694837,2.178109e-06
1730.0,-16.609722,9710.3816,6.91095354,6.91095354,7.027533,7.027533,8.8689733,8.8689733,0.0006145315,13.44925228,13.44925228,1.5499735e-05,1.5499735e-05,7.2319513e-05,7.2319513e-05,0.557514661,4045.992,46.121998,3.1996e-05,0.00250244482,0.0,9710.3816,4040.56179,0.0006145315,-1.962404538,3.47786e-06
1730.5,-16.609722,9710.3396,6.91144739,6.91144739,7.02800468,7.02800468,8.86942445,8.86942445,0.0283616748,37.3446943,37.3446943,0.000111540666,0.000111540666,0.00033737475,0.00033737475,0.557435915,4045.992,46.121998,0.00147666969,0.000216378635,0.0,9710.3396,4040.56047,0.0283616748,-17.22745945,2.0621028e-05
1731.0,-16.609722,9710.3368,6.91140369,6.91140369,7.02795835,7.02795835,8.8693771,8.8693771,0.0313752074,61.8817892,61.8817892,0.000203962506,0.000203962506,0.000616901357,0.000616901357,0.557357168,4045.992,46.121998,0.00163357132,0.000657839484,0.0,9710.3368,4040.56112,0.0313752074,-32.6708104,4.3100588e-05
1731.5,-16.609722,9710.3329,6.91141294,6.91141294,7.0279649,7.0279649,8.86938205,8.86938205,0.0340185852,83.838524,83.838524,0.000298915868,0.000298915868,0.000904083149,0.000904083149,0.557278424,4045.992,46.121998,0.00177120051,-0.000255904983,0.0,9710.3329,4040.56103,0.0340185852,-46.2172387,6.5923232e-05
1732.0,-16.609722,9710.332,6.91142738,6.91142738,7.02797909,7.02797909,8.86939595,8.86939595,0.0344756679,87.380646,87.380646,0.000315468901,0.000315468901,0.000954146671,0.000954146671,0.557199672,4045.992,46.121998,0.00179499888,-0.000436770215,0.0,9710.332,4040.56109,0.0344756679,-48.5596368,7.0126173e-05
1732.5,-16.609722,9710.3321,6.91142827,6.91142827,7.02798009,7.02798009,8.8693969,8.8693969,0.0344456967,87.380646,87.380646,0.000315194645,0.000315194645,0.000953317297,0.000953317297,0.557120911,4045.992,46.121998,0.00179343839,-0.00047625052,0.0,9710.3321,4040.56109,0.0344456967,-48.4060437,6.9843318e-05
1733.0,-16.609722,9710.333,6.91144326,6.91144326,7.02799579,7.02799579,8.86941315,8.86941315,0.0339008517,82.9314067,82.9314067,0.000294770654,0.000294770654,0.000891546211,0.000891546211,0.557042155,4045.992,46.121998,0.00176507072,-0.000240569352,0.0,9710.333,4040.56106,0.0339008517,-45.6138982,6.4863305e-05
1733.5,-16.609722,9710.3378,6.91145704,6.91145704,7.02801312,7.02801312,8.8694322,8.8694322,0.0307331853,56.8296773,56.8296773,0.000183781899,0.000183781899,0.00055586601,0.00055586601,0.556963405,4045.992,46.121998,0.00160014401,-0.00010042189,0.0,9710.3378,4040.56103,0.0307331853,-29.3806617,3.8044687e-05
1734.0,-16.609722,9710.342999999995,6.91145783,6.91145783,7.0280176,7.0280176,8.8694389,8.8694389,0.0271969204,27.9045325,27.9045325,8.0358138e-05,8.0358138e-05,0.000243062538,0.000243062538,0.556884644,4045.992,46.121998,0.00141602599,-0.000161056948,0.0,9710.342999999995,4040.56103,0.0271969204,-11.2584833,1.3048105e-05
1734.5,-16.609722,9710.399800000005,6.91185782,6.91185782,7.02846547,7.02846547,8.86991155,8.86991155,-0.013771285206,-1.01216993,-1.01216993,1.63256e-05,1.63256e-05,5.2104969e-05,5.2104969e-05,0.556805878,4045.992,46.121998,-0.000717011264,-0.000861913012,0.0,9710.399800000005,4040.56092,-0.013771285206,6.29768031,7.406913e-06
1735.0,-16.609722,9710.4227,6.91142113,6.91142113,7.02803807,7.02803807,8.86949595,8.86949595,-0.0293677878,-26.1752869,-26.1752869,8.0750361e-05,8.0750361e-05,0.000244250767,0.000244250767,0.556727133,4045.992,46.121998,-0.00152905366,9.0527906e-05,0.0,9710.4227,4040.56141,-0.0293677878,22.3834544,2.7596068e-05
1735.5,-16.609722,9710.423,6.9114258,6.9114258,7.02804276,7.02804276,8.8695003,8.8695003,-0.0297734258,-29.637976,-29.637976,9.2407232e-05,9.2407232e-05,0.000279507599,0.000279507599,0.556648362,4045.992,46.121998,-0.00155017347,0.000100321571,0.0,9710.423,4040.561,-0.0297734258,24.4622135,3.0508215e-05
1736.0,-9.091672839,9727.5427,4.165287253,4.165287253,4.238617976,4.238617976,5.561328036,5.561328036,-0.029285015,-29.637976,-29.637976,9.0891361e-05,9.0891361e-05,0.000274922735,0.000274922735,0.55657611,4045.992,46.121998,-0.00152474403,0.000434739415,0.0,9727.5427,4047.68516,-0.029285015,21.9592722,2.6983649e-05
1736.5,18.1118186,9755.9444,-7.48404209,-7.48404209,-7.64646487,-7.64646487,-6.37152552,-6.37152552,-0.0273115404,-29.637976,-29.637976,8.4766326e-05,8.4766326e-05,0.000256397019,0.000256397019,0.556576815,4045.992,46.121998,-0.00142199376,-0.000377810091,0.0,9755.9444,4059.50448,-0.0273115404,11.8458733,1.3623603e-05
1737.0,46.3253144,9757.3497,-19.2759054,-19.2759054,-19.6958816,-19.6958816,-18.1916843,-18.1916843,-0.0152457091,-29.637976,-29.637976,4.7317827e-05,4.7317827e-05,0.00017892708,0.00017892708,0.5566619,4045.992,46.121998,-0.000793778129,0.001142304412,0.0,9757.3497,4060.09637,-0.0152457091,1.91584298,2.658121e-06
1737.5,74.5388089,9757.28545,-31.0160476,-31.0160476,-31.691597,-31.691597,-29.9742416,-29.9742416,0.0266631339,-29.637976,-29.637976,-8.2753879e-05,-8.2753879e-05,-2.7358874e-05,-2.7358874e-05,0.556817106,4045.992,46.121998,0.00138823407,0.000173430486,0.0,9757.28545,4060.09412,0.0266631339,-8.52300749,9.585284e-06
1738.0,100.056903,9750.9287,-41.9147856,-41.9147856,-42.7983116,-42.7983116,-40.7964314,-40.7964314,0.0285158496,-29.637976,-29.637976,-8.8504114e-05,-8.8504114e-05,-2.9260033e-05,-2.9260033e-05,0.557032837,4045.992,46.121998,0.00148469691,0.000287723673,0.0,9750.9287,4057.45005,0.0285158496,-18.0175543,2.1555148e-05
1738.5,104.47785,9714.6694,-43.6223864,-43.6223864,-44.3778916,-44.3778916,-42.3359497,-42.3359497,0.0288178017,-29.637976,-29.637976,-8.9441277e-05,-8.9441277e-05,-2.9569881e-05,-2.9569881e-05,0.557280251,4045.992,46.121998,0.00150041824,0.000155451056,0.0,9714.6694,4042.36246,0.0288178017,-19.5649564,2.3617521e-05
1739.0,104.47785,9710.4289,-43.4772811,-43.4772811,-44.2109053,-44.2109053,-42.1748531,-42.1748531,0.0288288778,-29.637976,-29.637976,-8.9475657e-05,-8.9475657e-05,-2.9581247e-05,-2.9581247e-05,0.557527533,4045.992,46.121998,0.00150099496,0.000266639612,0.0,9710.4289,4040.59799,0.0288288778,-19.6217203,2.3695138e-05
1739.5,104.47785,9710.3422,-43.4740649,-43.4740649,-44.2072393,-44.2072393,-42.171315,-42.171315,0.0288039224,-29.637976,-29.637976,-8.9398204e-05,-8.9398204e-05,-2.9555639e-05,-2.9555639e-05,0.557774602,4045.992,46.121998,0.00149969564,-3.0032474e-05,0.0,9710.3422,4040.56185,0.0288039224,-19.4938327,2.3520451e-05
1740.0,104.47785,9710.3579,-43.473551,-43.473551,-44.2067874,-44.2067874,-42.1708733,-42.1708733,0.0144708031,-51.9625202,-51.9625202,-5.1992094e-05,-5.1992094e-05,9.129391e-05,9.129391e-05,0.558021654,4045.992,46.121998,0.00075343213,-0.001389217087,0.0,9710.3579,4040.55992,0.0144708031,-5.91052193,1.0195153e-05
1740.5,104.47785,9710.4262,-43.4739774,-43.4739774,-44.2075325,-44.2075325,-42.1715799,-42.1715799,-0.0302299292,-104.0697667,-104.0697667,0.000332301055,0.000332301055,0.001005072883,0.001005072883,0.558268694,4045.992,46.121998,-0.00157394162,-0.00035432053,0.0,9710.4262,4040.56226,-0.0302299292,26.8016411,3.4645105e-05
1741.0,104.47785,2578.825714,-130.9591032,-130.9591032,-58.85495113,-58.85495113,-54.96145477,-54.96145477,-0.01276832875,-152.890761,-152.890761,0.000225675977,0.000225675977,0.000995735292,0.000995735292,0.55857854,734.643904,46.121998,-0.000664791626,-0.023645319191,0.0,2578.825714,1073.060988,-0.01276832875,18.239674665,4.987435e-05
1741.5,104.47785,497.185941,-42.6545541,-42.6545541,-2.22254023,-2.22254023,-1.57837152,-1.57837152,-0.0375417421,-163.48694,-163.48694,0.00064272632,0.00064272632,0.00194396683,0.00194396683,0.55862749,217.94162,46.121998,-0.00195463612,-0.000185270419,0.0,497.185941,206.860825,-0.0375417421,64.2722448,0.000101071606
1742.0,104.47785,522.536726,-43.4527406,-43.4527406,-2.37773182,-2.37773182,-1.71070289,-1.71070289,-0.0374703033,-163.48694,-163.48694,0.000641503263,0.000641503263,0.00194026804,0.00194026804,0.558640461,217.94162,46.121998,-0.00195091659,0.000554031922,0.0,522.536726,217.409514,-0.0374703033,63.9061429,0.000100304466
1742.5,104.47785,523.101293,-43.4736153,-43.4736153,-2.3814429,-2.3814429,-1.7138905,-1.7138905,-0.0372070648,-161.192906,-161.192906,0.000628342219,0.000628342219,0.00190046159,0.00190046159,0.558653727,217.94162,46.121998,-0.00193721091,0.000697829246,0.0,523.101293,217.644586,-0.0372070648,62.5571318,9.7570295e-05
1743.0,104.47785,523.103487,-43.4740689,-43.4740689,-2.3814777,-2.3814777,-1.71391643,-1.71391643,-0.0311737076,-111.6684839,-111.6684839,0.000369440692,0.000369440692,0.001117402809,0.001117402809,0.558667002,217.94162,46.121998,-0.00162308008,-3.150598e-05,0.0,523.103487,217.649021,-0.0311737076,31.638191,4.2546127e-05
1743.5,104.47785,548.13759,-40.4314722,-40.4314722,-2.28123236,-2.28123236,-1.6611126,-1.6611126,0.0110501594,-43.7168114,-43.7168114,-7.963095e-06,-7.963095e-06,0.000145155489,0.000145155489,0.558680235,239.022266,46.121998,0.000575333985,0.002408939719,0.0,548.13759,228.090546,0.0110501594,-9.21498914,1.4066863e-05
1744.0,104.47785,2045.09339,-21.5011062,-21.5011062,-4.66047553,-4.66047553,-4.21916582,-4.21916582,0.0339564446,24.255931943,24.255931943,9.1198954e-05,9.1198954e-05,0.000281227853,0.000281227853,0.558698889,875.429807,46.121998,0.0017679652,0.000452501626,0.0,2045.09339,850.998284,0.0339564446,-45.8987905,6.6542984e-05
1744.5,104.47785,4307.81962,-22.8301833,-22.8301833,-10.302347,-10.302347,-9.6834347,-9.6834347,0.0395934134,69.71444,69.71444,0.000289154554,0.000289154554,0.000874544487,0.000874544487,0.558750022,1795.57144,46.121998,0.0020614577,1.1210038e-05,0.0,4307.81962,1792.5387,0.0395934134,-74.7863725,0.000124059402
1745.0,104.47785,6053.49014,-36.9272166,-36.9272166,-23.6048125,-23.6048125,-22.5441111,-22.5441111,0.0406335049,70.88792,70.88792,0.000301637327,0.000301637327,0.000912294972,0.000912294972,0.558850226,2492.31039,46.121998,0.00211561076,0.000209543227,0.0,6053.49014,2518.92568,0.0406335049,-80.1164966,0.000136454503
1745.5,104.47785,6093.98116,-43.8590139,-43.8590139,-27.9894916,-27.9894916,-26.7814395,-26.7814395,0.0411108582,70.88792,70.88792,0.000305180897,0.000305180897,0.000923010895,0.000923010895,0.55901867,2534.5876,46.121998,0.00214046445,-0.000104166297,0.0,6093.98116,2535.77451,0.0411108582,-82.56277,0.000142177887
1746.0,104.47785,6083.17408,-43.4822118,-43.4822118,-27.6994087,-27.6994087,-26.501788,-26.501788,0.0410982465,70.88792,70.88792,0.00030508728,0.00030508728,0.000922727787,0.000922727787,0.559188043,2534.5876,46.121998,0.00213980786,0.00011033722,0.0,6083.17408,2531.27768,0.0410982465,-82.4981415,0.000142022452
1746.5,96.83374,6067.44215,-40.5147823,-40.5147823,-25.7437422,-25.7437422,-24.622018,-24.622018,0.0405495314,70.88792,70.88792,0.000301013968,0.000301013968,0.0009104099,0.0009104099,0.559353811,2534.5876,46.121998,0.00211123868,4.5944612e-05,0.0,6067.44215,2524.73114,0.0405495314,-79.6861601,0.00013536945
1747.0,81.9890175,6058.49522,-34.1238438,-34.1238438,-21.6497146,-21.6497146,-20.6748781,-20.6748781,0.0394768931,70.88792,70.88792,0.000293051378,0.000293051378,0.000886330523,0.000886330523,0.55950157,2534.5876,46.121998,0.002055391,0.00029006349,0.0,6058.49522,2521.00764,0.0394768931,-74.1892444,0.000122699938
1747.5,67.1442968,6058.25371,-27.9403267,-27.9403267,-17.7258703,-17.7258703,-16.8724557,-16.8724557,0.0384031313,70.88792,70.88792,0.000285080454,0.000285080454,0.000862225775,0.000862225775,0.559627358,2534.5876,46.121998,0.00199948486,-0.000285412264,0.0,6058.25371,2520.90653,0.0384031313,-68.6865745,0.000110514203
1748.0,52.2995744,6058.25025,-21.7623899,-21.7623899,-13.8064619,-13.8064619,-13.0553064,-13.0553064,0.0370231094,68.364213,68.364213,0.000265139441,0.000265139441,0.000801918246,0.000801918246,0.559730436,2534.5876,46.121998,0.00192763317,0.000348821886,0.0,6058.25025,2520.90423,0.0370231094,-61.6144254,9.5609804e-05
1748.5,37.4548506,6058.254080000001,-15.58664105,-15.58664105,-9.8884592,-9.8884592,-9.2182407,-9.2182407,0.0352632533,62.6407911,62.6407911,0.00023140334,0.00023140334,0.000699888406,0.000699888406,0.559809439,2534.5876,46.121998,0.00183600504,-0.000100097543,0.0,6058.254080000001,2520.90479,0.0352632533,-52.5957469,7.774301e-05
1749.0,26.3227432,6066.75611,-10.75014,-10.75014,-6.8293833,-6.8293833,-6.23303401,-6.23303401,0.0338123984,56.9095979,56.9095979,0.000201548665,0.000201548665,0.000609597757,0.000609597757,0.559864148,2534.5876,46.121998,0.00176046534,0.000168922768,0.0,6066.75611,2524.44168,0.0338123984,-45.1606045,6.3976054e-05
1749.5,25.687155,6082.13773,-10.6589806,-10.6589806,-6.78892019,-6.78892019,-6.19736479,-6.19736479,0.0330707654,51.1780263,51.1780263,0.000177269572,0.000177269572,0.000536167905,0.000536167905,0.559909633,2534.5876,46.121998,0.00172185168,-2.0180458e-05,0.0,6082.13773,2530.8417,0.0330707654,-41.3599806,5.7301984e-05
1750.0,25.687155,6082.94831,-10.68802115,-10.68802115,-6.80832138,-6.80832138,-6.21584368,-6.21584368,0.0327259995,48.541218,48.541218,0.000166353605,0.000166353605,0.000503153279,0.000503153279,0.559955681,2534.5876,46.121998,0.00170390121,-0.000240969348,0.0,6082.94831,2531.17877,0.0327259995,-39.5931675,5.4275686e-05
1750.5,25.687155,6082.96418,-10.6886056,-10.6886056,-6.80871136,-6.80871136,-6.21621522,-6.21621522,0.0327482892,48.541218,48.541218,0.000166466909,0.000166466909,0.000503495936,0.000503495936,0.560001728,2534.5876,46.121998,0.00170506173,-0.000415683547,0.0,6082.96418,2531.18535,0.0327482892,-39.7073948,5.4469064e-05
1751.0,25.687155,6082.9644,-10.6886174,-10.6886174,-6.80871892,-6.80871892,-6.21622247,-6.21622247,0.0327717556,48.541218,48.541218,0.000166586197,0.000166586197,0.000503856696,0.000503856696,0.560047791,2534.5876,46.121998,0.00170628354,-0.000101976176,0.0,6082.9644,2531.1855,0.0327717556,-39.8276551,5.4673349e-05
1751.5,25.687155,6082.9644,-10.6886154,-10.6886154,-6.8087177,-6.8087177,-6.21622116,-6.21622116,0.0327270271,48.541218,48.541218,0.00016635883,0.00016635883,0.000503169088,0.000503169088,0.56009385,2534.5876,46.121998,0.00170395473,-0.000290793372,0.0,6082.9644,2531.1855,0.0327270271,-39.5984376,5.4284666e-05
1752.0,25.687155,6082.9644,-10.6886155,-10.6886155,-6.80871771,-6.80871771,-6.21622138,-6.21622138,0.0327555038,48.541218,48.541218,0.000166503581,0.000166503581,0.000503606847,0.000503606847,0.560139904,2534.5876,46.121998,0.00170543735,0.000334904225,0.0,6082.9644,2531.1855,0.0327555038,-39.7443655,5.4532167e-05
1752.5,25.687155,6082.9644,-10.6886163,-10.6886163,-6.8087183,-6.8087183,-6.2162217,-6.2162217,0.0327462537,48.541218,48.541218,0.000166456566,0.000166456566,0.000503464651,0.000503464651,0.560185962,2534.5876,46.121998,0.00170495578,7.141004e-06,0.0,6082.9644,2531.1855,0.0327462537,-39.6969659,5.4451788e-05
1753.0,25.687155,6082.9644,-10.68861495,-10.68861495,-6.8087175,-6.8087175,-6.21622113,-6.21622113,0.032738504,48.541218,48.541218,0.000166417171,0.000166417171,0.000503345515,0.000503345515,0.560232015,2534.5876,46.121998,0.00170455226,1.0163251e-05,0.0,6082.9644,2531.1855,0.032738504,-39.6572506,5.4384487e-05
1753.5,23.5031222,6078.18666,-9.8668132,-9.8668132,-6.28053741,-6.28053741,-5.66432571,-5.66432571,0.0325797848,48.541218,48.541218,0.000165610362,0.000165610362,0.000500905484,0.000500905484,0.560277098,2534.5876,46.121998,0.00169628841,4.2267776e-05,0.0,6078.18666,2529.1974,0.0325797848,-38.8438649,5.3014584e-05
1754.0,17.4137738,6072.91597,-7.25325243,-7.25325243,-4.61275132,-4.61275132,-3.95674128,-3.95674128,0.0321433945,48.541218,48.541218,0.000163392094,0.000163392094,0.000494196766,0.000494196766,0.560313191,2534.5876,46.121998,0.00167356749,-0.000171995039,0.0,6072.91597,2527.0039,0.0321433945,-36.6075138,4.9291671e-05
1754.5,11.2545075,6072.71839,-4.68424003,-4.68424003,-2.97886575,-2.97886575,-2.42414923,-2.42414923,0.0316994633,48.541218,48.541218,0.000161135492,0.000161135492,0.000487372093,0.000487372093,0.560337399,2534.5876,46.121998,0.0016504539,3.7209784e-05,0.0,6072.71839,2526.92144,0.0316994633,-34.3325138,4.5592758e-05
1755.0,5.12957787,6072.75037,-2.12346657,-2.12346657,-1.35038661,-1.35038661,-1.06797645,-1.06797645,0.0312705247,48.541218,48.541218,0.0001589551,0.0001589551,0.00048077789,0.00048077789,0.560350793,2534.5876,46.121998,0.00162812091,0.000376575799,0.0,6072.75037,2526.93446,0.0312705247,-32.1343465,4.2094222e-05
1755.5,2.66694,6080.01537,-1.026672564,-1.026672564,-0.65369559,-0.65369559,-0.516991716,-0.516991716,0.0310703645,48.541218,48.541218,0.000157937645,0.000157937645,0.000477700759,0.000477700759,0.560356087,2534.5876,46.121998,0.00161769946,0.00010239502,0.0,6080.01537,2529.95742,0.0310703645,-31.1085928,4.0487299e-05
1756.0,5.16556992,6088.48157,-2.03028471,-2.03028471,-1.294898173,-1.294898173,-1.024386071,-1.024386071,0.0312581344,48.541218,48.541218,0.00015889212,0.00015889212,0.000480587418,0.000480587418,0.560361198,2534.5876,46.121998,0.00162747586,-0.000319007303,0.0,6088.48157,2533.48041,0.0312581344,-32.0708528,4.1997352e-05
1756.5,13.2263758,6096.36615,-5.49047674,-5.49047674,-3.50520863,-3.50520863,-2.90579169,-2.90579169,0.0318725285,48.541218,48.541218,0.000162015221,0.000162015221,0.000490032667,0.000490032667,0.560375972,2534.5876,46.121998,0.00165946469,5.594065e-06,0.0,6096.36615,2536.76158,0.0318725285,-35.219414,4.702771e-05
1757.0,21.4887629,6096.7099,-8.9412396,-8.9412396,-5.70849882,-5.70849882,-5.0674128,-5.0674128,0.0324303789,48.541218,48.541218,0.000164850901,0.000164850901,0.000498608641,0.000498608641,0.560405936,2534.5876,46.121998,0.00168850951,0.00049790533,0.0,6096.7099,2536.90488,0.0324303789,-38.078211,5.1735045e-05
1757.5,29.7511493,6096.71733,-12.37940385,-12.37940385,-7.9035899,-7.9035899,-7.26987676,-7.26987676,0.0330297165,48.541218,48.541218,0.000167897469,0.000167897469,0.000507822367,0.000507822367,0.560451676,2534.5876,46.121998,0.00171971445,1.1149442e-05,0.0,6096.71733,2536.90836,0.0330297165,-41.1496186,5.694177e-05
1758.0,38.0135365,6096.71495,-15.8172492,-15.8172492,-10.0984675,-10.0984675,-9.42185345,-9.42185345,0.0333902192,46.6874629,46.6874629,0.000163327033,0.000163327033,0.000493998758,0.000493998758,0.560512251,2534.5876,46.121998,0.00173848426,-0.000242597144,0.0,6096.71495,2536.90757,0.0333902192,-42.9970748,6.0152899e-05
1758.5,46.2759246,6096.71895,-19.2562432,-19.2562432,-12.29408905,-12.29408905,-11.5782149,-11.5782149,0.03109148,22.987709,22.987709,7.5614891e-05,7.5614891e-05,0.00022871677,0.00022871677,0.560587165,2534.5876,46.121998,0.00161879883,0.000115903378,0.0,6096.71895,2536.90791,0.03109148,-31.2167986,4.0812981e-05
1759.0,54.5383109,6096.72278,-22.6938253,-22.6938253,-14.4888125,-14.4888125,-13.7202203,-13.7202203,0.0280460917,-6.88929215,-6.88929215,-1.9434865e-05,-1.9434865e-05,2.430221e-06,2.430221e-06,0.560675828,2534.5876,46.121998,0.00146023863,-0.000232452589,0.0,6096.72278,2536.90779,0.0280460917,-15.6102021,1.850873e-05
1759.5,60.0320006,6090.65304,-25.0964583,-25.0964583,-16.0067771,-16.0067771,-15.2050359,-15.2050359,0.00302805606,-36.7590481,-36.7590481,8.329575e-06,8.329575e-06,0.000138453792,0.000138453792,0.560776856,2534.5876,46.121998,0.000157657778,-0.001051308746,0.0,6090.65304,2534.3675,0.00302805606,0.8553913,4.739241e-06
1760.0,60.166065,6083.35078,-25.0463862,-25.0463862,-15.9557259,-15.9557259,-15.1556835,-15.1556835,-0.0288312823,-66.6465932,-66.6465932,0.000202167061,0.000202167061,0.000611475085,0.000611475085,0.560881378,2534.5876,46.121998,-0.00150112015,-0.000258675667,0.0,6083.35078,2531.31039,-0.0288312823,19.6340451,2.3950547e-05
1760.5,60.166065,6083.06141,-25.0357286,-25.0357286,-15.94817705,-15.94817705,-15.1483852,-15.1483852,-0.0324778638,-96.5265528,-96.5265528,0.000329227697,0.000329227697,0.000995768487,0.000995768487,0.560985622,2534.5876,46.121998,-0.00169098184,-0.000102073888,0.0,6083.06141,2531.18774,-0.0324778638,38.3215552,5.23658e-05
1761.0,60.166065,6083.06077,-25.0355189,-25.0355189,-15.9480425,-15.9480425,-15.14825455,-15.14825455,-0.0361193518,-126.4016064,-126.4016064,0.000479057763,0.000479057763,0.00144892928,0.00144892928,0.561089833,2534.5876,46.121998,-0.00188057837,-0.000336855998,0.0,6083.06077,2531.1854,-0.0361193518,56.982964,8.6456207e-05
1761.5,59.5913886,6081.83428,-24.8884042,-24.8884042,-15.85120945,-15.85120945,-15.0542779,-15.0542779,-0.0397759871,-156.289312,-156.289312,0.000651990959,0.000651990959,0.00197196984,0.00197196984,0.561194015,2534.5876,46.121998,-0.00207096357,-0.000218092029,0.0,6081.83428,2530.67288,-0.0397759871,75.7220035,0.000126427363
1762.0,50.0536689,6065.25054,-20.9325357,-20.9325357,-13.29579565,-13.29579565,-12.5557509,-12.5557509,-0.0440910686,-186.157754,-186.157754,0.000860711427,0.000860711427,0.00260325248,0.00260325248,0.561291473,2534.50789,46.121998,-0.00229563117,-0.000343742559,0.0,6065.25054,2523.7697,-0.0440910686,97.835354,0.000181062955
1762.5,37.4431937,4557.314789999999,-43.16066,-43.16066,-20.7408592,-20.7408592,-19.6877952,-19.6877952,-0.046840978,-215.767007,-215.767007,0.001059434654,0.001059434654,0.00320431885,0.00320431885,0.561407218,1867.61942,46.121998,-0.0024388071,0.000218370718,0.0,4557.314789999999,1896.30499,-0.046840978,111.9277245,0.000219952391
1763.0,24.8327186,3120.05761,-9.13564193,-9.13564193,-2.97238031,-2.97238031,-2.57108799,-2.57108799,-0.0509577669,-226.71532,-226.71532,0.00120981754,0.00120981754,0.00365914314,0.00365914314,0.561476239,1348.5717,46.121998,-0.00265315041,0.00019811566,0.0,3120.05761,1298.24925,-0.0509577669,133.024893,0.000283965697
1763.5,12.22224375,3212.32616,-4.9650517,-4.9650517,-1.66977566,-1.66977566,-1.338070361,-1.338070361,-0.0517694764,-226.71532,-226.71532,0.00122908882,0.00122908882,0.00371742285,0.00371742285,0.561490873,1348.5717,46.121998,-0.00269541273,0.000417979912,0.0,3212.32616,1336.6424,-0.0517694764,137.184635,0.000297502029
1764.0,-0.388231018,3215.59391,0.1648982296,0.1648982296,0.0555367662,0.0555367662,0.176832607,0.176832607,-0.0526611866,-226.71532,-226.71532,0.00125025941,0.00125025941,0.00378144612,0.00378144612,0.561495637,1348.5717,46.121998,-0.00274184017,-3.6519196e-05,0.0,3215.59391,1338.00162,-0.0526611866,141.754353,0.000312704042
1764.5,-12.99870613,3215.65625,5.4093497,5.4093497,1.82155914,1.82155914,2.2524454,2.2524454,-0.0535703378,-226.71532,-226.71532,0.00127184405,0.00127184405,0.00384672137,0.00384672137,0.561485901,1348.5717,46.121998,-0.00278917566,-0.000268977997,0.0,3215.65625,1338.02706,-0.0535703378,146.413442,0.000328561451
1765.0,-25.6091805,3215.65844,10.65493605,10.65493605,3.58797477,3.58797477,4.03347644,4.03347644,-0.0544555707,-226.71532,-226.71532,0.00129286092,0.00129286092,0.00391027904,0.00391027904,0.561459967,1348.5717,46.121998,-0.00283526601,0.000347149243,0.0,3215.65844,1338.02742,-0.0544555707,150.949976,0.000344335447
1765.5,-38.2196544,3215.65974,15.9042856,15.9042856,5.35565874,5.35565874,5.84190841,5.84190841,-0.0553520859,-226.71532,-226.71532,0.00131414559,0.00131414559,0.00397464657,0.00397464657,0.561418602,1348.5717,46.121998,-0.00288194366,0.000111880045,0.0,3215.65974,1338.02745,-0.0553520859,155.544311,0.000360656605
1766.0,-48.3586361,3221.45309,20.2829679,20.2829679,6.84272341,6.84272341,7.38359234,7.38359234,-0.0560740452,-226.71532,-226.71532,0.00133128603,0.00133128603,0.00402648125,0.00402648125,0.561361009,1348.5717,46.121998,-0.00291953297,0.000101775544,0.0,3221.45309,1340.43767,-0.0560740452,159.24411,0.000374039976
1766.5,-49.233067,3235.69402,20.5201914,20.5201914,6.95308066,6.95308066,7.4988146,7.4988146,-0.0561146757,-226.71532,-226.71532,0.00133225069,0.00133225069,0.00402939833,0.00402939833,0.561295822,1348.5717,46.121998,-0.00292164845,0.000134743368,0.0,3235.69402,1346.36342,-0.0561146757,159.45233,0.000374797082
1767.0,-49.233067,3391.84122,25.3548749,25.3548749,9.05903713,9.05903713,9.69326922,9.69326922,-0.0564434391,-226.71532,-226.71532,0.00134005605,0.00134005605,0.00405300258,0.00405300258,0.56122456,1423.84635,46.121998,-0.00293876574,0.000461450111,0.0,3391.84122,1411.33719,-0.0564434391,161.137135,0.000380990261
1767.5,-48.9936943,4169.87913,28.0506808,28.0506808,12.244226,12.244226,12.9788024,12.9788024,-0.0566157615,-226.71532,-226.71532,0.00134414723,0.00134414723,0.00406537476,0.00406537476,0.561115715,1739.09064,46.121998,-0.00294773772,-3.9748601e-05,0.0,4169.87913,1735.08436,-0.0566157615,162.020224,0.000384234165
1768.0,-31.58429,4937.79593,17.68969394,17.68969394,9.04037938,9.04037938,9.7127947,9.7127947,-0.0551757435,-226.71532,-226.71532,0.00130995896,0.00130995896,0.00396198561,0.00396198561,0.560996533,2034.54392,46.121998,-0.00287276227,-0.000156499394,0.0,4937.79593,2054.62112,-0.0551757435,154.640617,0.000357548487
1768.5,-3.847836376,5047.59784,1.32161612,1.32161612,0.700977725,0.700977725,1.048592145,1.048592145,-0.0528755843,-226.71532,-226.71532,0.00125534951,0.00125534951,0.0037968394,0.0037968394,0.560953031,2080.3057,46.121998,-0.00275300295,1.0361172e-05,0.0,5047.59784,2100.31183,-0.0528755843,142.853067,0.000316461204
1769.0,23.8886173,5039.15395,-9.94942863,-9.94942863,-5.25024326,-5.25024326,-4.71044568,-4.71044568,-0.0509138669,-226.71532,-226.71532,0.00120877531,0.00120877531,0.00365599112,0.00365599112,0.560966765,2080.3057,46.121998,-0.00265086481,6.8293814e-05,0.0,5039.15395,2096.79944,-0.0509138669,132.799921,0.000283291331
1769.5,51.6250707,5038.97437,-21.4841509,-21.4841509,-11.33675855,-11.33675855,-10.6799464,-10.6799464,-0.0489414174,-226.71532,-226.71532,0.00116194624,0.00116194624,0.00351437093,0.00351437093,0.561022643,2080.3057,46.121998,-0.0025481678,0.000197910411,0.0,5038.97437,2096.72588,-0.0489414174,122.6917722,0.000251590276
1770.0,79.361524,5038.96365,-33.0226078,-33.0226078,-17.425338,-17.425338,-16.5652549,-16.5652549,-0.0469684579,-226.71532,-226.71532,0.00111510507,0.00111510507,0.00337271289,0.00337271289,0.561117182,2080.3057,46.121998,-0.00244544442,0.000291441267,0.0,5038.96365,2096.72253,-0.0469684579,112.581017,0.000221559584
1770.5,107.0979794,5173.54811,-38.3692775,-38.3692775,-20.7214926,-20.7214926,-19.7319452,-19.7319452,-0.0454415686,-226.71532,-226.71532,0.00107885434,0.00107885434,0.00326308174,0.00326308174,0.561243688,2152.78084,46.121998,-0.0023659459,0.000368679397,0.0,5173.54811,2152.72505,-0.0454415686,104.7562198,0.00019941315
1771.0,134.464706,6476.77804,-41.7715316,-41.7715316,-28.4981844,-28.4981844,-27.3061728,-27.3061728,-0.0439913555,-226.71532,-226.71532,0.00104442399,0.00104442399,0.00315895503,0.00315895503,0.561387622,2686.24381,46.121998,-0.00229043953,0.000175672486,0.0,6476.77804,2695.00952,-0.0439913555,97.3243555,0.000179411242
1771.5,144.08038,7932.853160000001,-46.5162616,-46.5162616,-38.6320418,-38.6320418,-37.0956556,-37.0956556,-0.0432512203,-226.71532,-226.71532,0.00102685201,0.00102685201,0.00310581254,0.00310581254,0.561589425,3300.8943,46.121998,-0.00225190396,-0.000167868082,0.0,7932.853160000001,3300.89344,-0.0432512203,93.5314152,0.000169451757
1772.0,144.08038,9397.6166,-46.2088144,-46.2088144,-45.4744674,-45.4744674,-43.4682027,-43.4682027,-0.0424451558,-219.944405,-219.944405,0.000978340133,0.000978340133,0.00295908112,0.00295908112,0.561827123,3915.54477,46.121998,-0.00220993568,-0.000118697083,0.0,9397.6166,3910.39287,-0.0424451558,89.400605,0.000159134001
1772.5,144.08038,10648.27515,-54.2094925,-54.2094925,-60.5708279,-60.5708279,-57.9199683,-57.9199683,-0.0377192373,-185.492652,-185.492652,0.000734629773,0.000734629773,0.00222195245,0.00222195245,0.562103939,4418.02022,46.121998,-0.00196387754,0.000415889105,0.0,10648.27515,4430.80386,-0.0377192373,65.1818521,0.000103630432
1773.0,144.08038,10729.2281,-60.3062552,-60.3062552,-67.758168,-67.758168,-64.8810046,-64.8810046,-0.0327780704,-148.064003,-148.064003,0.000509707275,0.000509707275,0.00154165684,0.00154165684,0.562443927,4466.167,46.121998,-0.00170661232,0.000256348954,0.0,10729.2281,4464.49199,-0.0327780704,39.8600154,5.5098019e-05
1773.5,140.233625,10710.2185,-58.5771956,-58.5771956,-65.6998371,-65.6998371,-62.8858048,-62.8858048,-0.0284932443,-110.6298994,-110.6298994,0.000331306523,0.000331306523,0.001002072036,0.001002072036,0.562786105,4466.167,46.121998,-0.00148351997,-8.4702698e-05,0.0,10710.2185,4456.58435,-0.0284932443,17.9017107,2.1614838e-05
1774.0,125.0539065,10693.2446,-52.069482,-52.069482,-58.3072697,-58.3072697,-55.7194943,-55.7194943,-0.006347742,-73.1932131,-73.1932131,7.2362017e-05,7.2362017e-05,0.000368695459,0.000368695459,0.563108731,4466.167,46.121998,-0.000330499474,0.001649139691,0.0,10693.2446,4449.53437,-0.006347742,0.409737096,4.387975e-06
1774.5,109.134956,10692.2839,-45.4119479,-45.4119479,-50.8474598,-50.8474598,-48.4898556,-48.4898556,0.0283967918,-35.7513466,-35.7513466,-0.000105190053,-0.000105190053,-3.4777049e-05,-3.4777049e-05,0.563400153,4466.167,46.121998,0.00147849809,0.00086488687,0.0,10692.2839,4449.15484,0.0283967918,-17.4074245,2.0919915e-05
1775.0,93.2160036,10692.259300000002,-38.7889251,-38.7889251,-43.4316009,-43.4316009,-41.2951021,-41.2951021,0.0318399589,1.671974807,1.671974807,6.701533e-06,6.701533e-06,5.34677e-05,5.34677e-05,0.563659554,4466.167,46.121998,0.00165776892,-0.000433290522,0.0,10692.259300000002,4449.14645,0.0318399589,-35.0525068,4.6965374e-05
1775.5,77.2970528,10692.2559,-32.162874,-32.162874,-36.0124614,-36.0124614,-34.0616332,-34.0616332,0.0352426697,39.1183062,39.1183062,0.000145489792,0.000145489792,0.00044005065,0.00044005065,0.563885048,4466.167,46.121998,0.0018349334,0.000468187786,0.0,10692.2559,4449.14715,0.0352426697,-52.4902674,7.7700537e-05
1776.0,61.3781026,10692.2514,-25.5404338,-25.5404338,-28.5973674,-28.5973674,-26.7956178,-26.7956178,0.0386851596,76.5455657,76.5455657,0.000311214294,0.000311214294,0.00094126555,0.00094126555,0.564074401,4466.167,46.121998,0.00201416893,0.00039313907,0.0,10692.2514,4449.14734,0.0386851596,-70.1318782,0.000113857323
1776.5,45.4591517,10692.2454,-18.9157554,-18.9157554,-21.1797699,-21.1797699,-19.4955849,-19.4955849,0.0419551764,112.8416899,112.8416899,0.000496548907,0.000496548907,0.00150179696,0.00150179696,0.56422481,4466.167,46.121998,0.00218442452,-7.7815554e-05,0.0,10692.2454,4449.14684,0.0419551764,-86.8896211,0.000152838728
1777.0,29.5402013,10692.247,-12.2924406,-12.2924406,-13.76371615,-13.76371615,-12.167473,-12.167473,0.0421459813,123.28872,123.28872,0.000544136817,0.000544136817,0.00164572876,0.00164572876,0.564332835,4466.167,46.121998,0.00219435896,-0.00011301037,0.0,10692.247,4449.14749,0.0421459813,-87.8674351,0.000155144308
1777.5,17.7277705,10701.6244,-7.16001102,-7.16001102,-8.02371459,-8.02371459,-6.36334202,-6.36334202,0.0412658142,123.28872,123.28872,0.000532773199,0.000532773199,0.0016113645,0.0016113645,0.564396189,4466.167,46.121998,0.00214853248,9.3690364e-05,0.0,10701.6244,4453.04913,0.0412658142,-83.3568721,0.000144087832
1778.0,17.099865,10717.89435,-7.08487378,-7.08487378,-7.95188993,-7.95188993,-6.28103718,-6.28103718,0.0412437079,123.28872,123.28872,0.000532487778,0.000532487778,0.00161050137,0.00161050137,0.564441894,4466.167,46.121998,0.00214738144,0.000317210394,0.0,10717.89435,4459.819,0.0412437079,-83.2435806,0.0001438129
1778.5,17.099865,10718.7264,-7.11477044,-7.11477044,-7.98606242,-7.98606242,-6.31389756,-6.31389756,0.0412427758,123.28872,123.28872,0.000532475762,0.000532475762,0.00161046502,0.00161046502,0.564488532,4466.167,46.121998,0.00214733297,-1.3796598e-05,0.0,10718.7264,4460.16534,0.0412427758,-83.238809,0.000143801507
1779.0,17.099865,10718.7427,-7.11537026,-7.11537026,-7.9867478,-7.9867478,-6.31455772,-6.31455772,0.0412421885,123.28872,123.28872,0.000532468167,0.000532468167,0.00161044207,0.00161044207,0.564535234,4466.167,46.121998,0.0021473024,-0.000468692407,0.0,10718.7427,4460.17224,0.0412421885,-83.2358001,0.000143794353
1779.5,17.099865,10718.7479,-7.11531555,-7.11531555,-7.98669026,-7.98669026,-6.31450143,-6.31450143,0.0375358971,92.9660757,92.9660757,0.000370990497,0.000370990497,0.001122062563,0.001122062563,0.564581917,4466.167,46.121998,0.0019543318,-0.000796018496,0.0,10718.7479,4460.17212,0.0375358971,-64.2422899,0.00010240801
1780.0,17.099865,7027.70304,-77.2692539,-77.2692539,-56.1173665,-56.1173665,-53.5411428,-53.5411428,0.033112158,19.060416157,19.060416157,7.142639e-05,7.142639e-05,0.000233622843,0.000233622843,0.564772587,2820.52621,46.121998,0.00172400681,-0.000445136055,0.0,7027.70304,2924.29847,0.033112158,-41.5721015,5.8943165e-05
1780.5,17.099865,1309.698364,-25.851695583,-25.851695583,-5.1853401394,-5.1853401394,-4.550097899,-4.550097899,-0.0142491678,-55.1433297,-55.1433297,0.000133136515,0.000133136515,0.000469464129,0.000469464129,0.564928449,640.59161,46.121998,-0.00074189252,-0.000570074333,0.0,1309.698364,544.966835,-0.0142491678,21.77556669,3.8408743e-05
1781.0,17.099865,1294.36301,-6.08571166,-6.08571166,-0.827876014,-0.827876014,-0.59414659,-0.59414659,-0.0355026796,-95.59452,-95.59452,0.000355404349,0.000355404349,0.00107492978,0.00107492978,0.56493465,551.4933,46.121998,-0.00184847096,0.000161851075,0.0,1294.36301,538.573265,-0.0355026796,53.8227296,8.0042499e-05
1781.5,27.3466406,1343.63002,-11.0813394,-11.0813394,-1.5615541,-1.5615541,-1.281291845,-1.281291845,-0.034716268,-95.59452,-95.59452,0.000347531866,0.000347531866,0.00105112214,0.00105112214,0.564941452,551.4933,46.121998,-0.0018075259,0.000393895428,0.0,1343.63002,559.074094,-0.034716268,49.7926304,7.2440677e-05
1782.0,46.2673653,1354.8282,-19.2408665,-19.2408665,-2.72990722,-2.72990722,-2.3634515,-2.3634515,-0.0333584595,-95.59452,-95.59452,0.000333939335,0.000333939335,0.00101001589,0.00101001589,0.564955609,551.4933,46.121998,-0.00173683069,3.8403816e-05,0.0,1354.8282,563.734543,-0.0333584595,42.8343171,5.9883534e-05
1782.5,65.1880895,1355.11507,-27.1258691,-27.1258691,-3.84936046,-3.84936046,-3.37146172,-3.37146172,-0.0320175578,-95.59452,-95.59452,0.000320516073,0.000320516073,0.000969421108,0.000969421108,0.564977519,551.4933,46.121998,-0.00166701576,0.000231230128,0.0,1355.11507,563.854675,-0.0320175578,35.9626446,4.826215e-05
1783.0,84.1088146,1355.1187,-34.9971498,-34.9971498,-4.96636499,-4.96636499,-4.35215262,-4.35215262,-0.0306469542,-95.59452,-95.59452,0.000306795454,0.000306795454,0.000927926703,0.000927926703,0.565006729,551.4933,46.121998,-0.00159565433,-0.000183223691,0.0,1355.1187,563.857008,-0.0306469542,28.9387567,3.7185673e-05
1783.5,103.0295384,1355.1157,-42.8716985,-42.8716985,-6.08381093,-6.08381093,-5.30885098,-5.30885098,-0.0293200294,-95.59452,-95.59452,0.000293512097,0.000293512097,0.000887754277,0.000887754277,0.565042948,551.4933,46.121998,-0.00152656707,-0.000451583942,0.0,1355.1157,563.856536,-0.0293200294,22.1387079,2.7220965e-05
1784.0,121.9502611,1355.11632,-50.744886,-50.744886,-7.20107713,-7.20107713,-6.24194429,-6.24194429,-0.0276249516,-92.9157436,-92.9157436,0.000269044283,0.000269044283,0.000813753669,0.000813753669,0.565085864,551.4933,46.121998,-0.00143831173,-0.000385141778,0.0,1355.11632,563.857785,-0.0276249516,13.45200314,1.5687889e-05
1784.5,140.870987,1355.07195,-58.6170126,-58.6170126,-8.31790932,-8.31790932,-7.15194019,-7.15194019,0.0047743899,-76.437027,-76.437027,-2.6060621e-05,-2.6060621e-05,0.000217180894,0.000217180894,0.565135213,551.4933,46.121998,0.00024858182,0.002140214657,0.0,1355.07195,563.858232,0.0047743899,-3.244652244,5.541564e-06
1785.0,159.791715,1355.03282,-66.4916439,-66.4916439,-9.4350784,-9.4350784,-8.04051576,-8.04051576,0.0292855003,-58.0277087,-58.0277087,-0.000177379192,-0.000177379192,-5.8645271e-05,-5.8645271e-05,0.565190755,551.4933,46.121998,0.00152476932,0.000163447993,0.0,1355.03282,563.856257,0.0292855003,-21.96175985,2.7175636e-05
1785.5,178.712295,1355.03015,-74.3637415,-74.3637415,-10.55209835,-10.55209835,-8.9082671,-8.9082671,0.0328607787,-39.6269528,-39.6269528,-0.0001357973,-0.0001357973,-4.4897086e-05,-4.4897086e-05,0.565252243,551.4933,46.121998,0.00171091858,0.000272806965,0.0,1355.03015,563.85725,0.0328607787,-40.2838653,5.5674634e-05
1786.0,187.24718,1334.22986,-78.1920342,-78.1920342,-10.9251612,-10.9251612,-9.1616405,-9.1616405,0.0357526855,-21.2227404,-21.2227404,-7.9116027e-05,-7.9116027e-05,-2.6155871e-05,-2.6155871e-05,0.565318115,551.4933,46.121998,0.00186148766,0.000259745333,0.0,1334.22986,555.203763,0.0357526855,-55.1039261,8.2606146e-05
1786.5,187.24718,1323.80885,-77.9251586,-77.9251586,-10.8026821,-10.8026821,-9.0523421,-9.0523421,0.0379627482,-2.8216652487,-2.8216652487,-1.0875556e-05,-1.0875556e-05,8.293649e-06,8.293649e-06,0.565383654,551.4933,46.121998,0.00197655605,0.000206761102,0.0,1323.80885,550.868796,0.0379627482,-66.4297586,0.00010571755
1787.0,187.24718,1323.53284,-77.9151446,-77.9151446,-10.79904165,-10.79904165,-9.0491524,-9.0491524,0.0402070289,15.5832914,15.5832914,6.5968828e-05,6.5968828e-05,0.000199544637,0.000199544637,0.565448986,551.4933,46.121998,0.00209340603,0.000176159155,0.0,1323.53284,550.755266,0.0402070289,-77.9309467,0.000131339455
1787.5,187.24718,1323.52455,-77.9149525,-77.9149525,-10.7989475,-10.7989475,-9.0490678,-9.0490678,0.0424493357,33.9795132,33.9795132,0.000151405018,0.000151405018,0.000457939602,0.000457939602,0.565514304,551.4933,46.121998,0.00221015322,0.000454020324,0.0,1323.52455,550.75312,0.0424493357,-89.4220207,0.000159091902
1788.0,187.24718,1323.52132,-77.914952,-77.914952,-10.7989207,-10.7989207,-9.04904245,-9.04904245,0.0447029186,52.3867574,52.3867574,0.000245608147,0.000245608147,0.000742835438,0.000742835438,0.56557962,551.4933,46.121998,0.00232748753,-0.000215549664,0.0,1323.52132,550.75308,0.0447029186,-100.9708842,0.00018916584
1788.5,187.24718,1323.51819,-77.914951,-77.914951,-10.79889485,-10.79889485,-9.04901805,-9.04901805,0.0469217373,70.786558,70.786558,0.000348168497,0.000348168497,0.001053004234,0.001053004234,0.565644937,551.4933,46.121998,0.00244301187,-3.1231371e-05,0.0,1323.51819,550.753065,0.0469217373,-112.3415901,0.000220888076
1789.0,187.24718,1323.5161,-77.9149355,-77.9149355,-10.7988762,-10.7988762,-9.0490007,-9.0490007,0.0483562586,82.444729,82.444729,0.000417490963,0.000417490963,0.00126265514,0.00126265514,0.565710249,551.4933,46.121998,0.00251770114,-0.000415899548,0.0,1323.5161,550.753055,0.0483562586,-119.6930282,0.000242444183
1789.5,187.24718,1323.51611,-77.9149305,-77.9149305,-10.7988762,-10.7988762,-9.0490009,-9.0490009,0.0483799908,82.61467,82.61467,0.000418554093,0.000418554093,0.00126587032,0.00126587032,0.565775564,551.4933,46.121998,0.00251893687,6.6764797e-05,0.0,1323.51611,550.75308,0.0483799908,-119.8146531,0.000242809103
1790.0,187.24718,1323.51611,-77.914931,-77.914931,-10.7988762,-10.7988762,-9.049001,-9.049001,0.0483983243,82.61467,82.61467,0.000418712699,0.000418712699,0.00126634994,0.00126634994,0.56584087,551.4933,46.121998,0.0025198914,-0.000116314169,0.0,1323.51611,550.75309,0.0483983243,-119.9086039,0.00024309177
1790.5,187.24718,1323.51612,-77.914929,-77.914929,-10.7988761,-10.7988761,-9.0490009,-9.0490009,0.048380644,82.61467,82.61467,0.000418559742,0.000418559742,0.00126588741,0.00126588741,0.565906184,551.4933,46.121998,0.00251897086,0.000608443271,0.0,1323.51612,550.753085,0.048380644,-119.8179998,0.000242819199
1791.0,187.24718,1323.51612,-77.914929,-77.914929,-10.798876,-10.798876,-9.0490007,-9.0490007,0.048381976,82.61467,82.61467,0.00041857127,0.00041857127,0.00126592226,0.00126592226,0.565971483,551.4933,46.121998,0.00251904025,0.000580883362,0.0,1323.51612,550.753085,0.048381976,-119.8248275,0.000242839909
1791.5,187.24718,1323.51611,-77.914931,-77.914931,-10.7988763,-10.7988763,-9.0490007,-9.0490007,0.0483903928,82.61467,82.61467,0.000418644088,0.000418644088,0.00126614247,0.00126614247,0.566036805,551.4933,46.121998,0.00251947846,0.000208606833,0.0,1323.51611,550.753075,0.0483903928,-119.8679622,0.000242969505
1792.0,187.24718,1323.51611,-77.9149305,-77.9149305,-10.7988761,-10.7988761,-9.049001,-9.049001,0.0483824353,82.61467,82.61467,0.00041857524,0.00041857524,0.00126593429,0.00126593429,0.566102106,551.4933,46.121998,0.00251906411,-0.00025591571,0.0,1323.51611,550.753075,0.0483824353,-119.8271808,0.0002428467
1792.5,187.24718,1323.51611,-77.914932,-77.914932,-10.7988765,-10.7988765,-9.0490009,-9.0490009,0.0483913123,82.61467,82.61467,0.000418652039,0.000418652039,0.00126616646,0.00126616646,0.566167407,551.4933,46.121998,0.00251952628,-4.5054745e-05,0.0,1323.51611,550.75308,0.0483913123,-119.872671,0.000242983812
1793.0,187.24718,1323.5161,-77.9149285,-77.9149285,-10.7988761,-10.7988761,-9.049001,-9.049001,0.0483873987,82.61467,82.61467,0.000418618183,0.000418618183,0.00126606411,0.00126606411,0.56623272,551.4933,46.121998,0.00251932254,0.000187963137,0.0,1323.5161,550.753085,0.0483873987,-119.8526155,0.000242923119
1793.5,187.24718,1323.51613,-77.914934,-77.914934,-10.7988765,-10.7988765,-9.049001,-9.049001,0.0483941029,82.61467,82.61467,0.00041867618,0.00041867618,0.0012662395,0.0012662395,0.566298021,551.4933,46.121998,0.0025196716,6.1122693e-05,0.0,1323.51613,550.753085,0.0483941029,-119.886968,0.000243026877
1794.0,187.24718,1323.5161,-77.914928,-77.914928,-10.7988761,-10.7988761,-9.0490007,-9.0490007,0.0483796821,82.61467,82.61467,0.000418551411,0.000418551411,0.00126586225,0.00126586225,0.566363325,551.4933,46.121998,0.00251892077,0.000160636498,0.0,1323.5161,550.75307,0.0483796821,-119.8130675,0.000242804539
1794.5,187.24718,1323.5161,-77.91493,-77.91493,-10.7988763,-10.7988763,-9.0490007,-9.0490007,0.0483853201,82.61467,82.61467,0.000418600194,0.000418600194,0.00126600972,0.00126600972,0.566428632,551.4933,46.121998,0.00251921433,2.239556e-05,0.0,1323.5161,550.75308,0.0483853201,-119.841963,0.000242891095
1795.0,185.700486,1319.89151,-77.3729636,-77.3729636,-10.694655,-10.694655,-8.9644479,-8.9644479,0.0482893676,82.61467,82.61467,0.000417770078,0.000417770078,0.00126349958,0.00126349958,0.566493823,551.4933,46.121998,0.00251421848,-0.00023924077,0.0,1319.89151,549.244785,0.0482893676,-119.3502394,0.000241417158
1795.5,178.290801,1310.85849,-74.209381,-74.209381,-10.186985,-10.186985,-8.56503935,-8.56503935,0.0477353978,82.61467,82.61467,0.000412977461,0.000412977461,0.00124900728,0.00124900728,0.566557266,551.4933,46.121998,0.00248537562,3.0405311e-05,0.0,1310.85849,545.485775,0.0477353978,-116.5113266,0.000232973962
1796.0,170.317601,1310.25858,-70.8703585,-70.8703585,-9.7241199,-9.7241199,-8.2092513,-8.2092513,0.0471784413,82.61467,82.61467,0.000408159019,0.000408159019,0.00123443681,0.00123443681,0.566618123,551.4933,46.121998,0.00245637738,-0.000637646106,0.0,1310.25858,545.235803,0.0471784413,-113.657112,0.000224616929
1796.5,162.3444,1310.24795,-67.5531704,-67.5531704,-9.26889245,-9.26889245,-7.85679477,-7.85679477,0.0466017951,82.61467,82.61467,0.000403170224,0.000403170224,0.00121935115,0.00121935115,0.566676618,551.4933,46.121998,0.00242635384,0.000216750884,0.0,1310.24795,545.231063,0.0466017951,-110.7019881,0.000216103689
1797.0,156.470941,1315.03568,-64.9999555,-64.9999555,-8.95108445,-8.95108445,-7.61415411,-7.61415411,0.0461890343,82.61467,82.61467,0.000399599271,0.000399599271,0.00120855288,0.00120855288,0.566732861,551.4933,46.121998,0.00240486317,-0.000362276682,0.0,1315.03568,547.223035,0.0461890343,-108.5867284,0.000210090306
1797.5,156.17485,1323.10665,-64.9706814,-64.9706814,-9.0020398,-9.0020398,-7.66345007,-7.66345007,0.0461992941,82.61467,82.61467,0.000399688036,0.000399688036,0.00120882131,0.00120882131,0.566788686,551.4933,46.121998,0.00240539741,0.000348317157,0.0,1323.10665,550.581425,0.0461992941,-108.6393129,0.000210238125
1798.0,156.17485,1323.51126,-64.9852134,-64.9852134,-9.0068062,-9.0068062,-7.66766278,-7.66766278,0.0461621338,82.61467,82.61467,0.000399366547,0.000399366547,0.00120784914,0.00120784914,0.566844639,551.4933,46.121998,0.00240346262,-0.000387887019,0.0,1323.51126,550.749759,0.0461621338,-108.448874,0.000209700703
1798.5,156.17485,1323.51907,-64.9855062,-64.9855062,-9.0069001,-9.0069001,-7.66774554,-7.66774554,0.0461977831,82.622577,82.622577,0.000399713233,0.000399713233,0.00120889752,0.00120889752,0.566900672,551.4933,46.121998,0.00240531873,0.000191825828,0.0,1323.51907,550.753022,0.0461977831,-108.6315645,0.000210216474
1799.0,156.17485,1323.51849,-64.985521,-64.985521,-9.0068975,-9.0068975,-7.66774291,-7.66774291,0.0467496462,87.2249819,87.2249819,0.000427096246,0.000427096246,0.00129171156,0.00129171156,0.566956634,551.4933,46.121998,0.00243405185,-3.6499391e-05,0.0,1323.51849,550.7531,0.0467496462,-111.4596795,0.000218286103
1799.5,156.17485,1323.51705,-64.985516,-64.985516,-9.0068875,-9.0068875,-7.66773352,-7.66773352,0.0477320959,95.4645251,95.4645251,0.000477247859,0.000477247859,0.00144338664,0.00144338664,0.567012657,551.4933,46.121998,0.00248520377,0.000305999325,0.0,1323.51705,550.753075,0.0477320959,-116.494409,0.00023293572
1800.0,156.17485,1323.5157,-64.985522222222,-64.985522222222,-9.006878888889,-9.006878888889,-7.667724911111,-7.667724911111,0.048687921667,103.295624555556,103.295624555556,0.000526722102,0.000526722102,0.001593013911,0.001593013911,0.567065825556,551.4933,46.121998,0.002534969444,-0.000513458973,0.0,1323.5157,550.753072222222,0.048687921667,-121.392697,0.000247588732
