Time01,ICE_Torque;Nm,EM1_Speed;rpm,EM1_Torque;Nm,EM1_Torque_ist;Nm,EM1_Power;kW,EM1_Power_ist;kW,EM1_elPower;kW,EM1_elPower_ist;kW,EM2_Speed;rpm,EM2_Torque;Nm,EM2_Torque_ist;Nm,EM2_Power;kW,EM2_Power_ist;kW,EM2_elPower;kW,EM2_elPower_ist;kW,SOC;1,ICE_Speed_soll;rpm,Brake;perc,Car_Speed;kmph,Car_Acc;mpsh2,Grade;perc,Sun_Speed;rpm,Carrier_Speed;rpm,Ring_Speed;rpm,Brake_Trq;Nm,Brake_Pwr;kW
0.0,164.3605,830.8125,18.86421,18.86421,1.6412789,1.6412789,2.0442111,2.0442111,3.1637056,233.65457,233.65457,0.07741033,0.07741033,0.23248222,0.23248222,0.74031943,2033.618,0.0,0.16472046,0.8795727,0.0,830.8125,347.55447,3.1637056,0.0,0.0
0.5,164.3605,3810.24059,-36.263336952,-36.263336952,-17.077322059,-17.077322059,-16.0838268225,-16.0838268225,20.39352932,233.65457,233.65457,0.498993946,0.498993946,1.429543708,1.429543708,0.74034495,2033.618,0.0,1.061802842,0.934469721,0.0,3810.24059,1597.37687,20.39352932,0.0,0.0
1.0,164.3605,4781.76181,-67.805478,-67.805478,-33.9542798,-33.9542798,-32.1265298,-32.1265298,54.0469181,233.65457,233.65457,1.32243349,1.32243349,3.55000798,3.55000798,0.740499491,2033.618,0.0,2.81398923,0.988391505,0.0,4781.76181,2021.28396,54.0469181,0.0,0.0
1.5,164.3605,4756.69962,-68.6506975,-68.6506975,-34.1962936,-34.1962936,-32.3397261,-32.3397261,88.2529814,233.65457,233.65457,2.15939595,2.15939595,5.42865134,5.42865134,0.740672068,2033.618,0.0,4.59495092,0.989652937,0.0,4756.69962,2030.82811,88.2529814,0.0,0.0
2.0,164.3605,4709.22751,-68.6663389,-68.6663389,-33.862746,-33.862746,-32.0103103,-32.0103103,122.462596,233.65457,233.65457,2.99644534,2.99644534,7.07823658,7.07823658,0.740834249,2033.618,0.0,6.37609766,0.989369119,0.0,4709.22751,2031.04937,122.462596,0.0,0.0
2.5,164.3605,4661.35886,-68.66651,-68.66651,-33.5186196,-33.5186196,-31.6712141,-31.6712141,156.659942,233.65457,233.65457,3.83319445,3.83319445,8.5376047,8.5376047,0.740986216,2033.618,0.0,8.15660546,0.988957545,0.0,4661.35886,2031.0984,156.659942,0.0,0.0
3.0,164.3605,4613.504940000001,-68.6663736,-68.6663736,-33.1744487,-33.1744487,-31.3323654,-31.3323654,190.841301,233.65457,233.65457,4.66955247,4.66955247,9.8315723,9.8315723,0.741128765,2033.618,0.0,9.93628105,0.988444727,0.0,4613.504940000001,2031.1443,190.841301,0.0,0.0
3.5,164.3605,4619.33898,-62.642099,-62.642099,-30.1540462,-30.1540462,-28.4909678,-28.4909678,224.973118,233.65457,233.65457,5.50469844,5.50469844,10.9358628,10.9358628,0.741261477,2076.75389,0.0,11.713377,0.9773656,0.0,4619.33898,2053.50118,224.973118,0.0,0.0
4.0,164.3605,7401.07938,-27.8011979,-27.8011979,-21.7476988,-21.7476988,-20.6878489,-20.6878489,257.713637,245.388661,245.388661,6.6368327,6.6368327,12.6783373,12.6783373,0.741333272,3276.05751,0.0,13.4180344,0.95400417,0.0,7401.07938,3230.1209,257.713637,0.0,0.0
4.5,164.3605,10191.187699999999,-62.5051883,-62.5051883,-66.9139071,-66.9139071,-64.1155175,-64.1155175,296.787188,351.598449,351.598449,10.9786631,10.9786631,22.1326718,22.1326718,0.741450322,4362.12497,0.0,15.45242525,1.35699063,0.0,10191.187699999999,4413.920179999999,296.787188,0.0,0.0
5.0,165.647319,10034.057,-69.5528475,-69.5528475,-73.0837724,-73.0837724,-70.1123521,-70.1123521,348.34212,406.27982,406.27982,14.82039745,14.82039745,28.8985937,28.8985937,0.741292582,4378.2217,0.0,18.1366675,1.54631758,0.0,10034.057,4378.63961,348.34212,0.0,0.0
5.5,186.743157,9984.18555,-77.9269656,-77.9269656,-81.4699412,-81.4699412,-78.2817972,-78.2817972,402.316042,406.27982,406.27982,17.1167457,17.1167457,31.0257477,31.0257477,0.740986706,4378.2217,0.0,20.9468559,1.58370987,0.0,9984.18555,4389.40267,402.316042,0.0,0.0
6.0,214.578933,9912.84345,-89.7369545,-89.7369545,-93.1453949,-93.1453949,-89.6772951,-89.6772951,457.95199,406.27982,406.27982,19.4838065,19.4838065,33.6661059,33.6661059,0.740680902,4378.2217,0.0,23.8435791,1.63462401,0.0,9912.84345,4392.20233,457.95199,0.0,0.0
6.5,242.414711,9832.65005,-101.3387784,-101.3387784,-104.3376033,-104.3376033,-100.6111196,-100.6111196,515.333012,406.27982,406.27982,21.9251122,21.9251122,36.1704765,36.1704765,0.740375146,4378.2217,0.0,26.8311607,1.68483122,0.0,9832.65005,4392.33745,515.333012,0.0,0.0
7.0,269.601878,9696.430199999999,-115.6258097,-115.6258097,-117.3402844,-117.3402844,-113.297361,-113.297361,574.470254,406.27982,406.27982,24.4411372,24.4411372,38.5725527,38.5725527,0.740069454,4348.51602,0.0,29.9101811,1.73858158,0.0,9696.430199999999,4370.18521,574.470254,0.0,0.0
7.5,255.129049,8846.3088,-115.9677464,-115.9677464,-107.7227246,-107.7227246,-103.6681141,-103.6681141,634.828014,406.27982,406.27982,27.0090885,27.0090885,41.2764907,41.2764907,0.739763836,4069.89852,0.0,33.0527474,1.71919619,0.0,8846.3088,4051.6859,634.828014,0.0,0.0
8.0,217.27214,7948.80047,-97.209784,-97.209784,-80.9029984,-80.9029984,-77.5578789,-77.5578789,692.475854,406.27982,406.27982,29.4617467,29.4617467,43.8145945,43.8145945,0.739458273,3735.52905,0.0,36.0542227,1.63912807,0.0,7948.80047,3711.88615,692.475854,0.0,0.0
8.5,217.27214,7112.736500000001,-98.2989824,-98.2989824,-73.2162965,-73.2162965,-69.9122647,-69.9122647,749.125835,406.27982,406.27982,31.8719484,31.8719484,46.1787877,46.1787877,0.739152782,3401.15957,0.0,39.0037401,1.63749852,0.0,7112.736500000001,3397.07118,749.125835,0.0,0.0
9.0,217.27214,6232.32439,-98.3435874,-98.3435874,-64.1836814,-64.1836814,-60.9302553,-60.9302553,805.674164,406.27982,406.27982,34.2778275,34.2778275,48.6188767,48.6188767,0.73884734,3066.79002,0.0,41.9479678,1.63378209,0.0,6232.32439,3063.7434,805.674164,0.0,0.0
9.5,217.27214,5636.60925,-91.7691385,-91.7691385,-54.1789377,-54.1789377,-51.2512533,-51.2512533,861.927302,406.27982,406.27982,36.671147,36.671147,51.1080469,51.1080469,0.738614287,2863.14478,0.0,44.8768256,1.61830141,0.0,5636.60925,2848.70772,861.927302,0.0,0.0
10.0,217.27214,5579.494720000001,-90.786466,-90.786466,-53.0448841,-53.0448841,-50.1664278,-50.1664278,917.734642,406.27982,406.27982,39.0454985,39.0454985,53.4932065,53.4932065,0.738584415,2860.9512,0.0,47.7824733,1.6123033,0.0,5579.494720000001,2857.52741,917.734642,0.0,0.0
10.5,217.27214,5503.48013,-90.8540714,-90.8540714,-52.3612979,-52.3612979,-49.4869889,-49.4869889,973.399991,406.27982,406.27982,41.4138104,41.4138104,55.8361217,55.8361217,0.738546057,2860.9512,0.0,50.6807271,1.60787822,0.0,5503.48013,2858.39982,973.399991,0.0,0.0
11.0,217.27214,5425.92961,-90.849663,-90.849663,-51.6209751,-51.6209751,-48.7543237,-48.7543237,1028.795401,399.762615,399.762615,43.055466,43.055466,57.1379306,57.1379306,0.738482115,2860.9512,0.0,53.5649266,1.58201813,0.0,5425.92961,2858.47539,1028.795401,0.0,0.0
11.5,217.27214,5353.13381,-90.7980745,-90.7980745,-50.8995177,-50.8995177,-48.0427778,-48.0427778,1080.6649,344.650048,344.650048,38.9759363,38.9759363,49.7704814,49.7704814,0.73843608,2860.9512,0.0,56.2655484,1.39892186,0.0,5353.13381,2858.4708,1080.6649,0.0,0.0
12.0,217.27214,5290.58755,-90.7379149,-90.7379149,-50.2714686,-50.2714686,-47.4246579,-47.4246579,1125.32699,279.86584,279.86584,32.9575683,32.9575683,40.447662,40.447662,0.73845434,2860.9512,0.0,58.5909077,1.18497157,0.0,5290.58755,2858.52265,1125.32699,0.0,0.0
12.5,217.27214,5238.40387,-90.6785751,-90.6785751,-49.7430609,-49.7430609,-46.9054489,-46.9054489,1162.60121,215.071037,215.071037,26.16552,26.16552,31.0308617,31.0308617,0.73853209,2860.9512,0.0,60.5316172,0.971555656,0.0,5238.40387,2858.57274,1162.60121,0.0,0.0
13.0,217.27214,5196.535379999999,-90.6194261,-90.6194261,-49.3132886,-49.3132886,-46.4839129,-46.4839129,1192.5078,150.2672716,150.2672716,18.7505606,18.7505606,21.6675202,21.6675202,0.738663221,2860.9512,0.0,62.0887238,0.758748145,0.0,5196.535379999999,2858.61328,1192.5078,0.0,0.0
13.5,217.27214,5176.64754,-89.8437372,-89.8437372,-48.702761,-48.702761,-45.9115634,-45.9115634,1215.06293,85.4702305,85.4702305,10.86476428,10.86476428,12.43895845,12.43895845,0.738842552,2867.93796,0.0,63.2630689,0.545415138,0.0,5176.64754,2863.5075,1215.06293,0.0,0.0
14.0,211.204157,5330.30701,-85.9932022,-85.9932022,-47.9893346,-47.9893346,-45.3516475,-45.3516475,1230.1141,22.02812758,22.02812758,2.83197481,2.83197481,3.503028332,3.503028332,0.739064578,2945.75353,0.0,64.04672,0.324797535,0.0,5330.30701,2936.23466,1230.1141,0.0,0.0
14.5,191.836762,5533.68901,-77.7588184,-77.7588184,-45.0444778,-45.0444778,-42.7404941,-42.7404941,1239.01403,1.5210149,1.5210149,0.197350547,0.197350547,0.278971557,0.278971557,0.739311424,3041.94703,0.0,64.5101014,0.220578661,0.0,5533.68901,3026.06001,1239.01403,0.0,0.0
15.0,172.002986,5736.61293,-70.3293909,-70.3293909,-42.2427921,-42.2427921,-40.214444,-40.214444,1245.98695,1.5210149,1.5210149,0.198461198,0.198461198,0.280245423,0.280245423,0.739549743,3128.5293,0.0,64.8731509,0.183794895,0.0,5736.61293,3114.56961,1245.98695,0.0,0.0
15.5,152.169207,5760.45712,-63.4498054,-63.4498054,-38.27621,-38.27621,-36.4991511,-36.4991511,1251.74171,1.5210149,1.5210149,0.199377815,0.199377815,0.281294716,0.281294716,0.739774869,3142.9778,0.0,65.1727746,0.1480961,0.0,5760.45712,3127.85147,1251.74171,0.0,0.0
16.0,132.335433,5751.47251,-55.0985712,-55.0985712,-33.1858662,-33.1858662,-31.6886995,-31.6886995,1256.20077,1.5210149,1.5210149,0.200088055,0.200088055,0.28210652,0.28210652,0.739977713,3142.9778,0.0,65.404941,0.1099745198,0.0,5751.47251,3126.71655,1256.20077,0.0,0.0
16.5,112.5016552,5747.006609999999,-46.8328599,-46.8328599,-28.1854409,-28.1854409,-26.9313846,-26.9313846,1259.34814,1.5210149,1.5210149,0.200589373,0.200589373,0.282678856,0.282678856,0.740156297,3142.9778,0.0,65.5688104,0.0721426975,0.0,5747.006609999999,3126.69599,1259.34814,0.0,0.0
17.0,92.6678781,5744.42673,-38.5693628,-38.5693628,-23.2017107,-23.2017107,-22.1571988,-22.1571988,1261.19016,1.5210149,1.5210149,0.20088277,0.20088277,0.283013564,0.283013564,0.740309568,3142.9778,0.0,65.664717,0.0344560279,0.0,5744.42673,3126.69802,1261.19016,0.0,0.0
17.5,72.8341012,5743.668680000001,-30.3059456,-30.3059456,-18.2282753,-18.2282753,-17.3597391,-17.3597391,1261.73173,1.5210149,1.5210149,0.200969034,0.200969034,0.283111938,0.283111938,0.74043615,3142.9778,0.0,65.6929141,-0.00308912008,0.0,5743.668680000001,3126.69879,1261.73173,0.0,0.0
18.0,53.0003243,5744.72437,-22.0425675,-22.0425675,-13.26036265,-13.26036265,-12.5342793,-12.5342793,1260.97777,1.5210149,1.5210149,0.200848935,0.200848935,0.282974973,0.282974973,0.740534472,3142.9778,0.0,65.6536564,-0.0404931641,0.0,5744.72437,3126.69788,1260.97777,0.0,0.0
18.5,42.990044,5767.4591,-17.5736035,-17.5736035,-10.6140296,-10.6140296,-9.960274,-9.960274,1259.13515,1.81093071,1.81093071,0.238754829,0.238754829,0.336481493,0.336481493,0.740607194,3142.9778,0.0,65.5577195,-0.0588031882,0.0,5767.4591,3135.08205,1259.13515,0.0,0.0
19.0,42.990044,5781.45083,-17.8812053,-17.8812053,-10.8258565,-10.8258565,-10.1649014,-10.1649014,1258.17842,27.566327,27.566327,3.63234916,3.63234916,4.50446757,4.50446757,0.740664414,3142.9778,0.0,65.5079084,0.02514006023,0.0,5781.45083,3140.34543,1258.17842,0.0,0.0
19.5,42.990044,5777.33148,-17.9329676,-17.9329676,-10.849456,-10.849456,-10.1877804,-10.1877804,1261.39908,69.6542833,69.6542833,9.20289527,9.20289527,10.5355184,10.5355184,0.740683796,3142.9778,0.0,65.6755926,0.1610510278,0.0,5777.33148,3140.51182,1261.39908,0.0,0.0
20.0,42.990044,5766.99553,-17.9567411,-17.9567411,-10.8444059,-10.8444059,-10.1831294,-10.1831294,1268.73016,94.5262154,94.5262154,12.558933,12.558933,14.27278265,14.27278265,0.740662565,3142.9778,0.0,66.0572925,0.240783482,0.0,5766.99553,3140.49164,1268.73016,0.0,0.0
20.5,42.990044,5755.26457,-17.9554065,-17.9554065,-10.8215423,-10.8215423,-10.16130685,-10.16130685,1277.0597,94.7186,94.7186,12.6670379,12.6670379,14.38590405,14.38590405,0.740629714,3142.9778,0.0,66.4909758,0.240491187,0.0,5755.26457,3140.47382,1277.0597,0.0,0.0
21.0,42.990044,5743.54003,-17.9802504,-17.9802504,-10.8144231,-10.8144231,-10.154695,-10.154695,1285.35808,94.7186,94.7186,12.7493489,12.7493489,14.4695205,14.4695205,0.74059598,3142.83705,0.0,66.9230355,0.239616687,0.0,5743.54003,3140.44054,1285.35808,0.0,0.0
21.5,42.990044,5704.38846,-18.4188122,-18.4188122,-11.0027121,-11.0027121,-10.3375447,-10.3375447,1293.64006,94.7186,94.7186,12.8314966,12.8314966,14.5528579,14.5528579,0.740562475,3130.83887,0.0,67.3542394,0.239457851,0.0,5704.38846,3128.98507,1293.64006,0.0,0.0
22.0,64.7190148,5694.50368,-26.7575951,-26.7575951,-15.9793947,-15.9793947,-15.1667444,-15.1667444,1302.24861,94.7186,94.7186,12.91688415,12.91688415,14.63936035,14.63936035,0.740537075,3111.32714,0.0,67.8024516,0.278299833,0.0,5694.50368,3129.89832,1302.24861,0.0,0.0
22.5,84.926414,5601.29954,-36.4790746,-36.4790746,-21.3993481,-21.3993481,-20.4167821,-20.4167821,1312.89592,94.7186,94.7186,13.0224939,13.0224939,14.7461802,14.7461802,0.740569208,3091.81543,0.0,68.3568122,0.317576004,0.0,5601.29954,3097.33229,1312.89592,0.0,0.0
23.0,84.926414,5520.57773,-35.8778534,-35.8778534,-20.7415004,-20.7415004,-19.779423,-19.779423,1323.8269,94.7186,94.7186,13.1309172,13.1309172,14.8556549,14.8556549,0.74060668,3072.30371,0.0,68.9259409,0.315285795,0.0,5520.57773,3070.12586,1323.8269,0.0,0.0
23.5,84.926414,5458.12051,-35.8626644,-35.8626644,-20.4981325,-20.4981325,-19.5422079,-19.5422079,1334.70462,94.7186,94.7186,13.2388123,13.2388123,14.964401,14.964401,0.740641039,3052.792,0.0,69.4922957,0.314011399,0.0,5458.12051,3050.48838,1334.70462,0.0,0.0
24.0,84.926414,5396.11697,-35.8620406,-35.8620406,-20.2649236,-20.2649236,-19.3144654,-19.3144654,1345.53882,94.7186,94.7186,13.34627595,13.34627595,15.072521,15.072521,0.740673035,3033.28027,0.0,70.0563876,0.31275719,0.0,5396.11697,3031.01427,1345.53882,0.0,0.0
24.5,84.926414,5333.98856,-35.8654565,-35.8654565,-20.0335056,-20.0335056,-19.0885606,-19.0885606,1356.48266,99.3212821,99.3212821,14.1097273,14.1097273,15.9229988,15.9229988,0.740701125,3013.76856,0.0,70.6261846,0.326371147,0.0,5333.98856,3011.55221,1356.48266,0.0,0.0
25.0,84.926414,5270.528130000001,-35.8755286,-35.8755286,-19.8007186,-19.8007186,-18.8613955,-18.8613955,1368.37553,110.4196925,110.4196925,15.823753,15.823753,17.8485371,17.8485371,0.740716474,2994.25683,0.0,71.2453936,0.360898246,0.0,5270.528130000001,2992.09005,1368.37553,0.0,0.0
25.5,84.926414,5222.502,-35.4948847,-35.4948847,-19.4122079,-19.4122079,-18.4854726,-18.4854726,1381.09132,113.69213,113.69213,16.4430135,16.4430135,18.5334135,18.5334135,0.740719158,2982.3635,0.0,71.9074506,0.369321482,0.0,5222.502,2979.53065,1381.09132,0.0,0.0
26.0,87.3939742,5211.73859,-36.274855,-36.274855,-19.7981135,-19.7981135,-18.8559051,-18.8559051,1393.85549,113.69213,113.69213,16.5949811,16.5949811,18.6893411,18.6893411,0.740718271,2982.2344,0.0,72.5720255,0.372021782,0.0,5211.73859,2982.50482,1393.85549,0.0,0.0
26.5,102.0253285,5212.80792,-42.5071499,-42.5071499,-23.2031226,-23.2031226,-22.1142286,-22.1142286,1407.13152,113.69213,113.69213,16.7530428,16.7530428,18.8512487,18.8512487,0.740729796,2982.2344,0.0,73.2632501,0.398305142,0.0,5212.80792,2990.70153,1407.13152,0.0,0.0
27.0,118.2582205,5194.41421,-49.3257185,-49.3257185,-26.8299056,-26.8299056,-25.5612394,-25.5612394,1421.40489,113.69213,113.69213,16.9229792,16.9229792,19.0250118,19.0250118,0.740765162,2982.2344,0.0,74.0064039,0.427339666,0.0,5194.41421,2991.38192,1421.40489,0.0,0.0
27.5,134.491111,5173.06421,-56.0895147,-56.0895147,-30.3836359,-30.3836359,-28.9151008,-28.9151008,1436.67713,113.69213,113.69213,17.1048074,17.1048074,19.2105825,19.2105825,0.740822218,2982.2344,0.0,74.8015638,0.456137468,0.0,5173.06421,2991.4154,1436.67713,0.0,0.0
28.0,146.902959,5141.5411,-61.4793542,-61.4793542,-33.1010273,-33.1010273,-31.4596457,-31.4596457,1452.89061,113.69213,113.69213,17.2978421,17.2978421,19.4071926,19.4071926,0.740898563,2982.2344,0.0,75.6457282,0.477958451,0.0,5141.5411,2987.76539,1452.89061,0.0,0.0
28.5,147.7003,5101.14374,-61.6267578,-61.6267578,-32.920455,-32.920455,-31.2777761,-31.2777761,1469.42175,113.69213,113.69213,17.494659,17.494659,19.6072361,19.6072361,0.740980178,2982.2344,0.0,76.5064324,0.477061076,0.0,5101.14374,2980.60811,1469.42175,0.0,0.0
29.0,147.7003,5077.394969999999,-61.5854637,-61.5854637,-32.7452153,-32.7452153,-31.1061987,-31.1061987,1485.67267,105.34023,105.34023,16.3849587,16.3849587,18.3435116,18.3435116,0.741060928,2982.2344,0.0,77.3525501,0.447911799,0.0,5077.394969999999,2980.21488,1485.67267,0.0,0.0
29.5,147.7003,5058.38574,-61.5504257,-61.5504257,-32.6040598,-32.6040598,-30.9680788,-30.9680788,1499.17194,68.6808496,68.6808496,10.7786004,10.7786004,12.14324725,12.14324725,0.741164905,2982.2344,0.0,78.0553987,0.32751314,0.0,5058.38574,2980.18709,1499.17194,0.0,0.0
30.0,147.7003,5045.6093,-61.5148685,-61.5148685,-32.5029202,-32.5029202,-30.8694073,-30.8694073,1508.29425,29.7632101,29.7632101,4.69871694,4.69871694,5.67031593,5.67031593,0.741305593,2982.2344,0.0,78.530356,0.20035509,0.0,5045.6093,2980.19712,1508.29425,0.0,0.0
30.5,147.7003,5038.97933,-61.479678,-61.479678,-32.4416395,-32.4416395,-30.8099862,-30.8099862,1513.03028,-9.15443042,-9.15443042,-1.451323174,-1.451323174,-0.989745686,-0.989745686,0.741481603,2982.2344,0.0,78.7769401,0.0737639636,0.0,5038.97933,2980.20371,1513.03028,0.0,0.0
31.0,147.7003,5038.46288,-61.4446482,-61.4446482,-32.4198297,-32.4198297,-30.7894266,-30.7894266,1513.39965,-48.0720714,-48.0720714,-7.61799082,-7.61799082,-6.64216807,-6.64216807,0.741688221,2982.2344,0.0,78.796173,-0.05225776195,0.0,5038.46288,2980.20444,1513.39965,0.0,0.0
31.5,147.7003,5044.03658,-61.4096246,-61.4096246,-32.4371936,-32.4371936,-30.8074375,-30.8074375,1509.41796,-86.989712,-86.989712,-13.7480332,-13.7480332,-12.28113475,-12.28113475,0.741922385,2982.2344,0.0,78.5888644,-0.178404676,0.0,5044.03658,2980.19891,1509.41796,0.0,0.0
32.0,147.7003,5055.79446,-61.3736121,-61.3736121,-32.4937357,-32.4937357,-30.8640613,-30.8640613,1501.01702,-125.907351,-125.907351,-19.7873109,-19.7873109,-17.6565664,-17.6565664,0.742182292,2982.2344,0.0,78.1514629,-0.307869966,0.0,5055.79446,2980.18611,1501.01702,0.0,0.0
32.5,147.7003,5062.32453,-62.0683094,-62.0683094,-32.9024047,-32.9024047,-31.2481358,-31.2481358,1488.28424,-158.322276,-158.322276,-24.6731161,-24.6731161,-21.8653099,-21.8653099,0.742465363,2975.33819,0.0,77.488521,-0.414175704,0.0,5062.32453,2975.46879,1488.28424,0.0,0.0
33.0,147.7003,4877.07365,-63.8646404,-63.8646404,-32.6180505,-32.6180505,-30.9213019,-30.9213019,1473.72619,-161.77066,-161.77066,-24.9657835,-24.9657835,-22.0848254,-22.0848254,0.742759318,2890.0402,0.0,76.7305468,-0.420686063,0.0,4877.07365,2889.88425,1473.72619,0.0,0.0
33.5,147.7003,4636.31902,-63.7421928,-63.7421928,-30.9477611,-30.9477611,-29.2796157,-29.2796157,1459.20869,-161.77066,-161.77066,-24.7198486,-24.7198486,-21.8442739,-21.8442739,0.743047043,2782.96361,0.0,75.9746825,-0.419070586,0.0,4636.31902,2781.22775,1459.20869,0.0,0.0
34.0,147.7003,4399.47992,-63.7391983,-63.7391983,-29.3654423,-29.3654423,-27.7211951,-27.7211951,1444.75196,-161.77066,-161.77066,-24.4749429,-24.4749429,-21.6051839,-21.6051839,0.743326739,2675.88704,0.0,75.2219854,-0.417264446,0.0,4399.47992,2674.23616,1444.75196,0.0,0.0
34.5,147.7003,4162.64677,-63.7396299,-63.7396299,-27.7848269,-27.7848269,-26.1644058,-26.1644058,1430.35737,-161.77066,-161.77066,-24.2310907,-24.2310907,-21.3675732,-21.3675732,0.743598487,2568.81045,0.0,74.4725219,-0.415477816,0.0,4162.64677,2567.28319,1430.35737,0.0,0.0
35.0,147.7003,3943.006,-62.8240699,-62.8240699,-25.9450308,-25.9450308,-24.3769215,-24.3769215,1416.01405,-161.77066,-161.77066,-23.988106,-23.988106,-21.131256,-21.131256,0.743861942,2471.4823,0.0,73.725727,-0.415373504,0.0,3943.006,2467.51408,1416.01405,0.0,0.0
35.5,147.7003,3923.93175,-61.2368442,-61.2368442,-25.1631069,-25.1631069,-23.6502828,-23.6502828,1401.61438,-161.77066,-161.77066,-23.7441673,-23.7441673,-20.8944597,-20.8944597,0.744117245,2453.982,0.0,72.9759983,-0.41649799,0.0,3923.93175,2451.1692,1401.61438,0.0,0.0
36.0,147.7003,3947.33423,-61.3412059,-61.3412059,-25.3562401,-25.3562401,-23.8373689,-23.8373689,1387.25009,-161.77066,-161.77066,-23.5008274,-23.5008274,-20.658693,-20.658693,0.744371341,2453.982,0.0,72.2281114,-0.414580258,0.0,3947.33423,2452.52006,1387.25009,0.0,0.0
36.5,147.7003,4183.54824,-56.2428795,-56.2428795,-24.6058926,-24.6058926,-23.2262966,-23.2262966,1372.82105,-161.77066,-161.77066,-23.2563907,-23.2563907,-20.422316,-20.422316,0.744622894,2553.20258,0.0,71.4768522,-0.422091568,0.0,4183.54824,2542.38533,1372.82105,0.0,0.0
37.0,147.7003,4869.11158,-55.2256869,-55.2256869,-28.1607512,-28.1607512,-26.7488138,-26.7488138,1359.59053,-124.637715,-124.637715,-17.7523533,-17.7523533,-15.67593265,-15.67593265,0.744872568,2822.55869,0.0,70.7879961,-0.297342469,0.0,4869.11158,2819.92811,1359.59053,0.0,0.0
37.5,142.453822,5519.66611,-53.8761361,-53.8761361,-31.1075671,-31.1075671,-29.6710793,-29.6710793,1353.79376,-46.5204851,-46.5204851,-6.59616,-6.59616,-5.66926897,-5.66926897,0.7451021,3094.48668,0.0,70.4861848,-0.046828984712,0.0,5519.66611,3087.24399,1353.79376,0.0,0.0
38.0,84.5205785,6082.27309,-28.7256084,-28.7256084,-18.1663855,-18.1663855,-17.284504,-17.284504,1354.75756,31.59674724,31.59674724,4.484704684,4.484704684,5.335809768,5.335809768,0.745255083,3366.41464,0.0,70.5363654,0.094544886,0.0,6082.27309,3321.91163,1354.75756,0.0,0.0
38.5,73.89841,6815.826709999999,-24.407944,-24.407944,-17.4277874,-17.4277874,-16.57295275,-16.57295275,1361.77734,109.710791,109.710791,15.65292865,15.65292865,17.6972422,17.6972422,0.745284786,3638.34264,0.0,70.9018558,0.326542352,0.0,6815.826709999999,3631.24752,1361.77734,0.0,0.0
39.0,73.89841,7456.33357,-24.8183828,-24.8183828,-19.3793286,-19.3793286,-18.45264,-18.45264,1377.4255,187.830141,187.830141,27.1067977,27.1067977,31.1334004,31.1334004,0.745227442,3910.27066,0.0,71.716586,0.578150911,0.0,7456.33357,3906.90402,1377.4255,0.0,0.0
39.5,73.89841,8061.35778,-26.1706272,-26.1706272,-22.1181403,-22.1181403,-21.0404254,-21.0404254,1401.25341,246.900332,246.900332,36.2337793,36.2337793,42.3470193,42.3470193,0.745042376,4171.96257,0.0,72.9572014,0.768788148,0.0,8061.35778,4172.57189,1401.25341,0.0,0.0
40.0,73.89841,8198.06512,-31.3512679,-31.3512679,-26.9156597,-26.9156597,-25.7067413,-25.7067413,1428.32468,250.4549,250.4549,37.461494,37.461494,43.7281842,43.7281842,0.744846319,4243.253,0.0,74.366687,0.786011053,0.0,8198.06512,4245.26363,1428.32468,0.0,0.0
40.5,73.89841,8146.5523,-30.979719,-30.979719,-26.4289662,-26.4289662,-25.2408547,-25.2408547,1455.42478,250.4549,250.4549,38.172263,38.172263,44.4473659,44.4473659,0.744662717,4243.253,0.0,75.7776691,0.781992167,0.0,8146.5523,4239.65234,1455.42478,0.0,0.0
41.0,73.89841,8108.4492,-30.9663182,-30.9663182,-26.2939596,-26.2939596,-25.1164852,-25.1164852,1482.39997,250.4549,250.4549,38.8797568,38.8797568,45.1597008,45.1597008,0.744465371,4243.253,0.0,77.1821536,0.778548977,0.0,8108.4492,4239.54783,1482.39997,0.0,0.0
41.5,73.89841,8093.91365,-29.4227179,-29.4227179,-24.9306514,-24.9306514,-23.7854107,-23.7854107,1509.23563,250.4549,249.606782,39.5835916,39.4485757,45.8511826,45.6951433,0.744251747,4257.50567,0.0,78.5793691,0.769657291,0.0,8093.91365,4249.16883,1509.23563,0.0,0.0
42.0,73.89841,8518.74585,-25.199326,-25.199326,-22.4837824,-22.4837824,-21.2978979,-21.2978979,1535.4543,250.4549,248.395556,40.2712439,39.9415401,46.5173251,46.1364785,0.743968563,4449.36254,0.0,79.944463,0.754945126,0.0,8518.74585,4441.25354,1535.4543,0.0,0.0
42.5,73.89841,9064.281700000001,-26.6693681,-26.6693681,-25.335337,-25.335337,-23.948569,-23.948569,1561.68778,250.4549,250.4549,40.9592846,40.9592846,47.2446522,47.2446522,0.743670795,4683.9896,0.0,81.3103245,0.760656935,0.0,9064.281700000001,4683.57249,1561.68778,0.0,0.0
43.0,73.89841,9183.0844,-31.3042356,-31.3042356,-30.1042432,-30.1042432,-28.5909604,-28.5909604,1588.09403,250.4549,250.4549,41.6518556,41.6518556,47.9515695,47.9515695,0.743450211,4747.5166,0.0,82.6851861,0.765132138,0.0,9183.0844,4748.42547,1588.09403,0.0,0.0
43.5,80.860989,9150.3787,-33.3811613,-33.3811613,-31.9893262,-31.9893262,-30.4327409,-30.4327409,1614.55014,250.4549,250.4549,42.3457347,42.3457347,48.6571138,48.6571138,0.743252479,4747.5166,0.0,84.0626403,0.773193741,0.0,9150.3787,4750.26408,1614.55014,0.0,0.0
44.0,116.5459225,9156.2281,-48.6137696,-48.6137696,-46.6084084,-46.6084084,-44.6037641,-44.6037641,1642.3092,250.4549,250.4549,43.073789,43.073789,49.3944908,49.3944908,0.743141186,4747.5166,0.0,85.5079346,0.837366593,0.0,9156.2281,4768.90623,1642.3092,0.0,0.0
44.5,155.349945,9117.20595,-64.8920066,-64.8920066,-61.9496358,-61.9496358,-59.4201773,-59.4201773,1672.45824,250.4549,250.4549,43.8645258,43.8645258,50.1920126,50.1920126,0.743155589,4747.5166,0.0,87.0776637,0.906585516,0.0,9117.20595,4770.27259,1672.45824,0.0,0.0
45.0,194.153962,9071.718700000001,-81.0599232,-81.0599232,-76.999377,-76.999377,-73.9770246,-73.9770246,1704.98797,250.4549,250.4549,44.7177012,44.7177012,51.0486341,51.0486341,0.743261258,4747.5166,0.0,88.7713501,0.975185696,0.0,9071.718700000001,4770.33908,1704.98797,0.0,0.0
45.5,232.957976,9022.86825,-97.225548,-97.225548,-91.858699,-91.858699,-88.364347,-88.364347,1739.8816,250.4549,250.4549,45.632877,45.632877,51.9654642,51.9654642,0.743442374,4747.5166,0.0,90.5881083,1.04333562,0.0,9022.86825,4770.38607,1739.8816,0.0,0.0
46.0,265.948241,8956.9128,-111.4181595,-111.4181595,-104.4997782,-104.4997782,-100.5866832,-100.5866832,1777.06151,250.4549,250.4549,46.6080157,46.6080157,52.9566439,52.9566439,0.743687504,4747.5166,0.0,92.5239061,1.10083094,0.0,8956.9128,4764.6506,1777.06151,0.0,0.0
46.5,269.8365,8856.6199,-112.725001,-112.725001,-104.5485235,-104.5485235,-100.5992675,-100.5992675,1815.23252,250.4549,250.4549,47.6091487,47.6091487,53.9736312,53.9736312,0.743956085,4747.5166,0.0,94.5113051,1.10172539,0.0,8856.6199,4745.20571,1815.23252,0.0,0.0
47.0,269.8365,8799.61485,-112.5883136,-112.5883136,-103.7494036,-103.7494036,-99.8073511,-99.8073511,1853.21114,250.4549,250.4549,48.605235,48.605235,54.9810078,54.9810078,0.744215431,4747.5166,0.0,96.4886879,1.09547521,0.0,8799.61485,4743.66107,1853.21114,0.0,0.0
47.5,269.8365,8746.66535,-112.583808,-112.583808,-103.1209886,-103.1209886,-99.1820145,-99.1820145,1890.97812,250.4549,250.4549,49.5957718,49.5957718,55.978362,55.978362,0.744467116,4747.5166,0.0,98.455049,1.08936516,0.0,8746.66535,4743.68028,1890.97812,0.0,0.0
48.0,269.8365,8694.086800000001,-112.5821146,-112.5821146,-102.499559,-102.499559,-98.562698,-98.562698,1928.53371,250.673105,250.673105,50.6252077,50.6252077,57.020355,57.020355,0.7447113,4747.5166,0.0,100.4104085,1.08387573,0.0,8694.086800000001,4743.73041,1928.53371,0.0,0.0
48.5,269.8365,8641.144,-112.5903074,-112.5903074,-101.8827914,-101.8827914,-97.9456881,-97.9456881,1966.38379,262.122179,262.122179,53.9818664,53.9818664,60.8782327,60.8782327,0.744942562,4747.5166,0.0,102.3810971,1.11456038,0.0,8641.144,4743.80073,1966.38379,0.0,0.0
49.0,269.8365,8586.3793,-112.597805,-112.597805,-101.2438406,-101.2438406,-97.3067482,-97.3067482,2005.48514,271.4043,271.4043,56.9986775,56.9986775,64.3187872,64.3187872,0.745149631,4747.5166,0.0,104.4169371,1.13791379,0.0,8586.3793,4743.84373,2005.48514,0.0,0.0
49.5,269.8365,8531.44435,-112.59537,-112.59537,-100.593918,-100.593918,-96.65748,-96.65748,2044.70636,271.4043,271.4043,58.113401,58.113401,65.4463863,65.4463863,0.745343882,4747.5166,0.0,106.4590185,1.13105446,0.0,8531.44435,4743.885990000001,2044.70636,0.0,0.0
50.0,269.8365,8476.867900000001,-112.5934123,-112.5934123,-99.9486716,-99.9486716,-96.013187,-96.013187,2083.689,271.4043,271.4043,59.2213394,59.2213394,66.56269,66.56269,0.745529109,4747.5166,0.0,108.4886729,1.12410615,0.0,8476.867900000001,4743.93799,2083.689,0.0,0.0
50.5,269.8365,8422.6306,-112.5914565,-112.5914565,-99.3074462,-99.3074462,-95.3732221,-95.3732221,2122.42984,271.4043,271.4043,60.3224084,60.3224084,67.668823,67.668823,0.745705286,4747.5166,0.0,110.5057387,1.11707091,0.0,8422.6306,4743.98993,2122.42984,0.0,0.0
51.0,269.8365,8004.14525,-121.1153784,-121.1153784,-101.4298419,-101.4298419,-97.1786887,-97.1786887,2161.13001,271.4043,271.4043,61.4223206,61.4223206,68.7844999,68.7844999,0.745880586,4580.31532,0.0,112.5206898,1.12473856,0.0,8004.14525,4592.45176,2161.13001,0.0,0.0
51.5,267.995456,6853.46105,-121.9500344,-121.9500344,-87.5463811,-87.5463811,-83.2133461,-83.2133461,2199.95785,271.4043,271.4043,62.525862,62.525862,69.9047404,69.9047404,0.746018878,4139.47084,0.0,114.5422874,1.11674463,0.0,6853.46105,4136.3148,2199.95785,0.0,0.0
52.0,262.511438,5725.34061,-119.4936646,-119.4936646,-71.6660025,-71.6660025,-67.4494443,-67.4494443,2238.25586,271.4043,271.4043,63.6143454,63.6143454,71.006076,71.006076,0.746051012,3694.97979,0.0,116.5363025,1.09874675,0.0,5725.34061,3689.25759,2238.25586,0.0,0.0
52.5,256.929496,4605.56569,-117.1564974,-117.1564974,-56.5263637,-56.5263637,-52.476144,-52.476144,2275.92793,271.4043,270.761981,64.6850378,64.5308438,72.0745288,71.9030433,0.745942002,3250.48871,0.0,118.4977219,1.07876267,0.0,4605.56569,3245.3074,2275.92793,0.0,0.0
53.0,251.347543,3488.92327,-114.7986845,-114.7986845,-41.9656221,-41.9656221,-38.1659391,-38.1659391,2311.4399,271.4043,236.25688,65.6943394,57.1718981,72.509918,63.1182925,0.745666271,2805.99761,0.0,120.3466768,0.949505847,0.0,3488.92327,2801.39944,2311.4399,0.0,0.0
53.5,245.765597,2380.5977,-112.4240261,-112.4240261,-28.0494382,-28.0494382,-24.6005918,-24.6005918,2341.09082,271.4043,185.152857,66.5370581,45.3803892,72.6253935,49.5430789,0.745359477,2361.50652,0.0,121.8904718,0.767584528,0.0,2380.5977,2357.52997,2341.09082,0.0,0.0
54.0,240.183649,1280.872048,-110.0536786,-110.0536786,-14.78420675,-14.78420675,-11.8361428,-11.8361428,2364.63228,271.4043,136.990159,67.2061391,33.9137528,72.853235,36.7677218,0.745052762,1917.01542,0.0,123.116173,0.596357693,0.0,1280.872048,1913.67164,2364.63228,0.0,0.0
54.5,234.601698,247.93810363,-115.0342611,-115.0342611,-2.8153309992,-2.8153309992,-1.6684813801,-1.6684813801,2382.58492,271.4043,98.3141047,67.7163771,24.526609,73.3505526,26.5665736,0.744746105,1472.52431,0.0,124.05089,0.435610074,0.0,247.93810363,1494.34263,2382.58492,0.0,0.0
55.0,229.01975,-7.118423962,-246.620083,-86.2826579,0.20273905488,0.068454429242,0.55700236006,0.188264668466,2397.07062,271.4043,90.7740685,68.1280816,22.7858422,73.814084,24.6875201,0.744439511,1152.94329,0.0,124.805097,0.399782189,0.0,-7.118423962,1396.6698,2397.07062,0.0,0.0
55.5,225.149348,-62.2116896,-300.0,-93.8492081,1.95443784,0.611113712,5.05526912,1.58074429,2410.44577,271.4043,85.0405465,68.5082217,21.4658385,74.312089,23.2843528,0.744132979,1139.7217,0.0,125.5014843,0.373109493,0.0,-62.2116896,1381.55476,2410.44577,0.0,0.0
56.0,225.01904,-62.3311055,-300.0,-93.5187682,1.95818942,0.610424915,5.06712693,1.57957166,2423.23384,271.4043,84.5787338,68.871677,21.4627378,74.6976985,23.2783225,0.743826512,1139.7217,0.0,126.1673055,0.368218644,0.0,-62.3311055,1388.97195,2423.23384,0.0,0.0
56.5,225.01904,-57.0278573,-300.0,-93.5197978,1.791583,0.558494855,4.67367343,1.45693646,2435.91775,271.4043,84.577521,69.2321709,21.5747705,75.0691973,23.3937587,0.743520085,1139.7217,0.0,126.8276985,0.365556815,0.0,-57.0278573,1398.58463,2435.91775,0.0,0.0
57.0,220.470695,-67.1270919,-300.0,-92.045159,2.10885977,0.645399613,5.39041764,1.65017085,2448.40426,271.4043,83.4173525,69.5870555,21.3875236,75.4627283,23.1933288,0.743213769,1139.7217,0.0,127.4778171,0.351311426,0.0,-67.1270919,1401.67312,2448.40426,0.0,0.0
57.5,207.651686,-131.5472821,-300.0,-87.1024064,4.13267982,1.196343656,9.52050918,2.75767123,2459.86735,271.4043,78.9440102,69.9128533,20.3352805,75.9070035,22.0786363,0.742907495,1139.7217,0.0,128.0746504,0.310875504,0.0,-131.5472821,1381.5606,2459.86735,0.0,0.0
58.0,194.671768,-223.056004,-300.0,-81.8984524,7.00751092,1.90853634,14.0900315,3.84038371,2469.90956,273.186348,74.653468,70.659539,19.3086997,76.8079739,20.9887354,0.742601287,1139.7217,0.0,128.597505,0.270677723,0.0,-223.056004,1349.34675,2469.90956,0.0,0.0
58.5,181.691847,-340.19599,-300.0,-76.8371505,10.6875721,2.73134015,18.4894973,4.72888066,2478.62315,277.568091,71.148445,72.0461038,18.4670982,78.3899065,20.0930541,0.742295136,1139.7217,0.0,129.051187,0.233546574,0.0,-340.19599,1305.69171,2478.62315,0.0,0.0
59.0,168.71193,-497.842813,-300.0,-71.8865611,15.6401931,3.74013302,23.58211,5.64375335,2486.05818,281.972024,67.6132261,73.4086882,17.6021839,79.9517612,19.1710002,0.741989047,1139.7217,0.0,129.438296,0.196780505,0.0,-497.842813,1244.43496,2486.05818,0.0,0.0
59.5,155.73201,-704.857766,-297.546945,-66.6744322,21.9463355,4.91016486,29.2191373,6.54007473,2492.23174,286.375959,64.194,74.740296,16.7535807,81.4947704,18.2675013,0.741683023,1139.7217,0.0,129.759728,0.160200797,0.0,-704.857766,1161.89915,2492.23174,0.0,0.0
60.0,142.752091,-848.391993,-276.253354,-60.130986,24.5231283,5.33784274,31.0055475,6.74884175,2497.20443,290.779898,63.2797757,76.0410404,16.5481188,82.9495915,18.0515608,0.741377072,1139.7217,0.0,130.018631,0.1296622335,0.0,-848.391993,1105.07706,2497.20443,0.0,0.0
60.5,129.7721716,-887.666738,-245.379634,-54.0762057,22.8071202,5.02626583,28.2722444,6.23056528,2501.31037,295.183828,65.032732,77.3195934,17.0345259,84.2559237,18.5626669,0.741071171,1139.7217,0.0,130.232407,0.1087900574,0.0,-887.666738,1091.13193,2501.31037,0.0,0.0
61.0,116.7922544,-890.60192,-215.434758,-48.6198881,20.0910277,4.53425505,24.692787,5.57269098,2504.75674,298.14644,67.2731959,78.2030809,17.6456494,85.1511826,19.2133746,0.740765362,1139.7217,0.0,130.411851,0.0906780149,0.0,-890.60192,1091.92295,2504.75674,0.0,0.0
61.5,105.4599224,-886.619033,-186.54636,-43.462541,17.32715025,4.03651638,21.173131,4.93251965,2507.59097,298.2265,69.46423,78.312585,18.2409625,85.2052034,19.8463834,0.740459594,1139.7217,0.0,130.559413,0.0749755991,0.0,-886.619033,1095.23517,2507.59097,0.0,0.0
62.0,103.86253,-770.955722,-169.079651,-40.9395397,13.7143161,3.3150327,17.1419217,4.14462554,2510.17408,298.2265,72.190274,78.3932535,18.9763952,85.2134346,20.6271166,0.740153869,1177.05348,0.0,130.693902,0.0769824871,0.0,-770.955722,1144.87171,2510.17408,0.0,0.0
62.5,103.86253,-260.016660692,-131.461423,-36.8404577,3.75128689196,0.99625034713,5.73304495227,1.5309550518,2513.12355,298.2265,81.4679045,78.4853674,21.4405766,85.0533866,23.2336262,0.739848231,1416.67194,0.0,130.847473,0.0985859045,0.0,-260.016660692,1359.19944,2513.12355,0.0,0.0
63.0,103.86253,191.07945776,-51.7732288,-28.02233253,-0.60950795866,-0.61603132814,-0.4126926545,-0.4312386066,2517.11093,298.2265,88.3494292,78.6098961,23.2883555,85.0048705,25.1826224,0.739542654,1686.38739,0.0,131.055077,0.119096293,0.0,191.07945776,1549.23207,2517.11093,0.0,0.0
63.5,103.86253,1131.167124,-36.0665914,-36.0665914,-4.29572158,-4.29572158,-3.68256568,-3.68256568,2521.71352,298.2265,99.6670728,78.7536345,26.3198959,85.0469929,28.4229455,0.739237147,1956.10296,0.0,131.294719,0.154893103,0.0,1131.167124,1943.09689,2521.71352,0.0,0.0
64.0,103.86253,1802.65712,-37.2099164,-37.2099164,-7.02473067,-7.02473067,-6.33138863,-6.33138863,2527.62841,298.2265,108.7693255,78.9383571,28.7909024,85.1786205,31.0667424,0.738931706,2225.81848,0.0,131.602676,0.185044703,0.0,1802.65712,2225.96247,2527.62841,0.0,0.0
64.5,103.86253,2441.04334,-37.2408985,-37.2408985,-9.5197677,-9.5197677,-8.77813073,-8.77813073,2534.46723,298.2265,117.0501654,79.1519345,31.0666553,85.367964,33.5064192,0.738626303,2495.53395,0.0,131.958744,0.210396725,0.0,2441.04334,2495.59285,2534.46723,0.0,0.0
65.0,103.86253,3065.179,-38.4037851,-38.4037851,-12.3516648,-12.3516648,-11.5377527,-11.5377527,2542.186,298.2265,126.2255769,79.3929926,33.6043571,85.6448909,36.2507127,0.738320986,2756.23661,0.0,132.360629,0.240406429,0.0,3065.179,2759.80729,2542.186,0.0,0.0
65.5,103.86253,3233.73438,-43.6818181,-43.6818181,-14.79265145,-14.79265145,-13.8447509,-13.8447509,2551.22825,298.2265,133.805879,79.6753854,35.7479273,85.9603062,38.5677959,0.738015715,2829.607,0.0,132.83142,0.272138007,0.0,3233.73438,2835.22412,2551.22825,0.0,0.0
66.0,103.86253,3206.71588,-43.3049847,-43.3049847,-14.5421007,-14.5421007,-13.60517805,-13.60517805,2560.49781,298.2265,132.496167,79.9648745,35.5267619,86.2520694,38.320038,0.737710531,2829.607,0.0,133.314044,0.265199606,0.0,3206.71588,2829.39385,2560.49781,0.0,0.0
66.5,103.86253,3193.63025,-43.2907511,-43.2907511,-14.4779939,-14.4779939,-13.54218695,-13.54218695,2569.5917,298.2265,131.812919,80.2488801,35.4690938,86.5403264,38.2498453,0.737405383,2829.607,0.0,133.787523,0.260951002,0.0,3193.63025,2829.25871,2569.5917,0.0,0.0
67.0,103.86253,3181.09304,-43.2893696,-43.2893696,-14.4206969,-14.4206969,-13.4856904,-13.4856904,2578.54225,298.2265,131.163608,80.528408,35.4173146,86.8240686,38.1862216,0.737100321,2829.607,0.0,134.253537,0.256859357,0.0,3181.09304,2829.26808,2578.54225,0.0,0.0
67.5,103.86253,3168.75851,-43.2882478,-43.2882478,-14.3644093,-14.3644093,-13.4302068,-13.4302068,2587.35265,298.2265,130.528721,80.8035564,35.3663091,87.1033355,38.1236149,0.736795309,2829.607,0.0,134.712259,0.252839229,0.0,3168.75851,2829.2799,2587.35265,0.0,0.0
68.0,103.86253,3156.61695,-43.2871486,-43.2871486,-14.309007,-14.309007,-13.3756178,-13.3756178,2596.02513,298.2265,129.907501,81.0744002,35.315974,87.378201,38.0619062,0.73649036,2829.607,0.0,135.163801,0.248887529,0.0,3156.61695,2829.29158,2596.02513,0.0,0.0
68.5,104.0329015,3145.05395,-43.334454,-43.334454,-14.2721544,-14.2721544,-13.33840695,-13.33840695,2604.56391,298.2265,129.354076,81.341069,35.2812087,87.6489645,38.0172238,0.73618548,2829.607,0.0,135.608377,0.245460991,0.0,3145.05395,2829.46584,2604.56391,0.0,0.0
69.0,106.265759,3136.84063,-44.2673067,-44.2673067,-14.5412222,-14.5412222,-13.5857574,-13.5857574,2613.0914,298.2265,129.763559,81.607385,35.5088505,87.9223465,38.2566019,0.735880662,2829.607,0.0,136.052369,0.249089181,0.0,3136.84063,2831.02728,2613.0914,0.0,0.0
69.5,108.2682098,3044.65382,-51.9497547,-51.9497547,-16.3696674,-16.3696674,-15.1934496,-15.1934496,2621.88334,296.144457,134.664451,81.3099861,36.97553,87.6105801,39.8416509,0.735575894,2774.71385,0.0,136.510126,0.278634978,0.0,3044.65382,2797.80126,2621.88334,0.0,0.0
70.0,108.345116,809.65102001,-96.1754569,-64.8368447,-6.61053279563,-6.625348920816,-5.48978114216,-5.531469964465,2631.27573,292.158361,101.7921654,80.502998,28.0444371,86.8459125,30.2458898,0.735271208,1780.00158,0.0,136.999145,0.2031824584,0.0,809.65102001,1873.28421,2631.27573,0.0,0.0
70.5,108.345116,-665.191807,-244.922122,-55.1953008,17.1469703,3.73787402,22.38945197,4.91436165,2635.10441,288.17426,65.7490452,79.520898,18.1429431,86.5246811,19.7362202,0.734966585,1057.8895,0.011702334386,137.198487,0.0569363476,0.0,-665.191807,1261.82679,2635.10441,-0.28684502,0.031670076
71.0,108.345116,-1211.98442,-222.842822,-46.2700717,28.2533885,5.86735918,32.9505996,6.84259182,2634.92063,284.189352,59.0179062,78.4159629,16.2846862,85.7171756,17.8008956,0.734662027,1057.8895,0.758483729,137.18892,-0.0787091485,0.0,-1211.98442,1034.195032,2634.92063,-18.9132983,2.08720905
71.5,108.345116,-1193.03852,-206.10555,-44.4399032,25.7537552,5.55191662,30.0500126,6.47827477,2629.54736,280.2042,60.4064409,77.1588593,16.6337669,84.2301574,18.1581214,0.734357506,1057.8895,1.91366401,136.909155,-0.228764386,0.0,-1193.03852,1038.94118,2629.54736,-47.7989051,5.26411404
72.0,108.345116,-1143.69089,-202.825059,-44.9156274,24.2922233,5.37933752,28.53324,6.31851371,2620.35803,276.219043,61.1662049,75.7957347,16.7841735,82.689848,18.310795,0.734053064,1057.8895,2.333796,136.430708,-0.279128332,0.0,-1143.69089,1054.10949,2620.35803,-58.344902,6.40401236
72.5,108.345116,-1127.12566,-200.060569,-44.9619943,23.6139756,5.30698202,27.7956649,6.24678178,2610.7733,274.22974,61.6270739,74.97428,16.8487672,81.7677682,18.375443,0.73374869,1057.8895,2.333796,135.931675,-0.275392947,0.0,-1127.12566,1055.40596,2610.7733,-58.344902,6.38058786
73.0,108.345116,-1108.80629,-198.515058,-44.9812873,23.0505233,5.22294575,27.1957719,6.16221226,2601.31879,274.22974,62.1346026,74.7027745,16.9260175,81.4418062,18.4529322,0.733444367,1057.8895,2.333796,135.439414,-0.271590734,0.0,-1108.80629,1057.50837,2601.31879,-58.344902,6.3574816
73.5,108.345116,-1094.92693,-197.289882,-45.0112173,22.6214937,5.16100708,26.7372295,6.10000191,2591.99107,274.22974,62.5624315,74.4349048,16.981454,81.1265245,18.5080655,0.733140116,1057.8895,2.333796,134.953761,-0.268063979,0.0,-1094.92693,1057.83726,2591.99107,-58.344902,6.3346851
74.0,108.345116,-1082.28674,-195.959677,-45.0103726,22.2095914,5.10133201,26.2924604,6.03913368,2582.78291,274.22974,62.985844,74.1704729,17.0356467,80.8153775,18.5618604,0.732835928,1057.8895,2.333796,134.474334,-0.264639256,0.0,-1082.28674,1057.72037,2582.78291,-58.344902,6.3121809
74.5,108.345116,-1069.50698,-194.636219,-45.0094656,21.799111,5.04099311,25.8484077,5.97738876,2573.69283,274.22974,63.4128295,73.909432,17.0907692,80.5076552,18.6165355,0.732531805,1057.8895,2.333796,134.001052,-0.261236615,0.0,-1069.50698,1057.73048,2573.69283,-58.344902,6.28996518
75.0,108.345116,-1056.8165,-193.346202,-45.0098792,21.397679,4.98122386,25.4134007,5.91605987,2564.71974,274.22974,63.8364794,73.6517476,17.1449669,80.2064559,18.6707984,0.732227744,1057.8895,2.333796,133.533858,-0.257875448,0.0,-1056.8165,1057.77178,2564.71974,-58.344902,6.26803543
75.5,108.345116,-1044.16289,-192.114887,-45.0101228,21.0068325,4.92160817,24.989457,5.85468659,2555.86151,274.22974,64.2459686,73.3973629,17.1953509,79.9270476,18.725109,0.731923747,1057.8895,2.333796,133.072651,-0.254592667,0.0,-1044.16289,1057.86477,2555.86151,-58.344902,6.24638639
76.0,108.345116,-1031.7649,-190.93004,-45.0125414,20.6293838,4.86343255,24.5793558,5.79465347,2547.1158,274.22974,64.6481611,73.1462101,17.2437903,79.6545076,18.7780829,0.731619806,1057.8895,2.333796,132.617303,-0.251361288,0.0,-1031.7649,1057.9171,2547.1158,-58.344902,6.22501243
76.5,108.345116,-1042.77569,-185.947617,-45.5581749,20.2989461,4.97518304,24.166177,5.9227619,2538.47077,262.793609,64.386462,69.85991,17.1158061,76.0927124,18.6429189,0.731315914,1057.8895,2.333796,132.167192,-0.249360815,0.0,-1042.77569,1048.28769,2538.47077,-58.344902,6.20388437
77.0,108.345116,-1083.0131,-166.340664,-45.2312293,18.8632224,5.12974329,22.3340827,6.07350929,2529.84703,235.483082,64.0432537,62.3873871,16.9666322,67.970936,18.4851196,0.731012099,1057.8895,2.333796,131.718193,-0.249154361,0.0,-1083.0131,1026.509265,2529.84703,-58.344902,6.18280842
77.5,108.345116,-1074.14641,-145.004169,-44.9604861,16.3138762,5.05734984,19.3314892,5.99297855,2521.27936,208.07272,64.5172724,54.9389885,17.0343139,59.8551294,18.558601,0.730708345,1057.8895,2.333796,131.272107,-0.246224365,0.0,-1074.14641,1025.19614,2521.27936,-58.344902,6.16186959
78.0,108.345116,-1058.37635,-125.1636425,-45.0003774,13.87450705,4.98751952,16.4745802,5.92230953,2512.82531,180.662357,64.9557555,47.5419243,17.0925878,51.7964887,18.6222258,0.730404658,1057.8895,2.333796,130.831945,-0.242899682,0.0,-1058.37635,1026.82197,2512.82531,-58.344902,6.14120835
78.5,119.7586637,-990.4994,-114.5903078,-48.5100989,11.8696596,5.01408309,14.2981807,6.04311242,2504.64393,153.251992,64.7021023,40.1976321,16.970566,43.806542,18.4943813,0.730101031,1057.8895,2.333796,130.405974,-0.222548464,0.0,-990.4994,1050.28898,2504.64393,-58.344902,6.12121343
79.0,152.033785,-889.99347,-132.7082865,-63.1844329,12.3673336,5.88799845,15.5496514,7.40468301,2497.81548,125.8416311,59.8093944,32.9178945,15.6447354,36.0319265,17.1257728,0.729797461,1057.8895,2.333796,130.050445,-0.173763775,0.0,-889.99347,1088.12317,2497.81548,-58.344902,6.104525
79.5,184.724602,-909.38382,-144.440171,-77.177351,13.75686965,7.35332911,17.6109429,9.41488195,2492.51151,98.4312669,52.4733403,25.6931526,13.6966486,28.3391903,15.10853895,0.729493963,1057.8895,2.333796,129.774293,-0.1339195161,0.0,-909.38382,1076.95776,2492.51151,-58.344902,6.09156257
80.0,217.415416,-946.938485,-145.333154,-90.9087846,14.4095244,9.02024485,18.668862,11.688196,2488.5179,71.0209043,44.2425762,18.5086327,11.52973835,20.5900896,12.82819425,0.729190511,1057.8895,2.333796,129.566361,-0.0977089692,0.0,-946.938485,1058.99913,2488.5179,-58.344902,6.08180227
80.5,250.10623,-789.387473,-110.511121,-98.7361199,9.31977037,8.15282317,12.77818995,11.24790295,2485.79589,43.6105419,38.7429154,11.3528371,10.08539905,12.7539687,11.3378782,0.728894081,1183.58871,2.333796,129.424639,-0.0632098921,0.0,-789.387473,1122.96792,2485.79589,-58.344902,6.07514999
81.0,282.797048,-37.64023844,-111.4464327,-111.4464327,0.3469143923,0.3469143923,1.9985805839,1.9985805839,2483.53094,18.4236938,18.4236938,4.79191256,4.79191256,5.93709688,5.93709688,0.728729626,1421.18901,2.333796,129.306715,-0.0682638498,0.0,-37.64023844,1434.45302,2483.53094,-58.344902,6.06961459
81.5,315.487862,560.453091,-125.9352747,-125.9352747,-7.45894773,-7.45894773,-4.75804974,-4.75804974,2481.84946,13.535857,13.535857,3.51795123,3.51795123,4.52242932,4.52242932,0.728703592,1658.78928,2.32208107,129.219164,-0.01891599768,0.0,560.453091,1682.34224,2481.84946,-58.0579235,6.03567302
82.0,347.874457,1128.500414,-139.552116,-139.552116,-16.5567342,-16.5567342,-12.8160204,-12.8160204,2483.54645,13.535857,13.535857,3.52035656,3.52035656,4.52528749,4.52528749,0.72873272,1896.38958,1.57531236,129.307519,0.1405181502,0.0,1128.500414,1919.70176,2483.54645,-39.4302693,4.10146145
82.5,359.84735,1647.42048,-144.91616,-144.91616,-24.9961193,-24.9961193,-20.7744005,-20.7744005,2491.61863,13.535857,13.535857,3.53179872,3.53179872,4.53887946,4.53887946,0.728816876,2133.9899,0.420094869216,129.727802,0.314660025,0.0,1647.42048,2140.34155,2491.61863,-10.5447967687,1.09950855905
83.0,359.84735,2186.82884,-144.534771,-144.534771,-33.0988803,-33.0988803,-28.6657187,-28.6657187,2503.82988,14.8696405,14.8696405,3.89954322,3.89954322,4.9587428,4.9587428,0.728946792,2371.59017,0.0,130.363591,0.371398218,0.0,2186.82884,2371.92346,2503.82988,0.0,0.0
83.5,359.84735,2737.30066,-144.543042,-144.543042,-41.4333277,-41.4333277,-36.8282628,-36.8282628,2517.758,39.7346128,39.7346128,10.48087484,10.48087484,11.81024595,11.81024595,0.729103996,2609.19047,0.0,131.088767,0.448827536,0.0,2737.30066,2609.11133,2517.758,0.0,0.0
84.0,359.84735,3271.51523,-145.651305,-145.651305,-49.9181658,-49.9181658,-45.1367535,-45.1367535,2535.0914,73.2004937,73.2004937,19.4383804,19.4383804,21.114215,21.114215,0.729254675,2838.30716,0.0,131.991246,0.555247006,0.0,3271.51523,2841.52284,2535.0914,0.0,0.0
84.5,359.84735,3397.76468,-150.258308,-150.258308,-53.4643177,-53.4643177,-48.4985664,-48.4985664,2556.25014,106.666534,106.666534,28.5602185,28.5602185,30.8083289,30.8083289,0.729118496,2901.6724,0.0,133.092883,0.666888469,0.0,3397.76468,2906.41055,2556.25014,0.0,0.0
85.0,359.84735,3350.93526,-149.960318,-149.960318,-52.6224445,-52.6224445,-47.6784666,-47.6784666,2581.0724,140.132396,140.132396,37.8839718,37.8839718,40.8694893,40.8694893,0.728815109,2901.6724,0.0,134.385271,0.769140548,0.0,3350.93526,2901.41796,2581.0724,0.0,0.0
85.5,359.84735,3311.25856,-149.96998,-149.96998,-52.0027167,-52.0027167,-47.0698367,-47.0698367,2609.16271,164.135983,164.135983,44.8482664,44.8482664,48.4567121,48.4567121,0.728623432,2901.6724,0.0,135.847813,0.84054105,0.0,3311.25856,2901.31001,2609.16271,0.0,0.0
86.0,359.84735,3270.51727,-149.967962,-149.967962,-51.3621936,-51.3621936,-46.4422701,-46.4422701,2638.20889,165.117,165.117,45.6173026,45.6173026,49.260432,49.260432,0.728603868,2901.6724,0.0,137.360123,0.837138092,0.0,3270.51727,2901.31709,2638.20889,0.0,0.0
86.5,359.84735,3230.15585,-149.966004,-149.966004,-50.7276697,-50.7276697,-45.8210292,-45.8210292,2667.03602,165.117,165.117,46.1157524,46.1157524,49.7665843,49.7665843,0.728577364,2901.6724,0.0,138.861031,0.830534966,0.0,3230.15585,2901.35436,2667.03602,0.0,0.0
87.0,359.84735,3190.11781,-149.964157,-149.964157,-50.0982802,-50.0982802,-45.1990805,-45.1990805,2695.63458,165.117,165.117,46.6102508,46.6102508,50.2680784,50.2680784,0.728541577,2901.6724,0.0,140.350032,0.823913516,0.0,3190.11781,2901.3927,2695.63458,0.0,0.0
87.5,359.84735,3150.40072,-149.962315,-149.962315,-49.4739461,-49.4739461,-44.5817437,-44.5817437,2724.00388,165.117,165.117,47.1007858,47.1007858,50.7671488,50.7671488,0.728496324,2901.6724,0.0,141.827102,0.817275344,0.0,3150.40072,2901.43076,2724.00388,0.0,0.0
88.0,359.84735,3111.00528,-149.960463,-149.960463,-48.8546773,-48.8546773,-43.9707645,-43.9707645,2752.14349,165.117,165.117,47.5873484,47.5873484,51.2637771,51.2637771,0.728441432,2901.6724,0.0,143.292208,0.810622273,0.0,3111.00528,2901.46854,2752.14349,0.0,0.0
88.5,359.84735,3071.93217,-149.958612,-149.958612,-48.2404839,-48.2404839,-43.3661172,-43.3661172,2780.05289,165.117,165.117,48.0699283,48.0699283,51.7558101,51.7558101,0.728376664,2901.6724,0.0,144.745326,0.803956117,0.0,3071.93217,2901.50602,2780.05289,0.0,0.0
89.0,359.84735,2911.6552,-153.239382,-153.239382,-46.7026263,-46.7026263,-41.7685542,-41.7685542,2807.79955,165.117,165.117,48.549697,48.549697,52.2444506,52.2444506,0.728300601,2844.54712,0.0,146.189975,0.802969828,0.0,2911.6552,2851.01463,2807.79955,0.0,0.0
89.5,359.84735,2399.11436,-154.43124,-154.43124,-38.799387,-38.799387,-33.9870369,-33.9870369,2835.51128,165.117,165.117,49.0288606,49.0288606,52.7319557,52.7319557,0.728166881,2652.91658,0.0,147.632807,0.798296486,0.0,2399.11436,2653.92327,2835.51128,0.0,0.0
90.0,359.84735,1886.25772,-154.358459,-154.358459,-30.4903088,-30.4903088,-25.8773184,-25.8773184,2862.71187,165.117,156.136517,49.499187,46.8015133,53.1701672,50.2740415,0.727912762,2455.86182,0.0,149.049025,0.762436882,0.0,1886.25772,2456.40209,2862.71187,0.0,0.0
90.5,358.963292,1376.78355,-154.14464,-154.14464,-22.2286149,-22.2286149,-17.9026498,-17.9026498,2887.55911,165.117,130.831897,49.9288216,39.5563388,53.5294073,42.4095647,0.727609848,2258.80707,0.0,150.342713,0.673006635,0.0,1376.78355,2258.91426,2887.55911,0.0,0.0
91.0,333.52399,827.416872,-143.715768,-143.715768,-12.52771705,-12.52771705,-8.9873715,-8.9873715,2908.51271,165.117,102.5114051,50.2911296,31.2185956,53.949591,33.4879465,0.727306775,2061.75231,0.0,151.433676,0.528366543,0.0,827.416872,2042.55336,2908.51271,0.0,0.0
91.5,297.018891,320.740954,-128.11795,-128.11795,-4.36811457,-4.36811457,-2.348245614,-2.348245614,2924.20684,165.117,81.3751271,50.5624969,24.9171364,54.4468405,26.8292974,0.727003786,1864.69756,0.0,152.250799,0.386355819,0.0,320.740954,1840.88545,2924.20684,0.0,0.0
92.0,260.513769,2.23675596,-142.157998,-115.0833679,-0.00922449924,-0.0344346395,0.18042474095,0.11052661185,2935.6628,165.117,73.6890484,50.760582,22.6535068,54.7954019,24.4541504,0.726700867,1669.22575,0.0,152.847263,0.300353769,0.0,2.23675596,1715.04259,2935.6628,0.0,0.0
92.5,224.008663,-82.216433583,-208.010913,-94.0500694,1.8316368785,0.82143966804,3.9459800644,1.77790340333,2944.07654,151.6685995,68.1738803,46.7572141,21.0170373,50.5947649,22.7416208,0.726397993,1594.7975,0.0,153.285325,0.218251827,0.0,-82.216433583,1684.81365,2944.07654,0.0,0.0
93.0,187.50355,-584.486596,-152.999018,-82.1598532,8.8959099,4.94940202,13.21701825,7.25196382,2948.69621,93.704135,50.7256373,28.9332666,15.6632702,31.7507688,17.1928256,0.7260952,1594.7975,0.0,153.525854,0.0734094193,0.0,-584.486596,1478.51277,2948.69621,0.0,0.0
93.5,150.998439,-591.254389,-61.1449118,-59.3891403,3.88452861,3.74325441,5.33363834,5.14785458,2949.14675,32.2676137,30.9873373,9.96664875,9.57117425,11.29841885,10.86408405,0.725833686,1594.7975,0.0,153.549316,-0.07267755256,0.0,-591.254389,1475.9597,2949.14675,0.0,0.0
94.0,114.4933267,-42.64546395,-39.9622487,-39.9622487,0.3449774052,0.3449774052,0.9268579764,0.9268579764,2942.06529,-29.16997804,-29.16997804,-8.980747895,-8.980747895,-7.926306244,-7.926306244,0.725786038,1740.52283,0.0,153.180617,-0.341879561,0.0,-42.64546395,1700.10511,2942.06529,0.0,0.0
94.5,84.9993044,905.048656,-26.4935872,-26.4935872,-2.46413946,-2.46413946,-2.03809773,-2.03809773,2925.63309,-90.6067669,-90.6067669,-27.7482814,-27.7482814,-25.8142396,-25.8142396,0.72589968,2103.21941,0.0,152.325059,-0.600302453,0.0,905.048656,2084.85304,2925.63309,0.0,0.0
95.0,82.37234,1858.26898,-25.7883983,-25.7883983,-5.02044227,-5.02044227,-4.52969013,-4.52969013,2901.25248,-152.043289,-152.043289,-46.1787727,-46.1787727,-43.0160072,-43.0160072,0.726120843,2467.96139,0.0,151.055668,-0.805593356,0.0,1858.26898,2467.25936,2901.25248,0.0,0.0
95.5,82.37234,2752.51601,-27.9483854,-27.9483854,-8.11366005,-8.11366005,-7.52467017,-7.52467017,2869.97248,-213.479809,-213.479809,-64.1414282,-64.1414282,-59.2635146,-59.2635146,0.726429416,2814.48914,0.0,149.427049,-1.000845837,0.0,2752.51601,2821.09788,2869.97248,0.0,0.0
96.0,82.37234,3010.31648,-34.4225013,-34.4225013,-10.8512674,-10.8512674,-10.12525525,-10.12525525,2832.20702,-274.916329,-274.916329,-81.515113,-81.515113,-74.4165356,-74.4165356,0.726814956,2899.649,0.0,147.460767,-1.18677735,0.0,3010.31648,2906.31969,2832.20702,0.0,0.0
96.5,82.37234,3056.46751,-33.9054961,-33.9054961,-10.8521612,-10.8521612,-10.1332337,-10.1332337,2787.75951,-336.35285,-336.35285,-98.1672663,-98.1672663,-88.3484431,-88.3484431,0.727257283,2899.649,0.0,145.146575,-1.38388713,0.0,3056.46751,2899.57082,2787.75951,0.0,0.0
97.0,82.37234,3337.62058,-29.7421873,-29.7421873,-10.3908366,-10.3908366,-9.7314542,-9.7314542,2737.32101,-372.225378,-372.225378,-106.6984281,-106.6984281,-95.1108631,-95.1108631,0.727738876,2993.97472,0.0,142.520461,-1.50027545,0.0,3337.62058,2987.11007,2737.32101,0.0,0.0
97.5,82.37234,3858.49512,-29.7981424,-29.7981424,-12.04058485,-12.04058485,-11.3415087,-11.3415087,2685.63348,-372.45676,-372.45676,-104.749321,-104.749321,-93.1892093,-93.1892093,0.728226847,3174.5788,0.0,139.829317,-1.48886336,0.0,3858.49512,3173.66991,2685.63348,0.0,0.0
98.0,82.37234,4364.32703,-29.8235727,-29.8235727,-13.6303252,-13.6303252,-12.89132235,-12.89132235,2634.36654,-372.45676,-372.45676,-102.7497292,-102.7497292,-91.225267,-91.225267,0.728713618,3355.18285,0.0,137.160069,-1.47704811,0.0,4364.32703,3354.21586,2634.36654,0.0,0.0
98.5,82.37234,4868.99896,-29.827186,-29.827186,-15.2083112,-15.2083112,-14.42746485,-14.42746485,2583.50153,-372.45676,-372.45676,-100.7658115,-100.7658115,-89.2838385,-89.2838385,0.729198975,3535.78692,0.0,134.511749,-1.46558882,0.0,4868.99896,3534.5139,2583.50153,0.0,0.0
99.0,82.37234,5373.11248,-29.8302939,-29.8302939,-16.7846553,-16.7846553,-15.9599023,-15.9599023,2533.02731,-372.45676,-372.45676,-98.7971375,-98.7971375,-87.3640075,-87.3640075,0.729683022,3716.391,0.0,131.883778,-1.45443915,0.0,5373.11248,3714.80775,2533.02731,0.0,0.0
99.5,82.37234,5876.69356,-29.8333089,-29.8333089,-18.3596077,-18.3596077,-17.4885912,-17.4885912,2482.93332,-372.45676,-372.45676,-96.8432909,-96.8432909,-85.4494984,-85.4494984,0.730165742,3896.99505,0.0,129.275599,-1.44359103,0.0,5876.69356,3895.10199,2482.93332,0.0,0.0
100.0,82.37234,6379.75663,-29.8362428,-29.8362428,-19.9332049,-19.9332049,-19.0136622,-19.0136622,2433.2093,-372.45676,-372.45676,-94.9038774,-94.9038774,-83.5479449,-83.5479449,0.730647162,4077.59915,0.0,126.6866814,-1.43303728,0.0,6379.75663,4075.39685,2433.2093,0.0,0.0
100.5,82.37234,6882.315919999999,-29.8390956,-29.8390956,-21.5054794,-21.5054794,-20.5415384,-20.5415384,2383.84508,-372.45676,-372.45676,-92.978497,-92.978497,-81.6678455,-81.6678455,0.731127339,4258.2033,0.0,124.1165029,-1.42277108,0.0,6882.315919999999,4255.69209,2383.84508,0.0,0.0
101.0,82.37234,7384.38531,-29.841871,-29.841871,-23.0764626,-23.0764626,-22.0654637,-22.0654637,2334.83093,-372.45676,-372.45676,-91.066769,-91.066769,-79.8078124,-79.8078124,0.73160636,4438.80733,0.0,121.5645465,-1.41278591,0.0,7384.38531,4435.98775,2334.83093,0.0,0.0
101.5,82.37234,7666.13124,-34.0147902,-34.0147902,-27.307193,-27.307193,-26.1642147,-26.1642147,2286.23488,-372.45676,-372.45676,-89.1713454,-89.1713454,-77.951795,-77.951795,0.732088883,4521.467,0.2294692937,119.0343598,-1.42518262,0.0,7666.13124,4524.84948,2286.23488,-5.6234886,0.5333211
102.0,82.37234,7752.833049999999,-33.3924189,-33.3924189,-27.1091573,-27.1091573,-25.9627296,-25.9627296,2211.97001,-372.45676,-372.45676,-86.2747509,-86.2747509,-75.1213157,-75.1213157,0.732570785,4521.467,14.88213464,115.1677093,-3.3415199,0.0,7752.833049999999,4517.56405,2211.97001,-371.049272,34.1509236
102.5,82.37234,7985.711139999999,-32.5187393,-32.5187393,-27.1920211,-27.1920211,-26.0106208,-26.0106208,2044.67391,-372.45676,-372.45676,-79.7496044,-79.7496044,-68.7661774,-68.7661774,0.733036644,4521.467,37.5479927,106.4573234,-6.306118,0.0,7985.711139999999,4516.78343,2044.67391,-937.815564,79.9129825
103.0,82.37234,8330.35375,-32.2049958,-32.2049958,-28.0943461,-28.0943461,-26.8273005,-26.8273005,1800.26122,-372.45676,-372.45676,-70.2166321,-70.2166321,-59.5017898,-59.5017898,0.733475728,4521.467,45.791183,93.7318124,-7.35987278,0.0,8330.35375,4517.48097,1800.26122,-1144.7795,86.3268708
103.5,82.37234,8686.4825,-32.239508,-32.239508,-29.3265863,-29.3265863,-27.9510255,-27.9510255,1546.4697,-372.45676,-372.45676,-60.3178566,-60.3178566,-49.9289988,-49.9289988,0.733883947,4521.467,45.791183,80.5179879,-7.32315564,0.0,8686.4825,4517.481760000001,1546.4697,-1144.7795,74.1569585
104.0,90.6213054,9058.7758,-35.154364,-35.154364,-33.3894139,-33.3894139,-31.8171932,-31.8171932,1294.44954,-360.210598,-360.210598,-48.8766247,-48.8766247,-39.424178,-39.424178,0.734260862,4521.467,45.791183,67.3963865,-7.2357407,0.0,9058.7758,4525.24316,1294.44954,-1144.7795,62.0719819
104.5,130.013431,9452.7679,-52.0234097,-52.0234097,-51.5523367,-51.5523367,-49.3327414,-49.3327414,1047.323788,-337.785922,-337.785922,-37.0941019,-37.0941019,-29.0033617,-29.0033617,0.734638579,4521.467,45.791183,54.5296195,-7.05688194,0.0,9452.7679,4544.89105,1047.323788,-1144.7795,50.2217064
105.0,172.379456,9793.1278,-69.8141616,-69.8141616,-71.6476894,-71.6476894,-68.7515644,-68.7515644,806.45864,-315.361251,-315.361251,-26.6790058,-26.6790058,-19.8986225,-19.8986225,0.73505109,4521.467,45.791183,41.988813,-6.87844441,0.0,9793.1278,4545.87819,806.45864,-1144.7795,38.6716396
105.5,214.745477,10121.89555,-87.4933195,-87.4933195,-92.789195,-92.789195,-89.3134764,-89.3134764,571.664234,-292.936579,-292.936579,-17.5814245,-17.5814245,-12.115103,-12.115103,0.735504904,4521.467,45.791183,29.7640834,-6.70551436,0.0,10121.89555,4545.58608,571.664234,-1144.7795,27.4126809
106.0,257.111495,10442.3548,-105.1688675,-105.1688675,-115.0526634,-115.0526634,-111.0758047,-111.0758047,342.761852,-270.511901,-270.511901,-9.75352343,-9.75352343,-5.7204376,-5.7204376,0.736006587,4521.467,45.791183,17.8461265,-6.53752202,0.0,10442.3548,4545.27707,342.761852,-1144.7795,16.4362587
106.5,299.477522,10754.7945,-122.8431001,-122.8431001,-138.39785,-138.39785,-133.8970505,-133.8970505,119.5870186,-248.087232,-248.087232,-3.14951896,-3.14951896,-1.379300384,-1.379300384,0.736562479,4521.467,45.791183,6.22637875,-6.37411226,0.0,10754.7945,4544.9754,119.5870186,-1144.7795,5.734486423
107.0,341.843551,10928.64035,-142.141391,-142.141391,-162.671852,-162.671852,-157.381793,-157.381793,-0.0269788292,-225.649882,-225.649882,0.00063746654,0.00063746654,0.00192814997,0.00192814997,0.737180518,4521.467,45.791183,-0.00140467093,-0.06428045674,0.0,10928.64035,4547.47218,-0.0269788292,13.49491019,1.6255747e-05
107.5,384.209552,10922.3596,-159.886398,-159.886398,-182.875763,-182.875763,-176.928678,-176.928678,0.02020271854,-203.2277,-203.2277,-0.000421602647,-0.000421602647,1.0985086e-05,1.0985086e-05,0.7378585,4521.467,45.791183,0.001051868172,0.002321965971,0.0,10922.3596,4544.886189999999,0.02020271854,-13.0428652,1.567975e-05
108.0,426.575579,10921.9892,-177.502351,-177.502351,-203.017967,-203.017967,-196.415858,-196.415858,0.0333627485,-180.799589,-180.799589,-0.000630601691,-0.000630601691,-0.000208489646,-0.000208489646,0.738589043,4521.467,45.791183,0.00173705398,0.00065982001,0.0,10921.9892,4544.74007,0.0333627485,-42.5489045,6.0018307e-05
108.5,451.480952,10884.8802,-188.487,-188.487,-214.849162,-214.849162,-207.862301,-207.862301,0.037690694,-160.337015,-160.337015,-0.000632676176,-0.000632676176,-0.000209179633,-0.000209179633,0.739364395,4521.467,45.791183,0.00196239138,0.002464040765,0.0,10884.8802,4529.30109,0.037690694,-64.5690992,0.000102035916
109.0,451.65918,10852.5492,-187.978201,-187.978201,-213.632776,-213.632776,-206.685473,-206.685473,0.0381523089,-156.54742,-156.54742,-0.000625453959,-0.000625453959,-0.00020679236,-0.00020679236,0.740148162,4521.467,45.791183,0.00198642565,-0.001915016486,0.0,10852.5492,4515.84817,0.0381523089,-66.9177502,0.000107022072
109.5,451.65918,10851.487299999999,-187.939454,-187.939454,-213.567835,-213.567835,-206.622643,-206.622643,0.0377194312,-156.54742,-156.54742,-0.000618357543,-0.000618357543,-0.000204445816,-0.000204445816,0.740930639,4521.467,45.791183,0.0019638876,-0.00394269274,0.0,10851.487299999999,4515.40594,0.0377194312,-64.7153115,0.000102301668
110.0,451.171436,10850.9819,-187.890068,-187.890068,-213.501786,-213.501786,-206.558745,-206.558745,0.0382650838,-156.54742,-156.54742,-0.000627302747,-0.000627302747,-0.000207403695,-0.000207403695,0.741713086,4521.467,45.791183,0.00199229734,0.00317583894,0.0,10850.9819,4515.19599,0.0382650838,-67.4915388,0.000108241897
110.5,396.247908,10593.1065,-170.342405,-170.342405,-189.140999,-189.140999,-182.990166,-182.990166,0.0346112322,-155.82524,-155.82524,-0.000564932327,-0.000564932327,-0.000186780306,-0.000186780306,0.742474766,4450.47337,45.791183,0.00180205714,-0.00087570554,0.0,10593.1065,4407.89014,0.0346112322,-48.9010808,7.1481947e-05
111.0,304.368235,9922.9603,-132.6624196,-132.6624196,-138.068058,-138.068058,-133.510285,-133.510285,0.0287995075,-149.136791,-149.136791,-0.000450167908,-0.000450167908,-0.000148834046,-0.000148834046,0.743126912,4196.72098,45.791183,0.00149946576,0.00113828702,0.0,9922.9603,4129.03387,0.0287995075,-19.3315489,2.3911302e-05
111.5,214.799046,9293.14465,-94.7952575,-94.7952575,-92.4402724,-92.4402724,-88.9868745,-88.9868745,-0.0125558125,-141.133691,-141.133691,0.000180989062,0.000180989062,0.000819802738,0.000819802738,0.743632679,3933.98401,45.791183,-0.0006537268,-0.004762550106,0.0,9293.14465,3866.93877,-0.0125558125,8.6582763,1.0782505e-05
112.0,187.2891,8781.0751,-82.873311,-82.873311,-76.194494,-76.194494,-73.1871355,-73.1871355,-0.02737196,-133.126619,-133.126619,0.000381694486,0.000381694486,0.0011544855,0.0011544855,0.744024946,3671.24708,45.791183,-0.00142513957,0.00076481669,0.0,8781.0751,3653.85413,-0.02737196,12.06831705,1.3886429e-05
112.5,187.2891,8179.78983,-83.7865829,-83.7865829,-71.7699521,-71.7699521,-68.8747944,-68.8747944,-0.026425182,-125.1231475,-125.1231475,0.000346291662,0.000346291662,0.00104740639,0.00104740639,0.744391932,3408.51014,45.5616264,-0.00137584489,-0.00240496955,0.0,8179.78983,3403.65553,-0.026425182,7.21604956,8.01976e-06
113.0,187.2891,7549.879060000001,-83.8108766,-83.8108766,-66.2626708,-66.2626708,-63.499347,-63.499347,-0.0257078028,-117.1231265,-117.1231265,0.000315405103,0.000315405103,0.000953986457,0.000953986457,0.744738743,3145.77312,30.9090489,-0.00133849409,0.001799465115,0.0,7549.879060000001,3141.54536,-0.0257078028,2.7286318276,2.975675e-06
113.5,187.2891,6919.2556,-83.812511,-83.812511,-60.7290834,-60.7290834,-58.062144,-58.062144,0.0270436261,-109.1180065,-109.1180065,-0.000299385604,-0.000299385604,7.9530624e-05,7.9530624e-05,0.745063507,2883.03616,8.24292349403,0.001408044615,0.005910360503,0.0,6919.2556,2879.16911,0.0270436261,-0.9539010557,1.256219e-06
114.0,187.2891,6287.84173,-83.8198436,-83.8198436,-55.1920973,-55.1920973,-52.5696013,-52.5696013,0.645469777,-101.1132621,-101.1132621,-0.00676325601,-0.00676325601,-0.002241921275,-0.002241921275,0.745365283,2620.29919,0.0,0.03360681775,0.0297802687,0.0,6287.84173,2616.79422,0.645469777,0.0,0.0
114.5,187.2891,5778.9042,-79.9651273,-79.9651273,-48.4096961,-48.4096961,-45.9842727,-45.9842727,1.83020728,-93.1085185,-93.1085185,-0.01776089965,-0.01776089965,-0.0059106632,-0.0059106632,0.745641194,2417.34897,0.0,0.0952909732,0.0357476594,0.0,5778.9042,2405.71334,1.83020728,0.0,0.0
115.0,183.834003,5752.59486,-76.7184104,-76.7184104,-46.2176432,-46.2176432,-43.9312144,-43.9312144,3.1255937,-85.1037735,-85.1037735,-0.0277614369,-0.0277614369,-0.00927991852,-0.00927991852,0.745895641,2403.5613,0.0,0.162736141,0.0375662441,0.0,5752.59486,2395.52222,3.1255937,0.0,0.0
115.5,157.783056,5716.77094,-65.7901819,-65.7901819,-39.3872539,-39.3872539,-37.5286558,-37.5286558,3.90693454,-78.0565574,-78.0565574,-0.0319287776,-0.0319287776,-0.01069960165,-0.01069960165,0.746133791,2403.5613,0.0,0.203417183,0.00231543174,0.0,5716.77094,2381.07179,3.90693454,0.0,0.0
116.0,127.6552571,5713.97883,-53.1089076,-53.1089076,-31.7783847,-31.7783847,-30.3443691,-30.3443691,3.17822934,-77.0129,-77.0129,-0.0256316956,-0.0256316956,-0.00856949533,-0.00856949533,0.746337059,2403.5613,0.0,0.165476656,-0.0438478422,0.0,5713.97883,2379.48453,3.17822934,0.0,0.0
116.5,97.5274596,5716.938459999999,-40.5599446,-40.5599446,-24.2818654,-24.2818654,-23.1909032,-23.1909032,1.019708697,-77.0129,-77.0129,-0.008223718472,-0.008223718472,-0.002167609936,-0.002167609936,0.746503618,2403.5613,0.0,0.05309182018,-0.0784239695,0.0,5716.938459999999,2379.45559,1.019708697,0.0,0.0
117.0,67.39966,5721.27498,-28.0179649,-28.0179649,-16.7858985,-16.7858985,-15.9607893,-15.9607893,-2.068135476,-77.0129,-77.0129,0.0166790416,0.0166790416,0.0500097359,0.0500097359,0.746630467,2403.5613,0.0,-0.1076788688,-0.0988797625,0.0,5721.27498,2379.4572,-2.068135476,0.0,0.0
117.5,43.20997,5740.3352,-17.5655332,-17.5655332,-10.5573681,-10.5573681,-9.89549875,-9.89549875,-5.70706968,-77.0129,-77.0129,0.0460262171,0.0460262171,0.136412115,0.136412115,0.746714984,2403.5613,0.0,-0.297142433,-0.1052865474,0.0,5740.3352,2385.26354,-5.70706968,0.0,0.0
118.0,41.14315,5779.06136,-17.0136956,-17.0136956,-10.2964082,-10.2964082,-9.6447711,-9.6447711,-9.11022275,-77.0129,-77.0129,0.0734718698,0.0734718698,0.215318487,0.215318487,0.746780141,2403.5613,0.0,-0.474329884,-0.0947149801,0.0,5779.06136,2399.3907,-9.11022275,0.0,0.0
118.5,41.14315,5785.83701,-17.0920673,-17.0920673,-10.3559374,-10.3559374,-9.7038069,-9.7038069,-12.3810489,-77.0129,-77.0129,0.0998503386,0.0998503386,0.289443392,0.289443392,0.7468458,2403.5613,0.0,-0.644627649,-0.0945755235,0.0,5785.83701,2400.30033,-12.3810489,0.0,0.0
119.0,41.14315,5790.45697,-17.0936527,-17.0936527,-10.36516745,-10.36516745,-9.71264155,-9.71264155,-15.65054605,-77.0129,-77.0129,0.1262180884,0.1262180884,0.361932074,0.361932074,0.746911121,2403.5613,0.0,-0.81485621,-0.0945688105,0.0,5790.45697,2400.31365,-15.65054605,0.0,0.0
119.5,41.14315,5795.034659999999,-17.0936826,-17.0936826,-10.37338055,-10.37338055,-9.72046085,-9.72046085,-18.9198665,-77.0129,-77.0129,0.152584415,0.152584415,0.432862992,0.432862992,0.746976018,2403.5613,0.0,-0.985075639,-0.0945638799,0.0,5795.034659999999,2400.30957,-18.9198665,0.0,0.0
120.0,41.14315,5799.611650000001,-17.093685,-17.093685,-10.3815746,-10.3815746,-9.7282612,-9.7282612,-22.1890027,-77.0129,-77.0129,0.178949252,0.178949252,0.502285647,0.502285647,0.747040496,2403.5613,0.0,-1.15528538,-0.0945580756,0.0,5799.611650000001,2400.3052,-22.1890027,0.0,0.0
120.5,41.14315,5805.535150000001,-16.6882957,-16.6882957,-10.14511735,-10.14511735,-9.49446965,-9.49446965,-25.4586772,-77.0129,-77.0129,0.205318432,0.205318432,0.570262362,0.570262362,0.747104564,2405.72756,0.0,-1.32552318,-0.0952545404,0.0,5805.535150000001,2400.86084,-25.4586772,0.0,0.0
121.0,41.14315,6316.19182,-8.40764087,-8.40764087,-5.56249614,-5.56249614,-4.87986891,-4.87986891,-29.0109869,-77.0129,-77.0129,0.233967,0.233967,0.642496741,0.642496741,0.747150042,2626.62512,0.0,-1.51047656,-0.1096508614,0.0,6316.19182,2611.27471,-29.0109869,0.0,0.0
121.5,41.14315,7223.22602,-9.6054782,-9.6054782,-7.29389218,-7.29389218,-6.52065484,-6.52065484,-32.7851359,-77.0129,-77.0129,0.26440465,0.26440465,0.717501955,0.717501955,0.747184412,2988.14624,0.0,-1.70698015,-0.1075620881,0.0,7223.22602,2986.49467,-32.7851359,0.0,0.0
122.0,41.14315,7554.286900000001,-17.6435846,-17.6435846,-13.9579205,-13.9579205,-13.12646755,-13.12646755,-36.2361079,-77.0129,-77.0129,0.292235961,0.292235961,0.784563274,0.784563274,0.747249722,3115.968,0.0,-1.88665737,-0.0935663396,0.0,7554.286900000001,3122.23652,-36.2361079,0.0,0.0
122.5,41.14315,7534.326579999999,-17.1200411,-17.1200411,-13.50758835,-13.50758835,-12.6836998,-12.6836998,-39.4899832,-77.0129,-77.0129,0.318477731,0.318477731,0.846474329,0.846474329,0.747331863,3115.968,0.0,-2.05607262,-0.094466148,0.0,7534.326579999999,3112.031,-39.4899832,0.0,0.0
123.0,41.14315,7538.19621,-17.0942012,-17.0942012,-13.49412925,-13.49412925,-12.66932005,-12.66932005,-42.7568318,-77.0129,-77.0129,0.344824104,0.344824104,0.907400796,0.907400796,0.747412514,3115.968,0.0,-2.22616325,-0.0944995344,0.0,7538.19621,3111.7337,-42.7568318,0.0,0.0
123.5,46.0631335,7553.0316,-18.9764067,-18.9764067,-15.0104854,-15.0104854,-14.1520294,-14.1520294,-45.9301423,-77.0129,-77.0129,0.370416145,0.370416145,0.965443566,0.965443566,0.747495396,3115.968,0.0,-2.39138381,-0.0854840945,0.0,7553.0316,3116.05397,-45.9301423,0.0,0.0
124.0,57.4544586,7564.993850000001,-23.8798067,-23.8798067,-18.9178475,-18.9178475,-17.9850979,-17.9850979,-48.5084073,-77.0129,-77.0129,0.391209259,0.391209259,1.01180192,1.01180192,0.747596069,3115.968,0.0,-2.52562294,-0.0636704591,0.0,7564.993850000001,3119.52607,-48.5084073,0.0,0.0
124.5,68.8698931,7567.81278,-28.6453917,-28.6453917,-22.7015432,-22.7015432,-21.6840888,-21.6840888,-50.3359376,-77.0129,-77.0129,0.405947866,0.405947866,1.04423088,1.04423088,0.747718667,3115.968,0.0,-2.62077445,-0.0420707256,0.0,7567.81278,3119.63195,-50.3359376,0.0,0.0
125.0,80.2853223,7569.34953,-33.4005683,-33.4005683,-26.4753526,-26.4753526,-25.365354,-25.365354,-51.4366307,-79.0594195,-79.0594195,0.425923281,0.425923281,1.09166031,1.09166031,0.747861885,3115.968,0.0,-2.67808288,-0.0271008171,0.0,7569.34953,3119.62873,-51.4366307,0.0,0.0
125.5,91.700755,7572.866379999999,-38.1158249,-38.1158249,-30.2272412,-30.2272412,-29.0109793,-29.0109793,-54.0762076,-124.934843,-124.934843,0.710395589,0.710395589,1.8225627,1.8225627,0.748023326,3115.968,0.0,-2.81551419,-0.153978567,0.0,7572.866379999999,3119.5509,-54.0762076,0.0,0.0
126.0,103.1161896,7584.711810000001,-42.8137449,-42.8137449,-34.0063003,-34.0063003,-32.667798,-32.667798,-62.5651014,-188.165936,-188.165936,1.23919184,1.23919184,3.20291037,3.20291037,0.74819833,3115.968,0.0,-3.25749415,-0.33703639,0.0,7584.711810000001,3119.52335,-62.5651014,0.0,0.0
126.5,110.77757,7597.21837,-46.1121293,-46.1121293,-36.6858502,-36.6858502,-35.2560706,-35.2560706,-77.443207,-251.397028,-251.397028,2.04873245,2.04873245,5.33292786,5.33292786,0.748382046,3115.968,0.0,-4.03213274,-0.526852256,0.0,7597.21837,3116.04011,-77.443207,0.0,0.0
127.0,110.9806,7617.376579999999,-45.9918811,-45.9918811,-36.6872251,-36.6872251,-35.2567353,-35.2567353,-99.1855619,-314.628125,-314.628125,3.28175493,3.28175493,8.62502691,8.62502691,0.748557291,3115.968,0.0,-5.16416318,-0.731232307,0.0,7617.376579999999,3111.73296,-99.1855619,0.0,0.0
127.5,110.9806,7657.3053,-45.9200569,-45.9200569,-36.8219453,-36.8219453,-35.3850071,-35.3850071,-128.0009445,-377.859217,-377.859217,5.08258223,5.08258223,13.588735,13.588735,0.748710957,3115.968,0.0,-6.66445549,-0.935648482,0.0,7657.3053,3111.52246,-128.0009445,0.0,0.0
128.0,110.9806,7706.117939999999,-45.8882151,-45.8882151,-37.0310009,-37.0310009,-35.5844691,-35.5844691,-162.775967,-410.79196,-410.79196,7.00230167,7.00230167,18.7024975,18.7024975,0.748835454,3115.968,0.0,-8.47504037,-1.04185735,0.0,7706.117939999999,3111.52891,-162.775967,0.0,0.0
128.5,110.9806,7756.620570000001,-45.8903104,-45.8903104,-37.2753878,-37.2753878,-35.8170669,-35.8170669,-198.785268,-410.79196,-410.79196,8.55135123,8.55135123,22.0222672,22.0222672,0.748937209,3115.968,0.0,-10.3498889,-1.04129188,0.0,7756.620570000001,3111.51784,-198.785268,0.0,0.0
129.0,130.7116535,7855.752,-52.9344398,-52.9344398,-43.6169114,-43.6169114,-41.8914739,-41.8914739,-234.550197,-410.79196,-410.70829,10.0898877,10.0876979,24.2183633,24.2132645,0.749029261,3115.968,0.0,-12.21201425,-1.005121324,0.0,7855.752,3131.88427,-234.550197,0.0,0.0
129.5,164.10835,7891.135249999999,-69.1709898,-69.1709898,-57.1619332,-57.1619332,-54.8626985,-54.8626985,-267.292079,-410.79196,-400.264208,11.49837935,11.1991742,25.6450391,24.9841763,0.749189382,3115.968,0.0,-13.9167422,-0.90339021,0.0,7891.135249999999,3127.48976,-267.292079,0.0,0.0
130.0,164.10835,7854.252210000001,-69.6747244,-69.6747244,-57.3015536,-57.3015536,-54.9945003,-54.9945003,-297.667847,-410.79196,-385.35327,12.80508505,12.0087373,26.6406469,24.988446,0.749370092,3094.70598,0.0,-15.4982769,-0.853550097,0.0,7854.252210000001,3094.40627,-297.667847,0.0,0.0
130.5,164.10835,7597.95433,-71.1186076,-71.1186076,-56.5865586,-56.5865586,-54.2951383,-54.2951383,-326.399822,-410.79196,-373.32871,14.04107795,12.7579234,27.5027446,24.9927916,0.749553969,2974.32568,0.0,-16.9942267,-0.811371451,0.0,7597.95433,2970.98251,-326.399822,0.0,0.0
131.0,164.10835,7315.26676,-71.0428807,-71.0428807,-54.4226014,-54.4226014,-52.1990974,-52.1990974,-353.866328,-410.79196,-363.370007,15.2226328,13.46320745,28.2606349,24.996912,0.749728245,2841.5687,0.0,-18.4242884,-0.778483504,0.0,7315.26676,2837.31663,-353.866328,0.0,0.0
131.5,164.10835,7033.571150000001,-71.0488393,-71.0488393,-52.3312766,-52.3312766,-50.1597811,-50.1597811,-380.279087,-410.79196,-354.78903,16.358858,14.12677555,28.9484838,25.0007772,0.7498917,2708.81166,0.0,-19.7994869,-0.749877644,0.0,7033.571150000001,2704.67874,-380.279087,0.0,0.0
132.0,161.920363,6745.299000000001,-70.352522,-70.352522,-49.702872,-49.702872,-47.5940347,-47.5940347,-405.656372,-378.321229,-344.536053,16.0573208,14.6336622,27.4462923,25.0042816,0.750043691,2576.05468,0.0,-21.1207721,-0.719599953,0.0,6745.299000000001,2569.90893,-405.656372,0.0,0.0
132.5,145.925193,6437.32734,-63.5907106,-63.5907106,-42.8874617,-42.8874617,-41.0362637,-41.0362637,-429.725529,-313.753737,-313.347667,14.1066321,14.0888031,23.0189493,22.9889738,0.750173764,2443.29768,0.0,-22.3739488,-0.648283106,0.0,6437.32734,2427.70593,-429.725529,0.0,0.0
133.0,127.5156136,6143.71748,-55.9003856,-55.9003856,-35.9840166,-35.9840166,-34.4197289,-34.4197289,-449.159606,-249.186247,-249.186247,11.71153975,11.71153975,17.7983629,17.7983629,0.750287513,2310.54066,0.0,-23.3857973,-0.474797784,0.0,6143.71748,2294.18515,-449.159606,0.0,0.0
133.5,109.1060294,5843.8073,-48.2870074,-48.2870074,-29.5698157,-29.5698157,-28.2658996,-28.2658996,-462.552097,-184.61876,-184.61876,8.93684086,8.93684086,12.75854465,12.75854465,0.750394066,2177.78367,0.0,-24.083087,-0.300068358,0.0,5843.8073,2161.57064,-462.552097,0.0,0.0
134.0,90.6964461,5535.48736,-40.6751204,-40.6751204,-23.5988997,-23.5988997,-22.5245607,-22.5245607,-469.907778,-120.051272,-120.051272,5.90513744,5.90513744,8.04989941,8.04989941,0.750494257,2045.02668,0.0,-24.4660653,-0.1255670057,0.0,5535.48736,2028.98151,-469.907778,0.0,0.0
134.5,72.2868645,5218.72737,-33.0632403,-33.0632403,-18.0902964,-18.0902964,-17.2151689,-17.2151689,-471.233918,-55.4837838,-55.4837838,2.73892825,2.73892825,3.79995646,3.79995646,0.750588197,1912.26965,0.0,-24.5351119,0.0489767017,0.0,5218.72737,1896.40095,-471.233918,0.0,0.0
135.0,53.8772804,5048.12651,-19.4418442,-19.4418442,-10.22478865,-10.22478865,-9.56341987,-9.56341987,-466.545799,9.082598207,9.082598207,-0.4394869767,-0.4394869767,-0.0332725677,-0.0332725677,0.750671858,1860.32417,0.0,-24.2910214,0.217441598,0.0,5048.12651,1828.15003,-466.545799,0.0,0.0
135.5,38.243815,6961.217139999999,13.4408581,13.4408581,9.81225695,9.81225695,10.63878434,10.63878434,-456.799394,73.6416886,73.6416886,-3.51587882,-3.51587882,-2.56968342,-2.56968342,0.750668121,2677.53334,0.0,-23.7835684,0.355983992,0.0,6961.217139999999,2629.89203,-456.799394,0.0,0.0
136.0,36.412643,9672.7625,-0.90225942,-0.90225942,-1.51228115,-1.51228115,-0.13466987,-0.13466987,-441.311014,115.9959378,115.9959378,-5.35990716,-5.35990716,-3.89335894,-3.89335894,0.750614551,3740.75147,0.0,-22.9771551,0.521833561,0.0,9672.7625,3767.22971,-441.311014,0.0,0.0
136.5,36.412643,9948.6888,-16.25272655,-16.25272655,-16.9355165,-16.9355165,-15.4107678,-15.4107678,-422.456997,116.899376,116.899376,-5.1715811,-5.1715811,-3.71798054,-3.71798054,0.750712242,3886.8923,0.0,-21.9955089,0.551993858,0.0,9948.6888,3893.05334,-422.456997,0.0,0.0
137.0,36.412643,9893.9479,-15.3268459,-15.3268459,-15.88003785,-15.88003785,-14.3674713,-14.3674713,-403.428461,116.899376,116.899376,-4.93863984,-4.93863984,-3.51441948,-3.51441948,0.75083169,3886.8923,0.0,-21.0047745,0.549637991,0.0,9893.9479,3881.38597,-403.428461,0.0,0.0
137.5,36.412643,9866.766500000002,-15.3045758,-15.3045758,-15.8133829,-15.8133829,-14.30995945,-14.30995945,-384.438872,116.899376,116.899376,-4.70617538,-4.70617538,-3.30700605,-3.30700605,0.750948194,3886.8923,0.0,-20.0160686,0.548952029,0.0,9866.766500000002,3881.16338,-384.438872,0.0,0.0
138.0,36.412643,9840.2012,-15.30399415,-15.30399415,-15.77020655,-15.77020655,-14.2756855,-14.2756855,-365.471397,116.899376,116.899376,-4.47398177,-4.47398177,-3.07741945,-3.07741945,0.751063146,3886.8923,0.0,-19.0285146,0.548337183,0.0,9840.2012,3881.18427,-365.471397,0.0,0.0
138.5,36.412643,9813.6754,-15.3038245,-15.3038245,-15.7275215,-15.7275215,-14.24186315,-14.24186315,-346.524604,116.899376,116.899376,-4.24204144,-4.24204144,-2.85273214,-2.85273214,0.75117658,3886.8923,0.0,-18.0420375,0.547754766,0.0,9813.6754,3881.20967,-346.524604,0.0,0.0
139.0,36.412643,9787.1776,-15.30367125,-15.30367125,-15.6848985,-15.6848985,-14.2080672,-14.2080672,-327.597415,116.899376,116.899376,-4.01034089,-4.01034089,-2.63539177,-2.63539177,0.751288515,3886.8923,0.0,-17.0565804,0.547203916,0.0,9787.1776,3881.23508,-327.597415,0.0,0.0
139.5,36.412643,9760.7053,-15.3035271,-15.3035271,-15.6423267,-15.6423267,-14.17428825,-14.17428825,-308.688722,116.899376,116.899376,-3.77886684,-3.77886684,-2.4253644,-2.4253644,0.751398992,3886.8923,0.0,-16.0720866,0.546684474,0.0,9760.7053,3881.26048,-308.688722,0.0,0.0
140.0,36.412643,9734.2575,-15.3033912,-15.3033912,-15.5998036,-15.5998036,-14.1405237,-14.1405237,-289.797449,116.899376,116.899376,-3.54760593,-3.54760593,-2.22261783,-2.22261783,0.751508074,3886.8923,0.0,-15.08849925,0.546196355,0.0,9734.2575,3881.28584,-289.797449,0.0,0.0
140.5,36.412643,9707.819599999999,-15.3035854,-15.3035854,-15.55763205,-15.55763205,-14.10708095,-14.10708095,-270.911708,117.2936168,117.2936168,-3.32739317,-3.32739317,-2.03304446,-2.03304446,0.751615762,3886.8923,0.0,-14.10520075,0.547067072,0.0,9707.819599999999,3881.31203,-270.911708,0.0,0.0
141.0,36.412643,9681.2372,-15.3049171,-15.3049171,-15.51638155,-15.51638155,-14.074596,-14.074596,-251.92164,118.7982502,118.7982502,-3.13377826,-3.13377826,-1.86415587,-1.86415587,0.751722211,3886.8923,0.0,-13.11647015,0.551709172,0.0,9681.2372,3881.33906,-251.92164,0.0,0.0
141.5,36.412643,8818.32135,-44.90859685,-44.90859685,-39.202209,-39.202209,-37.25410965,-37.25410965,-232.275726,120.36963,120.36963,-2.92756693,-2.92756693,-1.69256916,-1.69256916,0.751860314,3469.79058,0.0,-12.0935925,0.610187741,0.0,8818.32135,3533.74467,-232.275726,0.0,0.0
142.0,36.412643,3670.877,-64.5017357,-64.5017357,-25.6238116,-25.6238116,-24.00480245,-24.00480245,-209.96119,121.9410099,121.9410099,-2.68082032,-2.68082032,-1.49923077,-1.49923077,0.752090714,1401.568362,0.0,-10.9317709,0.650567332,0.0,3670.877,1404.884297,-209.96119,0.0,0.0
142.5,36.412643,1327.01359,-11.44504035,-11.44504035,-1.57930669,-1.57930669,-1.30056284,-1.30056284,-189.113515,123.512388,123.512388,-2.44576745,-2.44576745,-1.32064579,-1.32064579,0.752159974,517.603432,0.0,-9.84632275,0.559409698,0.0,1327.01359,441.758164,-189.113515,0.0,0.0
143.0,36.412643,1827.79017,-10.1185071,-10.1185071,-1.94275967,-1.94275967,-1.65133562,-1.65133562,-169.754069,125.0837674,125.0837674,-2.22330084,-2.22330084,-1.15176997,-1.15176997,0.752179461,669.526925,0.0,-8.83836,0.56199398,0.0,1827.79017,661.438846,-169.754069,0.0,0.0
143.5,36.412643,2319.56408,-10.6075887,-10.6075887,-2.57682157,-2.57682157,-2.25811506,-2.25811506,-150.216269,126.6551484,126.6551484,-1.99209631,-1.99209631,-0.987845808,-0.987845808,0.752201765,879.01795,0.0,-7.82111138,0.567903547,0.0,2319.56408,877.477584,-150.216269,0.0,0.0
144.0,39.5798283,2801.92848,-11.81999565,-11.81999565,-3.48277383,-3.48277383,-3.11366134,-3.11366134,-130.4372764,128.2265264,128.2265264,-1.75122062,-1.75122062,-0.829442694,-0.829442694,0.752227339,1088.50895,0.0,-6.79130474,0.578992916,0.0,2801.92848,1089.74178,-130.4372764,0.0,0.0
144.5,48.1086689,3160.64235,-18.8782304,-18.8782304,-6.25674693,-6.25674693,-5.77435077,-5.77435077,-109.9698128,129.797906,129.797906,-1.49446888,-1.49446888,-0.673778958,-0.673778958,0.752263532,1240.11751,0.0,-5.72565239,0.607202855,0.0,3160.64235,1250.95605,-109.9698128,0.0,0.0
145.0,56.7159653,3132.52974,-23.848641,-23.848641,-7.82218039,-7.82218039,-7.27734805,-7.27734805,-88.5250061,131.012165,131.012165,-1.21445124,-1.21445124,-0.518936177,-0.518936177,0.752315273,1246.7344,0.0,-4.60911405,0.630555749,0.0,3132.52974,1251.77964,-88.5250061,0.0,0.0
145.5,65.3232626,3099.55087,-27.3630037,-27.3630037,-8.8806251,-8.8806251,-8.27912213,-8.27912213,-66.4302047,131.09482,131.09482,-0.911968294,-0.911968294,-0.36794686,-0.36794686,0.752372914,1246.7344,0.0,-3.45873339,0.64749428,0.0,3099.55087,1250.9579,-66.4302047,0.0,0.0
146.0,73.9305584,3169.7123,-28.5743039,-28.5743039,-9.4871603,-9.4871603,-8.85985725,-8.85985725,-43.8138962,131.09482,131.09482,-0.601486679,-0.601486679,-0.228126848,-0.228126848,0.752434824,1293.45604,0.0,-2.28120005,0.660024692,0.0,3169.7123,1293.35809,-43.8138962,0.0,0.0
146.5,82.537855,3439.23169,-31.7591219,-31.7591219,-11.4466015,-11.4466015,-10.74336505,-10.74336505,-20.7318049,131.09482,131.09482,-0.28461073,-0.28461073,-0.1011747814,-0.1011747814,0.752503182,1415.25511,0.0,-1.079415403,0.676169967,0.0,3439.23169,1418.98454,-20.7318049,0.0,0.0
147.0,91.145152,3702.93235,-35.3437235,-35.3437235,-13.71333175,-13.71333175,-12.9165764,-12.9165764,1.747983165,131.09482,131.09482,0.0239966919,0.0239966919,0.13336839893,0.13336839893,0.752583969,1538.00016,0.0,0.0910099174,0.586808764,0.0,3702.93235,1541.83811,1.747983165,0.0,0.0
147.5,99.726441,3971.46929,-38.9058976,-38.9058976,-16.188947,-16.188947,-15.29479075,-15.29479075,20.4293918,131.09482,131.09482,0.280459134,0.280459134,0.791843197,0.791843197,0.7526759,1660.74518,0.0,1.063670055,0.531096065,0.0,3971.46929,1664.48624,20.4293918,0.0,0.0
148.0,103.36566,4230.27726,-40.5355106,-40.5355106,-17.9563513,-17.9563513,-17.0024612,-17.0024612,38.9597437,131.09482,131.09482,0.534847848,0.534847848,1.43145274,1.43145274,0.752777073,1783.49022,0.0,2.02846537,0.538126782,0.0,4230.27726,1782.99791,38.9597437,0.0,0.0
148.5,103.36566,4495.76314,-40.3940042,-40.3940042,-19.0171224,-19.0171224,-18.0441521,-18.0441521,56.555012,101.6352954,101.6352954,0.592798099,0.592798099,1.50377462,1.50377462,0.752882853,1906.23527,0.0,2.94457484,0.442533714,0.0,4495.76314,1903.74225,56.555012,0.0,0.0
149.0,103.5367494,4774.59206,-40.3777231,-40.3777231,-20.1890613,-20.1890613,-19.1922307,-19.1922307,67.9409354,31.480309091,31.480309091,0.21944268513,0.21944268513,0.569199270195,0.569199270195,0.752998006,2028.98031,0.0,3.53739059,0.2156717136,0.0,4774.59206,2026.41327,67.9409354,0.0,0.0
149.5,105.0785449,5066.08311,-40.9772963,-40.9772963,-21.7412031,-21.7412031,-20.7034972,-20.7034972,71.8978114,-23.01254733,-23.01254733,-0.1734819527,-0.1734819527,-0.0628955323,-0.0628955323,0.753125984,2151.7253,0.0,3.74340798,0.0421543244,0.0,5066.08311,2150.0152,71.8978114,0.0,0.0
150.0,106.9144823,5331.61722,-43.01473,-43.01473,-24.0234584,-24.0234584,-22.9106754,-22.9106754,73.0569179,-26.7547,-26.7547,-0.204686901,-0.204686901,-0.0752195545,-0.0752195545,0.753264997,2259.53278,0.0,3.80375774,0.0357097916,0.0,5331.61722,2261.1827,73.0569179,0.0,0.0
150.5,108.7504199,5362.61841,-45.3642365,-45.3642365,-25.4752452,-25.4752452,-24.3010566,-24.3010566,74.4221239,-26.7547,-26.7547,-0.208511863,-0.208511863,-0.0767690007,-0.0767690007,0.753416383,2275.2815,0.0,3.87483809,0.041928433,0.0,5362.61841,2274.87959,74.4221239,0.0,0.0
151.0,110.5863574,5357.50263,-46.0307947,-46.0307947,-25.8249338,-25.8249338,-24.6326805,-24.6326805,75.9271208,-26.7547,-26.7547,-0.212728475,-0.212728475,-0.0784831796,-0.0784831796,0.753570862,2275.2815,0.0,3.9531967,0.0452174443,0.0,5357.50263,2273.62966,75.9271208,0.0,0.0
151.5,112.4222949,5355.16608,-46.7933207,-46.7933207,-26.2412894,-26.2412894,-25.0279314,-25.0279314,77.5500716,-26.7547,-26.7547,-0.217275572,-0.217275572,-0.0803388931,-0.0803388931,0.753727425,2275.2815,0.0,4.03769675,0.0486724896,0.0,5355.16608,2273.60507,77.5500716,0.0,0.0
152.0,114.2582323,5352.72549,-47.5581845,-47.5581845,-26.6580624,-26.6580624,-25.423496,-25.423496,79.2925586,-26.7547,-26.7547,-0.222157582,-0.222157582,-0.0823395847,-0.0823395847,0.753886119,2275.2815,0.0,4.12842058,0.0521305614,0.0,5352.72549,2273.60688,79.2925586,0.0,0.0
152.5,116.0941699,5350.11864,-48.3230916,-48.3230916,-27.0736278,-27.0736278,-25.8178172,-25.8178172,81.1545815,-26.7547,-26.7547,-0.227374497,-0.227374497,-0.0844870235,-0.0844870235,0.754046945,2275.2815,0.0,4.22536798,0.0555876095,0.0,5350.11864,2273.60942,81.1545815,0.0,0.0
153.0,117.9301074,5347.34455,-49.0880001,-49.0880001,-27.4879159,-27.4879159,-26.2108285,-26.2108285,83.1361011,-26.7547,-26.7547,-0.232926206,-0.232926206,-0.0867830496,-0.0867830496,0.754209877,2275.2815,0.0,4.32853714,0.0590435028,0.0,5347.34455,2273.61204,83.1361011,0.0,0.0
153.5,119.7655689,5344.40309,-49.8529064,-49.8529064,-27.9008861,-27.9008861,-26.602488,-26.602488,85.2370749,-26.7547,-26.7547,-0.238812599,-0.238812599,-0.0892296269,-0.0892296269,0.75437492,2275.2815,0.0,4.43792569,0.0624976601,0.0,5344.40309,2273.61487,85.2370749,0.0,0.0
154.0,120.58746,5339.292179999999,-50.2219613,-50.2219613,-28.0805761,-28.0805761,-26.7722385,-26.7722385,87.4353402,-26.7547,-26.7547,-0.244971584,-0.244971584,-0.0918028375,-0.0918028375,0.754541646,2275.2815,0.0,4.55237994,0.0640815881,0.0,5339.292179999999,2272.77177,87.4353402,0.0,0.0
154.5,119.4784706,5332.56726,-49.8191154,-49.8191154,-27.8204555,-27.8204555,-26.5241489,-26.5241489,89.6374845,-26.7547,-26.7547,-0.251141437,-0.251141437,-0.094394249,-0.094394249,0.754708339,2275.2815,0.0,4.66703607,0.0620731235,0.0,5332.56726,2271.25932,89.6374845,0.0,0.0
155.0,112.9632166,5321.1356,-47.0437519,-47.0437519,-26.2142204,-26.2142204,-24.9970593,-24.9970593,91.5862198,-26.7547,-26.7547,-0.256601293,-0.256601293,-0.096698727,-0.096698727,0.754870325,2275.2815,0.0,4.76849841,0.0496391416,0.0,5321.1356,2267.64032,91.5862198,0.0,0.0
155.5,105.7433088,5318.36625,-44.011083,-44.011083,-24.5114908,-24.5114908,-23.3751948,-23.3751948,93.0650416,-26.7547,-26.7547,-0.26074457,-0.26074457,-0.0984546636,-0.0984546636,0.755023452,2275.2815,0.0,4.8454941,0.0359387748,0.0,5318.36625,2267.35145,93.0650416,0.0,0.0
156.0,98.5233998,5316.94344,-41.0025168,-41.0025168,-22.8297788,-22.8297788,-21.7682229,-21.7682229,94.0713745,-26.7547,-26.7547,-0.263564062,-0.263564062,-0.0996531108,-0.0996531108,0.755167775,2275.2815,0.0,4.89788956,0.0222840198,0.0,5316.94344,2267.34704,94.0713745,0.0,0.0
156.5,91.3034915,5315.53486,-38.009539,-38.009539,-21.1577629,-21.1577629,-20.1686609,-20.1686609,95.1432538,-7.827877072,-7.827877072,-0.07682664625,-0.07682664625,0.0741165031,0.0741165031,0.755302987,2275.2815,0.0,4.95369754,0.0698600386,0.0,5315.53486,2267.38672,95.1432538,0.0,0.0
157.0,84.0835815,5307.77308,-35.060215,-35.060215,-19.4877951,-19.4877951,-18.562524,-18.562524,100.7844766,55.5472222,55.5472222,0.59133841,0.59133841,1.352295689,1.352295689,0.755425059,2275.2815,0.0,5.24741176,0.261301883,0.0,5307.77308,2267.45082,100.7844766,0.0,0.0
157.5,77.0215485,5290.64546,-32.1427897,-32.1427897,-17.8087323,-17.8087323,-16.9484425,-16.9484425,113.2279724,120.7065476,120.7065476,1.44016691,1.44016691,3.15927737,3.15927737,0.755528473,2275.2815,0.0,5.89529075,0.458695481,0.0,5290.64546,2267.58965,113.2279724,0.0,0.0
158.0,74.76509,5273.320290000001,-31.2046284,-31.2046284,-17.2318036,-17.2318036,-16.3934007,-16.3934007,132.1584224,168.799505,168.799505,2.33830698,2.33830698,5.09471657,5.09471657,0.75561225,2275.2815,0.0,6.88091718,0.609855643,0.0,5273.320290000001,2271.43377,132.1584224,0.0,0.0
158.5,74.76509,5245.7378,-31.2802082,-31.2802082,-17.1832296,-17.1832296,-16.3461212,-16.3461212,153.492037,171.275045,171.275045,2.75303068,2.75303068,5.75431849,5.75431849,0.755687301,2275.2815,0.0,7.99166634,0.617744545,0.0,5245.7378,2272.41313,153.492037,0.0,0.0
159.0,74.76509,5215.69756,-31.2851166,-31.2851166,-17.0875094,-17.0875094,-16.2530615,-16.2530615,174.994941,175.077073,175.077073,3.20961382,3.20961382,6.45987474,6.45987474,0.75575786,2275.2815,0.0,9.1112297,0.629745629,0.0,5215.69756,2272.46856,174.994941,0.0,0.0
159.5,74.76509,5134.04353,-33.576882,-33.576882,-18.0334586,-18.0334586,-17.1566579,-17.1566579,197.161174,181.731367,181.731367,3.75344832,3.75344832,7.31585628,7.31585628,0.75582409,2248.19413,0.0,10.2653296,0.654903037,0.0,5134.04353,2251.43442,197.161174,0.0,0.0
160.0,74.76509,4630.49916,-36.4178747,-36.4178747,-17.6617784,-17.6617784,-16.76729555,-16.76729555,220.2946,188.385663,188.385663,4.34725909,4.34725909,8.22893767,8.22893767,0.755891023,2055.58345,0.0,11.4697866,0.680958793,0.0,4630.49916,2055.41327,220.2946,0.0,0.0
160.5,74.76509,4061.99564,-36.2479866,-36.2479866,-15.41888775,-15.41888775,-14.5750544,-14.5750544,244.19302,195.039958,195.039958,4.98892392,4.98892392,9.1687194,9.1687194,0.75594019,1834.88566,0.0,12.7140742,0.701712998,0.0,4061.99564,1832.80888,244.19302,0.0,0.0
161.0,74.76509,3497.73474,-36.2495716,-36.2495716,-13.27753575,-13.27753575,-12.4778152,-12.4778152,268.81544,201.694249,201.694249,5.67918756,5.67918756,10.1298867,10.1298867,0.755968312,1614.18785,0.0,13.9960572,0.722699547,0.0,3497.73474,1612.39261,268.81544,0.0,0.0
161.5,74.76509,2932.57208,-36.2553079,-36.2553079,-11.13391255,-11.13391255,-10.3762674,-10.3762674,294.162365,208.347877,208.347877,6.41955315,6.41955315,11.1095212,11.1095212,0.755974273,1393.49006,0.0,15.3157619,0.743620229,0.0,2932.57208,1392.02416,294.162365,0.0,0.0
162.0,74.76509,2366.54037,-36.258557,-36.258557,-8.9857256,-8.9857256,-8.26927408,-8.26927408,320.121759,211.93971,211.93971,7.10487022,7.10487022,11.8908929,11.8908929,0.755957198,1172.79226,0.0,16.667355,0.754562712,0.0,2366.54037,1171.65165,320.121759,0.0,0.0
162.5,74.76509,1800.35251,-36.2581489,-36.2581489,-6.83583977,-6.83583977,-6.16155063,-6.16155063,346.195455,211.93971,211.93971,7.68355697,7.68355697,12.401598,12.401598,0.755918096,952.094459,0.0,18.0248997,0.753812275,0.0,1800.35251,951.280954,346.195455,0.0,0.0
163.0,74.76509,1450.25623,-31.6665614,-31.6665614,-4.811381,-4.811381,-4.24919716,-4.24919716,372.12117,211.93971,211.93971,8.2589595,8.2589595,12.8745857,12.8745857,0.755856313,829.029455,0.0,19.3747396,0.745023121,0.0,1450.25623,820.741131,372.12117,0.0,0.0
163.5,74.76509,1431.22282,-31.2796311,-31.2796311,-4.6880746,-4.6880746,-4.13565658,-4.13565658,397.832706,211.93971,211.93971,8.8296083,8.8296083,13.4041635,13.4041635,0.755781903,828.84265,0.0,20.7134279,0.743494665,0.0,1431.22282,827.833973,397.832706,0.0,0.0
164.0,74.76509,1396.26997,-31.3160031,-31.3160031,-4.57893281,-4.57893281,-4.02931043,-4.02931043,423.522666,211.93971,211.93971,9.3997782,9.3997782,14.0341331,14.0341331,0.755701262,828.84265,0.0,22.050993,0.74264742,0.0,1396.26997,828.289984,423.522666,0.0,0.0
164.5,74.76509,1360.36791,-31.3164541,-31.3164541,-4.46126063,-4.46126063,-3.91562378,-3.91562378,449.180721,211.93971,211.93971,9.9692404,9.9692404,14.6436204,14.6436204,0.755613623,828.84265,0.0,23.386897,0.741681937,0.0,1360.36791,828.332455,449.180721,0.0,0.0
165.0,74.76509,1324.4951,-31.3161829,-31.3161829,-4.34357978,-4.34357978,-3.80247132,-3.80247132,474.804407,211.93971,211.93971,10.5379394,10.5379394,15.2329207,15.2329207,0.755519059,828.84265,0.0,24.7210113,0.740659781,0.0,1324.4951,828.366963,474.804407,0.0,0.0
165.5,74.76509,1288.67266,-31.3158836,-31.3158836,-4.22606257,-4.22606257,-3.68919153,-3.68919153,500.391802,211.93971,211.93971,11.105833,11.105833,15.80297675,15.80297675,0.755417573,828.84265,0.0,26.0532366,0.739582468,0.0,1288.67266,828.401286,500.391802,0.0,0.0
166.0,74.76509,1252.90373,-31.3155693,-31.3155693,-4.10872092,-4.10872092,-3.57259369,-3.57259369,525.941005,211.93971,211.93971,11.6728788,11.6728788,16.3546744,16.3546744,0.755309179,828.84265,0.0,27.3834724,0.738450351,0.0,1252.90373,828.435567,525.941005,0.0,0.0
166.5,74.76509,1217.18955,-31.3243599,-31.3243599,-3.99270644,-3.99270644,-3.45742791,-3.45742791,551.450117,211.93971,211.93971,12.2390353,12.2390353,16.8888456,16.8888456,0.755193872,828.767745,0.0,28.7116221,0.737278408,0.0,1217.18955,828.469223,551.450117,0.0,0.0
167.0,86.4828074,942.944217,-40.7292268,-40.7292268,-3.96799412,-3.96799412,-3.28702265,-3.28702265,577.295599,211.93971,211.93971,12.8126573,12.8126573,17.4212561,17.4212561,0.755072443,712.076846,0.0,30.0572844,0.766024329,0.0,942.944217,729.444686,577.295599,0.0,0.0
167.5,111.9029577,401.813753,-51.0302311,-51.0302311,-2.10969548,-2.10969548,-1.416549671,-1.416549671,604.595037,211.93971,211.93971,13.4185482,13.4185482,18.049643,18.049643,0.754932636,504.194601,0.0,31.478648,0.81217472,0.0,401.813753,520.21625,604.595037,0.0,0.0
168.0,137.323107,178.892875,-57.0474413,-57.0474413,-1.06854021,-1.06854021,-0.526789067,-0.526789067,632.907614,197.738686,197.738686,13.09599365,13.09599365,17.2936617,17.2936617,0.754769491,432.0483,0.0,32.9527602,0.804825786,0.0,178.892875,443.988732,632.907614,0.0,0.0
168.5,162.743246,154.551175,-67.9240056,-67.9240056,-1.09590808,-1.09590808,-0.508397601,-0.508397601,660.202821,180.4405,180.4405,12.4749846,12.4749846,16.140555,16.140555,0.754623154,432.0483,0.0,34.3739039,0.795856852,0.0,154.551175,449.797437,660.202821,0.0,0.0
169.0,188.163398,115.340527,-78.5299874,-78.5299874,-0.944791225,-0.944791225,-0.404510907,-0.404510907,688.520385,180.4405,180.4405,13.0100644,13.0100644,16.6816634,16.6816634,0.754475912,432.0483,0.0,35.8482774,0.842279162,0.0,115.340527,450.016009,688.520385,0.0,0.0
169.5,213.583549,73.462268,-89.1206595,-89.1206595,-0.681666191,-0.681666191,-0.270034475,-0.270034475,718.439257,180.4405,180.4405,13.5754022,13.5754022,17.2429126,17.2429126,0.754320478,432.0483,0.0,37.4060241,0.888506412,0.0,73.462268,450.059571,718.439257,0.0,0.0
170.0,239.00369,29.3427096,-99.7109755,-99.7109755,-0.302249439,-0.302249439,-0.111683934,-0.111683934,749.953196,180.4405,180.4405,14.1708799,14.1708799,17.8227871,17.8227871,0.754156011,432.0483,0.0,39.0468189,0.93455266,0.0,29.3427096,450.101848,749.953196,0.0,0.0
170.5,264.423842,6.47582314,-114.3633504,-114.3633504,-0.07790010349,-0.07790010349,-0.02474970892,-0.02474970892,783.042585,180.4405,180.4405,14.7961261,14.7961261,18.4383646,18.4383646,0.753981896,432.0483,0.0,40.7696398,0.965979793,0.0,6.47582314,459.90742,783.042585,0.0,0.0
171.0,282.040827,-77.07316979,-129.1954446,-128.8934696,0.9734475063,0.9665604963,2.2324884154,2.2173341754,817.606918,180.4405,179.979745,15.44924335,15.4092018,19.1110412,19.0616592,0.753790292,432.0483,0.0,42.5692558,1.02103299,0.0,-77.07316979,445.32394,817.606918,0.0,0.0
171.5,282.63205,-183.001157,-117.2022715,-117.1477165,2.2456582,2.24463134,5.12792828,5.12557399,852.549401,180.4405,180.341569,16.1095054,16.1005892,19.7911146,19.7801814,0.753509206,432.0483,0.0,44.3885594,1.00831703,0.0,-183.001157,421.649173,852.549401,0.0,0.0
172.0,282.63205,-188.530315,-121.2891123,-117.6357336,2.39591702,2.32251651,5.43886829,5.27282481,887.1762,180.4405,175.127664,16.7638022,16.2674527,20.4031934,19.8000532,0.753203343,432.0483,0.0,46.1914261,0.989698852,0.0,-188.530315,439.56678,887.1762,0.0,0.0
172.5,282.63205,-203.302776,-126.2665622,-117.3511877,2.68818651,2.49844347,6.00683835,5.58282122,920.858165,180.4405,167.668353,17.4002465,16.1679906,20.9681268,19.4833602,0.75289501,446.182881,0.0,47.9451003,0.962442061,0.0,-203.302776,453.086498,920.858165,0.0,0.0
173.0,282.63205,-173.319833,-125.3089016,-117.0680746,2.27508926,2.12482141,5.24943158,4.90299506,954.071768,180.4405,168.427441,18.0278399,16.8283668,21.5933295,20.1564933,0.752586744,486.050018,0.0,49.6743902,0.961717032,0.0,-173.319833,484.955801,954.071768,0.0,0.0
173.5,282.63205,-129.5986714,-122.6875925,-117.0057708,1.66626652,1.58795735,4.03772559,3.84837782,987.447695,180.4405,171.854228,18.6585005,17.7718203,22.262487,21.2044204,0.752278537,526.420565,0.0,51.4121294,0.969898727,0.0,-129.5986714,522.636456,987.447695,0.0,0.0
174.0,282.63205,-82.6926715,-119.393184,-116.99552,1.035341335,1.01312971,2.65096631,2.59445374,1021.175649,180.4405,176.432921,19.2958137,18.868727,22.9599848,22.4516581,0.751970396,566.79111,0.0,53.1681971,0.981770789,0.0,-82.6926715,561.847871,1021.175649,0.0,0.0
174.5,282.63205,-28.054004917,-116.8953105,-116.8567605,0.34354132376,0.34331210176,0.93134283447,0.93073496447,1055.31311,180.4405,180.263081,19.9408647,19.9215222,23.6524086,23.6294277,0.751666161,607.16165,0.0,54.9455878,0.990863152,0.0,-28.054004917,604.516048,1055.31311,0.0,0.0
175.0,284.315855,31.8566408,-117.3560089,-117.3560089,-0.393137056,-0.393137056,-0.1460222015,-0.1460222015,1089.54265,180.4405,180.4405,20.587655,20.587655,24.3063592,24.3063592,0.751382009,647.532184,0.0,56.727773,0.991095284,0.0,31.8566408,649.431681,1089.54265,0.0,0.0
175.5,326.175218,152.5198995,-134.791382,-134.791382,-2.17211922,-2.17211922,-0.92476498,-0.92476498,1124.82466,180.4405,180.4405,21.2543328,21.2543328,24.9722735,24.9722735,0.751100252,685.749479,0.0,58.5647549,1.06681005,0.0,152.5198995,720.241479,1124.82466,0.0,0.0
176.0,368.825999,101.6262329,-154.620949,-154.620949,-1.6393612,-1.6393612,-0.671821436,-0.671821436,1163.33998,180.4405,178.775571,21.9821064,21.777053,25.6819856,25.4429729,0.750812856,694.8549,0.0,60.5700799,1.1418323,0.0,101.6262329,721.553052,1163.33998,0.0,0.0
176.5,370.79727,6.7665078,-158.030239,-156.572428,-0.1113868228,-0.1117468146,-0.0312492724,-0.0322744784,1202.41367,180.4405,171.394688,22.720431,21.5797181,26.3690277,25.0454798,0.750506457,694.8549,0.0,62.6044798,1.10771903,0.0,6.7665078,704.896065,1202.41367,0.0,0.0
177.0,370.79727,88.12330065,-158.322519,-158.322519,-1.301271287,-1.301271287,-0.64666558025,-0.64666558025,1240.64344,180.4405,170.170841,23.4428081,22.1117734,27.0941017,25.5562612,0.750198748,775.959675,0.0,64.5949379,1.09211012,0.0,88.12330065,761.071296,1240.64344,0.0,0.0
177.5,370.79727,1260.959515,-140.743965,-140.743965,-18.6220718,-18.6220718,-14.80817425,-14.80817425,1278.69409,173.100964,173.100964,23.1704996,23.1704996,26.7114459,26.7114459,0.749970093,1285.30252,0.0,66.57607,1.08949368,0.0,1260.959515,1271.314625,1278.69409,0.0,0.0
178.0,370.79727,2614.0185,-141.758,-141.758,-38.8053124,-38.8053124,-34.3294684,-34.3294684,1314.42796,136.7973494,136.7973494,18.8183169,18.8183169,21.4165974,21.4165974,0.749964024,1856.2866,0.0,68.436576,0.969815459,0.0,2614.0185,1855.19715,1314.42796,0.0,0.0
178.5,370.79727,3941.3155,-141.747988,-141.747988,-58.5037597,-58.5037597,-53.7110656,-53.7110656,1345.6968,97.5381739,97.5381739,13.73534035,13.73534035,15.5218241,15.5218241,0.750120928,2427.2707,0.0,70.0646115,0.839192086,0.0,3941.3155,2425.75292,1345.6968,0.0,0.0
179.0,370.79727,5274.22829,-141.712282,-141.712282,-78.2695285,-78.2695285,-73.3030724,-73.3030724,1372.4559,58.2753183,58.2753183,8.36720446,8.36720446,9.56493546,9.56493546,0.750401899,2998.25482,0.0,71.4578426,0.708962561,0.0,5274.22829,2996.01219,1372.4559,0.0,0.0
179.5,370.79727,6613.41986,-141.676227,-141.676227,-98.1182614,-98.1182614,-93.0849419,-93.0849419,1394.72096,19.01246234,19.01246234,2.770069968,2.770069968,3.505498004,3.505498004,0.750788067,3569.23889,0.0,72.617087,0.579212348,0.0,6613.41986,3566.26009,1394.72096,0.0,0.0
180.0,370.79727,7394.44346,-153.552187,-153.552187,-118.9066065,-118.9066065,-113.474018,-113.474018,1412.82493,-20.25039399,-20.25039399,-3.001605185,-3.001605185,-2.397153246,-2.397153246,0.751272999,3885.42041,0.0,73.559681,0.470644645,0.0,7394.44346,3901.82055,1412.82493,0.0,0.0
180.5,370.79727,7330.34782,-154.482139,-154.482139,-118.585547,-118.585547,-113.1143819,-113.1143819,1426.94417,-59.5132489,-59.5132489,-8.89704757,-8.89704757,-7.81841083,-7.81841083,0.751807631,3885.6582,0.0,74.294809,0.343505494,0.0,7330.34782,3883.39402,1426.94417,0.0,0.0
181.0,370.79727,7314.25361,-154.353128,-154.353128,-118.2262916,-118.2262916,-112.7583626,-112.7583626,1436.59565,-98.7761055,-98.7761055,-14.86239375,-14.86239375,-13.2315804,-13.2315804,0.752356696,3885.6582,0.0,74.7973217,0.215059159,0.0,7314.25361,3882.33243,1436.59565,0.0,0.0
181.5,370.79727,7306.59626,-154.323144,-154.323144,-118.0795744,-118.0795744,-112.6120956,-112.6120956,1442.06405,-128.5689554,-128.5689554,-19.4158374,-19.4158374,-17.2556199,-17.2556199,0.752920903,3885.6582,0.0,75.0820355,0.1179211107,0.0,7306.59626,3882.33909,1442.06405,0.0,0.0
182.0,370.79727,7301.247719999999,-154.322302,-154.322302,-117.9924998,-117.9924998,-112.5246324,-112.5246324,1445.94756,-130.39981,-130.39981,-19.7450443,-19.7450443,-17.5478594,-17.5478594,0.753490747,3885.6582,0.0,75.2842328,0.111505264,0.0,7301.247719999999,3882.38123,1445.94756,0.0,0.0
182.5,370.79727,7295.86737,-154.322344,-154.322344,-117.905579,-117.905579,-112.4372957,-112.4372957,1449.79414,-130.39981,-130.39981,-19.7975715,-19.7975715,-17.5990654,-17.5990654,0.754060565,3885.6582,0.0,75.4845107,0.1110246493,0.0,7295.86737,3882.38836,1449.79414,0.0,0.0
183.0,370.79727,7290.50538,-154.322215,-154.322215,-117.8188266,-117.8188266,-112.3501419,-112.3501419,1453.62416,-130.39981,-130.39981,-19.8498718,-19.8498718,-17.6500737,-17.6500737,0.754630296,3885.6582,0.0,75.6839236,0.1105445465,0.0,7290.50538,3882.39352,1453.62416,0.0,0.0
183.5,370.79727,7285.166589999999,-154.322081,-154.322081,-117.7324496,-117.7324496,-112.2633679,-112.2633679,1457.43758,-130.39981,-130.39981,-19.9019458,-19.9019458,-17.7008847,-17.7008847,0.75519992,3885.6582,0.0,75.8824716,0.1100652566,0.0,7285.166589999999,3882.39869,1457.43758,0.0,0.0
184.0,370.79727,7279.85103,-154.321948,-154.321948,-117.6464431,-117.6464431,-112.176976,-112.176976,1461.23447,-130.39981,-130.39981,-19.953794,-19.953794,-17.7514986,-17.7514986,0.755769434,3885.6582,0.0,76.080158,0.109586801,0.0,7279.85103,3882.40375,1461.23447,0.0,0.0
184.5,370.79727,7274.558500000001,-154.321816,-154.321816,-117.5608141,-117.5608141,-112.0909691,-112.0909691,1465.0148,-130.39981,-130.39981,-20.0054161,-20.0054161,-17.8019156,-17.8019156,0.756338868,3885.6582,0.0,76.276982,0.1091091902,0.0,7274.558500000001,3882.40882,1465.0148,0.0,0.0
185.0,371.212553,7270.247,-154.470081,-154.470081,-117.6040088,-117.6040088,-112.1286006,-112.1286006,1468.78414,-130.39981,-130.39981,-20.0568877,-20.0568877,-17.8522087,-17.8522087,0.756908246,3885.6582,0.0,76.4732355,0.1093733657,0.0,7270.247,3882.81562,1468.78414,0.0,0.0
185.5,372.979524,7200.79148,-158.667772,-158.667772,-119.6004076,-119.6004076,-113.9720776,-113.9720776,1473.11363,-117.0688225,-117.0688225,-18.0580706,-18.0580706,-16.1031835,-16.1031835,0.757477932,3848.85551,0.0,76.6986556,0.161296133,0.0,7200.79148,3856.4427,1473.11363,0.0,0.0
186.0,374.848904,6379.05432,-165.346296,-165.346296,-110.4560025,-110.4560025,-104.5825201,-104.5825201,1480.68475,-86.6564385,-86.6564385,-13.4342044,-13.4342044,-11.98157435,-11.98157435,0.758032614,3515.18257,0.0,77.092848,0.272521844,0.0,6379.05432,3518.93242,1480.68475,0.0,0.0
186.5,376.718301,5396.6185,-165.770274,-165.770274,-93.6756729,-93.6756729,-87.8527064,-87.8527064,1491.83164,-56.2025849,-56.2025849,-8.77681777,-8.77681777,-7.72406323,-7.72406323,0.758524629,3117.36985,0.0,77.6732199,0.372536429,0.0,5396.6185,3116.64232,1491.83164,0.0,0.0
187.0,378.587686,4656.05257,-160.113442,-160.113442,-78.0976248,-78.0976248,-72.551052,-72.551052,1506.31315,-25.7487291,-25.7487291,-4.05743823,-4.05743823,-3.29814236,-3.29814236,0.758943205,2830.24329,0.0,78.427212,0.461532288,0.0,4656.05257,2816.94296,1506.31315,0.0,0.0
187.5,380.457075,5631.46107,-111.5903591,-111.5903591,-58.7262851,-58.7262851,-54.9187089,-54.9187089,1523.28874,4.7051258,4.7051258,0.7549766813,0.7549766813,1.1862455877,1.1862455877,0.759298801,3359.67617,0.0,79.3110538,0.475661591,0.0,5631.46107,3232.72956,1523.28874,0.0,0.0
188.0,382.326464,9969.8381,-157.782185,-157.782185,-164.73556,-164.73556,-159.292049,-159.292049,1541.82803,35.1589812,35.1589812,5.68280388,5.68280388,6.71865854,6.71865854,0.759733024,4935.3145,0.0,80.2763155,0.654190263,0.0,9969.8381,5048.78526,1541.82803,0.0,0.0
188.5,383.521962,9666.54075,-160.293039,-160.293039,-162.262163,-162.262163,-156.744902,-156.744902,1566.38342,65.6128351,65.6128351,10.7694268,10.7694268,12.10088685,12.10088685,0.760366108,4935.3145,0.0,81.55481,0.755214776,0.0,9666.54075,4936.91867,1566.38342,0.0,0.0
189.0,383.5406,9613.408599999999,-159.841465,-159.841465,-160.914613,-160.914613,-155.400396,-155.400396,1594.11231,96.0666915,96.0666915,16.0446229,16.0446229,17.8559258,17.8559258,0.760969224,4935.3145,0.0,82.9985325,0.849197234,0.0,9613.408599999999,4931.00063,1594.11231,0.0,0.0
189.5,383.5406,9569.73715,-159.855758,-159.855758,-160.197927,-160.197927,-154.672795,-154.672795,1625.08653,126.5205475,125.1040925,21.539659,21.2966816,23.9601609,23.6898198,0.761551882,4935.3145,0.0,84.6112236,0.938870559,0.0,9569.73715,4930.91428,1625.08653,0.0,0.0
190.0,383.5406,9523.51,-159.859607,-159.859607,-159.42793,-159.42793,-153.891983,-153.891983,1658.03501,155.034866,130.958028,26.9246912,22.7374662,29.9195967,25.2672689,0.762119809,4935.3145,0.0,86.32671,0.953161917,0.0,9523.51,4930.91712,1658.03501,0.0,0.0
190.5,383.5406,9477.6488,-159.855709,-159.855709,-158.656325,-158.656325,-153.110275,-153.110275,1690.78037,161.26172,128.7384496,28.552694,22.7935775,31.6668039,25.2796354,0.762684129,4935.3145,0.0,88.0316184,0.941241893,0.0,9477.6488,4930.95385,1690.78037,0.0,0.0
191.0,383.5406,9432.3743,-159.852472,-159.852472,-157.895226,-157.895226,-152.339538,-152.339538,1723.11919,161.26172,126.6264888,29.098809,22.8484962,32.2106064,25.2919558,0.763245993,4935.3145,0.0,89.7153595,0.929639091,0.0,9432.3743,4930.99716,1723.11919,0.0,0.0
191.5,383.5406,9387.6554,-159.849314,-159.849314,-157.143543,-157.143543,-151.578672,-151.578672,1755.06146,161.26172,124.5982865,29.6382279,22.899321,32.750795,25.3042295,0.763805441,4935.3145,0.0,91.3784568,0.918277228,0.0,9387.6554,4931.04019,1755.06146,0.0,0.0
192.0,383.5406,9343.48205,-159.846209,-159.846209,-156.401069,-156.401069,-150.828647,-150.828647,1786.61412,161.26172,122.6419125,30.171067,22.9450234,33.2892691,25.3164571,0.764362509,4935.3145,0.0,93.0212709,0.907119875,0.0,9343.48205,4931.08263,1786.61412,0.0,0.0
192.5,383.5406,9299.8422,-159.84318,-159.84318,-155.667631,-155.667631,-150.090882,-150.090882,1817.78566,161.26172,120.7739495,30.6974694,22.989807,33.8203666,25.3286389,0.76491719,4935.3145,0.0,94.644237,0.896222569,0.0,9299.8422,4931.12463,1817.78566,0.0,0.0
193.0,383.5406,9256.7238,-159.840222,-159.840222,-154.943012,-154.943012,-149.362388,-149.362388,1848.5847,161.26172,118.9885898,31.2175812,23.0337467,34.3442346,25.340776,0.765469544,4935.3145,0.0,96.2478101,0.885568218,0.0,9256.7238,4931.16612,1848.5847,0.0,0.0
193.5,383.5406,9214.115399999999,-159.837321,-159.837321,-154.227018,-154.227018,-148.642839,-148.642839,1879.01935,161.26172,117.2804256,31.7315404,23.0768849,34.8610431,25.352869,0.766019569,4935.3145,0.0,97.832408,0.875140941,0.0,9214.115399999999,4931.20695,1879.01935,0.0,0.0
194.0,383.5406,9172.0066,-159.834484,-159.834484,-153.519469,-153.519469,-147.932032,-147.932032,1909.09725,161.26172,115.6445202,32.2394738,23.1192616,35.3709552,25.3649181,0.766567313,4935.3145,0.0,99.3984349,0.864926405,0.0,9172.0066,4931.247499999999,1909.09725,0.0,0.0
194.5,383.5406,9130.38815,-159.831685,-159.831685,-152.820192,-152.820192,-147.2298,-147.2298,1938.8249,161.26172,114.0595305,32.741493,23.1574771,35.879446,25.3769231,0.767112794,4935.3145,0.0,100.946225,0.854857335,0.0,9130.38815,4931.28743,1938.8249,0.0,0.0
195.0,361.132718,9023.1101,-152.190224,-152.190224,-143.837633,-143.837633,-138.510928,-138.510928,1967.78088,161.26172,112.5340441,33.2304807,23.1890388,36.3826413,25.3887163,0.767648191,4924.430620000001,0.0,102.4538361,0.805651911,0.0,9023.1101,4903.55547,1967.78088,0.0,0.0
195.5,311.373398,8723.9921,-132.372939,-132.372939,-120.9895628,-120.9895628,-116.3646447,-116.3646447,1993.89694,161.26172,111.1936934,33.6715118,23.2170272,36.836413,25.3992938,0.768127817,4830.8601,0.0,103.8135879,0.704396889,0.0,8723.9921,4794.33911,1993.89694,0.0,0.0
196.0,261.612777,8423.3047,-111.4990119,-111.4990119,-98.4045066,-98.4045066,-94.5101489,-94.5101489,2016.48212,161.26172,110.0607868,34.0529133,23.2408569,37.2283833,25.4081033,0.768527012,4720.51021,0.0,104.989499,0.602527718,0.0,8423.3047,4682.40834,2016.48212,0.0,0.0
196.5,211.852151,8131.65671,-90.7615136,-90.7615136,-77.3393169,-77.3393169,-74.2084449,-74.2084449,2035.56459,161.26172,109.1209419,34.3751646,23.2605108,37.5592413,25.4150758,0.768842703,4610.16042,0.035189081612,105.9830448,0.497533469,0.0,8131.65671,4572.193499999999,2035.56459,-0.8646591,0.073998487
197.0,169.285427,7867.224769999999,-72.3692139,-72.3692139,-59.6423611,-59.6423611,-57.2352262,-57.2352262,2047.26095,161.26172,108.556485,34.5726838,23.2732714,37.7618888,25.4201465,0.769072112,4499.81053,2.285446947,106.592019,0.1156386022,0.0,7867.224769999999,4468.9909,2047.26095,-56.9925833,4.88860649
197.5,164.03917,7668.822620000001,-70.4451296,-70.4451296,-56.5720096,-56.5720096,-54.2875556,-54.2875556,2042.96195,169.2096,108.7884741,36.1977297,23.2739721,39.5420365,25.4241429,0.76925322,4389.46061,5.73095796,106.3681916,-0.347521077,0.0,7668.822620000001,4383.92412,2042.96195,-143.165071,12.24814715
198.0,164.03917,7554.65016,-68.1498385,-68.1498385,-53.9146834,-53.9146834,-51.7437676,-51.7437676,2030.67366,198.764602,109.4227875,42.2656093,23.2689086,46.1873231,25.427898,0.76942331,4336.2397,4.74669748,105.7283931,-0.2188080769,0.0,7554.65016,4329.24116,2030.67366,-118.8110276,10.1084429
198.5,164.03917,7559.347659999999,-68.3865934,-68.3865934,-54.1356477,-54.1356477,-51.9548252,-51.9548252,2034.38607,229.523628,196.7575374,48.9028782,41.942381,54.2404725,46.6336738,0.769542922,4336.2397,1.26594191368,105.9216826,0.5231919076,0.0,7559.347659999999,4333.3634,2034.38607,-31.784476462,2.7031314379
199.0,164.03917,7512.04797,-69.4288841,-69.4288841,-54.6111496,-54.6111496,-52.4035467,-52.4035467,2061.36371,260.285942,260.285942,56.1949605,56.1949605,63.0497513,63.0497513,0.769495261,4329.2948,0.0,107.3262903,0.893739737,0.0,7512.04797,4329.43368,2061.36371,0.0,0.0
199.5,164.03917,7060.17828,-74.2522115,-74.2522115,-54.9019113,-54.9019113,-52.600848,-52.600848,2094.05605,291.04921,290.796803,63.8330467,63.7772822,72.0936189,72.0304939,0.769363537,4157.64872,0.0,109.0284385,0.9949834,0.0,7060.17828,4160.49624,2094.05605,0.0,0.0
200.0,164.03917,6451.56549,-72.1438814,-72.1438814,-48.7689107,-48.7689107,-46.6085711,-46.6085711,2128.70595,321.812456,287.046886,71.7466185,63.9777012,80.7920979,72.0581836,0.769088309,3935.00375,0.0,110.8325084,0.972895434,0.0,6451.56549,3927.47972,2128.70595,0.0,0.0
200.5,164.03917,6298.9711,-68.2369066,-68.2369066,-45.0107927,-45.0107927,-43.0041689,-43.0041689,2160.82715,352.575699,270.083428,79.7896071,61.1142568,89.3222405,68.416718,0.768776808,3888.769,0.0,112.5049214,0.905263406,0.0,6298.9711,3882.73934,2160.82715,0.0,0.0
201.0,164.03917,6264.227809999999,-68.4974095,-68.4974095,-44.9335004,-44.9335004,-42.9198818,-42.9198818,2191.85424,383.33896,266.508556,87.9961205,61.1706949,98.2899544,68.3277529,0.768465373,3888.769,0.0,114.1203671,0.888323445,0.0,6264.227809999999,3886.39904,2191.85424,0.0,0.0
201.5,164.03917,6221.901309999999,-68.4992863,-68.4992863,-44.6311217,-44.6311217,-42.6207567,-42.6207567,2222.22813,410.802628,262.293538,95.6027934,61.0375674,106.541056,68.0218246,0.76815398,3888.769,0.0,115.7018075,0.868904014,0.0,6221.901309999999,3886.52168,2222.22813,0.0,0.0
202.0,164.03917,6180.30925,-68.4941827,-68.4941827,-44.3294679,-44.3294679,-42.3226976,-42.3226976,2251.93985,415.19385,258.242583,97.9120879,60.8984263,108.8744571,67.7168836,0.767842667,3888.769,0.0,117.2487651,0.850052266,0.0,6180.30925,3886.56334,2251.93985,0.0,0.0
202.5,164.03917,6140.94183,-68.4353104,-68.4353104,-44.0093008,-44.0093008,-42.0081275,-42.0081275,2279.76229,256.8947375,173.9699115,61.22143377,41.47261597,68.24511426,46.32080376,0.767560281,3888.769,0.0,118.6973613,0.5719962449,0.0,6140.94183,3886.42763,2279.76229,0.0,0.0
203.0,164.03917,6136.87293,-68.177187,-68.177187,-43.8141976,-43.8141976,-41.8232345,-41.8232345,2282.45377,-72.3039,-72.3039,-17.2819334,-17.2819334,-15.82435025,-15.82435025,0.767712921,3888.769,0.0,118.8374935,-0.22590545,0.0,6136.87293,3886.30606,2282.45377,0.0,0.0
203.5,164.03917,6148.48818,-68.1948191,-68.1948191,-43.9084752,-43.9084752,-41.915809,-41.915809,2274.67097,-72.3039,-72.3039,-17.2230051,-17.2230051,-15.7674176,-15.7674176,0.76802443,3888.769,0.0,118.4322795,-0.224344229,0.0,6148.48818,3886.59497,2274.67097,0.0,0.0
204.0,164.03917,6159.32944,-68.1959569,-68.1959569,-43.9866286,-43.9866286,-41.9929693,-41.9929693,2266.94132,-72.3039,-72.3039,-17.1644788,-17.1644788,-15.7108934,-15.7108934,0.76833604,3888.769,0.0,118.0298279,-0.222827314,0.0,6159.32944,3886.59273,2266.94132,0.0,0.0
204.5,164.03917,6170.078299999999,-68.196388,-68.196388,-44.06367,-44.06367,-42.0690609,-42.0690609,2259.26381,-72.3039,-72.3039,-17.1063474,-17.1063474,-15.65476995,-15.65476995,0.7686477,3888.769,0.0,117.630092,-0.221326949,0.0,6170.078299999999,3886.58258,2259.26381,0.0,0.0
205.0,164.03917,6173.09348,-69.2508425,-69.2508425,-44.7627197,-44.7627197,-42.7268745,-42.7268745,2251.64218,-72.3039,-72.3039,-17.0486392,-17.0486392,-15.59907495,-15.59907495,0.768959645,3881.79567,0.0,117.233268,-0.218011756,0.0,6173.09348,3883.38704,2251.64218,0.0,0.0
205.5,164.03917,5610.47725,-76.824346,-76.824346,-45.1443756,-45.1443756,-42.8711725,-42.8711725,2244.38779,-72.3039,-72.3039,-16.9937112,-16.9937112,-15.5460817,-15.5460817,0.769277777,3637.35491,0.0,116.8555631,-0.203428179,0.0,5610.47725,3645.04244,2244.38779,0.0,0.0
206.0,166.681659,4817.8516,-73.4076415,-73.4076415,-37.0761232,-37.0761232,-35.0288185,-35.0288185,2237.33199,-72.3039,-72.3039,-16.9402875,-16.9402875,-15.4945561,-15.4945561,0.769575645,3319.43462,0.0,116.4881986,-0.204928531,0.0,4817.8516,3311.10526,2237.33199,0.0,0.0
206.5,194.844929,4772.20729,-80.518574,-80.518574,-40.2463609,-40.2463609,-37.9127355,-37.9127355,2230.84863,-72.3039,-72.3039,-16.8911976,-16.8911976,-15.44722555,-15.44722555,0.76985669,3272.1987,0.0,116.150639,-0.158500993,0.0,4772.20729,3288.32674,2230.84863,0.0,0.0
207.0,229.415688,4793.41271,-95.424048,-95.424048,-47.9002162,-47.9002162,-44.8891923,-44.8891923,2226.53683,-72.3039,-72.3039,-16.8585505,-16.8585505,-15.41575545,-15.41575545,0.770164875,3272.1987,0.0,115.9261411,-0.0914582516,0.0,4793.41271,3294.63286,2226.53683,0.0,0.0
207.5,263.986441,4796.565759999999,-109.8393429,-109.8393429,-55.1719307,-55.1719307,-51.4450326,-51.4450326,2224.51332,-72.3039,-72.3039,-16.8432287,-16.8432287,-15.4009888,-15.4009888,0.77050076,3272.1987,0.0,115.8207834,-0.02570934976,0.0,4796.565759999999,3294.76333,2224.51332,0.0,0.0
208.0,298.557206,4796.23306,-124.2428615,-124.2428615,-62.4020271,-62.4020271,-58.0848678,-58.0848678,2224.75479,-72.3039,-72.3039,-16.8450572,-16.8450572,-15.40275075,-15.40275075,0.770863014,3272.1987,0.0,115.8333556,0.0395839731,0.0,4796.23306,3294.76588,2224.75479,0.0,0.0
208.5,333.127956,4792.74496,-138.646044,-138.646044,-69.5851381,-69.5851381,-64.7677536,-64.7677536,2227.24599,-72.3039,-72.3039,-16.8639197,-16.8639197,-15.4209313,-15.4209313,0.771251173,3272.1987,0.0,115.9630649,0.104444409,0.0,4792.74496,3294.76912,2227.24599,0.0,0.0
209.0,367.69872,4786.12792,-153.049101,-153.049101,-76.7075193,-76.7075193,-71.3902294,-71.3902294,2231.97215,-72.3039,-72.3039,-16.8997047,-16.8997047,-15.4554264,-15.4554264,0.771664406,3272.1987,0.0,116.2091335,0.168873752,0.0,4786.12792,3294.77522,2231.97215,0.0,0.0
209.5,402.269478,4776.402950000001,-167.452035,-167.452035,-83.7553849,-83.7553849,-77.9386091,-77.9386091,2238.91825,-72.3039,-72.3039,-16.9522979,-16.9522979,-15.5061391,-15.5061391,0.772101806,3272.1987,0.0,116.5707873,0.232872154,0.0,4776.402950000001,3294.78436,2238.91825,0.0,0.0
210.0,436.84024,4763.590829999999,-181.854855,-181.854855,-90.7150639,-90.7150639,-84.3993535,-84.3993535,2248.06946,-72.3039,-72.3039,-17.0215874,-17.0215874,-15.5729748,-15.5729748,0.7725624,3272.1987,0.0,117.0472513,0.296438513,0.0,4763.590829999999,3294.79644,2248.06946,0.0,0.0
210.5,454.40436,4713.27056,-189.691838,-189.691838,-93.6272235,-93.6272235,-87.0458974,-87.0458974,2259.06438,-72.3039,-72.3039,-17.1048372,-17.1048372,-15.6533134,-15.6533134,0.773041449,3272.1987,0.0,117.6197085,0.328410966,0.0,4713.27056,3280.27767,2259.06438,0.0,0.0
211.0,454.40436,4675.39965,-189.194589,-189.194589,-92.6309522,-92.6309522,-86.0724821,-86.0724821,2270.36101,-72.3039,-72.3039,-17.1903711,-17.1903711,-15.73589825,-15.73589825,0.773520862,3272.1987,0.0,118.207877,0.325338066,0.0,4675.39965,3271.11536,2270.36101,0.0,0.0
211.5,454.40436,4659.0891,-189.171261,-189.171261,-92.2964058,-92.2964058,-85.7414435,-85.7414435,2281.56933,-72.3039,-72.3039,-17.2752371,-17.2752371,-15.8178805,-15.8178805,0.773998729,3272.1987,0.0,118.7914463,0.323095765,0.0,4659.0891,3270.87285,2281.56933,0.0,0.0
212.0,454.40436,4643.492810000001,-189.170214,-189.170214,-91.9869355,-91.9869355,-85.4347251,-85.4347251,2292.70129,-72.3039,-72.3039,-17.3595239,-17.3595239,-15.8993452,-15.8993452,0.774475827,3272.1987,0.0,119.3710355,0.320896533,0.0,4643.492810000001,3270.88307,2292.70129,0.0,0.0
212.5,454.40436,4628.30369,-189.16116,-189.16116,-91.6816534,-91.6816534,-85.1325249,-85.1325249,2303.50918,-83.667721,-83.667721,-20.1860612,-20.1860612,-18.5504293,-18.5504293,0.77495385,3272.1987,0.0,119.9337591,0.281993466,0.0,4628.30369,3270.8733,2303.50918,0.0,0.0
213.0,454.40436,4618.9016,-189.10562,-189.10562,-91.4685462,-91.4685462,-84.923107,-84.923107,2310.10792,-143.4871819,-143.4871819,-34.7132457,-34.7132457,-31.9462836,-31.9462836,0.775459017,3272.1987,0.0,120.2773246,0.08706075955,0.0,4618.9016,3270.81401,2310.10792,0.0,0.0
213.5,454.40436,4624.711649999999,-188.236466,-188.236466,-91.1590439,-91.1590439,-84.6426906,-84.6426906,2309.45784,-208.79166,-208.79166,-50.4929663,-50.4929663,-45.9924239,-45.9924239,0.776009789,3277.27466,0.0,120.2434818,-0.1256007589,0.0,4624.711649999999,3272.85203,2309.45784,0.0,0.0
214.0,454.40436,5280.14129,-178.743621,-178.743621,-98.8417219,-98.8417219,-92.5754355,-92.5754355,2301.15354,-274.096133,-274.096133,-66.0437498,-66.0437498,-59.2634732,-59.2634732,0.776608129,3554.95487,0.0,119.811109,-0.353974992,0.0,5280.14129,3540.73233,2301.15354,0.0,0.0
214.5,454.288182,6360.414699999999,-179.284421,-179.284421,-119.414142,-119.414142,-113.0467806,-113.0467806,2285.54973,-325.417074,-325.417074,-77.883272,-77.883272,-68.950166,-68.950166,0.777288661,3983.91555,0.0,118.9986896,-0.522608597,0.0,6360.414699999999,3981.13112,2285.54973,0.0,0.0
215.0,446.905344,7402.71256,-176.351825,-176.351825,-136.663222,-136.663222,-130.425709,-130.425709,2266.97036,-329.2198,-329.2198,-78.1556504,-78.1556504,-69.061595,-69.061595,0.778033267,4412.87602,0.0,118.0313413,-0.546044671,0.0,7402.71256,4403.99058,2266.97036,0.0,0.0
215.5,435.373584,8371.57314,-175.403849,-175.403849,-153.822452,-153.822452,-147.687713,-147.687713,2247.80698,-329.2198,-329.2198,-77.4949779,-77.4949779,-68.4137515,-68.4137515,0.778819135,4796.57105,0.0,117.0335843,-0.558024446,0.0,8371.57314,4795.951230000001,2247.80698,0.0,0.0
216.0,423.84183,8533.485250000002,-176.594417,-176.594417,-157.809594,-157.809594,-151.639465,-151.639465,2228.45971,-329.2198,-329.2198,-76.8279655,-76.8279655,-67.7607999,-67.7607999,0.779636844,4858.5454,0.0,116.0262574,-0.566117335,0.0,8533.485250000002,4852.027400000001,2228.45971,0.0,0.0
216.5,412.310073,8549.592999999999,-171.412117,-171.412117,-153.466053,-153.466053,-147.477187,-147.477187,2208.54396,-329.2198,-329.2198,-76.141353,-76.141353,-67.089823,-67.089823,0.78044695,4858.5454,0.0,114.9893285,-0.585681077,0.0,8549.592999999999,4847.10127,2208.54396,0.0,0.0
217.0,400.778316,8578.1402,-166.598969,-166.598969,-149.654761,-149.654761,-143.834497,-143.834497,2187.97035,-329.2198,-329.2198,-75.4320643,-75.4320643,-66.397925,-66.397925,0.781245932,4858.5454,0.0,113.918153,-0.604485943,0.0,8578.1402,4846.96717,2187.97035,0.0,0.0
217.5,389.246552,8607.846000000001,-161.795144,-161.795144,-145.842753,-145.842753,-140.190892,-140.190892,2166.74867,-329.2198,-329.2198,-74.7004266,-74.7004266,-65.6855458,-65.6855458,0.782034009,4858.5454,0.0,112.8132289,-0.623189239,0.0,8607.846000000001,4846.9369,2166.74867,0.0,0.0
218.0,377.714796,8638.4596,-156.991511,-156.991511,-142.015965,-142.015965,-136.53263,-136.53263,2144.88174,-329.2198,-329.2198,-73.946545,-73.946545,-64.9529087,-64.9529087,0.782810965,4858.5454,0.0,111.6747116,-0.641811605,0.0,8638.4596,4846.907499999999,2144.88174,0.0,0.0
218.5,366.18303,8669.9728,-152.18791,-152.18791,-138.172729,-138.172729,-132.858034,-132.858034,2122.37228,-329.2198,-329.2198,-73.170517,-73.170517,-64.1962356,-64.1962356,0.783576642,4858.5454,0.0,110.5027451,-0.660357476,0.0,8669.9728,4846.877289999999,2122.37228,0.0,0.0
219.0,354.651278,8702.3818,-147.384326,-147.384326,-134.31164,-134.31164,-129.1655775,-129.1655775,2099.22303,-329.2198,-329.2198,-72.3724246,-72.3724246,-63.4112068,-63.4112068,0.784330749,4858.5454,0.0,109.29746,-0.678831113,0.0,8702.3818,4846.84619,2099.22303,0.0,0.0
219.5,345.663141,8741.5535,-143.48929,-143.48929,-131.351375,-131.351375,-126.3397005,-126.3397005,2075.47088,-329.2198,-329.2198,-71.553552,-71.553552,-62.6074073,-62.6074073,0.785073562,4858.5454,0.0,108.0607955,-0.692514191,0.0,8741.5535,4849.2772,2075.47088,0.0,0.0
220.0,164.8345893,8427.9404,-73.39197133,-73.39197133,-65.4468474,-65.4468474,-62.75811162,-62.75811162,2047.88467,-320.456833,-320.456833,-68.7302419,-68.7302419,-60.1934416,-60.1934416,0.785750157,4858.5454,0.0,106.6244964,-1.00432522,0.0,8427.9404,4702.673089999999,2047.88467,0.0,0.0
220.5,1.5765702,8649.0629,4.61360051,4.61360051,4.13046338,4.13046338,5.06968367,5.06968367,2006.77781,-296.03163,-296.03163,-62.220091,-62.220091,-54.7548609,-54.7548609,0.786119691,4858.5454,0.0,104.484239,-1.25432766,0.0,8649.0629,4770.68177,2006.77781,0.0,0.0
221.0,1.5765702,8903.9424,-0.1355974173,-0.1355974173,-0.1268726257,-0.1268726257,-0.0675502677,-0.0675502677,1965.17225,-271.326657,-271.326657,-55.845477,-55.845477,-49.3866835,-49.3866835,0.786399068,4858.5454,0.0,102.3180163,-1.1553756,0.0,8903.9424,4852.445760000001,1965.17225,0.0,0.0
221.5,1.5765702,8962.9988,-0.356135826,-0.356135826,-0.334286789,-0.334286789,-0.245966278,-0.245966278,1926.79137,-246.621694,-246.621694,-49.7694896,-49.7694896,-44.2308498,-44.2308498,0.786663752,4858.5454,0.0,100.319693,-1.06531034,0.0,8962.9988,4854.60914,1926.79137,0.0,0.0
222.0,1.5765702,9012.5,-0.384610268,-0.384610268,-0.363000249,-0.363000249,-0.26643338,-0.26643338,1891.50404,-221.916731,-221.916731,-43.9639903,-43.9639903,-39.2551917,-39.2551917,0.786905361,4858.5454,0.0,98.4824321,-0.976224911,0.0,9012.5,4854.6031,1891.50404,0.0,0.0
222.5,1.5765702,9057.9357,-0.4041489,-0.4041489,-0.383359173,-0.383359173,-0.280747286,-0.280747286,1859.03391,-202.467253,-202.467253,-39.4210348,-39.4210348,-35.3141786,-35.3141786,0.787125483,4858.5454,0.0,96.7918528,-0.905415798,0.0,9057.9357,4854.55011,1859.03391,0.0,0.0
223.0,1.5765702,9098.95175,-0.441139934,-0.441139934,-0.420350387,-0.420350387,-0.307219292,-0.307219292,1829.79846,-164.071932,-164.071932,-31.4492863,-31.4492863,-28.3705786,-28.3705786,0.787320883,4858.5454,0.0,95.2696884,-0.771373829,0.0,9098.95175,4854.546899999999,1829.79846,0.0,0.0
223.5,1.5765702,9132.4967,-0.485241339,-0.485241339,-0.464073113,-0.464073113,-0.338620756,-0.338620756,1805.84714,-118.619073,-118.619073,-22.4401415,-22.4401415,-20.3513391,-20.3513391,0.787475472,4858.5454,0.0,94.0226484,-0.614426988,0.0,9132.4967,4854.52017,1805.84714,0.0,0.0
224.0,1.5765702,8789.6626,-8.786747713,-8.786747713,-8.028778137,-8.028778137,-7.075368413,-7.075368413,1787.52128,-73.1662154,-73.1662154,-13.70189205,-13.70189205,-12.3561606,-12.3561606,0.7876015,4690.52851,0.0,93.0685007,-0.443444926,0.0,8789.6626,4701.16394,1787.52128,0.0,0.0
224.5,1.5765702,7797.140170000001,-9.809759,-9.809759,-8.01153996,-8.01153996,-7.17633558,-7.17633558,1774.9483,-27.7133571,-27.7133571,-5.15503131,-5.15503131,-4.34789894,-4.34789894,0.787707215,4283.20627,0.0,92.4138796,-0.286547566,0.0,7797.140170000001,4280.82681,1774.9483,0.0,0.0
225.0,1.5765702,7002.265150000001,-4.054402464,-4.054402464,-3.017645108,-3.017645108,-2.64593529,-2.64593529,1767.57102,17.7316244,17.7316244,3.280132478,3.280132478,4.032509443,4.032509443,0.787747694,3961.1902,0.0,92.0297776,-0.1454996001,0.0,7002.265150000001,3945.76589,1767.57102,0.0,0.0
225.5,3.13725316,6975.22717,-0.7194850373,-0.7194850373,-0.5264585396,-0.5264585396,-0.4158195878,-0.4158195878,1764.90918,63.181662,63.181662,11.67723955,11.67723955,13.0282807,13.0282807,0.787680449,3937.1494,0.0,91.8911874,-0.0020425227,0.0,6975.22717,3932.96092,1764.90918,0.0,0.0
226.0,100.3785364,7161.46279,-39.9849309,-39.9849309,-30.08630034,-30.08630034,-28.77979015,-28.77979015,1769.70669,108.631424,108.631424,20.1363575,20.1363575,22.2258553,22.2258553,0.787611604,3937.1494,0.0,92.1409732,0.325835827,0.0,7161.46279,4013.25628,1769.70669,0.0,0.0
226.5,252.042787,7197.040059999999,-105.0244009,-105.0244009,-79.1370926,-79.1370926,-75.5363561,-75.5363561,1788.22922,143.226527,143.226527,26.8231639,26.8231639,29.668346,29.668346,0.787444444,3937.1494,0.0,93.1053589,0.724804398,0.0,7197.040059999999,4038.87535,1788.22922,0.0,0.0
227.0,398.480243,7008.73565,-172.289971,-172.289971,-126.0487566,-126.0487566,-119.9278601,-119.9278601,1818.44122,145.39326,145.39326,27.686762,27.686762,30.5931209,30.5931209,0.787129213,3867.41187,0.0,94.6783681,1.014780436,0.0,7008.73565,3978.16102,1818.44122,0.0,0.0
227.5,439.36688,5750.41967,-195.008468,-195.008468,-117.4860487,-117.4860487,-110.6031781,-110.6031781,1855.74679,145.39326,145.39326,28.2547598,28.2547598,31.170239,31.170239,0.78681404,3456.75663,0.0,96.6207076,1.0960788,0.0,5750.41967,3476.34897,1855.74679,0.0,0.0
228.0,439.36688,4553.9952,-193.353155,-193.353155,-92.210154,-92.210154,-85.5355126,-85.5355126,1893.4614,145.39326,145.39326,28.8289857,28.8289857,31.7518016,31.7518016,0.786498943,3001.55221,0.0,98.5843455,1.08709588,0.0,4553.9952,3000.52918,1893.4614,0.0,0.0
228.5,439.36688,3407.93879,-193.310593,-193.310593,-68.9884394,-68.9884394,-62.6042298,-62.6042298,1930.93553,145.39326,145.39326,29.3995497,29.3995497,32.3284439,32.3284439,0.786183885,2546.34778,0.0,100.5354604,1.08083723,0.0,3407.93879,2545.52749,1930.93553,0.0,0.0
229.0,439.36688,2594.46203,-185.04149,-185.04149,-50.3020704,-50.3020704,-44.4619011,-44.4619011,1968.00829,145.39326,145.39326,29.9640027,29.9640027,32.9039711,32.9039711,0.785868935,2244.63094,0.0,102.4656801,1.0602194,0.0,2594.46203,2228.68031,1968.00829,0.0,0.0
229.5,439.36688,2560.36782,-182.995421,-182.995421,-49.0648105,-49.0648105,-43.3037759,-43.3037759,2004.43324,145.751814,145.751814,30.5943807,30.5943807,33.5546667,33.5546667,0.785554005,2237.4824,0.0,104.3621679,1.05157193,0.0,2560.36782,2235.76171,2004.43324,0.0,0.0
230.0,439.36688,2512.61887,-183.116349,-183.116349,-48.1817207,-48.1817207,-42.4272873,-42.4272873,2040.91905,150.742497,150.742497,32.2193963,32.2193963,35.3179167,35.3179167,0.785239173,2237.4824,0.0,106.261825,1.06155659,0.0,2512.61887,2237.1968,2040.91905,0.0,0.0
230.5,439.36688,2460.96329,-183.122765,-183.122765,-47.1928361,-47.1928361,-41.4535569,-41.4535569,2077.86368,157.133348,157.133348,34.193229,34.193229,37.4671567,37.4671567,0.784924387,2237.4824,0.0,108.185372,1.07567773,0.0,2460.96329,2237.27422,2077.86368,0.0,0.0
231.0,439.36688,2408.56353,-183.126674,-183.126674,-46.1889742,-46.1889742,-40.4695644,-40.4695644,2115.29286,163.524201,163.524201,36.2248071,36.2248071,39.6754774,39.6754774,0.784619026,2237.4824,0.0,110.1341464,1.08958826,0.0,2408.56353,2237.32495,2115.29286,0.0,0.0
231.5,439.36688,2277.70924,-184.959546,-184.959546,-44.1116201,-44.1116201,-38.3965612,-38.3965612,2153.24277,169.915054,169.915054,38.315759,38.315759,41.9570223,41.9570223,0.784520903,2201.78463,0.0,112.1100357,1.10646122,0.0,2277.70924,2205.03419,2153.24277,0.0,0.0
232.0,439.36688,1986.91072,-185.316732,-185.316732,-38.5587919,-38.5587919,-32.9680399,-32.9680399,2191.75132,176.305906,176.305906,40.467812,40.467812,44.3102083,44.3102083,0.784460297,2106.13843,0.0,114.115012,1.12053979,0.0,1986.91072,2106.5156,2191.75132,0.0,0.0
232.5,439.36688,1700.14,-185.29877,-185.29877,-32.9902623,-32.9902623,-27.5586629,-27.5586629,2230.71897,182.696761,182.696761,42.6801908,42.6801908,46.7261943,46.7261943,0.784320651,2009.63334,0.0,116.1438909,1.13374826,0.0,1700.14,2009.94114,2230.71897,0.0,0.0
233.0,439.200902,1413.43349,-185.286007,-185.286007,-27.4251784,-27.4251784,-22.190577,-22.190577,2269.95743,186.18471,182.454323,44.2578505,43.3664712,48.3889023,47.4155051,0.784072779,1913.12831,0.0,118.1868652,1.12513957,0.0,1413.43349,1913.55147,2269.95743,0.0,0.0
233.5,411.615493,1075.390451,-174.371824,-174.371824,-19.7009688,-19.7009688,-15.0745035,-15.0745035,2306.76187,186.332508,155.510402,45.011368,37.5564957,48.9544239,40.8500204,0.78376036,1816.62323,0.0,120.1031139,0.979595932,0.0,1075.390451,1794.37915,2306.76187,0.0,0.0
234.0,364.176223,777.320916,-153.940186,-153.940186,-12.57756255,-12.57756255,-8.83105537,-8.83105537,2337.43372,247.663826,130.373132,60.6481267,31.9072484,65.7401351,34.5892359,0.78344588,1720.11823,0.0,121.7000616,0.801296534,0.0,777.320916,1688.25925,2337.43372,0.0,0.0
234.5,316.736926,510.137058,-134.1364174,-134.1364174,-7.21070387,-7.21070387,-4.3682084,-4.3682084,2362.44159,313.920562,112.432668,77.6629131,27.8122348,84.0921736,30.1146739,0.783131458,1623.61312,0.0,123.0021134,0.648450258,0.0,510.137058,1591.68397,2362.44159,0.0,0.0
235.0,269.297654,250.437121,-114.3595055,-114.3595055,-3.04299081,-3.04299081,-1.472046966,-1.472046966,2382.51388,314.61563,100.6858493,78.4954215,25.1194399,85.012979,27.2050992,0.782817117,1527.10809,0.0,124.0471881,0.516649009,0.0,250.437121,1495.34096,2382.51388,0.0,0.0
235.5,221.858368,32.07695561,-96.6320964,-96.6320964,-0.3383891982,-0.3383891982,-0.1318062347,-0.1318062347,2398.37387,314.61563,95.0462646,79.0179543,23.8712507,85.5824023,25.8543706,0.782502836,1440.08172,0.0,124.8729514,0.406578619,0.0,32.07695561,1413.74028,2398.37387,0.0,0.0
236.0,174.419088,2.281408347,-85.961705,-76.8895352,-0.020871092072,-0.023005710112,0.01025524393,0.00418690883,2410.60074,314.61563,94.074894,79.4207846,23.747997,86.0022605,25.7159579,0.782188597,1425.3483,0.0,125.509552,0.302003393,0.0,2.281408347,1408.48127,2410.60074,0.0,0.0
236.5,128.3133054,-0.5720282872,-77.3884228,-70.1338943,0.00452907441,0.00349801836,0.03219297808,0.02924673353,2419.58593,314.61563,93.6832687,79.7168147,23.7373039,86.3088751,25.7002256,0.781874449,1425.3483,0.0,125.9773708,0.20972623,0.0,-0.5720282872,1412.54031,2419.58593,0.0,0.0
237.0,125.1602474,-0.4741647044,-71.0354765,-50.5192872,0.00367146579,-0.00047056184,0.02642575528,0.014589366364,2426.56001,314.61563,93.4133291,79.9465846,23.7371297,86.5466185,25.6967618,0.781560344,1425.3483,0.0,126.3404797,0.205623256,0.0,-0.4741647044,1416.65315,2426.56001,0.0,0.0
237.5,148.010466,4.927285842,-68.5628547,-68.5628547,-0.03552137433,-0.03552137433,-0.010129017626,-0.010129017626,2434.4366,314.61563,93.1390799,80.2060935,23.7442574,86.8148954,25.7007318,0.781246308,1425.3483,0.0,126.7505843,0.243474809,0.0,4.927285842,1423.49988,2434.4366,0.0,0.0
238.0,170.860686,16.722054884,-70.669453,-70.669453,-0.12670355645,-0.12670355645,-0.04687416944,-0.04687416944,2443.7074,314.61563,92.9067737,80.511533,23.7752644,87.1300234,25.7297212,0.780932348,1427.25584,0.0,127.2332709,0.287999882,0.0,16.722054884,1433.82088,2443.7074,0.0,0.0
238.5,193.710905,175.6246626,-78.394975,-78.394975,-1.46153136,-1.46153136,-0.707210381,-0.707210381,2454.38105,314.61563,94.8709836,80.863192,24.3843252,87.4787986,26.3792186,0.780618439,1491.8877,0.0,127.789002,0.332159676,0.0,175.6246626,1506.1737,2454.38105,0.0,0.0
239.0,216.561125,392.907536,-88.0882083,-88.0882083,-3.6417063,-3.6417063,-2.13901327,-2.13901327,2466.81929,314.61563,99.5429375,81.2729891,25.7150376,87.8695439,27.8021222,0.78030461,1586.8905,0.0,128.436609,0.388120636,0.0,392.907536,1603.8493,2466.81929,0.0,0.0
239.5,239.411345,600.850348,-97.6198091,-97.6198091,-6.15930325,-6.15930325,-4.12645646,-4.12645646,2481.27978,314.61563,106.0874463,81.7494125,27.5666658,88.3152165,29.7805628,0.779990818,1681.89331,0.0,129.189508,0.449412453,0.0,600.850348,1698.81928,2481.27978,0.0,0.0
240.0,262.261568,805.552705,-107.1460911,-107.1460911,-9.05527107,-9.05527107,-6.49989756,-6.49989756,2497.93043,314.61563,113.8480961,82.2979929,29.7819588,88.8306246,32.1458508,0.779677111,1776.89613,0.0,130.056434,0.514140524,0.0,805.552705,1793.7196,2497.93043,0.0,0.0
240.5,285.111787,1005.234423,-116.934588,-116.934588,-12.3271254,-12.3271254,-9.2866257,-9.2866257,2516.87225,314.61563,122.7840144,82.9220563,32.3633748,89.483949,34.9243903,0.779363472,1870.19494,0.0,131.042647,0.582605022,0.0,1005.234423,1887.8686,2516.87225,0.0,0.0
241.0,307.962008,1054.23715,-128.467367,-128.467367,-14.1789289,-14.1789289,-10.78156285,-10.78156285,2538.07925,314.61563,127.0174651,83.6207538,33.7595182,90.2157815,36.42208,0.779049875,1901.38,0.0,132.146806,0.63837023,0.0,1054.23715,1920.64158,2538.07925,0.0,0.0
241.5,325.855113,1004.984635,-136.078301,-136.078301,-14.31946115,-14.31946115,-10.78244665,-10.78244665,2560.70855,314.61563,125.9472595,84.3663102,33.7729271,90.9757844,36.4188346,0.778736354,1901.38,0.0,133.325015,0.66402582,0.0,1004.984635,1913.36032,2560.70855,0.0,0.0
242.0,327.15817,947.989575,-136.36771,-136.36771,-13.5377194,-13.5377194,-10.0498989,-10.0498989,2583.44322,314.61563,122.3744089,85.115335,33.106327,91.7302079,35.6792741,0.7784229,1901.38,0.0,134.508718,0.649444317,0.0,947.989575,1902.91891,2583.44322,0.0,0.0
242.5,327.15817,915.402547,-136.310816,-136.310816,-13.0668566,-13.0668566,-9.59320275,-9.59320275,2605.66012,314.61563,119.8152021,85.8473031,32.6928065,92.4706996,35.2151912,0.778109503,1901.38,0.0,135.66545,0.636090102,0.0,915.402547,1902.33144,2605.66012,0.0,0.0
243.0,327.15817,884.893702,-136.306264,-136.306264,-12.630937,-12.630937,-9.1762946,-9.1762946,2627.43215,314.61563,117.450503,86.5646154,32.3153776,93.1967705,34.7912509,0.777796177,1901.38,0.0,136.799026,0.623514754,0.0,884.893702,1902.34903,2627.43215,0.0,0.0
243.5,327.15817,855.011656,-136.30286,-136.30286,-12.2040968,-12.2040968,-8.77452415,-8.77452415,2648.77639,288.396101,115.1883446,79.9840904,31.9504472,86.0728646,34.3824602,0.777482909,1901.38,0.0,137.910329,0.611330137,0.0,855.011656,1902.37765,2648.77639,0.0,0.0
244.0,327.15817,825.712199,-136.299556,-136.299556,-11.7856029,-11.7856029,-8.38683045,-8.38683045,2669.70473,227.603688,113.0026778,63.6204447,31.5918696,68.445621,33.9877523,0.777169704,1901.38,0.0,138.999981,0.599449723,0.0,825.712199,1902.40587,2669.70473,0.0,0.0
244.5,327.15817,796.979744,-136.296348,-136.296348,-11.37522905,-11.37522905,-8.01264155,-8.01264155,2690.22827,166.678295,110.9055481,46.9459183,31.2439558,50.4961595,33.6065551,0.776856566,1901.38,0.0,140.068546,0.587912015,0.0,796.979744,1902.43356,2690.22827,0.0,0.0
245.0,324.979256,763.868811,-135.585006,-135.585006,-10.8472188,-10.8472188,-7.55121671,-7.55121671,2710.15445,105.7528958,99.9358003,30.0033567,28.3565663,32.2964828,30.5253983,0.776554068,1901.38,0.0,141.10602,0.544027395,0.0,763.868811,1900.29065,2710.15445,0.0,0.0
245.5,308.920769,718.049862,-128.7360445,-128.7360445,-9.6819973,-9.6819973,-6.62816147,-6.62816147,2726.20221,65.533324,65.533324,18.7083488,18.7083488,20.3078518,20.3078518,0.776378754,1901.38,0.0,141.941554,0.398319542,0.0,718.049862,1890.59517,2726.20221,0.0,0.0
246.0,290.414667,697.612403,-120.9445638,-120.9445638,-8.8366213,-8.8366213,-6.00383328,-6.00383328,2739.21309,64.61724,64.61724,18.5354385,18.5354385,20.1231994,20.1231994,0.776257215,1901.38,0.0,142.618978,0.357160803,0.0,697.612403,1889.688,2739.21309,0.0,0.0
246.5,271.908576,683.217184,-113.1927435,-113.1927435,-8.09909935,-8.09909935,-5.49540931,-5.49540931,2749.31064,17.70317122,17.70317122,5.09136313,5.09136313,6.239010134,6.239010134,0.776166528,1901.38,0.0,143.144712,0.1679917013,0.0,683.217184,1889.59393,2749.31064,0.0,0.0
247.0,253.402476,680.747412,-105.4394074,-105.4394074,-7.51650977,-7.51650977,-5.17292548,-5.17292548,2751.1632,-23.683788,-23.683788,-6.8233261,-6.8233261,-5.66068276,-5.66068276,0.776218385,1901.38,0.0,143.241167,-0.001457277733,0.0,680.747412,1889.64794,2751.1632,0.0,0.0
247.5,234.896379,681.755107,-97.7319485,-97.7319485,-6.97728181,-6.97728181,-4.88047243,-4.88047243,2750.50992,-23.683788,-23.683788,-6.82170599,-6.82170599,-5.65927891,-5.65927891,0.776291719,1901.38,0.0,143.207157,-0.0362742007,0.0,681.755107,1889.68583,2750.50992,0.0,0.0
248.0,216.390281,684.350519,-90.0219057,-90.0219057,-6.45119305,-6.45119305,-4.58977983,-4.58977983,2748.65791,-23.683788,-23.683788,-6.81711257,-6.81711257,-5.65529848,-5.65529848,0.77636318,1901.38,0.0,143.110728,-0.0708111974,0.0,684.350519,1889.68438,2748.65791,0.0,0.0
248.5,197.884185,688.608565,-82.3118599,-82.3118599,-5.93524514,-5.93524514,-4.29754052,-4.29754052,2745.61671,-23.683788,-23.683788,-6.80956994,-6.80956994,-5.64876302,-5.64876302,0.776432767,1901.38,0.0,142.952387,-0.1050666537,0.0,688.608565,1889.68044,2745.61671,0.0,0.0
249.0,179.378085,694.517784,-74.6018929,-74.6018929,-5.42532737,-5.42532737,-3.99942667,-3.99942667,2741.39604,-23.683788,-23.683788,-6.79910195,-6.79910195,-5.639694,-5.639694,0.776500406,1901.38,0.0,142.732633,-0.13904366,0.0,694.517784,1889.6749,2741.39604,0.0,0.0
249.5,163.189872,707.452586,-67.6486648,-67.6486648,-5.0107216,-5.0107216,-3.7614588,-3.7614588,2736.09343,-21.6072693,-21.6072693,-6.19124395,-6.19124395,-5.0790882,-5.0790882,0.776565088,1901.38,0.0,142.45655,-0.162037455,0.0,707.452586,1891.96103,2736.09343,0.0,0.0
250.0,160.88123,738.13139,-66.7518335,-66.7518335,-5.15970397,-5.15970397,-3.91425153,-3.91425153,2730.70094,-15.9586847,-15.9586847,-4.56376856,-4.56376856,-3.62607544,-3.62607544,0.77662228,1901.76806,0.0,142.175787,-0.146740637,0.0,738.13139,1901.57807,2730.70094,0.0,0.0
250.5,160.88123,1326.917037,-56.156218,-56.156218,-7.7920152,-7.7920152,-6.70328269,-6.70328269,2725.65038,-10.25567446,-10.25567446,-2.92752033,-2.92752033,-2.28062486,-2.28062486,0.776676132,2158.92458,0.0,141.912822,-0.145531938,0.0,1326.917037,2143.62712,2725.65038,0.0,0.0
251.0,160.88123,2477.62005,-56.5391582,-56.5391582,-14.67099,-14.67099,-13.4391575,-13.4391575,2720.96262,-4.55266381,-4.55266381,-1.297442801,-1.297442801,-1.010623438,-1.010623438,0.776755832,2620.13168,0.0,141.668752,-0.125314514,0.0,2477.62005,2619.70595,2720.96262,0.0,0.0
251.5,160.88123,3591.45313,-56.5935907,-56.5935907,-21.2847096,-21.2847096,-19.949621,-19.949621,2716.96839,1.150346483,1.150346483,0.327116629,0.327116629,0.4564726475,0.4564726475,0.776867579,3081.33883,0.0,141.460794,-0.1058311354,0.0,3591.45313,3080.84795,2716.96839,0.0,0.0
252.0,160.88123,4703.03125,-56.5998841,-56.5998841,-27.8755102,-27.8755102,-26.4366188,-26.4366188,2713.64288,6.85335664,6.85335664,1.94738471,1.94738471,2.50043094,2.50043094,0.7770062,3542.54595,0.0,141.287641,-0.0865895095,0.0,4703.03125,3541.44208,2713.64288,0.0,0.0
252.5,160.88123,5813.65695,-56.605206,-56.605206,-34.4615682,-34.4615682,-32.9100746,-32.9100746,2710.97978,12.55636685,12.55636685,3.56455149,3.56455149,4.55830305,4.55830305,0.77716886,4003.75315,0.0,141.148986,-0.0675055203,0.0,5813.65695,4002.02668,2710.97978,0.0,0.0
253.0,160.88123,6923.36238,-56.6104681,-56.6104681,-41.043365,-41.043365,-39.388593,-39.388593,2708.97379,18.2593767,18.2593767,5.17979348,5.17979348,6.43732446,6.43732446,0.777355012,4464.96025,0.0,141.044543,-0.0485758615,0.0,6923.36238,4462.61186,2708.97379,0.0,0.0
253.5,160.88123,7724.97459,-64.6666216,-64.6666216,-52.3416818,-52.3416818,-50.2521227,-50.2521227,2707.79137,23.9623871,23.9623871,6.79473247,6.79473247,8.17904592,8.17904592,0.777572941,4782.52946,0.0,140.982981,-0.01583921403,0.0,7724.97459,4795.47829,2707.79137,0.0,0.0
254.0,160.88123,7715.68723,-67.0834055,-67.0834055,-54.2024305,-54.2024305,-52.0287847,-52.0287847,2707.70559,29.5987113,29.5987113,8.39273315,8.39273315,9.7979237,9.7979237,0.777819871,4792.7407,0.0,140.978514,0.006625038462,0.0,7715.68723,4791.56373,2707.70559,0.0,0.0
254.5,160.88123,7711.33263,-66.9503913,-66.9503913,-54.0643722,-54.0643722,-51.8966742,-51.8966742,2708.08938,31.61317,31.61317,8.9651934,8.9651934,10.3576966,10.3576966,0.778060443,4792.7407,0.0,140.998502,0.0128241305,0.0,7711.33263,4789.975909999999,2708.08938,0.0,0.0
255.0,173.768336,7738.29305,-71.8204598,-71.8204598,-58.2076612,-58.2076612,-55.8549548,-55.8549548,2708.75718,31.61317,31.61317,8.96740435,8.96740435,10.3601243,10.3601243,0.778304921,4792.7407,0.0,141.033267,0.03614570945,0.0,7738.29305,4801.58425,2708.75718,0.0,0.0
255.5,207.960112,7763.44414,-86.5242116,-86.5242116,-70.3427689,-70.3427689,-67.4352383,-67.4352383,2711.12129,31.61317,31.61317,8.9752305,8.9752305,10.3687722,10.3687722,0.778588378,4792.7407,0.0,141.156356,0.1010115055,0.0,7763.44414,4813.43015,2711.12129,0.0,0.0
256.0,242.444193,7758.010250000001,-100.9280114,-100.9280114,-81.9946427,-81.9946427,-78.52662,-78.52662,2715.72496,31.61317,31.61317,8.9904711,8.9904711,10.3856774,10.3856774,0.778920075,4792.7407,0.0,141.396052,0.165172531,0.0,7758.010250000001,4813.85711,2715.72496,0.0,0.0
256.5,276.928271,7748.4932,-115.2954758,-115.2954758,-93.5517165,-93.5517165,-89.5056279,-89.5056279,2722.53619,31.61317,31.61317,9.0130196,9.0130196,10.4106844,10.4106844,0.779295694,4792.7407,0.0,141.75068,0.228749941,0.0,7748.4932,4813.87396,2722.53619,0.0,0.0
257.0,311.412346,7735.892819999999,-129.6620959,-129.6620959,-105.037614,-105.037614,-100.4737541,-100.4737541,2731.5363,31.61317,31.61317,9.0428146,9.0428146,10.4437205,10.4437205,0.779712655,4792.7407,0.0,142.219278,0.291806001,0.0,7735.892819999999,4813.886,2731.5363,0.0,0.0
257.5,345.896425,7720.252770000001,-144.02856,-144.02856,-116.4396285,-116.4396285,-111.3684664,-111.3684664,2742.7074,31.61317,31.61317,9.07979705,9.07979705,10.48471355,10.48471355,0.780168808,4792.7407,0.0,142.800908,0.354341069,0.0,7720.252770000001,4813.90074,2742.7074,0.0,0.0
258.0,373.937298,7686.53995,-156.150782,-156.150782,-125.6877926,-125.6877926,-120.1862316,-120.1862316,2755.9547,31.61317,31.61317,9.1236525,9.1236525,10.5333077,10.5333077,0.78066097,4792.7407,0.0,143.490641,0.404967069,0.0,7686.53995,4807.60754,2755.9547,0.0,0.0
258.5,376.53864,7627.2701,-156.891281,-156.891281,-125.3132026,-125.3132026,-119.7797116,-119.7797116,2770.04122,31.61317,31.61317,9.17028625,9.17028625,10.5849598,10.5849598,0.78116613,4792.7407,0.0,144.224062,0.405932476,0.0,7627.2701,4791.16993,2770.04122,0.0,0.0
259.0,376.53864,7605.00947,-156.794355,-156.794355,-124.8702022,-124.8702022,-119.3381325,-119.3381325,2784.01254,31.61317,31.61317,9.21653905,9.21653905,10.6361691,10.6361691,0.781668534,4792.7407,0.0,144.95149,0.402415104,0.0,7605.00947,4790.065000000001,2784.01254,0.0,0.0
259.5,376.53864,7585.560820000001,-156.791468,-156.791468,-124.54857,-124.54857,-119.014955,-119.014955,2797.86692,31.61317,31.61317,9.262404,9.262404,10.6869283,10.6869283,0.782169611,4792.7407,0.0,145.672825,0.399072844,0.0,7585.560820000001,4790.06167,2797.86692,0.0,0.0
260.0,376.53864,7566.32512,-156.790509,-156.790509,-124.231975,-124.231975,-118.696839,-118.696839,2811.60601,31.61317,31.61317,9.30788725,9.30788725,10.737245,10.737245,0.782669431,4792.7407,0.0,146.388161,0.395745356,0.0,7566.32512,4790.07965,2811.60601,0.0,0.0
260.5,376.53864,7547.25144,-156.789582,-156.789582,-123.9180697,-123.9180697,-118.3815076,-118.3815076,2825.23015,31.61317,31.61317,9.3529906,9.3529906,10.7871211,10.7871211,0.783168055,4792.7407,0.0,147.09751,0.392429638,0.0,7547.25144,4790.09803,2825.23015,0.0,0.0
261.0,376.53864,7511.59589,-157.746018,-157.746018,-124.0810604,-124.0810604,-118.5082805,-118.5082805,2838.74938,31.61317,31.61317,9.39774615,9.39774615,10.83659295,10.83659295,0.783665747,4783.01601,0.0,147.801402,0.390787915,0.0,7511.59589,4783.155369999999,2838.74938,0.0,0.0
261.5,376.53864,7255.96905,-159.566095,-159.566095,-121.2461691,-121.2461691,-115.5900731,-115.5900731,2852.27736,31.61317,31.61317,9.44253105,9.44253105,10.8860772,10.8860772,0.78416092,4685.47655,0.0,148.505741,0.390632472,0.0,7255.96905,4684.68588,2852.27736,0.0,0.0
262.0,371.762964,6937.6178,-157.799228,-157.799228,-114.6617909,-114.6617909,-109.0515115,-109.0515115,2865.66498,31.61317,31.61317,9.48685095,9.48685095,10.93502885,10.93502885,0.784639258,4566.973120000001,0.0,149.202777,0.378696314,0.0,6937.6178,4560.03463,2865.66498,0.0,0.0
262.5,346.557428,6669.164110000001,-145.152081,-145.152081,-101.3856399,-101.3856399,-96.2194605,-96.2194605,2877.89549,31.61317,31.61317,9.52734035,9.52734035,10.9797333,10.9797333,0.785082537,4479.59255,0.0,149.839569,0.32429883,0.0,6669.164110000001,4455.47036,2877.89549,0.0,0.0
263.0,319.03024,6649.91266,-132.7824966,-132.7824966,-92.4676035,-92.4676035,-87.7414993,-87.7414993,2888.11327,31.61317,31.61317,9.56116655,9.56116655,11.01706825,11.01706825,0.785485106,4475.1553,0.0,150.371563,0.268161811,0.0,6649.91266,4453.42574,2888.11327,0.0,0.0
263.5,291.503052,6640.29651,-121.3374534,-121.3374534,-84.3751696,-84.3751696,-80.0564254,-80.0564254,2895.76515,9.77173152,9.77173152,2.960740103,2.960740103,3.933599967,3.933599967,0.785865755,4475.1553,0.0,150.769966,0.1436321897,0.0,6640.29651,4453.8923,2895.76515,0.0,0.0
264.0,263.975868,6639.2628,-109.8128845,-109.8128845,-76.3482118,-76.3482118,-72.5218694,-72.5218694,2896.44022,-51.2958709,-51.2958709,-15.55682014,-15.55682014,-14.14584035,-14.14584035,0.78627103,4475.1553,0.0,150.805111,-0.10622866714,0.0,6639.2628,4453.85634,2896.44022,0.0,0.0
264.5,236.448676,6650.46448,-98.2889646,-98.2889646,-68.4501609,-68.4501609,-65.176466,-65.176466,2888.43773,-113.0816966,-113.0816966,-34.197979,-34.197979,-31.8784023,-31.8784023,0.786714681,4475.1553,0.0,150.388459,-0.356412965,0.0,6650.46448,4453.84491,2888.43773,0.0,0.0
265.0,209.854587,6675.76581,-86.9868974,-86.9868974,-60.8078074,-60.8078074,-58.0298587,-58.0298587,2871.73685,-174.867524,-174.867524,-52.5762181,-52.5762181,-48.840334,-48.840334,0.787193449,4475.1553,0.0,149.518914,-0.609613701,0.0,6675.76581,4454.6213,2871.73685,0.0,0.0
265.5,202.3973,6746.792359999999,-83.7352383,-83.7352383,-59.1612032,-59.1612032,-56.5181458,-56.5181458,2846.75802,-236.565297,-236.565297,-70.5077478,-70.5077478,-64.8585949,-64.8585949,0.787711122,4475.1553,0.04677239713,148.218379,-0.832276262,0.0,6746.792359999999,4469.59117,2846.75802,-1.1470269,0.13613474
266.0,202.3973,6804.46362,-83.8521698,-83.8521698,-59.749763,-59.749763,-57.0966616,-57.0966616,2810.82813,-263.57645,-263.57645,-77.5835246,-77.5835246,-70.9678272,-70.9678272,0.788269305,4475.1553,3.03461395,146.347659,-1.30780027,0.0,6804.46362,4472.60936,2810.82813,-75.6640276,8.89042019
266.5,202.3973,6882.45834,-83.6883175,-83.6883175,-60.3164962,-60.3164962,-57.6606869,-57.6606869,2755.17785,-263.57645,-263.57645,-76.0474847,-76.0474847,-69.4612907,-69.4612907,0.788832214,4475.1553,7.65637711,143.450191,-1.90516646,0.0,6882.45834,4472.56976,2755.17785,-191.232921,22.0447813
267.0,202.3973,6982.51604,-83.626959,-83.626959,-61.1486656,-61.1486656,-58.483784,-58.483784,2684.07316,-263.57645,-263.57645,-74.084878,-74.084878,-67.5353636,-67.5353636,0.789391827,4475.1553,9.337274,139.748082,-2.11158607,0.0,6982.51604,4472.68707,2684.07316,-233.43184,26.2447881
267.5,202.3973,7084.48065,-83.6365485,-83.6365485,-62.0487116,-62.0487116,-59.3718817,-59.3718817,2611.36145,-263.57645,-263.57645,-72.077915,-72.077915,-65.561589,-65.561589,0.789948016,4475.1553,9.337274,135.962294,-2.09495348,0.0,7084.48065,4472.65933,2611.36145,-233.43184,25.5338145
268.0,202.3973,7185.48983,-83.6411545,-83.6411545,-62.9368549,-62.9368549,-60.2441781,-60.2441781,2539.21441,-263.57645,-263.57645,-70.0865349,-70.0865349,-63.6105623,-63.6105623,0.790500816,4475.1553,9.337274,132.205912,-2.07890993,0.0,7185.48983,4472.56394,2539.21441,-233.43184,24.8283633
268.5,202.3973,7285.73235,-83.6454585,-83.6454585,-63.818152,-63.818152,-61.1090712,-61.1090712,2467.61228,-263.57645,-263.57645,-68.1101957,-68.1101957,-61.6684447,-61.6684447,0.791050173,4475.1553,9.337274,128.477896,-2.06343216,0.0,7285.73235,4472.46751,2467.61228,-233.43184,24.1282392
269.0,202.3973,7385.23898,-83.649608,-83.649608,-64.6929735,-64.6929735,-61.9681423,-61.9681423,2396.53563,-263.57645,-263.57645,-66.1483618,-66.1483618,-59.7421364,-59.7421364,0.79159614,4475.1553,9.337274,124.7772386,-2.04850585,0.0,7385.23898,4472.37181,2396.53563,-233.43184,23.4332535
269.5,202.3973,7484.03645,-83.6536067,-83.6536067,-65.5615495,-65.5615495,-62.8184399,-62.8184399,2325.96558,-263.57645,-263.57645,-64.2005128,-64.2005128,-57.8359228,-57.8359228,0.792138746,4475.1553,9.337274,121.1029669,-2.03411756,0.0,7484.03645,4472.27692,2325.96558,-233.43184,22.7432221
270.0,202.3973,7582.150200000001,-83.6574625,-83.6574625,-66.4241025,-66.4241025,-63.6615102,-63.6615102,2255.88389,-263.57645,-263.57645,-62.2661422,-62.2661422,-55.9340167,-55.9340167,0.792677954,4475.1553,9.337274,117.4541176,-2.02025429,0.0,7582.150200000001,4472.1826,2255.88389,-233.43184,22.0579661
270.5,202.3973,7679.605430000001,-83.661172,-83.661172,-67.280851,-67.280851,-64.4993436,-64.4993436,2186.27261,-263.57645,-263.57645,-60.3447552,-60.3447552,-54.0512406,-54.0512406,0.793213773,4475.1553,9.337274,113.829757,-2.00690397,0.0,7679.605430000001,4472.08893,2186.27261,-233.43184,21.3773088
271.0,202.3973,7776.42678,-83.6647416,-83.6647416,-68.1320096,-68.1320096,-65.3308646,-65.3308646,2117.11421,-263.57645,-263.57645,-58.4358668,-58.4358668,-52.184412,-52.184412,0.793746287,4475.1553,9.337274,110.2289751,-1.99405482,0.0,7776.42678,4471.99585,2117.11421,-233.43184,20.7010792
271.5,202.3973,7871.47156,-84.0896187,-84.0896187,-69.316394,-69.316394,-66.4785697,-66.4785697,2048.39209,-263.57645,-263.57645,-56.5390239,-56.5390239,-50.3202761,-50.3202761,0.794275432,4472.972530000001,9.337274,106.6509134,-1.98093506,0.0,7871.47156,4471.41845,2048.39209,-233.43184,20.0291166
272.0,202.3973,7374.05582,-93.9924126,-93.9924126,-72.5820245,-72.5820245,-69.4350645,-69.4350645,1980.43365,-263.57645,-263.57645,-54.6632582,-54.6632582,-48.4867013,-48.4867013,0.794809011,4213.4839,9.337274,103.1126131,-1.95118463,0.0,7374.05582,4224.75977,1980.43365,-233.43184,19.3646214
272.5,202.3973,6388.45406,-93.4778804,-93.4778804,-62.5374611,-62.5374611,-59.4948627,-59.4948627,1913.16643,-263.57645,-263.57645,-52.8065712,-52.8065712,-46.6721004,-46.6721004,0.795321676,3777.40427,9.3043101,99.6102984,-1.93655984,0.0,6388.45406,3775.36664,1913.16643,-232.624932,18.6432374
273.0,202.3973,5429.55304,-93.5154049,-93.5154049,-53.1700415,-53.1700415,-50.1847384,-50.1847384,1850.01367,-263.57645,-263.57645,-51.0634497,-51.0634497,-44.9607198,-44.9607198,0.795796042,3341.32469,7.20249085,96.322208,-1.64942831,0.0,5429.55304,3339.4864,1850.01367,-180.203899,13.9807538
273.5,200.741237,4448.28305,-93.0989299,-93.0989299,-43.3867166,-43.3867166,-40.5336959,-40.5336959,1800.61153,-263.57645,-263.57645,-49.6998691,-49.6998691,-43.6297091,-43.6297091,0.796231951,2905.24514,3.95114319,93.7500545,-1.21498019,0.0,4448.28305,2902.32719,1800.61153,-98.903769,7.47097204
274.0,189.35495,3438.90376,-88.308536,-88.308536,-31.8499538,-31.8499538,-29.3462382,-29.3462382,1762.24801,-263.57645,-263.57645,-48.6409703,-48.6409703,-42.6011281,-42.6011281,0.796624691,2469.16557,2.7687109,91.7526304,-1.07469716,0.0,3438.90376,2459.91677,1762.24801,-69.21777,5.10943935
274.5,176.381318,2688.45002,-75.909012,-75.909012,-21.4096579,-21.4096579,-19.4981468,-19.4981468,1726.24114,-207.905881,-207.905881,-37.6292112,-37.6292112,-33.2910267,-33.2910267,0.796961742,2150.28081,2.7687109,89.877908,-0.920042451,0.0,2688.45002,2126.6234,1726.24114,-69.21777,5.00504153
275.0,163.407686,2712.51359,-67.745606,-67.745606,-19.2421894,-19.2421894,-17.6278509,-17.6278509,1704.47489,-19.8169432,-19.8169432,-3.55587922,-3.55587922,-2.43938508,-2.43938508,0.797174615,2135.0952,2.7687109,88.7446334,-0.3239831325,0.0,2712.51359,2123.92725,1704.47489,-69.21777,4.94193269
275.5,150.434051,2718.14083,-62.6651738,-62.6651738,-17.8377791,-17.8377791,-16.3918956,-16.3918956,1703.58754,168.833535,163.69795,30.1326277,29.2144242,33.7483894,32.7134286,0.797166106,2135.0952,2.7687109,88.6984324,0.2460662666,0.0,2718.14083,2125.75066,1703.58754,-69.21777,4.93935999
276.0,137.564159,2701.43232,-57.3125177,-57.3125177,-16.21408375,-16.21408375,-14.9368138,-14.9368138,1715.27734,226.89143,202.8219,40.7550149,36.4307316,45.8483869,40.9840715,0.796884873,2135.0952,2.7687109,89.3070702,0.346707553,0.0,2701.43232,2125.62373,1715.27734,-69.21777,4.97325319
276.5,132.65964,2701.06062,-55.1231748,-55.1231748,-15.5918416,-15.5918416,-14.3795768,-14.3795768,1726.71659,226.89143,199.022198,41.0268123,35.9874044,46.0732507,40.4139868,0.796567685,2135.0952,2.7687109,89.9026644,0.323184371,0.0,2701.06062,2132.14832,1726.71659,-69.21777,5.00642006
277.0,132.65964,2691.15161,-55.2840286,-55.2840286,-15.57996255,-15.57996255,-14.3640188,-14.3640188,1737.81009,226.89143,197.844063,41.2903938,36.0041257,46.322412,40.3919387,0.796250582,2135.0952,2.7687109,90.4802531,0.317994308,0.0,2691.15161,2134.50258,1737.81009,-69.21777,5.0385845
277.5,132.65964,2676.04931,-55.2871609,-55.2871609,-15.4934104,-15.4934104,-14.2789782,-14.2789782,1748.6925,226.89143,196.35987,41.5489591,35.957802,46.5660119,40.2997438,0.79593355,2135.0952,2.7687109,91.0468541,0.311560556,0.0,2676.04931,2134.57249,1748.6925,-69.21777,5.07013675
278.0,132.65964,2661.12624,-55.2854912,-55.2854912,-15.40654575,-15.40654575,-14.1938041,-14.1938041,1759.3537,226.89143,194.902896,41.80227,35.9086009,46.8065906,40.2073898,0.795616565,2135.0952,2.7687109,91.6019394,0.305229865,0.0,2661.12624,2134.58793,1759.3537,-69.21777,5.1010478
278.5,132.4636,2646.03978,-55.2182628,-55.2182628,-15.3006136,-15.3006136,-14.0915501,-14.0915501,1769.79549,226.89143,193.405074,42.0503675,35.8441002,47.041094,40.0982692,0.795299663,2135.0952,2.7687109,92.1455961,0.29844865,0.0,2646.03978,2134.4072,1769.79549,-69.21777,5.13132261
279.0,131.219687,2630.1265,-54.6868552,-54.6868552,-15.062268,-15.062268,-13.870512,-13.870512,1779.93977,226.89143,191.405118,42.2913953,35.6767552,47.2624264,39.8703198,0.794982822,2135.0952,2.7687109,92.6737607,0.28805069,0.0,2630.1265,2133.70875,1779.93977,-69.21777,5.16073451
279.5,129.822518,2616.29287,-54.0973604,-54.0973604,-14.8215301,-14.8215301,-13.6484629,-13.6484629,1789.71535,226.89143,189.443336,42.5236628,35.5050367,47.4772592,39.6410609,0.794666037,2135.0952,2.7687109,93.1827344,0.277544238,0.0,2616.29287,2133.66034,1789.71535,-69.21777,5.18907784
280.0,128.425346,2603.10498,-53.5130461,-53.5130461,-14.5875351,-14.5875351,-13.4328511,-13.4328511,1799.13343,226.89143,187.560214,42.7474364,35.3370985,47.684416,39.4182726,0.794349316,2135.0952,2.7687109,93.6730948,0.267348532,0.0,2603.10498,2133.67193,1799.13343,-69.21777,5.21638446
280.5,127.0281791,2590.40696,-52.9289105,-52.9289105,-14.35791825,-14.35791825,-13.22147,-13.22147,1808.20361,219.294275,185.743811,41.5218929,35.1713144,46.278116,39.1997193,0.794032672,2135.0952,2.7687109,94.1453392,0.257415642,0.0,2590.40696,2133.68422,1808.20361,-69.21777,5.24268236
281.0,125.638669,2579.61735,-52.318323,-52.318323,-14.1331492,-14.1331492,-13.0151648,-13.0151648,1815.80757,151.084867,150.801015,28.7255018,28.6716091,31.8128785,31.75284,0.793758188,2135.0952,2.7687109,94.5412451,0.1405426001,0.0,2579.61735,2133.63447,1815.80757,-69.21777,5.26472937
281.5,125.07889,2602.87535,-50.2930526,-50.2930526,-13.6962601,-13.6962601,-12.62937285,-12.62937285,1816.11064,69.9164258,69.9164258,13.29990522,13.29990522,14.78755834,14.78755834,0.793663824,2149.69333,2.7687109,94.5570244,-0.12536565958,0.0,2602.87535,2143.48926,1816.11064,-69.21777,5.26560817
282.0,125.07889,3156.78388,-44.9619671,-44.9619671,-14.8693604,-14.8693604,-13.89586695,-13.89586695,1807.05252,-11.262666556,-11.262666556,-2.121683407,-2.121683407,-1.373092083,-1.373092083,0.793705271,2375.12952,2.7687109,94.085405,-0.395875051,0.0,3156.78388,2368.68569,1807.05252,-69.21777,5.23934491
282.5,125.07889,3901.56099,-45.2740772,-45.2740772,-18.4976804,-18.4976804,-17.4561536,-17.4561536,1789.15769,-78.858592,-78.858592,-14.7692686,-14.7692686,-13.34881435,-13.34881435,0.793854371,2669.55089,2.7687109,93.153699,-0.612758515,0.0,3901.56099,2668.14432,1789.15769,-69.21777,5.187461
283.0,125.07889,4639.26878,-45.281479,-45.281479,-21.9988093,-21.9988093,-20.8934732,-20.8934732,1767.31856,-86.04676,-86.04676,-15.9249472,-15.9249472,-14.41298405,-14.41298405,0.794054803,2963.97204,2.7687109,92.0166335,-0.633366832,0.0,4639.26878,2962.35821,1767.31856,-69.21777,5.1241409
283.5,125.07889,5376.47616,-45.2831799,-45.2831799,-25.4954901,-25.4954901,-24.3222906,-24.3222906,1745.4795,-86.04676,-86.04676,-15.72815985,-15.72815985,-14.22303805,-14.22303805,0.794272164,3258.39343,2.7687109,90.8795664,-0.630053348,0.0,5376.47616,3256.36401,1745.4795,-69.21777,5.0608209
284.0,125.07889,6113.50337,-45.2841004,-45.2841004,-28.9910947,-28.9910947,-27.7452836,-27.7452836,1723.75392,-86.04676,-86.04676,-15.532395,-15.532395,-14.0322832,-14.0322832,0.794505032,3552.81483,2.7687109,89.748409,-0.626799317,0.0,6113.50337,3550.36112,1723.75392,-69.21777,4.9978301
284.5,125.07889,6850.374280000001,-45.2849894,-45.2849894,-32.4860765,-32.4860765,-31.1755743,-31.1755743,1702.13981,-86.04676,-86.04676,-15.3376349,-15.3376349,-13.842227,-13.842227,0.794753105,3847.23597,2.7687109,88.6230575,-0.62360248,0.0,6850.374280000001,3844.35819,1702.13981,-69.21777,4.93516248
285.0,125.07889,7587.09157,-45.2858621,-45.2858621,-35.980455,-35.980455,-34.5742721,-34.5742721,1680.63531,-86.04676,-86.04676,-15.14386205,-15.14386205,-13.65348875,-13.65348875,0.79501599,4141.65726,2.7687109,87.5034105,-0.620461859,0.0,7587.09157,4138.35542,1680.63531,-69.21777,4.87281259
285.5,141.0402596,8360.26269,-51.0127689,-51.0127689,-44.8144368,-44.8144368,-43.0048113,-43.0048113,1659.46462,-86.04676,-86.04676,-14.9530973,-14.9530973,-13.4680262,-13.4680262,0.795297408,4436.07862,2.75485044,86.401145,-0.586074849,0.0,8360.26269,4447.71622,1659.46462,-68.8773635,4.78789566
286.0,206.359038,8842.3062,-85.5477709,-85.5477709,-79.2118649,-79.2118649,-76.1088655,-76.1088655,1643.04013,-86.04676,-86.04676,-14.80509945,-14.80509945,-13.3243705,-13.3243705,0.795666127,4586.0283,1.86887986,85.5459919,-0.329676158,0.0,8842.3062,4638.70784,1643.04013,-46.7788194,3.2208415
286.5,275.156909,8830.4493,-114.5286842,-114.5286842,-105.906607,-105.906607,-101.8896865,-101.8896865,1637.09476,-86.04676,-86.04676,-14.7515269,-14.7515269,-13.27242005,-13.27242005,0.796146265,4586.0283,0.498403588455,85.2364409,-0.017233245382,0.0,8830.4493,4630.30275,1637.09476,-12.5103402127,0.85796089842
287.0,328.596637,8789.2606,-137.683909,-137.683909,-126.7179188,-126.7179188,-121.9064586,-121.9064586,1640.17564,-86.04676,-86.04676,-14.77928795,-14.77928795,-13.2993359,-13.2993359,0.796706262,4586.0283,0.0,85.3968511,0.151010295,0.0,8789.2606,4614.96264,1640.17564,0.0,0.0
287.5,332.33426,8707.0607,-138.488299,-138.488299,-126.273909,-126.273909,-121.438559,-121.438559,1645.58803,-86.04676,-86.04676,-14.8280578,-14.8280578,-13.34663725,-13.34663725,0.79729385,4586.0283,0.0,85.678649,0.156005336,0.0,8707.0607,4583.91889,1645.58803,0.0,0.0
288.0,332.33426,7191.56664,-189.303705,-189.303705,-136.0294799,-136.0294799,-129.4249432,-129.4249432,1651.86914,-82.8220163,-82.8220163,-14.3258166,-14.3258166,-12.8868674,-12.8868674,0.797894382,3844.27762,0.0,86.005681,0.253904742,0.0,7191.56664,3956.97817,1651.86914,0.0,0.0
288.5,332.33426,2507.22472,-142.913099,-142.913099,-37.6876934,-37.6876934,-33.1979572,-33.1979572,1661.17624,-63.5111566,-63.5111566,-11.04685195,-11.04685195,-9.8667016,-9.8667016,0.798319454,2124.2544,0.0,86.49026,0.234412742,0.0,2507.22472,2013.22328,1661.17624,0.0,0.0
289.0,332.33426,2745.87981,-137.849501,-137.849501,-39.6389111,-39.6389111,-35.2394679,-35.2394679,1670.04341,-42.05905,-42.05905,-7.3536789,-7.3536789,-6.40695924,-6.40695924,0.798558884,2124.2544,0.0,86.9519365,0.293697386,0.0,2745.87981,2117.70686,1670.04341,0.0,0.0
289.5,332.33426,2711.44523,-139.670332,-139.670332,-39.6524427,-39.6524427,-35.2059591,-35.2059591,1681.41198,-20.60694325,-20.60694325,-3.62607396,-3.62607396,-2.87338486,-2.87338486,0.798791037,2107.50116,0.0,87.5438478,0.364625474,0.0,2711.44523,2110.01644,1681.41198,0.0,0.0
290.0,332.33426,2441.49872,-141.040746,-141.040746,-36.0608963,-36.0608963,-31.6503864,-31.6503864,1695.24801,0.845163648,0.845163648,0.1528217977,0.1528217977,0.4440270812,0.4440270812,0.79899876,2005.16034,0.0,88.2642306,0.434398756,0.0,2441.49872,2005.76842,1695.24801,0.0,0.0
290.5,332.33426,2142.63659,-140.981394,-140.981394,-31.6328622,-31.6328622,-27.3213058,-27.3213058,1711.42303,22.2972708,22.2972708,3.99932465,3.99932465,4.99622677,4.99622677,0.799164293,1891.04352,0.0,89.1063933,0.501322557,0.0,2142.63659,1890.85416,1711.42303,0.0,0.0
291.0,332.33426,1899.44779,-139.269834,-139.269834,-27.706119,-27.706119,-23.5398,-23.5398,1729.8771,43.749378,43.749378,7.92891957,7.92891957,9.03986483,9.03986483,0.799282612,1804.21504,0.0,90.0672165,0.565010836,0.0,1899.44779,1800.43669,1729.8771,0.0,0.0
291.5,332.33426,1865.06979,-138.413377,-138.413377,-27.0334319,-27.0334319,-22.9020097,-22.9020097,1750.51201,65.2014867,65.2014867,11.95632775,11.95632775,13.3166546,13.3166546,0.799363252,1798.7925,0.0,91.1415872,0.629825867,0.0,1865.06979,1798.18032,1750.51201,0.0,0.0
292.0,332.33426,1834.34569,-138.479138,-138.479138,-26.6007604,-26.6007604,-22.4762588,-22.4762588,1773.4298,86.6535927,86.6535927,16.09716905,16.09716905,17.7837315,17.7837315,0.799413395,1798.7925,0.0,92.3348196,0.695860051,0.0,1834.34569,1798.77738,1773.4298,0.0,0.0
292.5,332.33426,1799.10406,-138.498364,-138.498364,-26.093327,-26.093327,-21.9808646,-21.9808646,1798.6215,108.1022768,108.1022768,20.3660706,20.3660706,22.4450445,22.4450445,0.799428793,1798.7925,0.0,93.6464411,0.761402914,0.0,1799.10406,1798.82229,1798.6215,0.0,0.0
293.0,332.33426,1760.77221,-138.513638,-138.513638,-25.5402001,-25.5402001,-21.4439652,-21.4439652,1825.98756,125.730437,125.730437,24.0436514,24.0436514,26.4946108,26.4946108,0.799405311,1798.7925,0.0,95.0712714,0.814190136,0.0,1760.77221,1798.85095,1825.98756,0.0,0.0
293.5,332.42099,1721.33601,-138.530668,-138.530668,-24.9712174,-24.9712174,-20.8948435,-20.8948435,1854.22937,127.873389,127.873389,24.8302771,24.8302771,27.3356883,27.3356883,0.79935901,1798.7925,0.0,96.5417012,0.81677066,0.0,1721.33601,1798.93146,1854.22937,0.0,0.0
294.0,335.264668,1685.33032,-139.717043,-139.717043,-24.6576299,-24.6576299,-20.5680248,-20.5680248,1883.85123,161.559733,161.559733,31.8870631,31.8870631,35.2482919,35.2482919,0.799278237,1798.7925,0.0,98.083984,0.926321109,0.0,1685.33032,1801.2452,1883.85123,0.0,0.0
294.5,339.42592,1638.94578,-141.52066,-141.52066,-24.2884536,-24.2884536,-20.1784752,-20.1784752,1917.94693,188.62575,188.62575,37.8849013,37.8849013,42.024381,42.024381,0.799089007,1798.7925,0.0,99.8592005,1.01631886,0.0,1638.94578,1801.8525,1917.94693,0.0,0.0
295.0,343.587176,1589.66713,-143.252264,-143.252264,-23.8464026,-23.8464026,-19.710105,-19.710105,1953.11747,188.62575,188.62575,38.5796195,38.5796195,42.7277823,42.7277823,0.798854915,1798.7925,0.0,101.6903765,1.0183047,0.0,1589.66713,1801.88309,1953.11747,0.0,0.0
295.5,347.748431,1540.33355,-144.98426,-144.98426,-23.3857082,-23.3857082,-19.2123959,-19.2123959,1988.35465,188.62575,188.62575,39.2756539,39.2756539,43.4367435,43.4367435,0.798598492,1798.7925,0.0,103.5250245,1.02017303,0.0,1540.33355,1801.92976,1988.35465,0.0,0.0
296.0,349.7614,1486.60612,-145.883684,-145.883684,-22.7107981,-22.7107981,-18.5344759,-18.5344759,2023.6086,188.62575,188.506972,39.9720203,39.946664,44.1429856,44.1150041,0.798313745,1798.7925,0.0,105.3605453,1.01759765,0.0,1486.60612,1800.15792,2023.6086,0.0,0.0
296.5,349.7614,1435.23754,-145.818527,-145.818527,-21.9161987,-21.9161987,-17.7717904,-17.7717904,2058.50691,188.62575,184.569654,40.6613593,39.7853148,44.8068575,43.8417727,0.798000233,1798.7925,0.0,107.1775475,0.998600259,0.0,1435.23754,1799.15991,2058.50691,0.0,0.0
297.0,349.7614,1399.45001,-144.683164,-144.683164,-21.199632,-21.199632,-17.1137005,-17.1137005,2092.60624,188.62575,179.222018,41.3349188,39.2729126,45.441077,43.1744411,0.797682831,1807.57357,0.0,108.9529546,0.973218128,0.0,1399.45001,1804.17882,2092.60624,0.0,0.0
297.5,329.559449,1775.05285,-134.400632,-134.400632,-24.94925,-24.94925,-20.9972477,-20.9972477,2126.22402,188.62575,186.34878,41.9989669,41.4914972,46.1726207,45.6155217,0.79737898,2003.63498,0.02573959535,110.7032862,0.945469261,0.0,1775.05285,1980.09914,2126.22402,-0.62853956,0.056364506
298.0,50.8800925,1946.09365,-8.09548643,-13.23502218,-0.93858357,-2.10064998,-0.098572,-1.47347448,2143.83526,188.62575,112.6623556,42.3468386,25.2936623,46.161477,27.5771674,0.797083174,2273.7462,1.665986,111.6202279,-0.0475786972,0.0,1946.09365,2061.55352,2143.83526,-41.5274078,3.72849077
298.5,14.59895,3108.79808,3.2130869656,1.6903310596,0.9491708558,0.4981579958,1.22866316414,0.65188256314,2132.90272,188.62575,104.3282002,42.1308886,23.3008371,45.9029318,25.3869453,0.796765953,2543.85738,4.20330452,111.0510185,-0.476066533,0.0,3108.79808,2538.98,2132.90272,-104.9752519,9.37535039
299.0,14.59895,3796.52786,0.0821783502,0.0376019967,0.0349346294,0.016496145,0.04880242267,0.02512079877,2113.85462,188.62575,107.7889604,41.7546351,23.8603413,45.5114931,26.0071719,0.7964488,2813.96854,5.1261106,110.0592615,-0.580985922,0.0,3796.52786,2814.02735,2113.85462,-128.15277,11.3472783
299.5,14.59895,4470.30212,0.227393939,0.130739494,0.1064000985,0.0611820635,0.135682878,0.0780197374,2093.86881,188.62575,108.5006579,41.3598583,23.7907232,45.1083045,25.9468878,0.796131732,3084.07975,5.10046767,109.0186886,-0.571903808,0.0,4470.30212,3082.72025,2093.86881,-127.52423,11.18509985
300.0,14.59895,5142.722159999999,0.1232256226,0.0717785829,0.0652805904,0.038032111,0.0828290296,0.0482554921,2077.02661,188.62575,109.421319,41.0271769,23.7996718,44.7675929,25.9694753,0.795814695,3354.1909,3.46012474,108.141789,-0.349817895,0.0,5142.722159999999,3352.68515,2077.02661,-86.6253585,7.53928161
300.5,14.59895,5799.67854,-0.02945495399,-0.03064347287,-0.0184429229,-0.01913001768,-0.01375295514,-0.01462276426,2070.84494,188.62575,109.9634425,40.9050715,23.8464922,44.6420761,26.0250593,0.795497754,3624.30208,0.92281407928,107.8199375,-0.0116254815,0.0,5799.67854,3622.44005,2070.84494,-23.1775166405,2.0105787036
301.0,14.59895,6443.83198,-0.0644431241,-0.0644431241,-0.0434395072,-0.0434395072,-0.0343783146,-0.0343783146,2073.4713,188.62575,109.8867156,40.9569486,23.8600689,44.6950981,26.0377833,0.795180868,3894.4133,0.0,107.9566774,0.110209027,0.0,6443.83198,3892.01061,2073.4713,0.0,0.0
301.5,14.59895,7086.69914,-0.0611049174,-0.0611049174,-0.0453434235,-0.0453434235,-0.035764923,-0.035764923,2077.25739,188.62575,109.6742316,41.0317369,23.8574168,44.7717308,26.0319921,0.794864035,4164.5245,0.0,108.1538096,0.1088375661,0.0,7086.69914,4161.72314,2077.25739,0.0,0.0
302.0,14.59895,7418.36666,-6.19259416,-6.19259416,-4.81036358,-4.81036358,-4.03095195,-4.03095195,2082.04284,188.62575,126.068628,41.1262623,27.4871231,44.896334,30.0070425,0.79454728,4295.7427,0.0,108.4029655,0.171674413,0.0,7418.36666,4302.52656,2082.04284,0.0,0.0
302.5,14.59895,7387.54173,-6.15628582,-6.15628582,-4.7626467,-4.7626467,-3.97353138,-3.97353138,2087.99101,188.62575,125.5271665,41.2437565,27.4469697,45.0137691,29.9558487,0.794230602,4295.7427,0.0,108.7126595,0.168800542,0.0,7387.54173,4293.17324,2087.99101,0.0,0.0
303.0,14.59895,7378.5098,-6.12157722,-6.12157722,-4.72999439,-4.72999439,-3.94367917,-3.94367917,2093.77728,180.628592,125.0526652,39.6038428,27.4190091,43.2141056,29.918466,0.793913963,4295.7427,0.0,109.0139249,0.16616049,0.0,7378.5098,4292.79352,2093.77728,0.0,0.0
303.5,14.59895,7370.503879999999,-6.12031474,-6.12031474,-4.72388771,-4.72388771,-3.9388272,-3.9388272,2099.48338,165.43313,124.689856,36.3709506,27.4139674,39.6778736,29.9064555,0.793597413,4295.7427,0.0,109.3110174,0.163951917,0.0,7370.503879999999,4292.79402,2099.48338,0.0,0.0
304.0,14.59895,7362.62102,-6.11969988,-6.11969988,-4.71836118,-4.71836118,-3.93450876,-3.93450876,2105.11383,150.237663,124.335285,33.1187102,27.4093247,36.1222034,29.89499,0.79328092,4295.7427,0.0,109.6041729,0.161782049,0.0,7362.62102,4292.8014,2105.11383,0.0,0.0
304.5,14.59895,7263.64481,-9.34869397,-9.34869397,-7.0836359,-7.0836359,-6.32749913,-6.32749913,2110.88435,135.042198,128.4487049,29.850426,28.3942027,32.5611833,30.9730803,0.792971416,4250.33122,0.0,109.904616,0.17965229,0.0,7263.64481,4254.98605,2110.88435,0.0,0.0
305.0,14.59895,6696.404670000001,-11.7587563,-11.7587563,-8.24806703,-8.24806703,-7.57064456,-7.57064456,2116.93244,119.8467408,119.8467408,26.5674793,26.5674793,28.9569128,28.9569128,0.792725256,4023.36842,0.0,110.2195158,0.154925671,0.0,6696.404670000001,4022.48459,2116.93244,0.0,0.0
305.5,15.0730219,6096.95681,-11.7335533,-11.7335533,-7.48853864,-7.48853864,-6.86699187,-6.86699187,2121.52344,108.7698965,108.7698965,24.1648195,24.1648195,26.3313849,26.3313849,0.792524859,3777.50784,0.039280571684,110.4585499,0.1136796249,0.0,6096.95681,3775.73061,2121.52344,-0.9616708,0.08553054
306.0,22.733382,5520.05271,-14.8270116,-14.8270116,-8.54968535,-8.54968535,-7.93303401,-7.93303401,2121.28405,108.2557,108.2557,24.0479584,24.0479584,26.2049029,26.2049029,0.792342195,3531.64733,2.548972665,110.4460834,-0.2040783047,0.0,5520.05271,3535.53678,2121.28405,-63.5372841,5.6432857
306.5,32.8167561,4954.16431,-18.9606989,-18.9606989,-9.8172507,-9.8172507,-9.20661375,-9.20661375,2105.65131,108.2557,108.2557,23.870737,23.870737,26.0246868,26.0246868,0.792178607,3285.78675,6.43106957,109.6321538,-0.695074625,0.0,4954.16431,3290.93865,2105.65131,-160.6130205,14.1585703
307.0,42.9001306,4404.13626,-23.1094656,-23.1094656,-10.6381342,-10.6381342,-10.0100123,-10.0100123,2077.39342,108.2557,108.2557,23.5503919,23.5503919,25.6984933,25.6984933,0.792030354,3039.92614,7.842993,108.160891,-0.858423833,0.0,4404.13626,3045.56829,2077.39342,-196.07481,17.061971
307.5,52.9835046,3855.17254,-27.3161807,-27.3161807,-11.0079308,-11.0079308,-10.3527628,-10.3527628,2048.13679,108.2557,108.2557,23.2187235,23.2187235,25.3601619,25.3601619,0.791892996,2794.06556,7.842993,106.6376224,-0.834147388,0.0,3855.17254,2800.05767,2048.13679,-196.07481,16.8216809
308.0,63.0668777,3304.90018,-31.5187552,-31.5187552,-10.8882739,-10.8882739,-10.1992813,-10.1992813,2019.71538,108.2557,108.2557,22.8965244,22.8965244,25.0308856,25.0308856,0.791760426,2548.20504,7.842993,105.157845,-0.810097607,0.0,3304.90018,2554.49027,2019.71538,-196.07481,16.5882515
308.5,73.1502526,2753.46575,-35.7211491,-35.7211491,-10.2798761,-10.2798761,-9.5464592,-9.5464592,1992.12178,108.2557,108.2557,22.5837084,22.5837084,24.7106291,24.7106291,0.79162697,2302.34449,7.842993,103.7211619,-0.786260159,0.0,2753.46575,2308.92261,1992.12178,-196.07481,16.3616203
309.0,82.7837425,2263.04108,-37.1287393,-37.1287393,-8.81035303,-8.81035303,-8.0830424,-8.0830424,1965.311,108.2557,108.2557,22.2797682,22.2797682,24.3989188,24.3989188,0.791485952,2089.58976,7.842993,102.325242,-0.768003817,0.0,2263.04108,2089.1987,1965.311,-196.07481,16.1414195
309.5,85.2632,2229.54178,-35.163605,-35.163605,-8.2100211,-8.2100211,-7.5261773,-7.5261773,1938.827,108.2557,108.2557,21.9795317,21.9795317,24.090796,24.090796,0.791332996,2061.2305,7.842993,100.9463338,-0.76406963,0.0,2229.54178,2059.79554,1938.827,-196.07481,15.9239016
310.0,85.2632,2269.40534,-35.2651801,-35.2651801,-8.38082835,-8.38082835,-7.69263639,-7.69263639,1912.49231,108.2557,108.2557,21.6809886,21.6809886,23.7871755,23.7871755,0.791183909,2061.2305,7.842993,99.5751985,-0.759515965,0.0,2269.40534,2061.00643,1912.49231,-196.07481,15.7076106
310.5,85.2632,2306.12392,-35.2686831,-35.2686831,-8.5172721,-8.5172721,-7.82551294,-7.82551294,1886.30916,108.2557,108.2557,21.384163,21.384163,23.4855734,23.4855734,0.791039987,2061.2305,7.842993,98.2119578,-0.755217505,0.0,2306.12392,2060.99715,1886.30916,-196.07481,15.49256415
311.0,85.2632,2342.57543,-35.2698961,-35.2698961,-8.652197,-8.652197,-7.95713568,-7.95713568,1860.27306,108.2557,108.2557,21.089005,21.089005,23.1850514,23.1850514,0.790901001,2061.2305,7.842993,96.8563693,-0.75100584,0.0,2342.57543,2060.96266,1860.27306,-196.07481,15.27872575
311.5,85.2632,2378.82402,-35.2710446,-35.2710446,-8.78636565,-8.78636565,-8.0882577,-8.0882577,1834.38119,108.2557,108.2557,20.7954811,20.7954811,22.8855841,22.8855841,0.790766858,2061.2305,7.842993,95.5082925,-0.7468756,0.0,2378.82402,2060.92788,1834.38119,-196.07481,15.0660712
312.0,85.2632,2414.87458,-35.2721713,-35.2721713,-8.9198061,-8.9198061,-8.2189023,-8.2189023,1808.63067,108.2557,108.2557,20.5035602,20.5035602,22.587148,22.587148,0.790637461,2061.2305,7.842993,94.1675765,-0.742825354,0.0,2414.87458,2060.89323,1808.63067,-196.07481,14.8545782
312.5,85.2632,2450.73104,-35.2732754,-35.2732754,-9.0525318,-9.0525318,-8.3490789,-8.3490789,1783.01884,108.2557,108.2557,20.2132117,20.2132117,22.2897201,22.2897201,0.790512685,2061.2305,7.842993,92.8340788,-0.738853688,0.0,2450.73104,2060.85889,1783.01884,-196.07481,14.6442241
313.0,85.2632,2486.39716,-35.2743563,-35.2743563,-9.18455755,-9.18455755,-8.4787977,-8.4787977,1757.543,108.2557,108.2557,19.9244037,19.9244037,21.9932758,21.9932758,0.790392468,2061.2305,7.842993,91.5076616,-0.734959337,0.0,2486.39716,2060.8247,1757.543,-196.07481,14.4349869
313.5,85.349987,2522.01713,-35.2905057,-35.2905057,-9.320427,-9.320427,-8.6122869,-8.6122869,1732.20068,108.2557,108.2557,19.6371105,19.6371105,21.6998678,21.6998678,0.790276735,2061.2305,7.842993,90.1881961,-0.73101398,0.0,2522.01713,2060.84915,1732.20068,-196.07481,14.2268463
314.0,89.163659,2564.44584,-36.8342205,-36.8342205,-9.8926879,-9.8926879,-9.15126545,-9.15126545,1707.08588,108.2557,108.2557,19.3523973,19.3523973,21.411606,21.411606,0.790166875,2061.2305,7.842993,88.88058,-0.720159083,0.0,2564.44584,2063.83975,1707.08588,-196.07481,14.0205746
314.5,94.941199,2601.18756,-39.3053954,-39.3053954,-10.70734125,-10.70734125,-9.9106451,-9.9106451,1682.37888,104.9816391,104.9816391,18.4982118,18.4982118,20.4918164,20.4918164,0.790068079,2061.2305,7.842993,87.5941895,-0.716098756,0.0,2601.18756,2064.70192,1682.37888,-196.07481,13.8176515
315.0,100.7187398,2623.20581,-42.3845057,-42.3845057,-11.64170605,-11.64170605,-10.771639,-10.771639,1656.81643,84.1725702,84.1725702,14.60942185,14.60942185,16.232682,16.232682,0.790000662,2053.62573,7.842993,86.263264,-0.767644253,0.0,2623.20581,2058.93818,1656.81643,-196.07481,13.6077028
315.5,106.4962838,2501.5465,-45.8979493,-45.8979493,-12.02059825,-12.02059825,-11.07557905,-11.07557905,1629.2732,60.7925542,60.7925542,10.378021,10.378021,11.6599903,11.6599903,0.789978082,1987.78198,7.842993,84.829209,-0.826537648,0.0,2501.5465,1992.23258,1629.2732,-196.07481,13.381486
316.0,112.2738273,2354.13046,-48.2132448,-48.2132448,-11.8827609,-11.8827609,-10.8903523,-10.8903523,1599.64589,37.4083322,37.4083322,6.27263524,6.27263524,7.32600107,7.32600107,0.789989017,1910.01541,7.842993,83.286642,-0.887306881,0.0,2354.13046,1913.5925,1599.64589,-196.07481,13.138152
316.5,118.051371,2211.82844,-50.599774,-50.599774,-11.7171161,-11.7171161,-10.6756765,-10.6756765,1567.94786,15.6944005,15.6944005,2.58142378,2.58142378,3.39263868,3.39263868,0.790028049,1832.24883,7.842993,81.6362635,-0.942348694,0.0,2211.82844,1835.87136,1567.94786,-196.07481,12.8778109
317.0,123.828911,2071.05505,-53.0041467,-53.0041467,-11.492624,-11.492624,-10.3979899,-10.3979899,1535.23283,11.179512,11.179512,1.79732126,1.79732126,2.44694319,2.44694319,0.79008314,1754.48224,7.842993,79.932933,-0.941668757,0.0,2071.05505,1758.19243,1535.23283,-196.07481,12.6091173
317.5,129.289896,1928.92535,-55.3261166,-55.3261166,-11.17320725,-11.17320725,-10.03068385,-10.03068385,1502.9384,11.179512,11.179512,1.75951369,1.75951369,2.40406051,2.40406051,0.790137714,1676.71565,7.842993,78.2515006,-0.927031239,0.0,1928.92535,1680.19472,1502.9384,-196.07481,12.3438778
318.0,130.57341,1779.3408,-55.8598196,-55.8598196,-10.40863705,-10.40863705,-9.2635086,-9.2635086,1471.02746,11.179512,11.179512,1.72215501,1.72215501,2.36139272,2.36139272,0.790188941,1598.94906,7.842993,76.5900361,-0.920510204,0.0,1779.3408,1599.31891,1471.02746,-196.07481,12.0817878
318.5,130.57341,1635.8899,-55.8188839,-55.8188839,-9.5623351,-9.5623351,-8.4388423,-8.4388423,1439.27127,11.179512,11.179512,1.68497754,1.68497754,2.3186292,2.3186292,0.790234917,1521.18249,7.842993,74.9366284,-0.916593108,0.0,1635.8899,1521.08572,1439.27127,-196.07481,11.8209694
319.0,130.57341,1493.49224,-55.8189719,-55.8189719,-8.72998215,-8.72998215,-7.61914901,-7.61914901,1407.65053,11.179512,11.179512,1.64795868,1.64795868,2.27574484,2.27574484,0.790275656,1443.4159,7.842993,73.2902751,-0.912708103,0.0,1493.49224,1443.3699,1407.65053,-196.07481,11.5612631
319.5,130.57341,1350.9352,-55.8200056,-55.8200056,-7.89683279,-7.89683279,-6.80916881,-6.80916881,1376.16241,11.179512,11.179512,1.61109503,1.61109503,2.23273647,2.23273647,0.790311124,1365.64933,7.842993,71.6508241,-0.908923497,0.0,1350.9352,1365.66517,1376.16241,-196.07481,11.3026461
320.0,130.57341,1272.31234,-54.3243574,-54.3243574,-7.2376775,-7.2376775,-6.20324741,-6.20324741,1344.76748,11.179512,11.179512,1.57434049,1.57434049,2.19038003,2.19038003,0.790341521,1317.27808,7.842993,70.0162257,-0.907837827,0.0,1272.31234,1314.61837,1344.76748,-196.07481,11.0447943
320.5,130.57341,1320.69323,-54.0644288,-54.0644288,-7.47727772,-7.47727772,-6.44240835,-6.44240835,1313.43588,11.179512,11.179512,1.53766004,1.53766004,2.14935314,2.14935314,0.790371293,1316.6559,7.80373523,68.384925,-0.899617436,0.0,1320.69323,1316.4557,1313.43588,-195.111369,10.7350214
321.0,130.57341,1359.00631,-54.1706756,-54.1706756,-7.70932718,-7.70932718,-6.66301896,-6.66301896,1286.70912,11.179512,11.179512,1.50637062,1.50637062,2.11409377,2.11409377,0.7904031,1316.6559,5.29402011,66.993378,-0.565898738,0.0,1359.00631,1316.79254,1286.70912,-132.5198211,7.14911981
321.5,130.57341,1373.97198,-54.3189514,-54.3189514,-7.81552292,-7.81552292,-6.76223677,-6.76223677,1276.12159,11.179512,11.179512,1.49397568,1.49397568,2.10005005,2.10005005,0.79043622,1316.6559,1.411801311276,66.4421313,-0.0516925905,0.0,1373.97198,1316.83787,1276.12159,-35.445851978,1.8952961578
322.0,130.548872,1369.59248,-54.3687904,-54.3687904,-7.79775841,-7.79775841,-6.74403146,-6.74403146,1278.91154,7.942884654,7.942884654,1.0632886566,1.0632886566,1.497259902,1.497259902,0.7904703,1316.6559,0.0,66.5873931,0.12491637,0.0,1369.59248,1316.64457,1278.91154,0.0,0.0
322.5,128.6134795,1361.21147,-53.5713421,-53.5713421,-7.63644573,-7.63644573,-6.60535262,-6.60535262,1282.05434,-14.19962023,-14.19962023,-1.906761072,-1.906761072,-1.419225044,-1.419225044,0.790516953,1316.6559,0.0,66.751023,0.0492965931,0.0,1361.21147,1314.99221,1282.05434,0.0,0.0
323.0,125.4960988,1359.58149,-52.2104307,-52.2104307,-7.43344224,-7.43344224,-6.4378847,-6.4378847,1282.24275,-39.4074569,-39.4074569,-5.29119298,-5.29119298,-4.45568072,-4.45568072,0.790581871,1316.6559,0.0,66.7608324,-0.0382806246,0.0,1359.58149,1314.42399,1282.24275,0.0,0.0
323.5,122.378716,1363.51412,-50.8878142,-50.8878142,-7.26604192,-7.26604192,-6.30266388,-6.30266388,1279.41062,-64.6152934,-64.6152934,-8.65618389,-8.65618389,-7.55683661,-7.55683661,0.7906656,1316.6559,0.0,66.6133756,-0.1255613876,0.0,1363.51412,1314.40669,1279.41062,0.0,0.0
324.0,119.2613344,1390.63579,-47.9792075,-47.9792075,-6.97499938,-6.97499938,-6.07718313,-6.07718313,1273.52035,-89.8231318,-89.8231318,-11.97742785,-11.97742785,-10.5358305,-10.5358305,0.790766944,1329.6609,0.0,66.3066944,-0.217848461,0.0,1390.63579,1322.25295,1273.52035,0.0,0.0
324.5,116.1439537,1943.47085,-41.0998615,-41.0998615,-8.36246393,-8.36246393,-7.57489899,-7.57489899,1264.21439,-115.0309672,-115.0309672,-15.2263511,-15.2263511,-13.37481535,-13.37481535,0.790886968,1555.50186,0.0,65.8221734,-0.317986264,0.0,1943.47085,1546.85802,1264.21439,0.0,0.0
325.0,113.0265707,2697.03052,-40.1754578,-40.1754578,-11.3386424,-11.3386424,-10.5137459,-10.5137459,1251.69017,-139.68862,-139.68862,-18.3072126,-18.3072126,-15.990931,-15.990931,0.791036784,1856.26498,0.0,65.1700931,-0.405145844,0.0,2697.03052,1853.10693,1251.69017,0.0,0.0
325.5,109.9091906,3439.94895,-38.8820868,-38.8820868,-13.9981984,-13.9981984,-13.14710775,-13.14710775,1236.9276,-147.57103,-147.57103,-19.1149868,-19.1149868,-16.6430613,-16.6430613,0.791211074,2157.02811,0.0,64.401469,-0.436250212,0.0,3439.94895,2153.62103,1236.9276,0.0,0.0
326.0,106.7918066,4183.03012,-37.5844938,-37.5844938,-16.4553966,-16.4553966,-15.57400685,-15.57400685,1221.7675,-147.57103,-147.57103,-18.880708,-18.880708,-16.4160363,-16.4160363,0.791398485,2457.7912,0.0,63.6121462,-0.440774006,0.0,4183.03012,2453.97076,1221.7675,0.0,0.0
326.5,103.7457715,4926.43715,-36.3007764,-36.3007764,-18.7195503,-18.7195503,-17.801865,-17.801865,1206.45112,-147.57103,-147.57103,-18.6440154,-18.6440154,-16.1872517,-16.1872517,0.791596525,2758.55424,0.0,62.8146919,-0.445189894,0.0,4926.43715,2754.36482,1206.45112,0.0,0.0
327.0,102.7842,5673.85679,-35.882753,-35.882753,-21.3208558,-21.3208558,-20.343942,-20.343942,1191.03803,-147.57103,-147.57103,-18.4058276,-18.4058276,-15.9576108,-15.9576108,0.791804931,3059.31742,0.0,62.012198,-0.44552003,0.0,5673.85679,3056.37204,1191.03803,0.0,0.0
327.5,102.7842,6169.35811,-41.7172886,-41.7172886,-26.9586059,-26.9586059,-25.7952524,-25.7952524,1175.80944,-147.57103,-147.57103,-18.1704907,-18.1704907,-15.7312984,-15.7312984,0.792031111,3245.99644,0.0,61.2193119,-0.43340154,0.0,6169.35811,3253.66192,1175.80944,0.0,0.0
328.0,102.7842,6172.61902,-42.7159506,-42.7159506,-27.6113588,-27.6113588,-26.4238631,-26.4238631,1160.92081,-147.57103,-147.57103,-17.9404076,-17.9404076,-15.5095705,-15.5095705,0.792273254,3248.3586,0.0,60.4441234,-0.430088394,0.0,6172.61902,3246.32541,1160.92081,0.0,0.0
328.5,102.7842,6191.593910000001,-42.6514172,-42.6514172,-27.6544187,-27.6544187,-26.4665303,-26.4665303,1146.07445,-147.57103,-147.57103,-17.7109783,-17.7109783,-15.2835029,-15.2835029,0.792514081,3248.3586,0.0,59.6711384,-0.428727404,0.0,6191.593910000001,3245.55237,1146.07445,0.0,0.0
329.0,102.7842,6212.274289999999,-42.6505232,-42.6505232,-27.7462061,-27.7462061,-26.5561596,-26.5561596,1131.2778,-147.57103,-147.57103,-17.4823162,-17.4823162,-15.058083,-15.058083,0.792754229,3248.3586,0.0,58.9007403,-0.427274954,0.0,6212.274289999999,3245.51795,1131.2778,0.0,0.0
329.5,102.7842,6232.91923,-42.6508974,-42.6508974,-27.8386573,-27.8386573,-26.6464361,-26.6464361,1116.53097,-147.57103,-147.57103,-17.2544251,-17.2544251,-14.83415345,-14.83415345,0.792993718,3248.3586,0.0,58.1329377,-0.425843894,0.0,6232.91923,3245.4979,1116.53097,0.0,0.0
330.0,102.7842,6253.49603,-42.6512881,-42.6512881,-27.9308178,-27.9308178,-26.7364399,-26.7364399,1101.83324,-147.57103,-147.57103,-17.0272921,-17.0272921,-14.6116964,-14.6116964,0.793232593,3248.3586,0.0,57.3676901,-0.424436249,0.0,6253.49603,3245.47809,1101.83324,0.0,0.0
330.5,103.353155,6274.904140000001,-42.7470323,-42.7470323,-28.0895224,-28.0895224,-26.8905218,-26.8905218,1087.1852,-147.57103,-147.57103,-16.8009269,-16.8009269,-14.3907122,-14.3907122,0.793470871,3248.3586,0.0,56.6050306,-0.422191906,0.0,6274.904140000001,3245.83332,1087.1852,0.0,0.0
331.0,136.7320726,6358.30782,-56.165181,-56.165181,-37.413056,-37.413056,-35.8083559,-35.8083559,1073.4862,-144.467534,-144.467534,-16.24179725,-16.24179725,-13.8997187,-13.8997187,0.793723212,3248.3586,0.0,55.891783,-0.345689397,0.0,6358.30782,3272.53955,1073.4862,0.0,0.0
331.5,188.570569,6390.60034,-78.417718,-78.417718,-52.4801194,-52.4801194,-50.070119,-50.070119,1065.3787,-102.9606185,-102.9606185,-11.4885536,-11.4885536,-9.89584187,-9.89584187,0.794023868,3248.3586,0.0,55.4696601,-0.1038538503,0.0,6390.60034,3281.24271,1065.3787,0.0,0.0
332.0,240.409068,6389.58375,-100.0817133,-100.0817133,-66.964745,-66.964745,-63.6167179,-63.6167179,1066.46298,-50.2445865,-50.2445865,-5.60869337,-5.60869337,-4.71179333,-4.71179333,0.794362015,3248.3586,0.0,55.5261135,0.1656378174,0.0,6389.58375,3281.45282,1066.46298,0.0,0.0
332.5,292.247563,6375.09162,-121.7268244,-121.7268244,-81.260667,-81.260667,-76.9394489,-76.9394489,1076.82009,2.471447801,2.471447801,0.285514447,0.285514447,0.79229981755,0.79229981755,0.794732644,3248.3586,0.0,56.0653642,0.433292696,0.0,6375.09162,3281.47003,1076.82009,0.0,0.0
333.0,344.086062,6347.6575,-143.371364,-143.371364,-95.2962141,-95.2962141,-90.1996246,-90.1996246,1096.41533,55.1874815,55.1874815,6.34744869,6.34744869,7.47424658,7.47424658,0.795130768,3248.3586,0.0,57.0856032,0.700066185,0.0,6347.6575,3281.496,1096.41533,0.0,0.0
333.5,395.92456,6307.33341,-165.015643,-165.015643,-108.9844866,-108.9844866,-103.1202559,-103.1202559,1125.21759,107.9035145,107.9035145,12.7297515,12.7297515,14.6785893,14.6785893,0.795551992,3248.3586,0.0,58.5852113,0.96591505,0.0,6307.33341,3281.5342,1125.21759,0.0,0.0
334.0,428.439398,6234.65767,-178.682356,-178.682356,-116.6603564,-116.6603564,-110.3151459,-110.3151459,1162.84054,160.619549,160.212289,19.5778392,19.5274392,22.7430191,22.6842223,0.795986395,3258.85683,0.0,60.5440767,1.19311796,0.0,6234.65767,3273.2611,1162.84054,0.0,0.0
334.5,428.88425,6177.92229,-178.935058,-178.935058,-115.7623135,-115.7623135,-109.4128439,-109.4128439,1205.51701,210.448557,177.369067,26.5819143,22.3893983,30.9020408,26.0309775,0.79640445,3275.361,0.0,62.7660562,1.24525503,0.0,6177.92229,3274.57155,1205.51701,0.0,0.0
335.0,428.88425,6113.48323,-178.806718,-178.806718,-114.4725125,-114.4725125,-108.1328869,-108.1328869,1248.20191,222.16278,172.384079,29.0392071,22.5308114,33.5619896,26.0402728,0.796814746,3275.361,0.0,64.9884733,1.22438394,0.0,6113.48323,3272.68143,1248.20191,0.0,0.0
335.5,428.88425,6054.58147,-178.796873,-178.796873,-113.3633515,-113.3633515,-107.0270326,-107.0270326,1290.18994,222.16278,167.771733,30.0160521,22.665768,34.4966451,26.0494716,0.797220685,3275.361,0.0,67.174609,1.20484502,0.0,6054.58147,3272.68844,1290.18994,0.0,0.0
336.0,428.88425,5996.71881,-178.791627,-178.791627,-112.2766589,-112.2766589,-105.944416,-105.944416,1331.51943,222.16278,163.470269,30.9775753,22.7922303,35.4165948,26.0585812,0.7976225,3275.361,0.0,69.3264569,1.18624358,0.0,5996.71881,3272.74336,1331.51943,0.0,0.0
336.5,428.88425,5939.74095,-178.786637,-178.786637,-111.206759,-111.206759,-104.8795916,-104.8795916,1372.21847,222.16278,159.396072,31.9244317,22.9035599,36.3343749,26.0676018,0.798020217,3275.361,0.0,71.4454792,1.16830499,0.0,5939.74095,3272.79828,1372.21847,0.0,0.0
337.0,428.88425,5883.61879,-178.781812,-178.781812,-110.1530379,-110.1530379,-103.8319002,-103.8319002,1412.30632,222.16278,155.521945,32.8570684,22.9998448,37.2520799,26.0765338,0.798413902,3275.361,0.0,73.5326795,1.15094543,0.0,5883.61879,3272.85229,1412.30632,0.0,0.0
337.5,428.88425,5828.31833,-178.777194,-178.777194,-109.1148854,-109.1148854,-102.8006599,-102.8006599,1451.80717,222.16278,151.899217,33.776049,23.0924899,38.1533135,26.0853787,0.798803597,3275.361,0.0,75.5893171,1.13433447,0.0,5828.31833,3272.90572,1451.80717,0.0,0.0
338.0,428.88425,5773.805139999999,-178.772767,-178.772767,-108.0916406,-108.0916406,-101.7812964,-101.7812964,1490.74559,222.16278,148.503431,34.681945,23.1818477,39.0387226,26.0941378,0.799189335,3275.361,0.0,77.6166734,1.11839577,0.0,5773.805139999999,3272.9583,1490.74559,0.0,0.0
338.5,418.819958,5696.92171,-175.162334,-175.162334,-104.513722,-104.513722,-98.334198,-98.334198,1529.00913,222.16278,145.323784,35.57214,23.2678836,39.9059081,26.1027679,0.79956922,3275.361,0.0,79.6088886,1.08512512,0.0,5696.92171,3263.30833,1529.00913,0.0,0.0
339.0,377.226,5599.522220000001,-157.339532,-157.339532,-92.2699337,-92.2699337,-86.725396,-86.725396,1564.96531,222.16278,142.433842,36.4086543,23.3416444,40.7276369,26.1106518,0.799916892,3275.361,0.0,81.4809726,0.991508775,0.0,5599.522220000001,3243.77416,1564.96531,0.0,0.0
339.5,333.366369,5551.19796,-138.967108,-138.967108,-80.7912454,-80.7912454,-75.8979386,-75.8979386,1597.58118,222.16278,139.872536,37.1674568,23.3997961,41.4831607,26.1169409,0.800217174,3275.361,0.0,83.1791409,0.89570363,0.0,5551.19796,3242.71031,1597.58118,0.0,0.0
340.0,289.506746,5510.0828,-120.6886879,-120.6886879,-69.6452489,-69.6452489,-65.4041641,-65.4041641,1626.91364,222.16278,137.633294,37.8498724,23.4480857,42.1660617,26.1220329,0.800470132,3275.361,0.0,84.7063556,0.80147362,0.0,5510.0828,3242.72889,1626.91364,0.0,0.0
340.5,245.647117,5473.54465,-102.4125343,-102.4125343,-58.7070765,-58.7070765,-55.2934091,-55.2934091,1653.01262,222.16278,135.701919,38.4570604,23.4900419,42.7727067,26.1261338,0.80067373,3275.361,0.0,86.065216,0.708630973,0.0,5473.54465,3242.76421,1653.01262,0.0,0.0
341.0,201.787489,5440.98737,-84.1564555,-84.1564555,-47.9556306,-47.9556306,-45.3839351,-45.3839351,1676.37015,222.16278,160.642221,39.0004694,28.2237754,43.5889467,31.6174938,0.800819898,3275.361,0.0,87.281342,0.703101035,0.0,5440.98737,3242.85513,1676.37015,0.0,0.0
341.5,157.927858,5416.01392,-65.5424852,-65.5424852,-37.1722201,-37.1722201,-35.3519968,-35.3519968,1703.63943,222.16278,222.16278,39.6348849,39.6348849,44.8644513,44.8644513,0.800814548,3281.72262,0.0,88.7011341,0.814677088,0.0,5416.01392,3248.38588,1703.63943,0.0,0.0
342.0,114.068233,5441.34726,-47.0578695,-47.0578695,-26.8096398,-26.8096398,-25.5744128,-25.5744128,1730.29015,222.16278,222.16278,40.2549093,40.2549093,45.4853268,45.4853268,0.800679896,3307.15541,0.0,90.0887215,0.727465167,0.0,5441.34726,3274.48848,1730.29015,0.0,0.0
342.5,92.75999,5517.93234,-37.5309262,-37.5309262,-21.6878428,-21.6878428,-20.6912777,-20.6912777,1754.41484,222.16278,222.16278,40.8161654,40.8161654,46.0525171,46.0525171,0.800418968,3333.86885,0.0,91.3447892,0.682417329,0.0,5517.93234,3320.44227,1754.41484,0.0,0.0
343.0,92.75999,5575.50848,-38.1626254,-38.1626254,-22.28188,-22.28188,-21.266654,-21.266654,1777.96994,222.16278,222.16278,41.3641722,41.3641722,46.6112078,46.6112078,0.800125706,3360.5823,0.0,92.5712038,0.679925533,0.0,5575.50848,3358.15376,1777.96994,0.0,0.0
343.5,92.75999,5607.55236,-38.1858556,-38.1858556,-22.423553,-22.423553,-21.404768,-21.404768,1801.37357,218.663936,218.663936,41.2453585,41.2453585,46.3772485,46.3772485,0.799826938,3387.29569,0.0,93.7897296,0.665045301,0.0,5607.55236,3385.15268,1801.37357,0.0,0.0
344.0,92.75999,5642.80345,-38.138387,-38.138387,-22.5364462,-22.5364462,-21.5152862,-21.5152862,1821.8603,166.355472,166.355472,31.7280994,31.7280994,35.2179573,35.2179573,0.799613386,3414.00912,0.0,94.8563852,0.492556986,0.0,5642.80345,3411.78295,1821.8603,0.0,0.0
344.5,92.75999,5688.42144,-38.0755959,-38.0755959,-22.6812286,-22.6812286,-21.6570794,-21.6570794,1835.04775,98.4290935,98.4290935,18.9092118,18.9092118,20.83954085,20.83954085,0.799557896,3440.72255,0.0,95.5429974,0.270597822,0.0,5688.42144,3438.46499,1835.04775,0.0,0.0
345.0,92.75999,5741.98815,-38.1936089,-38.1936089,-22.9660624,-22.9660624,-21.9341624,-21.9341624,1840.58515,30.522200861,30.522200861,5.8820052987,5.8820052987,6.82116300863,6.82116300863,0.799611339,3465.73302,0.0,95.8313079,0.05022313526,0.0,5741.98815,3463.98772,1840.58515,0.0,0.0
345.5,92.75999,5757.71458,-38.5829578,-38.5829578,-23.2634525,-23.2634525,-22.2211878,-22.2211878,1838.53934,-37.39239996,-37.39239996,-7.19578888,-7.19578888,-6.27121007,-6.27121007,0.799750425,3471.1926,0.0,95.7247891,-0.1687779404,0.0,5757.71458,3469.33706,1838.53934,0.0,0.0
346.0,92.75999,5770.20595,-38.4924122,-38.4924122,-23.2592065,-23.2592065,-22.2180981,-22.2180981,1828.89423,-100.941241,-100.941241,-19.3269756,-19.3269756,-17.5466981,-17.5466981,0.799954997,3471.1926,0.0,95.2226099,-0.378975024,0.0,5770.20595,3468.90316,1828.89423,0.0,0.0
346.5,92.75999,5790.44814,-38.4794177,-38.4794177,-23.3329315,-23.3329315,-22.2903213,-22.2903213,1814.56143,-114.76698,-114.76698,-21.8080719,-21.8080719,-19.803986,-19.803986,0.800194724,3471.1926,0.0,94.476365,-0.423346367,0.0,5790.44814,3468.95725,1814.56143,0.0,0.0
347.0,92.75999,5810.91284,-38.4810505,-38.4810505,-23.4163875,-23.4163875,-22.3718333,-22.3718333,1799.96517,-114.76698,-114.76698,-21.6326487,-21.6326487,-19.6332569,-19.6332569,0.800436476,3471.1926,0.0,93.7163995,-0.42106681,0.0,5810.91284,3468.95008,1799.96517,0.0,0.0
347.5,92.75999,5831.23866,-38.4816983,-38.4816983,-23.4986902,-23.4986902,-22.4520667,-22.4520667,1785.44713,-114.76698,-114.76698,-21.4581655,-21.4581655,-19.4636276,-19.4636276,0.800677802,3471.1926,0.0,92.9605066,-0.418819493,0.0,5831.23866,3468.9309,1785.44713,0.0,0.0
348.0,92.75999,5851.45585,-38.4823152,-38.4823152,-23.58054,-23.58054,-22.5318589,-22.5318589,1771.00626,-114.76698,-114.76698,-21.2846099,-21.2846099,-19.2950811,-19.2950811,0.800918714,3471.1926,0.0,92.2086341,-0.416602206,0.0,5851.45585,3468.91143,1771.00626,0.0,0.0
348.5,92.75999,5871.56642,-38.4829228,-38.4829228,-23.6619562,-23.6619562,-22.6112403,-22.6112403,1756.64151,-114.76698,-114.76698,-21.1119688,-21.1119688,-19.1276033,-19.1276033,0.80115921,3471.1926,0.0,91.4607236,-0.414414474,0.0,5871.56642,3468.89217,1756.64151,0.0,0.0
349.0,92.75999,5891.5717,-38.4835231,-38.4835231,-23.7429466,-23.7429466,-22.6902168,-22.6902168,1742.3519,-114.76698,-114.76698,-20.9402314,-20.9402314,-18.9608896,-18.9608896,0.801399275,3471.1926,0.0,90.7167279,-0.412255865,0.0,5891.5717,3468.87293,1742.3519,0.0,0.0
349.5,92.75999,5911.47344,-38.4841149,-38.4841149,-23.8235163,-23.8235163,-22.768794,-22.768794,1728.13645,-114.76698,-114.76698,-20.7693844,-20.7693844,-18.7932677,-18.7932677,0.801638925,3471.1926,0.0,89.976589,-0.410125943,0.0,5911.47344,3468.85385,1728.13645,0.0,0.0
350.0,92.75999,5931.27268,-38.4846988,-38.4846988,-23.9036708,-23.9036708,-22.8469769,-22.8469769,1713.99414,-114.76698,-114.76698,-20.5994168,-20.5994168,-18.626358,-18.626358,0.801878171,3471.1926,0.0,89.2402594,-0.408024299,0.0,5931.27268,3468.83485,1713.99414,0.0,0.0
350.5,84.4984755,5932.97359,-35.3832299,-35.3832299,-21.9856967,-21.9856967,-20.9956121,-20.9956121,1699.77931,-114.76698,-114.76698,-20.4285779,-20.4285779,-18.4588122,-18.4588122,0.802114677,3471.1926,0.0,88.500154,-0.421562697,0.0,5932.97359,3461.24268,1699.77931,0.0,0.0
351.0,60.8965731,5909.26755,-26.7996803,-26.7996803,-16.5836964,-16.5836964,-15.7653318,-15.7653318,1684.45526,-114.76698,-114.76698,-20.2444079,-20.2444079,-18.2784377,-18.2784377,0.802329674,3456.38308,0.0,87.7022979,-0.46350689,0.0,5909.26755,3442.43081,1684.45526,0.0,0.0
351.5,36.9671048,5484.1712,-20.7496908,-20.7496908,-11.96858305,-11.96858305,-11.2842436,-11.2842436,1669.01173,-84.2430804,-84.2430804,-14.7310104,-14.7310104,-13.25202405,-13.25202405,0.802514567,3271.39575,0.0,86.8982215,-0.398480338,0.0,5484.1712,3256.52773,1669.01173,0.0,0.0
352.0,13.4017947,4933.3115,-10.63199778,-10.63199778,-5.53775466,-5.53775466,-4.99810361,-4.99810361,1657.93156,-24.3274614,-24.3274614,-4.228027345,-4.228027345,-3.543254715,-3.543254715,0.802621042,3038.86272,0.0,86.3213244,-0.242121639,0.0,4933.3115,3020.84131,1657.93156,0.0,0.0
352.5,5.2866445,4412.63204,-7.10820909,-7.10820909,-3.28103922,-3.28103922,-2.78081875,-2.78081875,1652.58316,35.5860115,35.5860115,6.15735505,6.15735505,7.1868903,7.1868903,0.802632284,2806.32971,0.0,86.0428564,-0.06114579375,0.0,4412.63204,2801.0598,1652.58316,0.0,0.0
353.0,5.2866445,3861.75018,-7.43221646,-7.43221646,-3.00521779,-3.00521779,-2.54886672,-2.54886672,1653.83433,95.5013905,95.5013905,16.5421853,16.5421853,18.3735751,18.3735751,0.802546232,2573.79665,0.0,86.1080002,0.1330872085,0.0,3861.75018,2572.56439,1653.83433,0.0,0.0
353.5,5.2866445,3293.13502,-7.48339472,-7.48339472,-2.58061286,-2.58061286,-2.17043117,-2.17043117,1661.45859,155.417015,142.371051,27.0457953,24.7720584,30.1027751,27.5713683,0.802319448,2341.26369,0.0,86.5049609,0.28375124,0.0,3293.13502,2340.41116,1661.45859,0.0,0.0
354.0,5.2866445,2720.89902,-7.48266149,-7.48266149,-2.13206845,-2.13206845,-1.76642424,-1.76642424,1671.46578,215.332633,143.393319,37.6959641,25.0986796,41.933649,27.9209576,0.802003554,2108.73063,0.0,87.0259921,0.285635264,0.0,2720.89902,2108.14268,1671.46578,0.0,0.0
354.5,5.2866445,2149.23883,-7.47943869,-7.47943869,-1.68339477,-1.68339477,-1.36071435,-1.36071435,1681.16002,275.248248,140.609768,48.4625635,24.7542165,53.8544072,27.5088391,0.801685379,1876.19756,0.0,87.5307304,0.275221402,0.0,2149.23883,1875.9311,1681.16002,0.0,0.0
355.0,5.2866445,1631.28584,-5.07199166,-5.07199166,-0.889398672,-0.889398672,-0.678685865,-0.678685865,1690.43413,322.206863,136.492117,57.0389036,24.1615274,63.3206192,26.8227518,0.801367252,1672.10938,0.0,88.0135946,0.256366703,0.0,1631.28584,1665.8221,1690.43413,0.0,0.0
355.5,5.2866445,1557.5365,-2.07650447,-2.07650447,-0.338728736,-0.338728736,-0.230146619,-0.230146619,1698.91505,325.6412,133.590658,57.9348144,23.7670876,64.264209,26.3636505,0.8010492,1642.4209,0.0,88.4551552,0.240522851,0.0,1557.5365,1640.0864,1698.91505,0.0,0.0
356.0,5.2866445,1551.61605,-2.26141249,-2.26141249,-0.367443969,-0.367443969,-0.249398323,-0.249398323,1707.1915,325.6412,133.075085,58.2170498,23.7906779,64.5453251,26.3767634,0.80073119,1642.4209,0.0,88.8860772,0.237960295,0.0,1551.61605,1642.45539,1707.1915,0.0,0.0
356.5,5.2866445,1540.2957,-2.26498903,-2.26498903,-0.365341412,-0.365341412,-0.247495129,-0.247495129,1715.36332,325.6412,132.465623,58.4957184,23.795079,64.8219156,26.3684742,0.800413245,1642.4209,0.0,89.311548,0.23478774,0.0,1540.2957,1642.51641,1715.36332,0.0,0.0
357.0,5.2866445,1529.01027,-2.26419994,-2.26419994,-0.362538308,-0.362538308,-0.245124959,-0.245124959,1723.42597,325.6412,131.866726,58.7706626,23.798837,65.0946385,26.3596983,0.800095349,1642.4209,0.0,89.7313324,0.231652245,0.0,1529.01027,1642.52819,1723.42597,0.0,0.0
357.5,5.2866445,1517.87338,-2.26334193,-2.26334193,-0.359761279,-0.359761279,-0.242785823,-0.242785823,1731.38098,325.6412,131.277917,59.041937,23.8019321,65.3635555,26.3504085,0.79977751,1642.4209,0.0,90.1455195,0.228559737,0.0,1517.87338,1642.53889,1731.38098,0.0,0.0
358.0,5.2866445,1516.68497,-1.07086037,-1.436390085,-0.166206783,-0.225768888,-0.035072417,-0.122758889,1739.21804,325.6412,130.13321,59.3091886,23.7010087,65.6240935,26.2246091,0.799459748,1650.47442,0.0,90.5535606,0.222248232,0.0,1516.68497,1646.62037,1739.21804,0.0,0.0
358.5,5.2866445,1840.50023,6.60932416,2.54503797,1.27416891,0.490643997,1.80835216,0.696341043,1746.47299,325.6412,125.6079351,59.5565907,22.9723893,65.841983,25.3968242,0.799142035,1795.52606,0.0,90.9312923,0.199587371,0.0,1840.50023,1785.59843,1746.47299,0.0,0.0
359.0,5.2866445,2323.10663,5.43142838,2.08698273,1.319601,0.506983138,1.79731793,0.690532542,1753.33764,325.6412,125.150986,59.7906826,22.9788144,66.0786624,25.3954212,0.798824407,1989.77239,0.0,91.2887044,0.197868117,0.0,2323.10663,1990.42274,1753.33764,0.0,0.0
359.5,5.2866445,2777.18139,5.47592227,2.08573403,1.59314047,0.60674343,2.11573835,0.805785091,1760.10713,325.6412,124.1175617,60.0215298,22.8770355,66.3075986,25.2729605,0.798506826,2184.0188,0.0,91.6411632,0.193500755,0.0,2777.18139,2183.31924,1760.10713,0.0,0.0
360.0,5.2866445,3234.21326,5.54777105,2.09566253,1.87909208,0.709756551,2.45381086,0.926843734,1766.71955,325.6412,123.0731796,60.2470198,22.7697656,66.5308887,25.1446975,0.798189324,2378.26509,0.0,91.9854451,0.189098081,0.0,3234.21326,2377.35455,1766.71955,0.0,0.0
360.5,5.2866445,3691.3812,5.59191539,2.09499859,2.16181283,0.809849836,2.79015859,1.0452451,1773.18311,325.6412,122.058022,60.4674345,22.6645695,66.7491248,25.019096,0.797871888,2572.51145,0.0,92.3219744,0.184827468,0.0,3691.3812,2571.35952,1773.18311,0.0,0.0
361.0,17.6512374,4187.06309,-1.339121178,-2.503617748,-0.675620002,-1.163990005,-0.231405841,-0.858065271,1779.97279,325.6412,130.6104621,60.6989696,24.3475373,67.051785,26.8972582,0.7975545,2766.75781,0.0,92.6754826,0.233836318,0.0,4187.06309,2781.5809,1779.97279,0.0,0.0
361.5,50.8373686,4655.23878,-17.2041922,-17.2041922,-8.44442283,-8.44442283,-7.87443942,-7.87443942,1790.85742,325.317014,162.771447,61.0091489,30.53015,67.7176085,33.8914593,0.797237206,2959.61434,0.0,93.242198,0.400448319,0.0,4655.23878,2982.74764,1790.85742,0.0,0.0
362.0,84.3239868,4821.96267,-35.5263131,-35.5263131,-17.9313359,-17.9313359,-17.0369944,-17.0369944,1808.22779,318.206528,203.083499,60.2529369,38.4601205,67.4427596,43.0528646,0.796919957,3034.517,0.0,94.1465988,0.599074288,0.0,4821.96267,3062.26516,1808.22779,0.0,0.0
362.5,117.8106025,4775.19702,-49.2445259,-49.2445259,-24.6206022,-24.6206022,-23.390607,-23.390607,1831.42023,308.431081,228.790555,59.1505611,43.8843466,66.5827965,49.4015828,0.796602767,3034.517,0.0,95.354131,0.741490722,0.0,4775.19702,3056.34751,1831.42023,0.0,0.0
363.0,151.297222,4735.52973,-63.2002366,-63.2002366,-31.3360875,-31.3360875,-29.6730778,-29.6730778,1859.43288,298.655634,252.667753,58.1514696,49.2052335,65.7975,55.6776697,0.796285642,3034.517,0.0,96.8126273,0.877578984,0.0,4735.52973,3056.19806,1859.43288,0.0,0.0
363.5,184.78384,4689.92085,-77.169314,-77.169314,-37.8940905,-37.8940905,-35.7095924,-35.7095924,1891.99767,288.880188,274.040092,57.2327632,54.3014687,65.036933,61.7080285,0.795968615,3034.517,0.0,98.5081347,1.00477568,0.0,4689.92085,3056.23414,1891.99767,0.0,0.0
364.0,203.429801,4608.19733,-85.4271266,-85.4271266,-41.2249037,-41.2249037,-38.7026852,-38.7026852,1928.00413,279.104742,279.104742,56.3482102,56.3482102,63.9871395,63.9871395,0.795661927,3034.517,0.0,100.3828336,1.05133992,0.0,4608.19733,3043.25224,1928.00413,0.0,0.0
364.5,203.45517,4446.15073,-87.3399315,-87.3399315,-40.6539878,-40.6539878,-38.0666844,-38.0666844,1963.73474,269.329295,269.329295,55.3823964,55.3823964,62.5916206,62.5916206,0.79537578,2993.07335,0.0,102.2431736,1.01706862,0.0,4446.15073,2996.68634,1963.73474,0.0,0.0
365.0,203.45517,4057.58074,-88.1323107,-88.1323107,-37.448729,-37.448729,-34.8749658,-34.8749658,1998.25856,259.553847,258.036437,54.3106455,53.9915606,61.0842485,60.7259886,0.795083682,2855.78885,0.0,104.0406761,0.976008179,0.0,4057.58074,2855.15775,1998.25856,0.0,0.0
365.5,203.45517,3672.02122,-88.0702984,-88.0702984,-33.8660171,-33.8660171,-31.3438186,-31.3438186,2030.97668,249.893717,241.226558,53.1457341,51.300216,59.4135902,57.3513607,0.794767478,2714.76272,0.0,105.7441686,0.915825368,0.0,3672.02122,2713.82743,2030.97668,0.0,0.0
366.0,203.45517,3290.66148,-88.0527527,-88.0527527,-30.3427908,-30.3427908,-27.8706019,-27.8706019,2061.60047,246.4448,224.471907,53.2050409,48.4571011,59.1473201,53.8708491,0.794450747,2573.73652,0.0,107.33862,0.856180061,0.0,3290.66148,2573.02182,2061.60047,0.0,0.0
366.5,203.440642,2919.29725,-87.3867025,-87.3867025,-26.7230902,-26.7230902,-24.3291614,-24.3291614,2090.18963,246.4448,207.885143,53.9428606,45.4985537,59.6620582,50.3242671,0.794134085,2437.83689,0.0,108.827135,0.796222629,0.0,2919.29725,2435.18745,2090.18963,0.0,0.0
367.0,192.198246,2768.183,-80.2682025,-80.2682025,-23.2717834,-23.2717834,-21.1870791,-21.1870791,2116.4153,246.4448,193.260908,54.6196826,42.8299374,60.1524325,47.1692845,0.793817463,2400.4397,0.0,110.1925895,0.718668605,0.0,2768.183,2387.62066,2116.4153,0.0,0.0
367.5,171.995265,2731.62031,-71.7498707,-71.7498707,-20.5266604,-20.5266604,-18.7681075,-18.7681075,2139.87345,246.4448,181.864962,55.2250815,40.7514929,60.6328586,44.7425895,0.793500928,2400.4397,0.0,111.4139525,0.639130577,0.0,2731.62031,2386.10366,2139.87345,0.0,0.0
368.0,151.792286,2702.44969,-63.3183267,-63.3183267,-17.9210615,-17.9210615,-16.4551419,-16.4551419,2160.6401,246.4448,171.224903,55.7610204,38.739895,61.0605434,42.4222644,0.793184447,2400.4397,0.0,112.4951846,0.56264356,0.0,2702.44969,2386.0911,2160.6401,0.0,0.0
368.5,131.5893055,2677.02942,-54.8909318,-54.8909318,-15.38972605,-15.38972605,-14.1857645,-14.1857645,2178.79764,246.4448,161.039754,56.229623,36.7418795,61.4380808,40.1456094,0.792868039,2400.4397,0.0,113.4405689,0.488089728,0.0,2677.02942,2386.1156,2178.79764,0.0,0.0
369.0,111.386326,2655.17909,-46.4640573,-46.4640573,-12.9207799,-12.9207799,-11.9475099,-11.9475099,2194.40636,246.4448,151.224534,56.6324468,34.7498539,61.7659211,37.9001174,0.792551698,2400.4397,0.0,114.253245,0.415187654,0.0,2655.17909,2386.13728,2194.40636,0.0,0.0
369.5,91.1833445,2636.82055,-38.0375038,-38.0375038,-10.5043999,-10.5043999,-9.73011565,-9.73011565,2207.52,249.126433,141.732602,57.5916901,32.7635002,62.7097051,35.6755215,0.792235416,2400.4397,0.007171149267,114.9360193,0.3428645,0.0,2636.82055,2386.15511,2207.52,-0.17500677,0.016220619
370.0,70.9803623,2622.95194,-29.5953176,-29.5953176,-8.12984764,-8.12984764,-7.52283961,-7.52283961,2217.37196,260.018111,132.478998,60.3776214,30.7613969,65.6759945,33.4610825,0.791919208,2400.4397,0.463976021,115.4489645,0.21267164,0.0,2622.95194,2386.13678,2217.37196,-11.5649452,1.074617619
370.5,56.8753632,2630.05233,-23.4007486,-23.4007486,-6.44469533,-6.44469533,-5.94012018,-5.94012018,2222.07261,271.479765,125.9598899,63.1721883,29.3101943,68.6774641,31.8645171,0.791603058,2400.4397,1.170621935,115.6937087,0.0701167622,0.0,2630.05233,2391.83595,2222.07261,-29.2351712,2.72128859
371.0,56.37956,2647.11873,-23.4382578,-23.4382578,-6.49721824,-6.49721824,-5.99111787,-5.99111787,2223.6157,282.941419,126.0427925,65.8848685,29.3498834,71.6239059,31.9064681,0.791286972,2400.4397,1.4276185,115.7740517,0.035456799,0.0,2647.11873,2399.83844,2223.6157,-35.690464,3.32430251
371.5,56.37956,2646.32017,-23.4646211,-23.4646211,-6.50256281,-6.50256281,-5.9961989,-5.9961989,2224.76805,294.380854,125.9749094,68.5841015,29.3492766,74.555551,31.9046512,0.790970942,2400.4397,1.73903162,115.8340491,-0.0051197546,0.0,2646.32017,2400.17903,2224.76805,-43.3141186,4.03645788
372.0,56.37956,2690.9945,-22.7663717,-22.7663717,-6.41427407,-6.41427407,-5.91350094,-5.91350094,2190.46977,299.33862,127.4701111,68.6639214,29.2359097,74.7203465,31.8149197,0.790655006,2400.4397,21.63936884,114.0482841,-2.615077833,0.0,2690.9945,2398.74183,2190.46977,-539.483259,49.2568067
372.5,56.37956,2914.65406,-21.6128852,-21.6128852,-6.59368215,-6.59368215,-6.09349121,-6.09349121,2029.9847,299.33862,137.594215,63.6332515,29.217731,69.6559476,31.9860795,0.790339112,2400.4397,52.4230113,105.692521,-6.62135117,0.0,2914.65406,2398.1021,2029.9847,-1309.23461,110.7442844
373.0,56.37956,3287.4751,-21.2034549,-21.2034549,-7.29999407,-7.29999407,-6.77992386,-6.77992386,1766.11601,299.33862,159.331328,55.3618479,29.4052455,61.4807444,32.6635682,0.790023279,2400.4397,63.61762,91.95402,-7.9947793,0.0,3287.4751,2399.16474,1766.11601,-1590.4404,117.6590281
373.5,56.37956,3672.31912,-21.2785174,-21.2785174,-8.18318184,-8.18318184,-7.63467577,-7.63467577,1492.07441,299.33862,188.987206,46.7715595,29.4507725,53.1967635,33.5112538,0.789707523,2400.4397,63.2984413,77.6858605,-7.81905253,0.0,3672.31912,2399.29035,1492.07441,-1582.64175,98.9545494
374.0,56.37956,4001.7882,-22.0361009,-22.0361009,-9.23732925,-9.23732925,-8.65392245,-8.65392245,1259.22466,299.33862,222.984446,39.4724948,29.3583368,46.3995018,34.5226323,0.789391812,2400.4397,42.9418926,65.5623809,-4.99970506,0.0,4001.7882,2400.42562,1259.22466,-1075.082749,57.1814188
374.5,56.37956,4141.00493,-23.2545261,-23.2545261,-10.08456675,-10.08456675,-9.475238,-9.475238,1160.51651,299.33862,242.556248,36.3783225,29.4754566,43.6139373,35.3388469,0.789076181,2400.4397,11.4526302462,60.4230752,-0.7644249476,0.0,4141.00493,2400.71977,1160.51651,-287.66115615,14.0521918964
375.0,56.37956,4121.6812,-23.7041984,-23.7041984,-10.2312731,-10.2312731,-9.61802995,-9.61802995,1171.81331,299.33862,241.613439,36.7324402,29.6477291,43.954496,35.4771663,0.788760617,2400.4397,0.0,61.0112501,0.752471468,0.0,4121.6812,2399.27507,1171.81331,0.0,0.0
375.5,63.9377573,4100.87359,-26.4940919,-26.4940919,-11.3782466,-11.3782466,-10.7187462,-10.7187462,1197.83226,299.33862,244.018618,37.5480465,30.6128392,44.8390653,36.5581611,0.788445114,2400.4397,0.0,62.3659423,0.771246007,0.0,4100.87359,2405.80919,1197.83226,0.0,0.0
376.0,86.3218798,4081.63143,-36.1265982,-36.1265982,-15.43826525,-15.43826525,-14.59445495,-14.59445495,1226.12097,280.348587,253.358597,35.9745497,32.5237522,43.0198827,38.8832749,0.788132317,2400.4397,0.0,63.8388148,0.841399463,0.0,4081.63143,2414.31998,1226.12097,0.0,0.0
376.5,109.0936256,4038.38157,-46.4872571,-46.4872571,-19.6484925,-19.6484925,-18.5584509,-18.5584509,1247.2972,58.3605931,58.3605931,7.6020555,7.6020555,9.25118245,9.25118245,0.788004231,2391.59881,0.0,64.9413694,0.2529293769,0.0,4038.38157,2408.68804,1247.2972,0.0,0.0
377.0,131.865375,3727.2766,-58.797937,-58.797937,-22.9194426,-22.9194426,-21.5027649,-21.5027649,1241.21588,-218.029066,-218.029066,-28.2889096,-28.2889096,-23.7218129,-23.7218129,0.788173768,2258.46655,0.0,64.6247414,-0.611174595,0.0,3727.2766,2275.68412,1241.21588,0.0,0.0
377.5,154.637122,3351.59344,-67.8885614,-67.8885614,-23.7982456,-23.7982456,-22.1131619,-22.1131619,1207.78375,-400.828112,-400.828112,-50.6883764,-50.6883764,-39.580386,-39.580386,0.788476012,2085.38424,0.0,62.8840742,-1.17945673,0.0,3351.59344,2099.83879,1207.78375,0.0,0.0
378.0,177.408867,2993.12137,-77.3751161,-77.3751161,-24.2228612,-24.2228612,-22.2258354,-22.2258354,1167.38653,-405.0722,-405.0722,-49.5194428,-49.5194428,-38.3365714,-38.3365714,0.788802663,1912.30193,0.0,60.7807656,-1.14483893,0.0,2993.12137,1927.08828,1167.38653,0.0,0.0
378.5,200.180618,2631.97324,-86.8647903,-86.8647903,-23.9119335,-23.9119335,-21.5806261,-21.5806261,1128.64965,-405.0722,-405.0722,-47.8762607,-47.8762607,-36.7730174,-36.7730174,0.789121762,1739.21967,0.0,58.7639047,-1.09618625,0.0,2631.97324,1754.19369,1128.64965,0.0,0.0
379.0,222.952368,2263.68713,-96.4418536,-96.4418536,-22.8299005,-22.8299005,-20.1501177,-20.1501177,1095.34232,-303.043461,-303.043461,-34.8081241,-34.8081241,-27.7337135,-27.7337135,0.789419747,1566.13729,0.0,57.0297355,-0.704460311,0.0,2263.68713,1581.49924,1095.34232,0.0,0.0
379.5,245.724113,1863.48398,-106.0074114,-106.0074114,-20.6543867,-20.6543867,-17.6431223,-17.6431223,1084.9554,-75.46832383,-75.46832383,-8.567707805,-8.567707805,-7.1339033,-7.1339033,0.789635098,1393.76112,0.0,56.4889359,0.0980187042,0.0,1863.48398,1408.9069,1084.9554,0.0,0.0
380.0,268.042064,1655.1121,-111.6667731,-111.6667731,-19.3533729,-19.3533729,-16.156606,-16.156606,1101.70757,152.1263762,152.1263762,17.61002161,17.61002161,20.8536667,20.8536667,0.789700456,1322.2292,0.0,57.3611469,0.869328313,0.0,1655.1121,1331.98327,1101.70757,0.0,0.0
380.5,275.33557,1583.11981,-115.1719805,-115.1719805,-19.0941514,-19.0941514,-15.7692776,-15.7692776,1141.58482,328.36302,282.932281,39.2769564,33.8208099,48.0917906,41.4175376,0.789502525,1322.2292,0.0,59.437382,1.30340124,0.0,1583.11981,1325.31078,1141.58482,0.0,0.0
381.0,275.33557,1513.14371,-114.9265402,-114.9265402,-18.2108224,-18.2108224,-14.9111372,-14.9111372,1185.95929,340.4918,271.365688,42.2868227,33.6973328,51.1754984,40.7821025,0.78918705,1322.2292,0.0,61.7477695,1.26111231,0.0,1513.14371,1322.10313,1185.95929,0.0,0.0
381.5,275.33557,1343.93781,-124.8591735,-124.8591735,-17.1184191,-17.1184191,-13.6798179,-13.6798179,1228.89795,340.4918,257.041129,43.817852,33.0681139,52.4228293,39.5747499,0.78887146,1243.793396,0.0,63.9833994,1.22755,0.0,1343.93781,1276.76687,1228.89795,0.0,0.0
382.0,275.33557,-152.8639182,-278.483569,-121.9591523,4.873223369,1.8235043645,10.962090973,4.23163839,1265.28913,340.4918,142.690202,45.1154239,18.8936053,51.6402358,21.6389833,0.788555939,299.404554,0.0,65.8781288,0.84871377,0.0,-152.8639182,675.185159,1265.28913,0.0,0.0
382.5,275.33557,-225.029175,-300.0,-114.2578896,7.06950002,2.6924893,15.4126443,5.87005765,1292.95158,340.4918,129.63707,46.1017626,17.5525404,52.4692602,19.9768676,0.788240476,244.89842,0.0,67.318395,0.789966809,0.0,-225.029175,661.308584,1292.95158,0.0,0.0
383.0,275.33557,-206.177325,-299.761642,-114.2176738,6.47234014,2.46609747,14.3953912,5.48496734,1320.20891,340.4918,129.672194,47.0736568,17.9274794,53.4474781,20.3548731,0.787925087,253.955545,0.0,68.7375685,0.78693555,0.0,-206.177325,685.068344,1320.20891,0.0,0.0
383.5,275.33557,99.16894408,-182.0167916,-110.392704,0.0435165022,-0.8241730838,2.52193836705,0.46933482705,1348.18945,340.4918,157.200733,48.0713358,22.2088757,54.8026994,25.3298981,0.787609734,962.57209,0.0,70.1943948,0.856066164,0.0,99.16894408,828.462801,1348.18945,0.0,0.0
384.0,275.33557,1189.11456,-111.0597174,-111.0597174,-13.86752095,-13.86752095,-10.9024341,-10.9024341,1381.52668,340.4918,218.920402,49.2600147,31.6774434,57.0857154,36.7112839,0.787294495,1342.6589,0.0,71.9301181,1.06303286,0.0,1189.11456,1301.46258,1381.52668,0.0,0.0
384.5,275.33557,1234.58606,-114.8000884,-114.8000884,-14.8419148,-14.8419148,-11.6939815,-11.6939815,1418.59227,340.4918,218.63966,50.5816339,32.4775561,58.4250652,37.5142876,0.786979283,1342.6589,0.0,73.859963,1.06416246,0.0,1234.58606,1342.02593,1418.59227,0.0,0.0
385.0,275.33557,1185.47976,-114.8557575,-114.8557575,-14.2585574,-14.2585574,-11.12749215,-11.12749215,1454.88422,340.4918,211.095742,51.8756691,32.159228,59.5881556,36.9409938,0.786664138,1342.6589,0.0,75.7495299,1.03535243,0.0,1185.47976,1342.78306,1454.88422,0.0,0.0
385.5,275.33557,1136.07666,-114.849228,-114.849228,-13.6635778,-13.6635778,-10.56096585,-10.56096585,1490.19556,340.4918,203.944599,53.1347368,31.8240715,60.7194841,36.3673236,0.786349062,1342.6589,0.0,77.5880366,1.007717111,0.0,1136.07666,1342.84404,1490.19556,0.0,0.0
386.0,275.33557,1669.18948,-97.9707824,-97.9707824,-16.580637,-16.580637,-14.01693165,-14.01693165,1524.66001,340.4918,217.315455,54.3636088,34.7182179,62.2247614,39.7650134,0.786034058,1619.96304,0.0,79.3824526,1.01712897,0.0,1669.18948,1584.7998,1524.66001,0.0,0.0
386.5,278.543283,4162.28601,-91.6425661,-91.6425661,-40.0733048,-40.0733048,-37.3267452,-37.3267452,1564.82115,340.4918,316.731167,55.7956027,51.934004,65.883865,61.3604259,0.78572339,2648.64182,0.0,81.4734675,1.32615324,0.0,4162.28601,2645.64541,1564.82115,0.0,0.0
387.0,299.235382,6585.04383,-108.3460016,-108.3460016,-75.3492115,-75.3492115,-71.6552114,-71.6552114,1613.33473,340.4918,340.4918,57.525414,57.525414,68.2220062,68.2220062,0.785574254,3647.51098,0.0,83.9993588,1.44951764,0.0,6585.04383,3682.09955,1613.33473,0.0,0.0
387.5,317.125184,7004.13311,-133.874227,-133.874227,-98.1932894,-98.1932894,-93.435491,-93.435491,1664.7189,340.4918,340.4918,59.35758,59.35758,70.074423,70.074423,0.785685226,3861.3428,0.0,86.6747135,1.50751688,0.0,7004.13311,3886.48851,1664.7189,0.0,0.0
388.0,324.825389,6878.242410000001,-135.59986,-135.59986,-97.6686712,-97.6686712,-92.8450921,-92.8450921,1716.88783,340.4918,340.4918,61.2177255,61.2177255,71.9380094,71.9380094,0.785823862,3861.3428,0.0,89.3909204,1.51187806,0.0,6878.242410000001,3864.56562,1716.88783,0.0,0.0
388.5,333.441196,6804.552710000001,-139.169994,-139.169994,-99.166236,-99.166236,-94.214744,-94.214744,1769.30113,340.4918,340.4918,63.0865851,63.0865851,73.82426,73.82426,0.785956458,3861.3428,0.0,92.119854,1.52024286,0.0,6804.552710000001,3864.50648,1769.30113,0.0,0.0
389.0,342.057001,6730.772650000001,-142.75727,-142.75727,-100.6194366,-100.6194366,-95.5392074,-95.5392074,1821.99957,340.4918,340.4918,64.9656124,64.9656124,75.7340014,75.7340014,0.786085948,3861.3428,0.0,94.8636364,1.52835553,0.0,6730.772650000001,3864.5763,1821.99957,0.0,0.0
389.5,350.672807,6656.608900000001,-146.344518,-146.344518,-102.0113065,-102.0113065,-96.802556,-96.802556,1874.9732,340.33808,340.33808,66.823884,66.823884,77.5998926,77.5998926,0.786212,3861.3428,0.0,97.6217417,1.5356885,0.0,6656.608900000001,3864.6471,1874.9732,0.0,0.0
390.0,359.288609,6583.0941,-149.915488,-149.915488,-103.3465295,-103.3465295,-98.0111147,-98.0111147,1927.42578,321.334403,321.334403,64.8438138,64.8438138,74.5880039,74.5880039,0.786344358,3861.3428,0.0,100.3527241,1.48186686,0.0,6583.0941,3864.6837,1927.42578,0.0,0.0
390.5,367.071472,6511.69038,-153.21229,-153.21229,-104.4743349,-104.4743349,-99.0233024,-99.0233024,1976.99247,289.297719,289.297719,59.8801013,59.8801013,68.0256699,68.0256699,0.786512628,3861.3428,0.0,102.9334475,1.38467144,0.0,6511.69038,3863.91373,1976.99247,0.0,0.0
391.0,368.4068,6436.19802,-153.696127,-153.696127,-103.5908359,-103.5908359,-98.1250557,-98.1250557,2023.00321,257.261031,257.261031,54.488133,54.488133,61.203038,61.203038,0.786715894,3861.3428,0.0,105.329024,1.27547977,0.0,6436.19802,3859.36617,2023.00321,0.0,0.0
391.5,368.4068,6375.88271,-153.621375,-153.621375,-102.570073,-102.570073,-97.1082366,-97.1082366,2065.17337,225.224341,225.224341,48.6968797,48.6968797,54.1443669,54.1443669,0.78694757,3861.3428,0.0,107.5246436,1.16426091,0.0,6375.88271,3858.8914,2065.17337,0.0,0.0
392.0,368.4068,6322.18636,-153.589672,-153.589672,-101.685256,-101.685256,-96.2264069,-96.2264069,2103.50981,193.187657,193.187657,42.5451073,42.5451073,46.8874659,46.8874659,0.787208181,3861.3428,0.0,109.5206554,1.05366004,0.0,6322.18636,3858.93231,2103.50981,0.0,0.0
392.5,368.4068,6273.854850000001,-153.559071,-153.559071,-100.8877913,-100.8877913,-95.4323446,-95.4323446,2138.03246,161.150969,161.150969,36.0717438,36.0717438,39.4707373,39.4707373,0.787497723,3861.3428,0.0,111.3181014,0.943638494,0.0,6273.854850000001,3858.9787,2138.03246,0.0,0.0
393.0,368.4068,6230.83427,-153.528657,-153.528657,-100.176146,-100.176146,-94.7243481,-94.7243481,2168.76194,129.114281,129.114281,29.3154486,29.3154486,31.9272692,31.9272692,0.787816015,3861.3428,0.0,112.9180519,0.834224957,0.0,6230.83427,3859.02019,2168.76194,0.0,0.0
393.5,368.4068,6193.07992,-153.499165,-153.499165,-99.5500219,-99.5500219,-94.1019251,-94.1019251,2195.73436,98.4523132,98.4523132,22.6322609,22.6322609,24.6256898,24.6256898,0.788162635,3861.3428,0.0,114.3223866,0.729886647,0.0,6193.07992,3859.05934,2195.73436,0.0,0.0
394.0,368.4068,6158.91931,-153.490574,-153.490574,-98.9953613,-98.9953613,-93.5502905,-93.5502905,2220.20012,90.44269,90.44269,21.0278172,21.0278172,22.8760929,22.8760929,0.788526631,3861.3428,0.0,115.5962164,0.699282049,0.0,6158.91931,3859.13025,2220.20012,0.0,0.0
394.5,368.4068,6114.16837,-153.926633,-153.926633,-98.5542524,-98.5542524,-93.0967205,-93.0967205,2244.30146,90.44269,90.44269,21.2560845,21.2560845,23.1105039,23.1105039,0.788889569,3855.67719,0.0,116.8510701,0.695396968,0.0,6114.16837,3854.58163,2244.30146,0.0,0.0
395.0,368.4068,5995.8981,-154.377846,-154.377846,-96.9322369,-96.9322369,-91.4648619,-91.4648619,2268.28303,90.44269,90.44269,21.4832168,21.4832168,23.3434689,23.3434689,0.789248051,3821.12238,0.0,118.099685,0.691511977,0.0,5995.8981,3819.37119,2268.28303,0.0,0.0
395.5,368.4068,5869.3095,-154.350202,-154.350202,-94.8686752,-94.8686752,-89.4129419,-89.4129419,2292.1075,90.44269,90.44269,21.708862,21.708862,23.5746325,23.5746325,0.789597649,3782.60351,0.0,119.3401224,0.686775241,0.0,5869.3095,3780.60772,2292.1075,0.0,0.0
396.0,368.4068,5743.72155,-154.348278,-154.348278,-92.8375751,-92.8375751,-87.3904215,-87.3904215,2315.76911,90.44269,90.44269,21.9329645,21.9329645,23.803996,23.803996,0.789938126,3744.08465,0.0,120.5720806,0.682066853,0.0,5743.72155,3742.16545,2315.76911,0.0,0.0
396.5,368.4068,5618.37779,-154.346956,-154.346956,-90.8108275,-90.8108275,-85.370498,-85.370498,2339.26768,90.44269,90.44269,22.1555228,22.1555228,24.0330651,24.0330651,0.790269407,3705.56576,0.0,121.79555,0.677344099,0.0,5618.37779,3703.72962,2339.26768,0.0,0.0
397.0,368.4068,5493.26337,-154.345637,-154.345637,-88.7878226,-88.7878226,-83.3582355,-83.3582355,2362.60278,90.44269,90.44269,22.3765325,22.3765325,24.2610335,24.2610335,0.790591395,3667.04688,0.0,123.0105039,0.672607041,0.0,5493.26337,3665.29375,2362.60278,0.0,0.0
397.5,368.820131,5369.345380000001,-154.48748,-154.48748,-86.864105,-86.864105,-81.4365138,-81.4365138,2385.77868,90.44269,90.44269,22.5960341,22.5960341,24.4872279,24.4872279,0.79090406,3628.52807,0.0,124.2171746,0.668585985,0.0,5369.345380000001,3627.26278,2385.77868,0.0,0.0
398.0,370.925498,5247.21335,-155.385607,-155.385607,-85.3813112,-85.3813112,-79.9324971,-79.9324971,2408.87491,90.44269,90.44269,22.8147825,22.8147825,24.7124286,24.7124286,0.791208542,3590.0092,0.0,125.4197002,0.66782248,0.0,5247.21335,3589.92844,2408.87491,0.0,0.0
398.5,373.21276,5122.64314,-156.343835,-156.343835,-83.868363,-83.868363,-78.3985005,-78.3985005,2431.95443,90.44269,90.44269,23.0333716,23.0333716,24.9372502,24.9372502,0.791505623,3551.4903,0.0,126.621347,0.667333308,0.0,5122.64314,3551.56992,2431.95443,0.0,0.0
399.0,375.500024,4997.91526,-157.295565,-157.295565,-82.3244009,-82.3244009,-76.8326939,-76.8326939,2455.01607,90.44269,90.44269,23.2517908,23.2517908,25.1616822,25.1616822,0.791794995,3512.97144,0.0,127.8220656,0.666790647,0.0,4997.91526,3513.13521,2455.01607,0.0,0.0
399.5,377.772259,4894.488240000001,-157.633844,-157.633844,-80.7953955,-80.7953955,-75.30568,-75.30568,2478.04622,90.44269,90.44269,23.4699127,23.4699127,25.3855941,25.3855941,0.79207638,3484.58034,0.0,129.021145,0.665124532,0.0,4894.488240000001,3483.54557,2478.04622,0.0,0.0
400.0,378.6663,4858.810439999999,-157.765542,-157.765542,-80.2732391,-80.2732391,-74.7847223,-74.7847223,2500.98336,90.44269,90.44269,23.6871538,23.6871538,25.6083896,25.6083896,0.792352297,3483.143,0.0,130.215389,0.66146756,0.0,4858.810439999999,3482.09273,2500.98336,0.0,0.0
400.5,378.6663,4826.28358,-157.748967,-157.748967,-79.7274731,-79.7274731,-74.2438126,-74.2438126,2523.76541,90.44269,90.44269,23.9029253,23.9029253,25.8301404,25.8301404,0.79262497,3483.143,0.0,131.401546,0.656498751,0.0,4826.28358,3481.86024,2523.76541,0.0,0.0
401.0,343.480765,4712.39248,-145.528075,-145.528075,-71.9706698,-71.9706698,-66.922421,-66.922421,2545.96169,90.44269,90.44269,24.1131496,24.1131496,26.0472089,26.0472089,0.792623369,3483.143,0.0,132.557209,0.589420322,0.0,4712.39248,3447.4295,2545.96169,0.0,0.0
401.5,179.788612,4500.50059,-73.7525447,-73.7525447,-34.7340185,-34.7340185,-32.6350071,-32.6350071,2560.92288,90.44269,90.44269,24.2548487,24.2548487,26.1934464,26.1934464,0.792327576,3483.143,0.0,133.336175,0.270526178,0.0,4500.50059,3367.99549,2560.92288,0.0,0.0
402.0,141.93105,4726.74521,-57.8603961,-57.8603961,-28.6438988,-28.6438988,-27.1630148,-27.1630148,2568.22344,90.44269,90.44269,24.3239929,24.3239929,26.2647766,26.2647766,0.79226284,3483.143,0.0,133.716285,0.19710988,0.0,4726.74521,3466.40023,2568.22344,0.0,0.0
402.5,141.93105,4753.67453,-59.0848206,-59.0848206,-29.4126334,-29.4126334,-27.8905974,-27.8905974,2575.06652,90.44269,90.44269,24.3888053,24.3888053,26.33162,26.33162,0.792273316,3483.143,0.0,134.072573,0.197722043,0.0,4753.67453,3481.60142,2575.06652,0.0,0.0
403.0,141.93105,4744.899240000001,-59.1125718,-59.1125718,-29.3721314,-29.3721314,-27.8500143,-27.8500143,2581.87716,90.44269,90.44269,24.4533099,24.4533099,26.3981302,26.3981302,0.792284415,3483.143,0.0,134.427176,0.196254691,0.0,4744.899240000001,3481.92662,2581.87716,0.0,0.0
403.5,141.93105,4735.25916,-59.1176212,-59.1176212,-29.314959,-29.314959,-27.7935704,-27.7935704,2588.79589,96.852405,96.852405,26.2578689,26.2578689,28.3273343,28.3273343,0.792291582,3483.143,0.0,134.787403,0.215445733,0.0,4735.25916,3481.95507,2588.79589,0.0,0.0
404.0,141.93105,4722.930340000001,-59.1419314,-59.1419314,-29.2506558,-29.2506558,-27.7296451,-27.7296451,2597.64919,123.717611,123.717611,33.656852,33.656852,36.2668403,36.2668403,0.792256829,3483.143,0.0,135.248354,0.300420146,0.0,4722.930340000001,3481.99437,2597.64919,0.0,0.0
404.5,141.93105,4706.23171,-59.1668514,-59.1668514,-29.1595168,-29.1595168,-27.6392948,-27.6392948,2609.57897,152.091397,152.091397,41.5659978,41.5659978,44.857417,44.857417,0.792143594,3483.143,0.0,135.869488,0.389581897,0.0,4706.23171,3482.01164,2609.57897,0.0,0.0
405.0,141.93105,4685.322050000001,-59.1884838,-59.1884838,-29.0405776,-29.0405776,-27.5216866,-27.5216866,2624.49881,180.465178,176.343837,49.6024497,48.4674915,53.6641818,52.4359642,0.791916382,3483.143,0.0,136.646297,0.46472326,0.0,4685.322050000001,3482.0226,2624.49881,0.0,0.0
405.5,141.93105,4662.513919999999,-59.1886205,-59.1886205,-28.8992774,-28.8992774,-27.3826319,-27.3826319,2640.73363,208.83896,178.196713,57.7556536,49.277773,62.4761414,53.3057162,0.791604424,3483.143,0.0,137.491574,0.467037964,0.0,4662.513919999999,3482.01122,2640.73363,0.0,0.0
406.0,141.93105,4640.10559,-59.1860498,-59.1860498,-28.7591365,-28.7591365,-27.2448324,-27.2448324,2656.73472,237.212748,176.74354,65.9994653,49.1720849,71.3527232,53.1607819,0.791288325,3483.143,0.0,138.324685,0.458674002,0.0,4640.10559,3482.02998,2656.73472,0.0,0.0
406.5,141.93105,5685.8788,-35.2265857,-35.2265857,-20.39650475,-20.39650475,-19.3990606,-19.3990606,2670.48869,264.92514,150.258762,74.0892864,42.019395,79.8545245,45.2990708,0.790972304,3967.5589,0.0,139.040795,0.328153311,0.0,5685.8788,3925.21477,2670.48869,0.0,0.0
407.0,141.93105,7128.635469999999,-60.5992315,-60.5992315,-45.2357804,-45.2357804,-43.4322736,-43.4322736,2686.56636,273.6291,226.240284,76.9818687,63.6490234,83.8313889,69.3136273,0.790656343,4497.123,0.0,139.877885,0.614381386,0.0,7128.635469999999,4534.94406,2686.56636,0.0,0.0
407.5,141.93105,7006.06014,-59.3396154,-59.3396154,-43.536002,-43.536002,-41.7960981,-41.7960981,2707.32149,273.6291,219.646092,77.5765987,62.271338,84.3296098,67.6921173,0.790340467,4497.123,0.0,140.958522,0.586036629,0.0,7006.06014,4496.05845,2707.32149,0.0,0.0
408.0,141.93105,6974.84614,-59.2202349,-59.2202349,-43.254709,-43.254709,-41.5221759,-41.5221759,2727.3547,273.6291,217.317625,78.150636,62.0672911,84.8774912,67.4098036,0.790024634,4497.123,0.0,142.001562,0.573596678,0.0,6974.84614,4494.76729,2727.3547,0.0,0.0
408.5,141.93105,6947.29225,-59.2149746,-59.2149746,-43.0800045,-43.0800045,-41.3504846,-41.3504846,2746.99397,273.6291,215.357866,78.7133869,61.950498,85.422634,67.2309719,0.789708865,4497.123,0.0,143.024093,0.562607451,0.0,6947.29225,4494.7691,2746.99397,0.0,0.0
409.0,141.93105,6920.321529999999,-59.2119559,-59.2119559,-42.9105721,-42.9105721,-41.1839569,-41.1839569,2766.25819,275.116686,213.463809,79.6975746,61.8362913,86.4265121,67.0573321,0.789393175,4497.123,0.0,144.0271,0.551890952,0.0,6920.321529999999,4494.79464,2766.25819,0.0,0.0
409.5,141.93105,6893.86455,-59.209044,-59.209044,-42.7444204,-42.7444204,-41.0206813,-41.0206813,2785.15635,323.058046,211.628513,94.234711,61.7234677,102.1165808,66.8869469,0.78907755,4497.123,0.0,145.011043,0.541420722,0.0,6893.86455,4494.82017,2785.15635,0.0,0.0
410.0,147.183368,6876.28759,-60.1094245,-60.1094245,-43.2892846,-43.2892846,-41.5352761,-41.5352761,2803.71882,360.1989,211.775845,105.7561146,62.1798059,114.5603984,67.3577829,0.788761977,4497.123,0.0,145.977512,0.545074774,0.0,6876.28759,4498.34465,2803.71882,0.0,0.0
410.5,363.076349,7234.37242,-150.561589,-150.561589,-114.237911,-114.237911,-108.9480689,-108.9480689,2834.70635,360.1989,341.533231,106.9249642,101.4192427,118.7536645,112.7115031,0.788514982,4497.123,0.0,147.590898,1.366178225,0.0,7234.37242,4665.43987,2834.70635,0.0,0.0
411.0,432.3232,4330.29927,-216.947248,-216.947248,-101.0864403,-101.0864403,-93.7419008,-93.7419008,2887.23248,360.1989,299.513041,108.9062454,90.4745735,119.7576816,99.7526881,0.788519669,3435.04584,0.0,150.325703,1.41355899,0.0,4330.29927,3487.70324,2887.23248,0.0,0.0
411.5,432.3232,3210.2599,-178.354879,-178.354879,-59.965484,-59.965484,-54.1341076,-54.1341076,2929.06752,360.1989,240.202755,110.48426,73.680449,119.9098219,79.9664802,0.788244736,3069.8994,0.0,152.503875,1.14401493,0.0,3210.2599,3046.07378,2929.06752,0.0,0.0
412.0,432.3232,3210.51081,-180.163105,-180.163105,-60.5714799,-60.5714799,-54.6818486,-54.6818486,2968.5798,360.1989,238.927622,111.974661,74.2733319,121.3989361,80.5247619,0.787929339,3069.8994,0.0,154.56111,1.13298614,0.0,3210.51081,3069.24911,2968.5798,0.0,0.0
412.5,432.3232,3157.53019,-180.199224,-180.199224,-59.583919,-59.583919,-53.7037408,-53.7037408,3007.26773,360.1989,233.372717,113.433969,73.4919975,122.7685251,79.5399635,0.787614015,3069.8994,0.0,156.575425,1.10510034,0.0,3157.53019,3069.79306,3007.26773,0.0,0.0
413.0,432.3232,3104.73044,-180.192443,-180.192443,-58.5853618,-58.5853618,-52.7186277,-52.7186277,3044.99815,360.1989,227.982323,114.857157,72.6953621,124.1033346,78.5476912,0.787298745,3069.8994,0.0,158.539882,1.07779446,0.0,3104.73044,3069.85319,3044.99815,0.0,0.0
413.5,432.3232,3053.2085,-180.185124,-180.185124,-57.610817,-57.610817,-51.7600161,-51.7600161,3081.80054,352.459839,222.839207,113.7399506,71.9142918,122.704625,77.5819144,0.78698353,3069.8994,0.0,160.456022,1.05141169,0.0,3053.2085,3069.90322,3081.80054,0.0,0.0
414.0,432.3232,3002.94217,-180.178023,-180.178023,-56.6601131,-56.6601131,-50.8275092,-50.8275092,3117.70569,322.202696,217.917707,105.1847591,71.1454676,113.3124159,76.6422506,0.786668397,3069.8994,0.0,162.325453,1.02587085,0.0,3002.94217,3069.95178,3117.70569,0.0,0.0
414.5,432.3232,2953.89329,-180.171142,-180.171142,-55.732518,-55.732518,-49.9201975,-49.9201975,3152.74125,290.508106,213.195193,95.9030209,70.3859243,103.1823805,75.727786,0.786353331,3069.8994,0.0,164.149599,1.001099647,0.0,2953.89329,3069.99913,3152.74125,0.0,0.0
415.0,432.3232,2906.02448,-180.164469,-180.164469,-54.8273245,-54.8273245,-49.035661,-49.035661,3186.93388,272.738886,208.672222,91.022434,69.6399154,97.8139186,74.8361286,0.786038328,3069.8994,0.0,165.929862,0.977100186,0.0,2906.02448,3070.04539,3186.93388,0.0,0.0
415.5,432.3232,2859.3009,-180.157983,-180.157983,-53.9438588,-53.9438588,-48.163003,-48.163003,3220.30838,274.971528,204.313568,92.7312831,68.8994275,99.5368749,73.9563619,0.785723367,3069.8994,0.0,167.667522,0.953759224,0.0,2859.3009,3070.09049,3220.30838,0.0,0.0
416.0,432.3232,2813.69015,-180.151697,-180.151697,-53.0815079,-53.0815079,-47.3114255,-47.3114255,3252.88803,292.532052,200.134952,99.6542685,68.1731644,106.851954,73.0976494,0.785408488,3069.8994,0.0,169.36381,0.931128127,0.0,2813.69015,3070.13456,3252.88803,0.0,0.0
416.5,432.3232,2769.15775,-180.145596,-180.145596,-52.2396152,-52.2396152,-46.4826034,-46.4826034,3284.69745,312.919277,196.131642,107.6412274,67.4628691,115.2972595,72.2616997,0.785093679,3069.8994,0.0,171.019987,0.909191275,0.0,2769.15775,3070.17754,3284.69745,0.0,0.0
417.0,432.936177,2727.08204,-180.32089,-180.32089,-51.49569,-51.49569,-45.7475513,-45.7475513,3315.76635,333.306496,192.470196,115.7381762,66.8299288,123.8566139,71.5180671,0.78477891,3069.8994,0.0,172.637612,0.889513348,0.0,2727.08204,3070.81048,3315.76635,0.0,0.0
417.5,439.314642,2694.3239,-183.001634,-183.001634,-51.6325849,-51.6325849,-45.8120618,-45.8120618,3346.44648,353.693719,190.968531,123.9535,66.9224796,132.568302,71.5738231,0.784464234,3069.8994,0.0,174.234991,0.88792784,0.0,2694.3239,3075.09346,3346.44648,0.0,0.0
418.0,447.113214,2652.68338,-186.2931,-186.2931,-51.7488506,-51.7488506,-45.8425759,-45.8425759,3377.1624,363.43896,189.405183,128.532231,66.9837622,137.385905,71.5978294,0.784149602,3069.8994,0.0,175.834237,0.888770911,0.0,2652.68338,3075.70129,3377.1624,0.0,0.0
418.5,454.911786,2609.68755,-189.539243,-189.539243,-51.797185,-51.797185,-45.8103034,-45.8103034,3407.89341,363.43896,187.704766,129.701833,66.9864502,138.554586,71.5586194,0.783835048,3069.8994,0.0,177.434268,0.889005566,0.0,2609.68755,3075.75409,3407.89341,0.0,0.0
419.0,462.710358,2566.65891,-192.7843,-192.7843,-51.815337,-51.815337,-45.744726,-45.744726,3438.62832,363.43896,185.947938,130.871577,66.9579446,139.722037,71.4861448,0.78352055,3069.8994,0.0,179.034501,0.88897318,0.0,2566.65891,3075.79543,3438.62832,0.0,0.0
419.5,470.508926,2512.17201,-196.939868,-196.939868,-51.8020971,-51.8020971,-45.614272,-45.614272,3469.36441,363.43896,184.065748,132.041373,66.8724829,140.887333,71.3525855,0.783206117,3062.22477,0.0,180.634798,0.890037255,0.0,2512.17201,3071.0696,3469.36441,0.0,0.0
420.0,478.307503,2173.44228,-203.122177,-203.122177,-46.2205627,-46.2205627,-39.9952972,-39.9952972,3499.66798,363.43896,168.446169,133.194699,61.7268258,141.877489,65.752347,0.78289175,2938.53858,0.0,182.212568,0.850242257,0.0,2173.44228,2947.8156,3499.66798,0.0,0.0
420.5,486.10607,1736.00863,-206.137641,-206.137641,-37.4627898,-37.4627898,-31.3997562,-31.3997562,3527.85953,363.43896,145.458521,134.267652,53.7324324,142.801962,57.1485631,0.78257745,2775.80205,0.0,183.680387,0.781653017,0.0,1736.00863,2782.25714,3527.85953,0.0,0.0
421.0,490.819533,1302.52318,-208.186436,-208.186436,-28.3965547,-28.3965547,-22.6177174,-22.6177174,3553.65659,363.43896,122.2287587,135.249466,45.4808872,143.816294,48.3613592,0.782263222,2613.06557,0.0,185.023526,0.70767398,0.0,1302.52318,2616.94333,3553.65659,0.0,0.0
421.5,490.86667,873.550849,-208.076206,-208.076206,-19.0345705,-19.0345705,-13.8177266,-13.8177266,3576.68656,363.43896,99.1358002,136.125967,37.1271453,145.023901,39.5520134,0.781949023,2450.32907,0.0,186.222596,0.625737239,0.0,873.550849,2451.89176,3576.68656,0.0,0.0
422.0,490.86667,454.337956,-208.047931,-208.047931,-9.8986081,-9.8986081,-5.8067397,-5.8067397,3597.00505,363.43896,78.1797372,136.899272,29.4454192,146.612281,31.530223,0.781634913,2287.59255,0.0,187.280487,0.55159743,0.0,454.337956,2289.31809,3597.00505,0.0,0.0
422.5,490.86667,78.577752423,-213.243836,-213.243836,-1.7208487977,-1.7208487977,-0.7221770334,-0.7221770334,3615.08988,363.43896,64.7978566,137.587571,24.5296141,148.098243,26.4026957,0.781320884,2124.8561,0.0,188.22209,0.47240827,0.0,78.577752423,2143.52105,3615.08988,0.0,0.0
423.0,490.86667,-7.52952687,-278.819538,-188.1050739,0.2266149005,0.1135285365,0.670405713,0.354010667,3632.02268,363.43896,62.4470784,138.232021,23.75117,149.006883,25.6023128,0.781006899,1962.11956,0.0,189.103708,0.427387949,0.0,-7.52952687,2117.57812,3632.02268,0.0,0.0
423.5,490.86667,-7.034729076,-298.990065,-209.0946412,0.2189223054,0.073135592,0.82979649725,0.43074768254,3648.63133,363.43896,62.1753951,138.864133,23.756124,149.714826,25.6123241,0.780692987,1799.38307,0.0,189.968444,0.399091603,0.0,-7.034729076,2127.48166,3648.63133,0.0,0.0
424.0,490.86667,-2.71310829,-299.492268,-213.4789611,0.0845969715,0.0231668315,0.471567173,0.298206443,3665.02344,361.787659,61.8803395,138.853118,23.7496656,149.733288,25.6105698,0.780379114,1646.57733,0.0,190.821913,0.411634548,0.0,-2.71310829,2138.85118,3665.02344,0.0,0.0
424.5,490.86667,0.705191074,-299.69091,-263.360996,-0.0231237536,-0.02752317334,0.363363835,0.3508110312,3681.20204,333.76929,61.7860038,128.661091,23.8180934,138.741148,25.6842309,0.78006533,1612.6525,0.0,191.664264,0.476672991,0.0,0.705191074,2149.72012,3681.20204,0.0,0.0
425.0,490.86667,0.34656644,-299.491254,-268.587757,-0.0118951563,-0.0224807074,0.3536211538,0.3235149874,3697.17119,296.648497,61.3412246,114.8473749,23.749371,123.8944791,25.6199944,0.7797516,1646.4624,0.0,192.495709,0.506997087,0.0,0.34656644,2158.89514,3697.17119,0.0,0.0
425.5,490.86667,335.383148365,-217.114754,-203.028935,-6.13481553425,-6.14542732525,-4.1904350874,-4.2202268844,3712.91848,259.523889,72.0361509,100.901991,28.015121,108.4008893,30.0557159,0.779437945,2359.66657,0.0,193.315603,0.455025958,0.0,335.383148365,2307.50108,3712.91848,0.0,0.0
426.0,490.86667,2243.46808,-195.808338,-195.808338,-46.3052134,-46.3052134,-40.2689807,-40.2689807,3733.40077,222.403526,158.4764275,86.9425976,61.9696688,92.3441464,65.8236466,0.779124339,3100.67041,0.0,194.382025,0.746885534,0.0,2243.46808,3113.42874,3733.40077,0.0,0.0
426.5,490.736943,2297.44441,-204.832162,-204.832162,-49.2809197,-49.2809197,-42.9476406,-42.9476406,3760.38858,185.272866,164.051734,72.9494854,64.6002175,77.457387,68.591719,0.7788108,3146.3945,0.0,195.787163,0.771795155,0.0,2297.44441,3151.64673,3760.38858,0.0,0.0
427.0,473.132889,2216.29412,-197.483595,-197.483595,-45.8427929,-45.8427929,-39.7721659,-39.7721659,3785.85895,148.142204,147.59175,58.7240838,58.5064408,62.3070039,62.0759789,0.77851631,3146.3945,0.0,197.113301,0.676979967,0.0,2216.29412,3132.7515,3785.85895,0.0,0.0
427.5,443.248314,2173.19247,-184.589983,-184.589983,-42.0110031,-42.0110031,-36.3482606,-36.3482606,3806.1278,111.0115399,111.0115399,44.2411356,44.2411356,46.9828217,46.9828217,0.778353475,3146.3945,0.0,198.16861,0.494740625,0.0,2173.19247,3126.65131,3806.1278,0.0,0.0
428.0,413.363735,2153.28459,-172.091308,-172.091308,-38.8067542,-38.8067542,-33.533781,-33.533781,3820.09075,73.8816436,73.8816436,29.5520605,29.5520605,31.65261,31.65261,0.778316493,3146.3945,0.0,198.895598,0.313452421,0.0,2153.28459,3126.52042,3820.09075,0.0,0.0
428.5,383.479159,2142.46564,-159.60526,-159.60526,-35.8094934,-35.8094934,-30.9226096,-30.9226096,3827.82176,36.7421766,36.7421766,14.72656105,14.72656105,16.50712465,16.50712465,0.77837221,3146.3945,0.0,199.298116,0.1341937386,0.0,2142.46564,3126.53257,3827.82176,0.0,0.0
429.0,353.594574,2140.17928,-147.124273,-147.124273,-32.9731699,-32.9731699,-28.4691583,-28.4691583,3829.46595,3.84292659,3.84292659,1.541249408,1.541249408,2.058089606,2.058089606,0.778505048,3146.3945,0.0,199.383727,-0.02933724924,0.0,2140.17928,3126.54133,3829.46595,0.0,0.0
429.5,323.710002,2143.70765,-134.669565,-134.669565,-30.2312422,-30.2312422,-26.1075256,-26.1075256,3827.01874,-1.2092679,-1.2092679,-0.484631568,-0.484631568,-0.381496158,-0.381496158,0.778673675,3146.3945,0.0,199.256307,-0.1013750345,0.0,2143.70765,3126.58057,3827.01874,0.0,0.0
430.0,293.825418,2149.95957,-122.219441,-122.219441,-27.5160662,-27.5160662,-23.772031,-23.772031,3822.56102,-1.2092679,-1.2092679,-0.484067068,-0.484067068,-0.381049639,-0.381049639,0.778832058,3146.3945,0.0,199.024215,-0.156384627,0.0,2149.95957,3126.57919,3822.56102,0.0,0.0
430.5,263.940846,2158.84871,-109.7691361,-109.7691361,-24.8148619,-24.8148619,-21.5422986,-21.5422986,3816.21227,-1.2092679,-1.2092679,-0.483263101,-0.483263101,-0.380413703,-0.380413703,0.778977931,3146.3945,0.0,198.693663,-0.210773279,0.0,2158.84871,3126.571,3816.21227,0.0,0.0
431.0,235.337624,2173.07019,-97.641087,-97.641087,-22.2172818,-22.2172818,-19.4999552,-19.4999552,3808.00024,-1.2092679,-1.2092679,-0.482223174,-0.482223174,-0.379591143,-0.379591143,0.779111852,3146.3945,0.0,198.266101,-0.262502149,0.0,2173.07019,3127.69378,3808.00024,0.0,0.0
431.5,227.86786,2225.60044,-94.4897746,-94.4897746,-22.0224466,-22.0224466,-19.4382263,-19.4382263,3798.59494,-1.2092679,-1.2092679,-0.481032155,-0.481032155,-0.378649091,-0.378649091,0.779238958,3146.3945,0.0,197.776402,-0.273609115,0.0,2225.60044,3144.06029,3798.59494,0.0,0.0
432.0,227.86786,2254.9571,-94.3224407,-94.3224407,-22.2724053,-22.2724053,-19.6918984,-19.6918984,3789.1953,-1.2092679,-1.2092679,-0.479841828,-0.479841828,-0.377707613,-0.377707613,0.779367784,3151.11008,0.0,197.287006,-0.270821538,0.0,2254.9571,3150.78751,3789.1953,0.0,0.0
432.5,227.86786,2359.5166,-93.7274836,-93.7274836,-23.1590537,-23.1590537,-20.5793346,-20.5793346,3779.85926,-1.2092679,-1.2092679,-0.478659567,-0.478659567,-0.376772536,-0.376772536,0.779499222,3188.55011,0.0,196.80092,-0.268807465,0.0,2359.5166,3188.84419,3779.85926,0.0,0.0
433.0,227.86786,2478.34777,-93.766359,-93.766359,-24.3353717,-24.3353717,-21.7325574,-21.7325574,3770.62,-1.2092679,-1.2092679,-0.477489571,-0.477489571,-0.375847174,-0.375847174,0.779636858,3232.18265,0.0,196.319873,-0.265729328,0.0,2478.34777,3232.89599,3770.62,0.0,0.0
433.5,226.965209,2593.63098,-93.513466,-93.513466,-25.3976193,-25.3976193,-22.7908774,-22.7908774,3761.63587,5.150655256,5.150655256,2.027383746,2.027383746,2.638212578,2.638212578,0.779777136,3275.81524,0.0,195.852105,-0.243734913,0.0,2593.63098,3275.62042,3761.63587,0.0,0.0
434.0,216.403237,2691.24525,-89.1088205,-89.1088205,-25.1080435,-25.1080435,-22.6725184,-22.6725184,3754.41249,32.3579409,32.3579409,12.72039467,12.72039467,14.45611685,14.45611685,0.779872324,3319.44777,0.0,195.476019,-0.1733383,0.0,2691.24525,3312.02081,3754.41249,0.0,0.0
434.5,203.248961,2800.15244,-83.5704316,-83.5704316,-24.5002952,-24.5002952,-22.2803958,-22.2803958,3749.62751,61.1609295,61.1609295,24.0145637,24.0145637,25.9227208,25.9227208,0.779887815,3363.08032,0.0,195.226884,-0.103561753,0.0,2800.15244,3354.54396,3749.62751,0.0,0.0
435.0,190.094686,2908.15155,-78.113973,-78.113973,-23.7838887,-23.7838887,-21.7705805,-21.7705805,3747.24496,89.9643361,89.9643361,35.302661,35.302661,37.6295052,37.6295052,0.779803363,3406.71288,0.0,195.102835,-0.03442211985,0.0,2908.15155,3398.092,3747.24496,0.0,0.0
435.5,176.940405,3013.12658,-72.6532304,-72.6532304,-22.9196316,-22.9196316,-21.0984435,-21.0984435,3747.03255,118.7662224,110.9479159,46.602574,43.5346839,49.5016521,46.2432167,0.779572105,3450.34546,0.0,195.091774,0.00872145149,0.0,3013.12658,3441.64876,3747.03255,0.0,0.0
436.0,163.78613,3117.931,-67.1712965,-67.1712965,-21.9270289,-21.9270289,-20.2907571,-20.2907571,3746.92188,147.568114,110.2111359,57.9021351,43.2442985,61.5113776,45.939628,0.779259762,3493.97799,0.0,195.086012,-0.01848519584,0.0,3117.931,3485.19411,3746.92188,0.0,0.0
436.5,150.631856,3224.30589,-61.68876,-61.68876,-20.8240429,-20.8240429,-19.3631743,-19.3631743,3745.7356,169.781745,107.9701651,66.5972175,42.3516037,70.7705025,45.0054699,0.778946222,3537.61054,0.0,195.024251,-0.0502171925,0.0,3224.30589,3528.76487,3745.7356,0.0,0.0
437.0,137.477575,3322.64388,-56.647621,-56.647621,-19.7079931,-19.7079931,-18.3951945,-18.3951945,3743.45392,171.27849,105.660302,67.1434946,41.4203211,71.3746686,44.0304789,0.7786327,3576.08598,0.0,194.90545,-0.0810510814,0.0,3322.64388,3568.35177,3743.45392,0.0,0.0
437.5,125.760419,3342.85283,-52.1947055,-52.1947055,-18.2710269,-18.2710269,-17.0876694,-17.0876694,3740.10827,171.27849,102.5512974,67.0834869,40.1656548,71.342918,42.7159133,0.77831926,3581.837,0.0,194.731257,-0.1114308562,0.0,3342.85283,3574.80731,3740.10827,0.0,0.0
438.0,123.90897,3364.04071,-51.4661503,-51.4661503,-18.130593,-18.130593,-16.9662195,-16.9662195,3736.1368,171.27849,102.3371868,67.0122533,40.039138,71.2713247,42.5838902,0.778005894,3581.837,0.0,194.524479,-0.1142713386,0.0,3364.04071,3581.30488,3736.1368,0.0,0.0
438.5,123.90897,3371.25868,-51.5269374,-51.5269374,-18.1909358,-18.1909358,-17.0242496,-17.0242496,3732.22583,171.27849,102.568341,66.9421047,40.0875774,71.1965199,42.6352882,0.777692585,3581.837,0.0,194.320853,-0.112157035,0.0,3371.25868,3582.02475,3732.22583,0.0,0.0
439.0,123.90897,3376.67935,-51.5287258,-51.5287258,-18.220817,-18.220817,-17.0536039,-17.0536039,3728.37883,171.27849,102.72743,66.873107,40.1083708,71.1236048,42.6576869,0.77737933,3581.837,0.0,194.120559,-0.1104006593,0.0,3376.67935,3582.03411,3728.37883,0.0,0.0
439.5,123.90897,3381.98163,-51.5292287,-51.5292287,-18.2496063,-18.2496063,-17.0819164,-17.0819164,3724.59195,171.27849,102.8826506,66.8051824,40.1281756,71.0518479,42.6790393,0.777066165,3581.837,0.0,193.923386,-0.1086796158,0.0,3381.98163,3582.02927,3724.59195,0.0,0.0
440.0,123.90897,3387.20062,-51.5296998,-51.5296998,-18.2779362,-18.2779362,-17.1097813,-17.1097813,3720.86405,171.27849,103.0354904,66.7383189,40.1475654,70.9812095,42.6999473,0.776753037,3581.837,0.0,193.729293,-0.1069865323,0.0,3387.20062,3582.02423,3720.86405,0.0,0.0
440.5,124.6514901,3394.06633,-51.7900388,-51.7900388,-18.4076204,-18.4076204,-17.23168,-17.23168,3717.20787,171.27849,103.4143421,66.6727385,40.2555622,70.9097344,42.8137623,0.776439975,3581.837,0.0,193.538932,-0.1032704643,0.0,3394.06633,3582.74629,3717.20787,0.0,0.0
441.0,128.2521294,3403.2012,-53.330706,-53.330706,-19.0062011,-19.0062011,-17.7850476,-17.7850476,3713.84382,171.27849,104.8451701,66.6124025,40.7755911,70.8336033,43.3595147,0.776126998,3581.837,0.0,193.363784,-0.0906875497,0.0,3403.2012,3584.58316,3713.84382,0.0,0.0
441.5,132.134157,3407.64208,-54.9559525,-54.9559525,-19.610948,-19.610948,-18.3411314,-18.3411314,3710.85673,139.2518952,97.9712132,54.1169575,38.0728688,57.6112284,40.5528392,0.775818453,3581.837,0.0,193.208257,-0.1045861174,0.0,3407.64208,3584.68687,3710.85673,0.0,0.0
442.0,136.016188,3423.38736,-56.4254791,-56.4254791,-20.2287248,-20.2287248,-18.9133427,-18.9133427,3699.19752,-62.49547507,-62.49547507,-24.18647836,-24.18647836,-22.33425221,-22.33425221,0.775802539,3581.837,0.0,192.601211,-0.613829386,0.0,3423.38736,3584.43087,3699.19752,0.0,0.0
442.5,139.898216,3457.30548,-58.0169079,-58.0169079,-21.0053923,-21.0053923,-19.6387003,-19.6387003,3675.37165,-92.51589,-92.51589,-35.6078878,-35.6078878,-33.4209858,-33.4209858,0.776084766,3581.837,0.0,191.360703,-0.696639927,0.0,3457.30548,3584.63271,3675.37165,0.0,0.0
443.0,142.191614,3487.36865,-59.0339015,-59.0339015,-21.5589672,-21.5589672,-20.1586357,-20.1586357,3651.52032,-92.51589,-92.51589,-35.3768105,-35.3768105,-33.1978354,-33.1978354,0.776377289,3581.837,0.0,190.118866,-0.684473401,0.0,3487.36865,3583.21565,3651.52032,0.0,0.0
443.5,142.2092,3517.33805,-58.9897252,-58.9897252,-21.7279648,-21.7279648,-20.3268701,-20.3268701,3627.98453,-92.51589,-92.51589,-35.1487888,-35.1487888,-32.9776434,-32.9776434,0.776670128,3581.837,0.0,188.893459,-0.677138874,0.0,3517.33805,3581.94373,3627.98453,0.0,0.0
444.0,142.2092,3549.83764,-58.9881704,-58.9881704,-21.9281525,-21.9281525,-20.5247136,-20.5247136,3604.70059,-92.51589,-92.51589,-34.9232086,-34.9232086,-32.7598867,-32.7598867,0.776962845,3581.837,0.0,187.681163,-0.669874787,0.0,3549.83764,3581.87169,3604.70059,0.0,0.0
444.5,142.2092,3582.01584,-58.9919903,-58.9919903,-22.1283598,-22.1283598,-20.7212629,-20.7212629,3581.72378,-90.097041,-90.097041,-33.7950152,-33.7950152,-31.6800017,-31.6800017,0.777254659,3581.837,0.0,186.484862,-0.654599251,0.0,3582.01584,3581.84533,3581.72378,0.0,0.0
445.0,142.2092,3612.67841,-59.0048892,-59.0048892,-22.3226622,-22.3226622,-20.9117655,-20.9117655,3559.84385,-78.4564176,-78.4564176,-29.2497322,-29.2497322,-27.3092404,-27.3092404,0.777534795,3581.837,0.0,185.345669,-0.609278689,0.0,3612.67841,3581.8287,3559.84385,0.0,0.0
445.5,142.2092,3641.03314,-59.0179561,-59.0179561,-22.502848,-22.502848,-21.0885314,-21.0885314,3539.59088,-65.9213427,-65.9213427,-24.4368463,-24.4368463,-22.6980319,-22.6980319,0.777795064,3581.837,0.0,184.291187,-0.562484533,0.0,3641.03314,3581.80176,3539.59088,0.0,0.0
446.0,142.2092,3667.13512,-59.0308146,-59.0308146,-22.6691049,-22.6691049,-21.251725,-21.251725,3520.94621,-53.3862693,-53.3862693,-19.686124,-19.686124,-18.0812801,-18.0812801,0.778034815,3581.837,0.0,183.320441,-0.516225569,0.0,3667.13512,3581.77646,3520.94621,0.0,0.0
446.5,142.2092,3172.55763,-84.2337686,-84.2337686,-25.6926195,-25.6926195,-23.3602437,-23.3602437,3504.18213,-40.8511951,-40.8511951,-14.99225775,-14.99225775,-13.56178185,-13.56178185,0.778257416,3297.87851,0.0,182.447601,-0.426779947,0.0,3172.55763,3366.19073,3504.18213,0.0,0.0
447.0,142.2092,-2170.048822,-156.3140485,-105.748044,40.19047461,20.98402471,44.87917721,24.17384181,3491.68997,-28.3197015,-28.3197015,-10.3563495,-10.3563495,-8.90448179,-8.90448179,0.778312928,1010.862441,0.0,181.797194,-0.345002492,0.0,-2170.048822,1135.798694,3491.68997,0.0,0.0
447.5,142.2092,-4339.59038,-172.508133,-62.9351413,78.225467,28.5556489,82.9150996,30.2658109,3478.94829,-15.7856499,-15.7856499,-5.75234983,-5.75234983,-4.63180646,-4.63180646,0.778020856,236.46051,0.0,181.13379,-0.375093214,0.0,-4339.59038,225.596654,3478.94829,0.0,0.0
448.0,142.2092,-4276.75959,-158.704177,-56.1142905,70.9719289,25.1390347,75.1090866,26.6028615,3466.48768,-3.25057654,-3.49645203,-1.1812758872,-1.2704049202,-0.8667013153,-0.9800657143,0.777707543,236.46051,0.0,180.485019,-0.343464756,0.0,-4276.75959,244.465329,3466.48768,0.0,0.0
448.5,142.2092,-3941.68506,-234.879499,-57.0788708,96.7476299,23.5541246,102.7874701,25.0217771,3455.04587,5.18027867,1.26616763,1.87417072,0.458129881,2.38389821,0.582728351,0.777394292,236.46051,0.0,179.889292,-0.322954779,0.0,-3941.68506,377.211535,3455.04587,0.0,0.0
449.0,142.2092,-3829.10703,-299.352075,-58.8375878,120.0336395,23.5926761,127.752616,25.1098388,3443.99142,5.4077315,1.06304882,1.95031963,0.383393049,2.48095108,0.487704345,0.777081108,236.46051,0.0,179.313733,-0.317260706,0.0,-3829.10703,417.601444,3443.99142,0.0,0.0
449.5,142.2092,-3807.1737,-300.0,-59.1370371,119.6058906,23.5771165,127.3468395,25.1030394,3433.09061,5.4077315,1.06599355,1.94414656,0.383237698,2.47329213,0.487544933,0.776767987,236.46051,0.0,178.746172,-0.313495079,0.0,-3807.1737,420.363169,3433.09061,0.0,0.0
450.0,142.2092,-3801.72611,-300.0,-59.2020306,119.4347482,23.5692652,127.1765875,25.0970399,3422.31031,5.4077315,1.06717228,1.93804174,0.382456886,2.46571672,0.486589288,0.776454937,236.46051,0.0,178.184896,-0.310188956,0.0,-3801.72611,416.335424,3422.31031,0.0,0.0
450.5,138.903532,-3834.62742,-300.0,-58.7277103,120.4683739,23.5815694,128.2015334,25.0954148,3411.58986,5.4077315,1.05871976,1.93197081,0.378241419,2.4581823,0.481263084,0.776141938,236.46051,0.0,177.626723,-0.311729773,0.0,-3834.62742,396.385356,3411.58986,0.0,0.0
451.0,132.167753,-3870.45211,-300.0,-53.5791127,121.5938369,21.7287857,129.1424414,23.0779378,3400.76346,31.94646852,5.50142117,11.3709338,1.958208735,14.46935272,2.491791595,0.775828987,236.46051,0.0,177.063043,-0.310982891,0.0,-3870.45211,375.156987,3400.76346,0.0,0.0
451.5,125.4319734,-3499.10437,-300.0,-47.6869328,109.9276055,17.4887916,117.11671,18.6318755,3390.3041,99.1969006,15.65410425,35.2121283,5.55686395,43.9066869,6.93090938,0.775516145,236.46051,0.0,176.518469,-0.293173699,0.0,-3499.10437,523.570356,3390.3041,0.0,0.0
452.0,118.6961941,-2997.61558,-300.0,-44.8341124,94.172869,14.0841443,101.050394,15.112149,3380.51327,166.882886,24.8450263,59.0721023,8.79458474,70.1345018,10.4436948,0.775203337,236.46051,0.0,176.008703,-0.273390762,0.0,-2997.61558,726.526774,3380.51327,0.0,0.0
452.5,111.9604142,-2077.436326,-152.0080772,-20.84808366,41.5684472,6.43848391,45.20141805,7.10826989,3371.5065,234.568868,47.4594934,82.812763,16.7524245,91.7149096,18.4393015,0.774890585,1139.066527,0.0,175.539759,-0.247163907,0.0,-2077.436326,1104.161182,3371.5065,0.0,0.0
453.0,107.14175,885.988702,-34.412621,-35.36804967,-3.61356411,-3.640215874,-2.94167124,-3.017860305,3364.64217,302.254846,75.436993,106.4952985,26.5793591,114.3679229,28.544298,0.774577919,2374.6523,0.0,175.182362,-0.135033731,0.0,885.988702,2333.25613,3364.64217,0.0,0.0
453.5,106.94745,997.882879,-44.2855288,-44.2855288,-4.62736124,-4.62736124,-3.86954195,-3.86954195,3360.71839,359.348536,77.860357,126.4659145,27.4016841,135.711261,29.404878,0.774265298,2376.24977,0.0,174.978068,-0.110742117,0.0,997.882879,2377.52511,3360.71839,0.0,0.0
454.0,106.94745,1242.7821,-40.559825,-40.559825,-5.27970797,-5.27970797,-4.56569571,-4.56569571,3356.84588,365.8242,79.8127025,128.597471,28.0562409,137.906857,30.0870032,0.773952754,2480.85331,0.0,174.77644,-0.109788468,0.0,1242.7821,2477.16829,3356.84588,0.0,0.0
454.5,106.94745,1652.75102,-40.7926145,-40.7926145,-7.06036231,-7.06036231,-6.30291389,-6.30291389,3353.34964,365.8242,84.6340638,128.463535,29.7201342,137.530222,31.8174836,0.773640264,2644.90141,0.0,174.59441,-0.0927723864,0.0,1652.75102,2645.71796,3353.34964,0.0,0.0
455.0,106.94745,2050.90425,-40.8093069,-40.8093069,-8.7646403,-8.7646403,-7.97471571,-7.97471571,3350.41846,365.8242,89.2747371,128.351241,31.3223818,137.203136,33.4824081,0.773327842,2808.94951,0.0,174.441794,-0.0768807576,0.0,2050.90425,2809.681,3350.41846,0.0,0.0
455.5,106.94745,2447.97126,-40.8138311,-40.8138311,-10.46267915,-10.46267915,-9.64211695,-9.64211695,3348.02853,365.8242,93.8317096,128.259687,32.8977581,137.013273,35.142921,0.7730155,2972.99761,0.0,174.317362,-0.061438241,0.0,2447.97126,2973.50813,3348.02853,0.0,0.0
456.0,106.94745,2844.29126,-40.8180626,-40.8180626,-12.1578163,-12.1578163,-11.30680965,-11.30680965,3346.16802,365.8242,98.3638897,128.188413,34.4676176,136.865648,36.8007011,0.772703176,3137.04569,0.0,174.2205,-0.0462301675,0.0,2844.29126,3137.33338,3346.16802,0.0,0.0
456.5,106.94745,3239.87981,-40.822235,-40.822235,-13.85015815,-13.85015815,-12.96870225,-12.96870225,3344.83,365.8242,102.882488,128.137158,36.0365836,136.739161,38.4556911,0.77239095,3301.0938,0.0,174.150826,-0.0312172488,0.0,3239.87981,3301.15945,3344.83,0.0,0.0
457.0,106.94745,3576.17683,-42.9431699,-42.9431699,-16.0909772,-16.0909772,-15.1325083,-15.1325083,3344.08526,365.8242,108.747231,128.108627,38.0823672,136.614484,40.610627,0.772078764,3435.78582,0.0,174.112052,-0.008341243273,0.0,3576.17683,3440.66024,3344.08526,0.0,0.0
457.5,106.94745,3598.79327,-44.5978276,-44.5978276,-16.8073746,-16.8073746,-15.8075192,-15.8075192,3344.05633,365.8242,110.585174,128.107518,38.7256854,136.58351,41.2878964,0.771766663,3449.0247,0.0,174.110548,0.000498423137,0.0,3598.79327,3450.05426,3344.05633,0.0,0.0
458.0,106.94745,3596.03532,-44.503705,-44.503705,-16.7590244,-16.7590244,-15.76170065,-15.76170065,3344.05768,365.8242,110.440357,128.107568,38.674987,136.585909,41.2345534,0.771454604,3449.0247,0.0,174.110616,-0.000134672538,0.0,3596.03532,3448.90743,3344.05768,0.0,0.0
458.5,106.94745,3595.98778,-44.5016052,-44.5016052,-16.7580116,-16.7580116,-15.7607439,-15.7607439,3344.05165,365.8242,110.4191965,128.107338,38.6675072,136.586015,41.2266851,0.771142622,3449.0247,0.0,174.110303,-0.000205068868,0.0,3595.98778,3448.88414,3344.05165,0.0,0.0
459.0,106.94745,3595.99807,-44.5015513,-44.5015513,-16.7580397,-16.7580397,-15.7607718,-15.7607718,3344.04357,365.8242,110.40083,128.107031,38.6609819,136.585994,41.2198199,0.770830709,3449.0247,0.0,174.109882,-0.000262260583,0.0,3595.99807,3448.8838,3344.04357,0.0,0.0
459.5,106.94745,3596.01214,-44.5015342,-44.5015342,-16.7580989,-16.7580989,-15.76083,-15.76083,3344.03354,365.8242,110.3826139,128.106644,38.6544875,136.585896,41.2129893,0.770518849,3449.0247,0.0,174.109362,-0.000318317829,0.0,3596.01214,3448.8838,3344.03354,0.0,0.0
460.0,106.94745,3596.02886,-44.5015194,-44.5015194,-16.7581715,-16.7581715,-15.7609012,-15.7609012,3344.0216,365.8242,110.3645055,128.106186,38.6480084,136.585716,41.2061752,0.77020708,3449.0247,0.0,174.108738,-0.000373475798,0.0,3596.02886,3448.88377,3344.0216,0.0,0.0
460.5,106.94745,3596.04823,-44.5015047,-44.5015047,-16.7582556,-16.7582556,-15.76098455,-15.76098455,3344.00774,345.711121,110.3465049,121.0623956,38.6415434,129.075978,41.1993758,0.769895345,3449.0247,0.0,174.108019,-0.000427752467,0.0,3596.04823,3448.8835,3344.00774,0.0,0.0
461.0,106.94745,3596.07027,-44.5014888,-44.5014888,-16.758353,-16.758353,-15.76107975,-15.76107975,3343.99198,273.728313,110.328601,95.8547461,38.6350934,102.199968,41.1925934,0.769583657,3449.0247,0.0,174.107198,-0.00048116162,0.0,3596.07027,3448.8835,3343.99198,0.0,0.0
461.5,108.9794336,3600.29998,-44.9916422,-44.9916422,-16.9639041,-16.9639041,-15.95354545,-15.95354545,3343.98777,199.183706,110.8128286,69.7504327,38.8046145,74.3640778,41.3709035,0.769272058,3449.0247,0.0,174.106974,0.004297223166,0.0,3600.29998,3450.64107,3343.98777,0.0,0.0
462.0,150.18007,3671.57004,-62.0142192,-62.0142192,-23.8526843,-23.8526843,-22.3262433,-22.3262433,3345.68163,124.639097,113.9165419,43.6661591,39.9107627,46.5510581,42.5493859,0.768977098,3449.0247,0.0,174.195171,0.0914746038,0.0,3671.57004,3481.28623,3345.68163,0.0,0.0
462.5,206.271367,3552.49103,-88.6793128,-88.6793128,-32.9152271,-32.9152271,-30.3712342,-30.3712342,3347.6043,50.091148,50.091148,17.56004133,17.56004133,19.2708311,19.2708311,0.768907172,3389.37076,0.0,174.295276,-0.0037984237,0.0,3552.49103,3432.85921,3347.6043,0.0,0.0
463.0,242.748093,3168.35686,-104.9137975,-104.9137975,-34.803682,-34.803682,-31.5646534,-31.5646534,3345.60318,0.799048816,0.799048816,0.2801120526,0.2801120526,0.4033733383,0.4033733383,0.769055379,3250.55361,0.0,174.191083,-0.091974702,0.0,3168.35686,3271.84965,3345.60318,0.0,0.0
463.5,243.45358,2789.97332,-104.4582227,-104.4582227,-30.5196962,-30.5196962,-27.3704497,-27.3704497,3342.34075,-0.34262723,-0.34262723,-0.119922653,-0.119922653,-0.0942044686,-0.0942044686,0.769235821,3111.4074,0.0,174.02122,-0.0947031746,0.0,2789.97332,3112.4966,3342.34075,0.0,0.0
464.0,243.45358,2458.7513,-104.3915666,-104.3915666,-26.8787345,-26.8787345,-23.7974411,-23.7974411,3339.07993,-0.34262723,-0.34262723,-0.119805654,-0.119805654,-0.094110352,-0.094110352,0.769396197,2972.26121,0.0,173.851448,-0.0938790165,0.0,2458.7513,2972.76867,3339.07993,0.0,0.0
464.5,243.45358,2129.28706,-104.390532,-104.390532,-23.2768351,-23.2768351,-20.2688261,-20.2688261,3335.85043,-0.34262723,-0.34262723,-0.1196897825,-0.1196897825,-0.0940171484,-0.0940171484,0.769537267,2833.115,0.0,173.683302,-0.0929505536,0.0,2129.28706,2833.79044,3335.85043,0.0,0.0
465.0,243.45358,1799.81195,-104.3907665,-104.3907665,-19.6751392,-19.6751392,-16.7541168,-16.7541168,3332.65295,-0.34262723,-0.34262723,-0.1195750538,-0.1195750538,-0.0939248675,-0.0939248675,0.769658419,2693.96877,0.0,173.516822,-0.0920299904,0.0,1799.81195,2694.82646,3332.65295,0.0,0.0
465.5,243.45358,1470.29318,-104.3910186,-104.3910186,-16.0729536,-16.0729536,-13.26114015,-13.26114015,3329.48709,-0.34262723,-0.34262723,-0.1194614643,-0.1194614643,-0.0938335083,-0.0938335083,0.769758966,2554.82254,0.0,173.351985,-0.091119366,0.0,1470.29318,2555.86279,3329.48709,0.0,0.0
466.0,243.45358,1140.730624,-104.3912699,-104.3912699,-12.4702705,-12.4702705,-9.8058891,-9.8058891,3326.35253,-0.34262723,-0.34262723,-0.1193489965,-0.1193489965,-0.0937430556,-0.0937430556,0.769838226,2415.67627,0.0,173.188787,-0.0902186049,0.0,1140.730624,2416.89919,3326.35253,0.0,0.0
466.5,243.45358,811.124673,-104.391516,-104.391516,-8.86709602,-8.86709602,-6.42278994,-6.42278994,3323.24893,-0.34262723,-0.34262723,-0.119237642,-0.119237642,-0.0936535013,-0.0936535013,0.769895544,2276.53011,0.0,173.027197,-0.0893275774,0.0,811.124673,2277.93554,3323.24893,0.0,0.0
467.0,242.757214,552.571282,-102.1044901,-102.1044901,-5.91281475,-5.91281475,-3.78197691,-3.78197691,3320.13346,-0.34262723,-0.34262723,-0.119125858,-0.119125858,-0.0935636068,-0.0935636068,0.769931438,2172.05142,0.0,172.864986,-0.0932202581,0.0,552.571282,2168.53045,3320.13346,0.0,0.0
467.5,218.35705,506.969548,-91.1625786,-91.1625786,-4.84346604,-4.84346604,-3.06680974,-3.06680974,3316.26983,-0.34262723,-0.34262723,-0.1189872316,-0.1189872316,-0.0934521292,-0.0934521292,0.769956775,2166.037,0.0,172.663824,-0.1395690316,0.0,506.969548,2147.29924,3316.26983,0.0,0.0
468.0,182.332558,504.320813,-75.8220597,-75.8220597,-4.00315014,-4.00315014,-2.63143364,-2.63143364,3310.28061,-0.34262723,-0.34262723,-0.118772339,-0.118772339,-0.0932793354,-0.0932793354,0.769978101,2166.037,0.0,172.351991,-0.206520391,0.0,504.320813,2142.7,3310.28061,0.0,0.0
468.5,146.308066,515.657952,-60.8043546,-60.8043546,-3.28170229,-3.28170229,-2.25905461,-2.25905461,3302.00202,-0.34262723,-0.34262723,-0.1184753055,-0.1184753055,-0.0930405193,-0.0930405193,0.769996718,2166.037,0.0,171.920965,-0.272260413,0.0,515.657952,2142.58369,3302.00202,0.0,0.0
469.0,110.2835687,557.781535,-44.0588579,-44.0588579,-2.54139559,-2.54139559,-1.85446221,-1.85446221,3291.44692,-0.34262723,-0.34262723,-0.1180965886,-0.1180965886,-0.0927357885,-0.0927357885,0.770012482,2182.63414,0.0,171.371399,-0.34036149,0.0,557.781535,2153.94855,3291.44692,0.0,0.0
469.5,74.259074,1058.568665,-24.9000583,-24.9000583,-2.68057163,-2.68057163,-2.25871047,-2.25871047,3278.39918,-0.060408417,-0.060408417,-0.0209320401,-0.0209320401,0.0250718441,0.0250718441,0.770027903,2382.49508,0.0,170.692063,-0.411061636,0.0,1058.568665,2354.7113,3278.39918,0.0,0.0
470.0,39.1323174,1689.43441,-10.39543887,-10.39543887,-1.76369028,-1.76369028,-1.464811059,-1.464811059,3264.31604,29.7914238,29.7914238,10.17825146,10.17825146,11.60521999,11.60521999,0.770006955,2632.44545,0.0,169.958814,-0.376699528,0.0,1689.43441,2608.99612,3264.31604,0.0,0.0
470.5,28.313473,2351.42738,-5.74660182,-5.74660182,-1.42088381,-1.42088381,-1.11203192,-1.11203192,3253.34941,79.4449528,69.4785308,27.062216,23.6694239,29.1602279,25.509305,0.769811885,2882.39585,0.0,169.387835,-0.265898373,0.0,2351.42738,2878.05302,3253.34941,0.0,0.0
471.0,33.5300823,2987.21827,-7.89199349,-7.89199349,-2.51030088,-2.51030088,-2.13776168,-2.13776168,3244.67443,129.0940736,75.4362411,43.8602541,25.6312864,47.1536172,27.5574738,0.76950327,3132.34625,0.0,168.936159,-0.234379222,0.0,2987.21827,3137.545,3244.67443,0.0,0.0
471.5,62.7553654,3634.68605,-20.3775458,-20.3775458,-7.82932975,-7.82932975,-7.29456859,-7.29456859,3238.22159,178.743196,90.0847689,60.61093,30.5475776,64.8703188,32.6951216,0.769191679,3382.29662,0.0,168.600194,-0.1294182105,0.0,3634.68605,3403.19344,3238.22159,0.0,0.0
472.0,94.939793,4038.1155,-38.6656919,-38.6656919,-16.3575953,-16.3575953,-15.454659,-15.454659,3236.17272,228.39232,112.9085844,77.400418,38.2638132,82.6093575,40.8388338,0.768880154,3539.35177,0.0,168.493515,0.01430670156,0.0,4038.1155,3569.867,3236.17272,0.0,0.0
472.5,121.5117119,4022.07225,-50.3817231,-50.3817231,-21.2197001,-21.2197001,-20.0283798,-20.0283798,3238.57867,265.571613,125.5671774,90.0671191,42.5853611,96.088157,45.4322188,0.76856869,3549.31983,0.0,168.618782,0.1059589014,0.0,4022.07225,3564.59616,3238.57867,0.0,0.0
473.0,124.206924,4120.43928,-50.2435549,-50.2435549,-21.6794746,-21.6794746,-20.483979,-20.483979,3242.40755,267.67477,126.6716504,90.8873946,43.0106761,96.9585434,45.8837258,0.76825729,3607.81912,0.0,168.818135,0.1113674634,0.0,4120.43928,3607.76303,3242.40755,0.0,0.0
473.5,124.206924,4276.16486,-50.2036703,-50.2036703,-22.4811493,-22.4811493,-21.2729204,-21.2729204,3246.34749,267.67477,128.680139,90.997834,43.7457498,97.0713158,46.6654756,0.76794595,3675.42848,0.0,169.02327,0.116692805,0.0,4276.16486,3674.86212,3246.34749,0.0,0.0
474.0,124.206924,4432.62979,-50.2045766,-50.2045766,-23.3041583,-23.3041583,-22.0817789,-22.0817789,3250.47683,267.67477,130.732578,91.1135831,44.5000239,97.1894184,47.4674696,0.767634674,3743.03791,0.0,169.238266,0.1221770425,0.0,4432.62979,3742.37939,3250.47683,0.0,0.0
474.5,124.206924,4588.84766,-50.2060615,-50.2060615,-24.126174,-24.126174,-22.8896632,-22.8896632,3254.79413,267.67477,132.770203,91.2346009,45.2536381,97.3128148,48.2685134,0.767323455,3810.64727,0.0,169.463051,0.127560092,0.0,4588.84766,3809.90359,3254.79413,0.0,0.0
475.0,124.206924,4744.8081,-50.2075266,-50.2075266,-24.9468742,-24.9468742,-23.6957571,-23.6957571,3259.29557,267.67477,134.790561,91.3607807,46.0058006,97.44138,49.0677559,0.767012296,3878.25666,0.0,169.697421,0.132833839,0.0,4744.8081,3877.4283,3259.29557,0.0,0.0
475.5,124.206924,4900.515509999999,-50.2089647,-50.2089647,-25.766278,-25.766278,-24.5007938,-24.5007938,3263.97765,267.67477,136.795633,91.492021,46.7572319,97.5750132,49.8659558,0.766701222,3945.86609,0.0,169.941193,0.138005456,0.0,4900.515509999999,3944.95316,3263.97765,0.0,0.0
476.0,124.206924,5055.975560000001,-50.2103717,-50.2103717,-26.5844116,-26.5844116,-25.3038957,-25.3038957,3268.83651,267.67477,138.78287,91.6282194,47.5070928,97.7135988,50.6622157,0.766390186,4013.47547,0.0,170.194175,0.143067533,0.0,5055.975560000001,4012.47823,3268.83651,0.0,0.0
476.5,124.206924,5211.193020000001,-50.2117483,-50.2117483,-27.4012986,-27.4012986,-26.1061278,-26.1061278,3273.86865,267.67477,140.751587,91.769276,48.2551816,97.859501,51.4576164,0.76607924,4081.08482,0.0,170.456176,0.148018725,0.0,5211.193020000001,4080.00361,3273.86865,0.0,0.0
477.0,141.326163,5401.7962,-56.7443018,-56.7443018,-32.1333104,-32.1333104,-30.615098,-30.615098,3279.69535,267.67477,152.606215,91.9326019,52.4142603,98.0945548,55.9287875,0.765768331,4148.69414,0.0,170.75955,0.216009614,0.0,5401.7962,4162.7172,3279.69535,0.0,0.0
477.5,182.486377,5522.84127,-75.8233906,-75.8233906,-43.850614,-43.850614,-41.622881,-41.622881,3290.15322,251.211899,181.633502,86.5497178,62.5837499,92.5513541,66.9271478,0.765457486,4189.75318,0.0,171.304044,0.388107762,0.0,5522.84127,4219.19127,3290.15322,0.0,0.0
478.0,223.810673,5497.102150000001,-93.2910899,-93.2910899,-53.6994744,-53.6994744,-50.7124707,-50.7124707,3306.17727,218.161308,203.020133,75.5269855,70.292138,80.9418171,75.3338735,0.765148162,4190.1836,0.0,172.138354,0.531292541,0.0,5497.102150000001,4217.83738,3306.17727,0.0,0.0
478.5,265.134965,5469.90641,-110.4777536,-110.4777536,-63.2785188,-63.2785188,-59.472987,-59.472987,3325.22846,185.11072,185.11072,64.453329,64.453329,68.9212089,68.9212089,0.764948601,4190.1836,0.0,173.130262,0.545970149,0.0,5469.90641,4217.64467,3325.22846,0.0,0.0
479.0,306.459261,5444.27556,-127.662215,-127.662215,-72.77951,-72.77951,-68.2911594,-68.2911594,3343.5124,152.063632,152.063632,53.2372596,53.2372596,56.7622765,56.7622765,0.764950693,4190.1836,0.0,174.082226,0.511836542,0.0,5444.27556,4217.65546,3343.5124,0.0,0.0
479.5,347.783557,5420.31523,-144.848182,-144.848182,-82.2144316,-82.2144316,-77.122757,-77.122757,3360.62153,119.0130409,119.0130409,41.8787626,41.8787626,44.6282287,44.6282287,0.765088901,4190.1836,0.0,174.973022,0.478005762,0.0,5420.31523,4217.6753,3360.62153,0.0,0.0
480.0,389.107852,5397.9921,-162.034195,-162.034195,-91.5909149,-91.5909149,-85.8962525,-85.8962525,3376.56649,85.9624515,85.9624515,30.3913523,30.3913523,32.5252183,32.5252183,0.765333882,4190.1836,0.0,175.803211,0.444489113,0.0,5397.9921,4217.69665,3376.56649,0.0,0.0
480.5,430.432143,5377.28584,-179.220335,-179.220335,-100.9174579,-100.9174579,-94.6201351,-94.6201351,3391.35828,52.9125333,52.9125333,18.787414,18.787414,20.4651772,20.4651772,0.765669742,4190.1836,0.0,176.573354,0.411290594,0.0,5377.28584,4217.7174,3391.35828,0.0,0.0
481.0,471.756437,5358.17527,-196.406517,-196.406517,-110.2023134,-110.2023134,-103.3026396,-103.3026396,3405.00773,19.862018,19.862018,7.07849571,7.07849571,8.42877919,8.42877919,0.766085741,4190.1836,0.0,177.284017,0.378407003,0.0,5358.17527,4217.73515,3405.00773,0.0,0.0
481.5,490.5923,5296.076910000001,-204.832547,-204.832547,-113.6018385,-113.6018385,-106.4126386,-106.4126386,3417.04145,-13.0884067,-13.0884067,-4.68640654,-4.68640654,-3.818006975,-3.818006975,0.766570148,4190.1836,0.0,177.910569,0.304878393,0.0,5296.076910000001,4198.92196,3417.04145,0.0,0.0
482.0,490.5923,5260.01907,-204.231606,-204.231606,-112.4964751,-112.4964751,-105.3327579,-105.3327579,3426.42248,-27.059692,-27.059692,-9.7093997,-9.7093997,-8.2678334,-8.2678334,0.767084469,4190.1836,0.0,178.398999,0.25584021,0.0,5260.01907,4189.39563,3426.42248,0.0,0.0
482.5,490.5923,5247.13897,-204.209834,-204.209834,-112.209038,-112.209038,-105.0478385,-105.0478385,3435.22123,-27.059692,-27.059692,-9.7343326,-9.7343326,-8.2895859,-8.2895859,0.767601729,4190.1836,0.0,178.857108,0.253196943,0.0,5247.13897,4189.17365,3435.22123,0.0,0.0
483.0,490.5923,5234.936729999999,-204.208738,-204.208738,-111.9474894,-111.9474894,-104.7880656,-104.7880656,3443.92988,-27.059692,-27.059692,-9.7590099,-9.7590099,-8.3111185,-8.3111185,0.768118208,4190.1836,0.0,179.31053,0.250609746,0.0,5234.936729999999,4189.18094,3443.92988,0.0,0.0
483.5,490.5923,5222.86897,-204.208012,-204.208012,-111.6890349,-111.6890349,-104.5314235,-104.5314235,3452.54945,-27.059692,-27.059692,-9.7834352,-9.7834352,-8.33243325,-8.33243325,0.768633926,4190.1836,0.0,179.759308,0.24804322,0.0,5222.86897,4189.19259,3452.54945,0.0,0.0
484.0,490.5923,5210.92544,-204.207307,-204.207307,-111.4332374,-111.4332374,-104.2774885,-104.2774885,3461.08059,-27.059692,-27.059692,-9.80760995,-9.80760995,-8.35353205,-8.35353205,0.769148865,4190.1836,0.0,180.20349,0.2454967,0.0,5210.92544,4189.20395,3461.08059,0.0,0.0
484.5,490.5923,5199.104600000001,-204.206603,-204.206603,-111.1800709,-111.1800709,-104.0262284,-104.0262284,3469.52413,-27.059692,-27.059692,-9.8315361,-9.8315361,-8.37441635,-8.37441635,0.769663053,4190.1836,0.0,180.643111,0.24297017,0.0,5199.104600000001,4189.21529,3469.52413,0.0,0.0
485.0,490.5923,5187.40549,-204.205908,-204.205908,-110.9295161,-110.9295161,-103.7776239,-103.7776239,3477.88063,-27.059692,-27.059692,-9.8552159,-9.8552159,-8.395088,-8.395088,0.770176486,4190.1836,0.0,181.078196,0.240463609,0.0,5187.40549,4189.22654,3477.88063,0.0,0.0
485.5,490.5923,5175.82732,-204.205215,-204.205215,-110.6815484,-110.6815484,-103.53165,-103.53165,3486.15081,-27.059692,-27.059692,-9.8786509,-9.8786509,-8.41550815,-8.41550815,0.77068919,4190.1836,0.0,181.508791,0.237977008,0.0,5175.82732,4189.23767,3486.15081,0.0,0.0
486.0,490.5923,5164.36897,-204.204528,-204.204528,-110.4361479,-110.4361479,-103.2882526,-103.2882526,3494.33532,-27.059692,-27.059692,-9.9018435,-9.9018435,-8.4356293,-8.4356293,0.771201151,4190.1836,0.0,181.934928,0.235510326,0.0,5164.36897,4189.24861,3494.33532,0.0,0.0
486.5,490.5923,5153.02949,-204.203851,-204.203851,-110.1932948,-110.1932948,-103.0465655,-103.0465655,3502.43497,-27.059692,-27.059692,-9.9247949,-9.9247949,-8.4555401,-8.4555401,0.771712403,4190.1836,0.0,182.356635,0.233063549,0.0,5153.02949,4189.25953,3502.43497,0.0,0.0
487.0,490.5923,5063.19353,-208.968061,-208.968061,-110.7115721,-110.7115721,-103.410496,-103.410496,3510.97295,-8.52136178,-8.52136178,-3.127753539,-3.127753539,-1.982409651,-1.982409651,0.772218687,4143.68913,0.0,182.801175,0.298701486,0.0,5063.19353,4156.86333,3510.97295,0.0,0.0
487.5,490.5923,3804.70664,-219.112718,-219.112718,-87.326673,-87.326673,-79.9640769,-79.9640769,3525.37552,64.1823432,54.5931973,23.7065354,20.1603695,25.73643455,21.91709195,0.77263141,3632.12633,0.0,183.551047,0.516189636,0.0,3804.70664,3641.60724,3525.37552,0.0,0.0
488.0,357.769992,1952.098746,-168.288613,-168.288613,-37.2154983,-37.2154983,-32.16018105,-32.16018105,3543.45529,139.0730555,98.3350719,51.6154361,36.4953634,55.1206545,38.9381937,0.772757294,3000.95337,0.0,184.49239,0.4091840992,0.0,1952.098746,2881.2801,3543.45529,0.0,0.0
488.5,134.402448,425.0160833,-65.211607,-63.6981484,-2.9456319457,-2.9453234524,-2.0395412893,-2.039433375,3547.00543,164.33463,69.0129131,61.0407069,25.6347787,65.616229,27.5540331,0.772477652,2369.78035,0.0,184.677228,-0.1299128654,0.0,425.0160833,2247.92262,3547.00543,0.0,0.0
489.0,131.49928,-167.82435283,-159.5187296,-61.6072154,3.3389894635,1.0898789975,5.6310070184,1.8505548027,3541.71281,164.33463,58.9245203,60.9496256,21.8551444,65.984487,23.651268,0.772165449,1830.70062,0.0,184.401663,-0.1654216756,0.0,-167.82435283,1998.14701,3541.71281,0.0,0.0
489.5,131.49928,-664.773903,-186.454605,-56.7777321,12.9598036,3.94284163,17.1782424,5.22770289,3535.20686,164.33463,50.065402,60.8376647,18.5346104,66.4815093,20.2539297,0.771853329,1765.0006,0.0,184.062929,-0.20225431,0.0,-664.773903,1787.56387,3535.20686,0.0,0.0
490.0,131.49928,-718.42713,-179.592047,-54.5622812,13.5118314,4.10494971,17.4966112,5.31556716,3528.13216,164.33463,49.9213592,60.7159144,18.4441706,66.3614901,20.1591656,0.771541274,1765.0006,0.0,183.694579,-0.204419202,0.0,-718.42713,1761.1075,3528.13216,0.0,0.0
490.5,131.49928,-698.065576,-178.381488,-54.6174264,13.0399881,3.99258876,16.9774048,5.19815813,3521.12611,164.33463,50.3135141,60.5953478,18.5521588,66.2051424,20.2696779,0.771229268,1765.0006,0.0,183.329807,-0.200923073,0.0,-698.065576,1765.48931,3521.12611,0.0,0.0
491.0,131.49928,-687.050922,-177.663202,-54.6644269,12.78254225,3.93298508,16.6918017,5.13580699,3514.23245,164.33463,50.5611907,60.4767133,18.606988,66.0610685,20.3251354,0.770917327,1765.0006,0.0,182.970882,-0.197946976,0.0,-687.050922,1766.04738,3514.23245,0.0,0.0
491.5,131.49928,-677.699813,-176.841133,-54.6639368,12.5502275,3.87942086,16.4286947,5.07830498,3507.43781,164.33463,50.7957119,60.3597854,18.6571512,65.9198084,20.3757482,0.770605444,1765.0006,0.0,182.617118,-0.195130218,0.0,-677.699813,1765.97119,3507.43781,0.0,0.0
492.0,131.49928,-668.292317,-176.024004,-54.6637945,12.3188248,3.82555859,16.1657411,5.02020671,3500.74022,164.33463,51.0313642,60.2445242,18.7079143,65.7803185,20.42696,0.770293636,1765.0006,0.0,182.268398,-0.192342443,0.0,-668.292317,1765.97498,3500.74022,0.0,0.0
492.5,131.49928,-658.989804,-175.223127,-54.6645966,12.0920802,3.77236268,15.9071982,4.96256825,3494.13833,164.33463,51.2653593,60.130911,18.7582538,65.6427715,20.4777149,0.769981894,1765.0006,0.0,181.924665,-0.189591144,0.0,-658.989804,1765.99104,3494.13833,0.0,0.0
493.0,131.49928,-649.82429,-174.436099,-54.6653762,11.87034,3.71994815,15.65341205,4.90549822,3487.63078,164.33463,51.497396,60.0189232,18.808064,65.5071637,20.5279059,0.769670203,1765.0006,0.0,181.585847,-0.186878408,0.0,-649.82429,1766.00521,3487.63078,0.0,0.0
493.5,131.49928,-640.572755,-173.70049,-54.6619441,11.65199095,3.66675718,15.42617395,4.85446089,3481.21577,164.33463,51.7127416,59.9085277,18.851976,65.3747021,20.5720674,0.769358583,1765.0006,0.0,181.251848,-0.184258413,0.0,-640.572755,1766.10916,3481.21577,0.0,0.0
494.0,131.49928,-631.378435,-173.067713,-54.6662504,11.44290335,3.61441163,15.23254185,4.81143315,3474.88959,164.33463,51.9059947,59.7996589,18.8880411,65.2457669,20.6082223,0.769047019,1765.0006,0.0,180.922469,-0.181726631,0.0,-631.378435,1766.24116,3474.88959,0.0,0.0
494.5,131.49928,-622.606888,-172.444084,-54.6678747,11.24326995,3.56430379,15.0455254,4.76968951,3468.65009,164.33463,52.0952565,59.6922828,18.9228724,65.1187427,20.6430974,0.76873554,1765.0006,0.0,180.597604,-0.179241846,0.0,-622.606888,1766.24786,3468.65009,0.0,0.0
495.0,131.49928,-580.236758,-176.55582,-53.389888,10.69827525,3.24892086,14.6397926,4.44010552,3462.49417,175.985339,53.0559598,63.8085648,19.2374857,69.5375955,20.9658151,0.76842409,1765.0006,0.0,180.277092,-0.176517649,0.0,-580.236758,1780.28397,3462.49417,0.0,0.0
495.5,131.49928,-478.543265,-210.483721,-55.4470931,10.56415255,2.78103633,15.48162075,4.07632241,3456.55562,205.171621,54.1081407,74.2659768,19.5856231,80.8534844,21.3227361,0.768112728,1765.0006,0.0,179.967898,-0.167756861,0.0,-478.543265,1819.13195,3456.55562,0.0,0.0
496.0,128.1588955,-629.132246,-206.775281,-54.6111215,13.59455165,3.59292691,18.1741033,4.80210794,3450.63537,197.673514,52.2330914,71.4298199,18.8744531,77.9224094,20.590092,0.767801413,1765.0006,0.0,179.659657,-0.177405983,0.0,-629.132246,1753.01396,3450.63537,0.0,0.0
496.5,121.6583642,-686.339459,-180.35618,-50.621893,12.96414505,3.63853006,16.8087658,4.71744399,3444.27887,187.153854,52.5420281,67.504003,18.9510104,73.6201172,20.6679006,0.767490165,1765.0006,0.0,179.328704,-0.189030609,0.0,-686.339459,1725.4981,3444.27887,0.0,0.0
497.0,115.1578359,-667.336847,-157.101608,-47.7423562,10.9829641,3.3369134,14.2369403,4.32558897,3437.62052,176.634192,53.6861781,63.5865894,19.3262483,69.2680921,21.0529036,0.767178967,1765.0006,0.0,178.982026,-0.195935441,0.0,-667.336847,1729.51743,3437.62052,0.0,0.0
497.5,108.657304,-647.611091,-136.805583,-45.0824806,9.280791,3.05779998,12.03971775,3.96684823,3430.73168,166.114537,54.7512957,59.6798384,19.6701839,64.9431398,21.4047962,0.76686786,1765.0006,0.0,178.623357,-0.202649188,0.0,-647.611091,1733.70311,3430.73168,0.0,0.0
498.0,102.156775,-432.8203055,-96.5028086,-36.5602318,4.77067709,1.744375029,6.58272089,2.422405226,3423.58985,155.594876,59.0772998,55.7841462,21.1795665,60.4410133,22.9423938,0.766556797,1895.06448,0.0,178.251514,-0.208946803,0.0,-432.8203055,1818.90913,3423.58985,0.0,0.0
498.5,95.656245,461.61541732,-31.6996821,-29.5359846,-1.30382661404,-1.30396870455,-1.02151852113,-1.02192404318,3416.59647,145.076396,68.4850305,51.9068073,24.5024179,55.8645248,26.3693104,0.766245799,2276.47767,0.0,177.887398,-0.196530354,0.0,461.61541732,2187.00704,3416.59647,0.0,0.0
499.0,89.1557162,1599.38063,-28.0266407,-28.0266407,-4.6807098,-4.6807098,-4.1706602,-4.1706602,3410.10777,134.558518,77.0235475,48.0521627,27.50518,51.5593879,29.5117279,0.765934871,2664.14122,0.0,177.549558,-0.176899492,0.0,1599.38063,2656.65081,3410.10777,0.0,0.0
499.5,86.13881,2554.38633,-27.0214316,-27.0214316,-7.22996375,-7.22996375,-6.67172096,-6.67172096,3404.27943,124.0388592,83.8777005,44.2197695,29.9016597,47.3328957,32.0055914,0.76562399,3051.80481,0.0,177.246107,-0.158276581,0.0,2554.38633,3050.63266,3404.27943,0.0,0.0
500.0,86.13881,3495.70771,-27.1278927,-27.1278927,-9.9308502,-9.9308502,-9.305152,-9.305152,3399.2442,115.9576662,91.0845849,41.2773228,32.4229193,44.0905913,34.632391,0.765313189,3439.46862,0.0,176.983942,-0.133295361,0.0,3495.70771,3439.3834,3399.2442,0.0,0.0
500.5,86.13881,4432.0709,-27.1381932,-27.1381932,-12.5955776,-12.5955776,-11.8981111,-11.8981111,3395.05034,111.261502,97.888754,39.5572333,34.8020826,42.2179337,37.1425145,0.765002492,3827.1322,0.0,176.765584,-0.1100301686,0.0,4432.0709,3826.5623,3395.05034,0.0,0.0
501.0,86.13881,4918.7317,-35.9372949,-35.9372949,-18.5105323,-18.5105323,-17.6015604,-17.6015604,3390.8024,77.498421,77.498421,27.5203204,27.5203204,29.5243291,29.5243291,0.764781456,4013.519,0.0,176.544411,-0.1594238326,0.0,4918.7317,4026.58511,3390.8024,0.0,0.0
501.5,86.13881,4897.26621,-35.8124021,-35.8124021,-18.3660368,-18.3660368,-17.4614416,-17.4614416,3383.12635,38.0224004,38.0224004,13.4739457,13.4739457,15.0938284,15.0938284,0.764740971,4013.519,0.0,176.144752,-0.285117309,0.0,4897.26621,4013.17113,3383.12635,0.0,0.0
502.0,86.13881,4912.77259,-35.730101,-35.730101,-18.3818564,-18.3818564,-17.4775746,-17.4775746,3371.11449,-1.45063757,-1.45063757,-0.507280036,-0.507280036,0.284958588,0.284958588,0.76480681,4013.519,0.0,175.519348,-0.409471689,0.0,4912.77259,4012.60984,3371.11449,0.0,0.0
502.5,86.13881,4935.55101,-35.6949553,-35.6949553,-18.4489189,-18.4489189,-17.5433031,-17.5433031,3354.82712,-40.91704,-40.91704,-14.3685608,-14.3685608,-12.92155305,-12.92155305,0.764956643,4013.519,0.0,174.671335,-0.532661821,0.0,4935.55101,4012.57803,3354.82712,0.0,0.0
503.0,86.13881,4964.3565,-35.6600339,-35.6600339,-18.5384361,-18.5384361,-17.6309605,-17.6309605,3334.24919,-80.3834454,-80.3834454,-28.0590644,-28.0590644,-26.1671232,-26.1671232,0.765175026,4013.519,0.0,173.599929,-0.658280556,0.0,4964.3565,4012.54887,3334.24919,0.0,0.0
503.5,86.13881,4999.13319,-35.629333,-35.629333,-18.652236,-18.652236,-17.7423152,-17.7423152,3309.4307,-114.137193,-114.137193,-39.5517309,-39.5517309,-37.0921619,-37.0921619,0.765452765,4013.519,0.0,172.30774,-0.764933365,0.0,4999.13319,4012.52839,3309.4307,0.0,0.0
504.0,86.13881,5036.65493,-35.628266,-35.628266,-18.7916765,-18.7916765,-17.8784888,-17.8784888,3282.70689,-118.29114,-118.29114,-40.6642663,-40.6642663,-38.1361765,-38.1361765,0.765756755,4013.519,0.0,170.916346,-0.771337615,0.0,5036.65493,4012.53761,3282.70689,0.0,0.0
504.5,86.13881,5074.3595,-35.6182812,-35.6182812,-18.9270316,-18.9270316,-18.0108038,-18.0108038,3255.72748,-133.248766,-133.248766,-45.4189632,-45.4189632,-42.5736205,-42.5736205,0.766065913,4013.519,0.0,169.511649,-0.814105195,0.0,5074.3595,4012.4737,3255.72748,0.0,0.0
505.0,86.13881,5117.414940000001,-35.5726501,-35.5726501,-19.0631666,-19.0631666,-18.1442608,-18.1442608,3224.89555,-183.008255,-183.008255,-61.7889042,-61.7889042,-57.7004648,-57.7004648,0.766419621,4013.519,0.0,167.906362,-0.973176696,0.0,5117.414940000001,4012.38686,3224.89555,0.0,0.0
505.5,86.13881,5164.39557,-36.1632874,-36.1632874,-19.5574299,-19.5574299,-18.6213135,-18.6213135,3188.44416,-234.141678,-234.141678,-78.1609534,-78.1609534,-72.4522076,-72.4522076,0.766832067,4009.48958,0.0,166.008492,-1.13426697,0.0,5164.39557,4010.65217,3188.44416,0.0,0.0
506.0,86.13881,4809.45426,-41.9090572,-41.9090572,-21.1110607,-21.1110607,-20.0733861,-20.0733861,3146.64658,-285.275116,-285.275116,-93.9831082,-93.9831082,-86.297432,-86.297432,0.767301013,3832.03224,0.0,163.832275,-1.28467832,0.0,4809.45426,3838.55305,3146.64658,0.0,0.0
506.5,86.13881,4212.61298,-41.4767732,-41.4767732,-18.2977368,-18.2977368,-17.322267,-17.322267,3099.45429,-336.408539,-336.408539,-109.1674265,-109.1674265,-99.1614721,-99.1614721,0.767811578,3563.13297,0.0,161.375181,-1.44498717,0.0,4212.61298,3562.6478,3099.45429,0.0,0.0
507.0,86.13881,3640.53563,-41.414501,-41.414501,-15.78891965,-15.78891965,-14.8619175,-14.8619175,3046.75619,-387.541962,-387.541962,-123.622931,-123.622931,-110.9629777,-110.9629777,0.768353854,3294.23366,0.0,158.631417,-1.60336939,0.0,3640.53563,3293.83221,3046.75619,0.0,0.0
507.5,86.13881,3075.63119,-41.388689,-41.388689,-13.3304194,-13.3304194,-12.4484361,-12.4484361,2989.35598,-417.364378,-417.364378,-130.653159,-130.653159,-116.328694,-116.328694,0.768918867,3025.33435,0.0,155.64283,-1.68895069,0.0,3075.63119,3025.25573,2989.35598,0.0,0.0
508.0,86.13881,2511.77403,-41.394234,-41.394234,-10.88800145,-10.88800145,-10.0490986,-10.0490986,2931.20267,-417.55316,-417.55316,-128.1699595,-128.1699595,-113.8973335,-113.8973335,0.769477566,2756.43505,0.0,152.615042,-1.6747224,0.0,2511.77403,2756.6753,2931.20267,0.0,0.0
508.5,86.13881,1947.12382,-41.3983522,-41.3983522,-8.4412015,-8.4412015,-7.64595826,-7.64595826,2873.55567,-417.55316,-417.55316,-125.6492849,-125.6492849,-111.4296774,-111.4296774,0.770020861,2487.53578,0.0,149.613616,-1.66027524,0.0,1947.12382,2488.06057,2873.55567,0.0,0.0
509.0,91.863436,1394.50063,-43.5193594,-43.5193594,-6.32421158,-6.32421158,-5.53147391,-5.53147391,2816.49369,-417.55316,-417.55316,-123.1541882,-123.1541882,-108.9795104,-108.9795104,0.770548782,2218.63644,0.0,146.642644,-1.63548274,0.0,1394.50063,2224.79189,2816.49369,0.0,0.0
509.5,110.4681075,845.235807,-51.5134097,-51.5134097,-4.52024909,-4.52024909,-3.62944699,-3.62944699,2760.81147,-417.55316,-417.55316,-120.7194251,-120.7194251,-106.5978506,-106.5978506,0.771062712,1949.73718,0.0,143.743511,-1.58503273,0.0,845.235807,1963.72631,2760.81147,0.0,0.0
510.0,129.5497906,276.1697104,-59.4963141,-59.4963141,-1.681409949,-1.681409949,-1.0338629635,-1.0338629635,2706.8869,-417.55316,-417.55316,-118.361515,-118.361515,-104.2949598,-104.2949598,0.771561199,1680.83789,0.0,140.935892,-1.53470076,0.0,276.1697104,1695.44755,2706.8869,0.0,0.0
510.5,148.631474,-165.8153156,-63.4298969,-63.4298969,1.097157716,1.097157716,2.24665516,2.24665516,2654.61386,-417.55316,-417.55316,-116.0758198,-116.0758198,-102.0462745,-102.0462745,0.772041744,1474.87636,0.0,138.214262,-1.49232909,0.0,-165.8153156,1481.01244,2654.61386,0.0,0.0
511.0,167.713155,-109.1741301,-69.2672984,-69.2672984,0.78612288,0.78612288,1.81959044,1.81959044,2603.7554,-417.55316,-417.55316,-113.8519783,-113.8519783,-99.864126,-99.864126,0.772509487,1461.5148,0.0,135.566277,-1.44706802,0.0,-109.1741301,1474.88539,2603.7554,0.0,0.0
511.5,186.794839,-37.0210207,-77.335529,-77.335529,0.2951468506,0.2951468506,0.773114268,0.773114268,2554.57359,-417.55316,-417.55316,-111.7014515,-111.7014515,-97.7623524,-97.7623524,0.772972842,1461.5148,0.0,133.005592,-1.3983571,0.0,-37.0210207,1476.19194,2554.57359,0.0,0.0
512.0,204.826111,27.211131663,-85.0031781,-85.0031781,-0.245396126038,-0.245396126038,-0.091442679773,-0.091442679773,2507.05403,-417.55316,-417.55316,-109.6236099,-109.6236099,-95.733392,-95.733392,0.773432777,1461.5148,0.0,130.531457,-1.35221259,0.0,27.211131663,1475.17311,2507.05403,0.0,0.0
512.5,209.05374,66.9335178,-86.7599058,-86.7599058,-0.607947372,-0.607947372,-0.239341252,-0.239341252,2460.70796,-417.55316,-417.55316,-107.5970794,-107.5970794,-93.7444833,-93.7444833,0.773887165,1461.5148,0.0,128.1184204,-1.33396198,0.0,66.9335178,1464.64075,2460.70796,0.0,0.0
513.0,209.05374,127.0831664,-86.6239799,-86.6239799,-1.1527977,-1.1527977,-0.496782137,-0.496782137,2414.75221,-417.55316,-417.55316,-105.5876116,-105.5876116,-91.7793296,-91.7793296,0.774335231,1461.5148,0.0,125.7257004,-1.32453994,0.0,127.0831664,1462.83623,2414.75221,0.0,0.0
513.5,209.05374,190.873701,-86.6233195,-86.6233195,-1.73144962,-1.73144962,-0.814248057,-0.814248057,2369.1241,-417.55316,-417.55316,-103.5924771,-103.5924771,-89.8362625,-89.8362625,0.774777379,1461.5148,0.0,123.350042,-1.31512206,0.0,190.873701,1462.73805,2369.1241,0.0,0.0
514.0,209.05374,254.300992,-86.6258101,-86.6258101,-2.30687594,-2.30687594,-1.17569043,-1.17569043,2323.81752,-417.55316,-417.55316,-101.6113985,-101.6113985,-87.9116315,-87.9116315,0.775213864,1461.5148,0.0,120.9911272,-1.3059426,0.0,254.300992,1462.67645,2323.81752,0.0,0.0
514.5,209.05374,317.291422,-86.6282939,-86.6282939,-2.87837199,-2.87837199,-1.5774663,-1.5774663,2278.82417,-417.55316,-417.55316,-99.6440141,-99.6440141,-85.9869795,-85.9869795,0.775644753,1461.5148,0.0,118.6485151,-1.29700193,0.0,317.291422,1462.61589,2278.82417,0.0,0.0
515.0,209.05374,268.681867,-88.9158536,-88.9158536,-2.49981163,-2.49981163,-1.303568625,-1.303568625,2234.20055,-417.55316,-417.55316,-97.6928004,-97.6928004,-84.0829531,-84.0829531,0.776069423,1411.46898,0.0,116.3251596,-1.2841699,0.0,268.681867,1416.33372,2234.20055,0.0,0.0
515.5,209.05374,69.72520991,-89.0021196,-89.0021196,-0.6499363808,-0.6499363808,-0.2350708794,-0.2350708794,2189.96076,-417.55316,-417.55316,-95.7583645,-95.7583645,-82.2039879,-82.2039879,0.776484139,1306.34547,0.0,114.0217803,-1.27556692,0.0,69.72520991,1307.71507,2189.96076,0.0,0.0
516.0,209.05374,-121.4560574,-88.9890626,-88.9890626,1.131840502,1.131840502,2.58873335,2.58873335,2146.00437,-417.55316,-417.55316,-93.836328,-93.836328,-80.345412,-80.345412,0.776885479,1201.22197,0.0,111.7331634,-1.26736619,0.0,-121.4560574,1202.49735,2146.00437,0.0,0.0
516.5,209.05374,-312.637369,-88.9921455,-88.9921455,2.91355442,2.91355442,5.37027273,5.37027273,2102.35168,-415.58597,-415.58597,-91.4979644,-91.4979644,-78.1664538,-78.1664538,0.777267861,1096.09847,0.0,109.4603564,-1.25273863,0.0,-312.637369,1097.45689,2102.35168,0.0,0.0
517.0,209.05374,-506.471259,-89.0232825,-89.0232825,4.72164841,4.72164841,7.39541536,7.39541536,2060.67846,-384.524111,-384.524111,-82.9917693,-82.9917693,-71.3599955,-71.3599955,0.777624514,990.974979,0.0,107.2906116,-1.14057921,0.0,-506.471259,992.468502,2060.67846,0.0,0.0
517.5,215.974894,-690.708502,-91.2698016,-91.2698016,6.61063873,6.61063873,9.30160025,9.30160025,2023.7989,-343.798336,-343.798336,-72.873796,-72.873796,-63.2876708,-63.2876708,0.777941439,885.85148,0.0,105.3704546,-0.98443693,0.0,-690.708502,894.272317,2023.7989,0.0,0.0
518.0,270.436948,-820.588414,-114.3781155,-114.3781155,9.8735193,9.8735193,13.7856085,13.7856085,1993.88459,-303.072567,-303.072567,-63.29021,-63.29021,-55.538084,-55.538084,0.778211011,780.72798,0.0,103.8129469,-0.734148493,0.0,-820.588414,822.761592,1993.88459,0.0,0.0
518.5,333.824816,-1035.284393,-141.122624,-141.122624,15.3521606,15.3521606,20.2490748,20.2490748,1973.11403,-262.346792,-262.346792,-54.2128419,-54.2128419,-48.0776094,-48.0776094,0.778418119,675.604483,0.0,102.731513,-0.468064527,0.0,-1035.284393,721.297237,1973.11403,0.0,0.0
519.0,397.212685,-1147.23257,-187.343414,-164.393976,22.382602,19.7223341,28.926463,25.4651227,1961.41505,-221.621021,-221.621021,-45.5232954,-45.5232954,-40.7879313,-40.7879313,0.778552269,570.480986,0.0,102.122397,-0.211826213,0.0,-1147.23257,667.883813,1961.41505,0.0,0.0
519.5,449.80888,-1656.08451,-198.871521,-191.333421,34.0440496,33.2200535,41.0311553,39.9452832,1958.67584,-180.902294,-180.902294,-37.1048339,-37.1048339,-33.5564582,-33.5564582,0.778579477,465.357496,0.0,101.9797796,0.02921645798,0.0,-1656.08451,454.547387,1958.67584,0.0,0.0
520.0,455.292,-1760.19359,-189.238305,-189.238305,34.881705,34.881705,41.5470531,41.5470531,1962.07256,-140.17215,-140.17215,-28.7988741,-28.7988741,-26.2291075,-26.2291075,0.778478767,416.93213,0.0,102.1566309,0.1631549216,0.0,-1760.19359,413.210139,1962.07256,0.0,0.0
520.5,455.292,-1757.43649,-189.536402,-189.500228,34.8819791,34.8753041,41.5573578,41.5494082,1969.97738,-99.820893,-99.820893,-20.5892219,-20.5892219,-18.7939665,-18.7939665,0.778290123,416.93213,0.0,102.5681995,0.292821875,0.0,-1757.43649,418.972947,1969.97738,0.0,0.0
521.0,439.941621,-1803.75866,-183.724236,-183.612505,34.6955149,34.674779,41.1713137,41.1466408,1980.9408,-84.86492,-84.86492,-17.6046884,-17.6046884,-16.0502712,-16.0502712,0.77799986,416.93213,0.0,103.139017,0.311242555,0.0,-1803.75866,406.09941,1980.9408,0.0,0.0
521.5,410.907612,-1834.41497,-171.064324,-171.064324,32.8599708,32.8599708,38.8901087,38.8901087,1990.70385,-84.86492,-84.86492,-17.691453,-17.691453,-16.134139,-16.134139,0.777728109,416.93213,0.0,103.647339,0.253908987,0.0,-1834.41497,399.043685,1990.70385,0.0,0.0
522.0,381.8736,-1845.65626,-158.955584,-158.955584,30.7214037,30.7214037,36.3240141,36.3240141,1998.50832,-84.86492,-84.86492,-17.7608114,-17.7608114,-16.2012148,-16.2012148,0.777506133,416.93213,0.0,104.0536836,0.197669506,0.0,-1845.65626,398.923063,1998.50832,0.0,0.0
522.5,352.839593,-1853.87464,-146.858565,-146.858565,28.5100078,28.5100078,33.6855666,33.6855666,2004.37475,-84.86492,-84.86492,-17.8129466,-17.8129466,-16.2516536,-16.2516536,0.77732425,416.93213,0.0,104.3591206,0.1417805834,0.0,-1853.87464,398.928705,2004.37475,0.0,0.0
523.0,323.805578,-1859.39033,-134.761851,-134.761851,26.2397041,26.2397041,30.9884454,30.9884454,2008.31474,-84.86492,-84.86492,-17.8479612,-17.8479612,-16.2855388,-16.2855388,0.777176745,416.93213,0.0,104.5642601,0.0862232668,0.0,-1859.39033,398.934101,2008.31474,0.0,0.0
523.5,294.771566,-1862.22494,-122.6652351,-122.6652351,23.9210037,23.9210037,28.2432199,28.2432199,2010.33971,-84.86492,-84.86492,-17.8659574,-17.8659574,-16.3029573,-16.3029573,0.777059894,416.93213,0.0,104.6696916,0.03099717315,0.0,-1862.22494,398.936969,2010.33971,0.0,0.0
524.0,265.737551,-1862.39459,-110.5687091,-110.5687091,21.5642814,21.5642814,25.354648,25.354648,2010.46115,-84.86492,-84.86492,-17.8670363,-17.8670363,-16.3040019,-16.3040019,0.776970991,416.93213,0.0,104.6760146,-0.023898681026,0.0,-1862.39459,398.937287,2010.46115,0.0,0.0
524.5,237.307468,-1848.39451,-97.699383,-97.699383,18.9206862,18.9206862,22.0009267,22.0009267,2007.96833,-107.3948206,-107.3948206,-22.5796798,-22.5796798,-20.6312136,-20.6312136,0.776919811,423.806748,0.0,104.5462254,-0.1518938377,0.0,-1848.39451,403.30729,2007.96833,0.0,0.0
525.0,228.10957,-1463.57003,-89.9326559,-89.9326559,13.7768128,13.7768128,16.431769,16.431769,1998.7054,-168.331333,-168.331333,-35.2254915,-35.2254915,-31.9736954,-31.9736954,0.776966924,564.578314,0.0,104.0639441,-0.37664083,0.0,-1463.57003,558.02701,1998.7054,0.0,0.0
525.5,228.10957,-960.313895,-90.4494309,-90.4494309,9.09586775,9.09586775,11.76714235,11.76714235,1982.26629,-224.109408,-224.109408,-46.5149869,-46.5149869,-41.6887385,-41.6887385,0.777112482,756.471835,0.0,103.208031,-0.560786326,0.0,-960.313895,757.836959,1982.26629,0.0,0.0
526.0,228.10957,-470.758286,-90.459076,-90.459076,4.45940591,4.45940591,7.10094777,7.10094777,1962.00608,-233.96472,-233.96472,-48.0705792,-48.0705792,-42.9431277,-42.9431277,0.777312628,948.365345,0.0,102.1531716,-0.590542093,0.0,-470.758286,949.714886,1962.00608,0.0,0.0
526.5,228.10957,18.31509516,-90.4610807,-90.4610807,-0.1735043142,-0.1735043142,0.820525073,0.820525073,1941.64959,-233.96472,-233.96472,-47.57183,-47.57183,-42.457579,-42.457579,0.777538475,1140.25887,0.0,101.0932935,-0.587109461,0.0,18.31509516,1141.33592,1941.64959,0.0,0.0
527.0,228.10957,381.279173,-93.784908,-93.784908,-3.75118206,-3.75118206,-2.1345886,-2.1345886,1921.48411,-233.96472,-233.96472,-47.0777609,-47.0777609,-41.9721988,-41.9721988,0.777786302,1273.20275,0.0,100.0433648,-0.577730259,0.0,381.279173,1280.59348,1921.48411,0.0,0.0
527.5,228.10957,405.738106,-94.8173264,-94.8173264,-4.02864055,-4.02864055,-2.32804855,-2.32804855,1901.63076,-233.96472,-233.96472,-46.5913398,-46.5913398,-41.4927157,-41.4927157,0.778037486,1277.6547,0.0,99.0096875,-0.572583413,0.0,405.738106,1279.1788,1901.63076,0.0,0.0
528.0,228.10957,701.875676,-89.2831369,-89.2831369,-6.54971556,-6.54971556,-4.70490716,-4.70490716,1881.73144,-233.96472,-233.96472,-46.1037922,-46.1037922,-41.0130835,-41.0130835,0.778290035,1399.04563,0.0,97.9736144,-0.579355073,0.0,701.875676,1390.78473,1881.73144,0.0,0.0
528.5,228.10957,1344.83166,-89.1801926,-89.1801926,-12.5598849,-12.5598849,-10.40035106,-10.40035106,1861.74182,-233.96472,-233.96472,-45.6140321,-45.6140321,-40.5322415,-40.5322415,0.778560694,1646.76118,0.0,96.9328436,-0.576314679,0.0,1344.83166,1646.6517,1861.74182,0.0,0.0
529.0,228.10957,1968.10516,-89.2152633,-89.2152633,-18.3872368,-18.3872368,-16.0725928,-16.0725928,1841.87438,-233.96472,-233.96472,-45.1272645,-45.1272645,-40.0552986,-40.0552986,0.778854265,1894.47664,0.0,95.8984302,-0.573075993,0.0,1968.10516,1894.39995,1841.87438,0.0,0.0
529.5,228.10957,2590.30144,-89.2167976,-89.2167976,-24.2005729,-24.2005729,-21.77767,-21.77767,1822.11638,-233.96472,-233.96472,-44.6431793,-44.6431793,-39.5819339,-39.5819339,0.779170077,2142.19219,0.0,94.8697189,-0.56994936,0.0,2590.30144,2141.76387,1822.11638,0.0,0.0
530.0,228.10957,3212.33011,-89.2176654,-89.2176654,-30.0123291,-30.0123291,-27.4999131,-27.4999131,1802.46559,-233.96472,-233.96472,-44.1617208,-44.1617208,-39.1120768,-39.1120768,0.779507585,2389.90774,0.0,93.8465855,-0.566874298,0.0,3212.33011,2389.12059,1802.46559,0.0,0.0
530.5,228.10957,3834.21079,-89.2185062,-89.2185062,-35.8228059,-35.8228059,-33.2286025,-33.2286025,1782.92023,-233.96472,-233.96472,-43.6828453,-43.6828453,-38.6456705,-38.6456705,0.77986622,2637.62323,0.0,92.8289439,-0.563848861,0.0,3834.21079,2636.47736,1782.92023,0.0,0.0
531.0,228.10957,4156.75959,-94.9297945,-94.9297945,-41.3224727,-41.3224727,-38.4224599,-38.4224599,1763.65294,-233.96472,-233.96472,-43.2107817,-43.2107817,-38.1868058,-38.1868058,0.780246212,2751.9707,0.0,91.8257779,-0.550558298,0.0,4156.75959,2759.44226,1763.65294,0.0,0.0
531.5,228.10957,4148.46261,-95.1800336,-95.1800336,-41.34859,-41.34859,-38.437604,-38.437604,1744.67784,-234.103199,-234.103199,-42.771064,-42.771064,-37.7559227,-37.7559227,0.780632802,2745.16285,0.0,90.8378273,-0.547697261,0.0,4148.46261,2744.91039,1744.67784,0.0,0.0
532.0,228.10957,4120.22592,-95.2722576,-95.2722576,-41.1070373,-41.1070373,-38.1947069,-38.1947069,1725.6342,-237.626074,-237.626074,-42.9401083,-42.9401083,-37.8179673,-37.8179673,0.781018147,2723.2981,0.0,89.8463081,-0.556542659,0.0,4120.22592,2722.04146,1725.6342,0.0,0.0
532.5,222.667823,4080.68086,-93.52602,-93.52602,-39.9730487,-39.9730487,-37.146575,-37.146575,1706.10472,-242.574359,-242.574359,-43.3381781,-43.3381781,-38.0601717,-38.0601717,0.781402763,2700.89499,0.0,88.8294945,-0.580075176,0.0,4080.68086,2694.1834,1706.10472,0.0,0.0
533.0,180.018043,3996.23041,-75.3127821,-75.3127821,-31.5232458,-31.5232458,-29.4851987,-29.4851987,1684.53625,-246.771196,-246.771196,-43.531066,-43.531066,-38.121033,-38.121033,0.781771716,2679.80471,0.0,87.7065145,-0.675779103,0.0,3996.23041,2646.44924,1684.53625,0.0,0.0
533.5,130.407329,4013.33717,-54.0262013,-54.0262013,-22.6988352,-22.6988352,-21.39535,-21.39535,1659.47138,-247.25989,-247.25989,-42.9686857,-42.9686857,-37.5554548,-37.5554548,0.782106179,2675.0269,0.0,86.401496,-0.772552417,0.0,4013.33717,2638.93234,1659.47138,0.0,0.0
534.0,80.7966194,4053.76579,-33.3786139,-33.3786139,-14.1620373,-14.1620373,-13.3710745,-13.3710745,1631.14423,-247.25989,-247.25989,-42.2352104,-42.2352104,-36.8396301,-36.8396301,0.782404443,2675.0269,0.0,84.9266225,-0.866115209,0.0,4053.76579,2639.21495,1631.14423,0.0,0.0
534.5,31.1859083,4097.96334,-12.71000541,-12.71000541,-5.44605092,-5.44605092,-4.9641512,-4.9641512,1599.58813,-247.25989,-247.25989,-41.4181283,-41.4181283,-36.0452694,-36.0452694,0.782662909,2675.0269,0.0,83.2836342,-0.959339221,0.0,4097.96334,2639.18053,1599.58813,0.0,0.0
535.0,3.9658558,4192.95216,-0.653991568,-0.653991568,-0.2880065786,-0.2880065786,-0.2235063176,-0.2235063176,1565.27022,-247.25989,-247.25989,-40.5295342,-40.5295342,-35.1850297,-35.1850297,0.782883072,2675.0269,0.0,81.496849,-1.00952959,0.0,4192.95216,2658.66813,1565.27022,0.0,0.0
535.5,3.9658558,4276.21863,-1.33742008,-1.33742008,-0.598968832,-0.598968832,-0.468661833,-0.468661833,1530.59278,-240.035194,-240.035194,-38.4827348,-38.4827348,-33.3907982,-33.3907982,0.783091127,2675.0269,0.0,79.691344,-0.979344089,0.0,4276.21863,2673.06804,1530.59278,0.0,0.0
536.0,3.9658558,4320.00533,-1.4399445,-1.4399445,-0.65144192,-0.65144192,-0.5099883,-0.5099883,1500.22413,-173.292374,-173.292374,-27.242668,-27.242668,-24.0451771,-24.0451771,0.783272346,2675.0269,0.0,78.1101795,-0.75039159,0.0,4320.00533,2673.55588,1500.22413,0.0,0.0
536.5,3.9658558,4349.78357,-1.51721112,-1.51721112,-0.691117316,-0.691117316,-0.541243562,-0.541243562,1478.98705,-93.4269803,-93.4269803,-14.4813054,-14.4813054,-12.90126517,-12.90126517,0.783395187,2675.0269,0.0,77.0044594,-0.478492512,0.0,4349.78357,2673.54668,1478.98705,0.0,0.0
537.0,3.9658558,4366.38787,-1.59235843,-1.59235843,-0.72810772,-0.72810772,-0.570326768,-0.570326768,1467.12577,-13.55487027,-13.55487027,-2.087496969,-2.087496969,-1.410842522,-1.410842522,0.783448707,2675.0269,0.0,76.3868926,-0.2084773515,0.0,4366.38787,2673.53014,1467.12577,0.0,0.0
537.5,3.9658558,4370.11613,-1.66488608,-1.66488608,-0.761912733,-0.761912733,-0.596832872,-0.596832872,1464.45513,66.2921018,66.2921018,10.16763681,10.16763681,11.5281954,11.5281954,0.783412201,2675.0269,0.0,76.2478418,0.0524862289,0.0,4370.11613,2673.52216,1464.45513,0.0,0.0
538.0,3.9658558,4361.45785,-1.73149882,-1.73149882,-0.790822871,-0.790822871,-0.619413991,-0.619413991,1470.61044,146.1574955,138.6858255,22.5155572,21.3619784,25.3467999,24.0459445,0.783236006,2675.0269,0.0,76.5683262,0.286063391,0.0,4361.45785,2673.51345,1470.61044,0.0,0.0
538.5,3.9658558,4345.83993,-1.74110443,-1.74110443,-0.792369013,-0.792369013,-0.620507686,-0.620507686,1481.60456,226.022887,150.697153,35.0759074,23.3810539,39.5263957,26.3484851,0.782931701,2675.0269,0.0,77.1407393,0.323572646,0.0,4345.83993,2673.43409,1481.60456,0.0,0.0
539.0,3.9658558,4330.26778,-1.73886118,-1.73886118,-0.788512112,-0.788512112,-0.617370641,-0.617370641,1492.70848,305.888281,149.670271,47.8228578,23.3957722,53.836468,26.3383187,0.782617389,2675.0269,0.0,77.7188721,0.318821206,0.0,4330.26778,2673.43784,1492.70848,0.0,0.0
539.5,3.9658558,4314.9488,-1.73755065,-1.73755065,-0.785130501,-0.785130501,-0.614608692,-0.614608692,1503.65009,385.627995,148.673373,60.7291347,23.4102954,68.2982315,26.3285357,0.782303147,2675.0269,0.0,78.288556,0.314178793,0.0,4314.9488,2673.45239,1503.65009,0.0,0.0
540.0,5.61148777,4303.57509,-2.33200002,-2.33200002,-1.050919051,-1.050919051,-0.822568642,-0.822568642,1514.48213,420.4363,148.827495,66.6795993,23.6037555,74.937523,26.5269598,0.78198896,2675.0269,0.0,78.852534,0.316214816,0.0,4303.57509,2675.04432,1514.48213,0.0,0.0
540.5,11.96729,4326.88396,-0.48112183,-2.4204886014,-0.17067304,-1.0753984385,0.431669962,-0.69467154,1525.73133,420.4363,147.150104,67.1748805,23.5085552,75.4192298,26.396835,0.781674839,2703.59741,0.0,79.438229,0.316891406,0.0,4326.88396,2691.31164,1525.73133,0.0,0.0
541.0,18.6149741,5391.06459,30.8493185,8.28432945,17.44637065,4.6772017,19.9617491,5.35296442,1534.43486,420.4363,113.4005194,67.5580795,18.221281,75.4122777,20.3398971,0.781360797,3182.69353,0.0,79.8913853,0.195666146,0.0,5391.06459,3139.20697,1534.43486,0.0,0.0
541.5,25.2626579,7071.034239999999,13.68974416,3.93832954,9.85902641,2.84414895,12.15449523,3.51092528,1541.67855,420.4363,122.9658762,67.8770031,19.8535765,75.8111251,22.1749294,0.781046807,3817.20375,0.0,80.2685324,0.240937453,0.0,7071.034239999999,3842.48424,1541.67855,0.0,0.0
542.0,31.9103411,8552.20412,1.7477534677,0.4825096965,1.4851656992,0.401109866,2.014626006,0.5952678572,1551.15812,420.4363,138.024272,68.294369,22.4213213,76.397652,25.0819075,0.780732874,4451.71398,0.0,80.7620904,0.302155987,0.0,8552.20412,4464.34497,1551.15812,0.0,0.0
542.5,38.5580269,9446.55475,-15.03099992,-15.03099992,-14.877933124,-14.877933124,-13.624105285,-13.624105285,1565.59951,420.4363,209.944367,68.9301958,34.4316083,78.4902015,39.2397804,0.780419021,4820.7002,0.0,81.5139921,0.567607033,0.0,9446.55475,4844.92318,1565.59951,0.0,0.0
543.0,45.2057094,9367.7249,-19.1084466,-19.1084466,-18.7442682,-18.7442682,-17.3804107,-17.3804107,1586.97407,420.4363,226.663506,69.8712738,37.6702074,79.8260389,43.0373394,0.780105215,4822.923,0.0,82.6268724,0.633658874,0.0,9367.7249,4824.60199,1586.97407,0.0,0.0
543.5,51.8533946,9332.818949999997,-21.7660753,-21.7660753,-21.271865,-21.271865,-19.8693297,-19.8693297,1609.54934,420.4363,236.027456,70.8652196,39.7847663,81.0760831,45.5175198,0.779791483,4822.923,0.0,83.80227,0.673209299,0.0,9332.818949999997,4823.25881,1609.54934,0.0,0.0
544.0,57.0023287,9295.805250000001,-24.0030873,-24.0030873,-23.3656018,-23.3656018,-21.9576382,-21.9576382,1633.44685,385.036743,243.119859,65.847171,41.5867551,75.3786171,47.6053689,0.779477802,4822.923,0.0,85.0465139,0.702705794,0.0,9295.805250000001,4821.81088,1633.44685,0.0,0.0
544.5,57.35716,9254.8236,-24.0736528,-24.0736528,-23.3313049,-23.3313049,-21.9365409,-21.9365409,1657.56809,313.914302,240.09813,54.4746234,41.6755472,62.196626,47.5809471,0.779164197,4822.923,0.0,86.3023981,0.690041751,0.0,9254.8236,4818.84201,1657.56809,0.0,0.0
545.0,57.35716,9221.4499,-24.0511988,-24.0511988,-23.225478,-23.225478,-21.8417535,-21.8417535,1681.09177,242.791852,231.069064,42.7278253,40.6726556,48.5816801,46.239664,0.778854726,4822.923,0.0,87.5271771,0.657420032,0.0,9221.4499,4818.690329999999,1681.09177,0.0,0.0
545.5,57.35716,9193.59885,-23.9960596,-23.9960596,-23.1022532,-23.1022532,-21.727803,-21.727803,1700.84392,171.669405,171.669405,30.5665561,30.5665561,34.1793782,34.1793782,0.778653959,4822.923,0.0,88.555586,0.462291242,0.0,9193.59885,4818.6346,1700.84392,0.0,0.0
546.0,57.35716,9176.82155,-23.9307477,-23.9307477,-22.9973231,-22.9973231,-21.6285431,-21.6285431,1712.81129,100.5470006,100.5470006,18.0297391,18.0297391,19.9716524,19.9716524,0.778607518,4822.923,0.0,89.1786729,0.230308762,0.0,9176.82155,4818.6409,1712.81129,0.0,0.0
546.5,57.35716,9171.2754,-23.8659847,-23.8659847,-22.9212195,-22.9212195,-21.5544484,-21.5544484,1716.76926,29.41454779,29.41454779,5.288179415,5.288179415,6.183676604,6.183676604,0.778665189,4822.923,0.04042565235,89.3847495,-0.0057485058,0.0,9171.2754,4818.64435,1716.76926,-0.9894496,0.071129686
547.0,57.35716,9182.89545,-23.7110224,-23.7110224,-22.8011917,-22.8011917,-21.431154,-21.431154,1708.15662,-41.7078933,-41.7078933,-7.44837862,-7.44837862,-6.4957537,-6.4957537,0.778803644,4822.923,2.617533897,88.936327,-0.576053002,0.0,9182.89545,4818.450650000001,1708.15662,-65.2654058,4.66288373
547.5,57.35716,9229.17145,-23.4942984,-23.4942984,-22.7065718,-22.7065718,-21.3222012,-21.3222012,1675.00011,-112.8303371,-112.8303371,-19.7625858,-19.7625858,-17.8056756,-17.8056756,0.779004427,4822.923,6.60407299,87.210009,-1.33700852,0.0,9229.17145,4818.34661,1675.00011,-164.9503384,11.558084
548.0,57.35716,9306.612299999999,-23.3727304,-23.3727304,-22.7787001,-22.7787001,-21.3691837,-21.3691837,1619.99711,-183.952774,-183.952774,-31.1693808,-31.1693808,-27.6563876,-27.6563876,0.779256089,4822.923,8.05395,84.346242,-1.76133224,0.0,9306.612299999999,4818.45436,1619.99711,-201.34877,13.6631807
548.5,57.35716,9396.5655,-23.3342363,-23.3342363,-22.9610281,-22.9610281,-21.5217326,-21.5217326,1555.93819,-229.816688,-229.816688,-37.4432997,-37.4432997,-32.668482,-32.668482,0.77954489,4822.923,8.05395,81.0109709,-1.90715501,0.0,9396.5655,4818.48107,1555.93819,-201.34877,13.12290305
549.0,57.35716,9488.9248,-23.3380933,-23.3380933,-23.1905496,-23.1905496,-21.7203988,-21.7203988,1490.06708,-230.6143,-230.6143,-35.9849324,-35.9849324,-31.2167237,-31.2167237,0.779838932,4822.923,8.05395,77.581347,-1.90118579,0.0,9488.9248,4818.45092,1490.06708,-201.34877,12.5673407
549.5,57.35716,9580.7463,-23.3405757,-23.3405757,-23.4174469,-23.4174469,-21.9163064,-21.9163064,1424.48373,-230.6143,-230.6143,-34.4011031,-34.4011031,-29.6728448,-29.6728448,0.78012711,4822.923,8.05395,74.1667061,-1.89293295,0.0,9580.7463,4818.36475,1424.48373,-201.34877,12.01420605
550.0,57.35716,9672.172999999999,-23.3427601,-23.3427601,-23.643127,-23.643127,-22.1108876,-22.1108876,1359.17872,-230.6143,-230.6143,-32.8239944,-32.8239944,-28.1468499,-28.1468499,0.780409407,4822.923,8.05395,70.766557,-1.88508457,0.0,9672.172999999999,4818.276940000001,1359.17872,-201.34877,11.4634182
550.5,57.35716,9761.9773,-23.3681694,-23.3681694,-23.8886686,-23.8886686,-22.3260412,-22.3260412,1295.12395,-203.526588,-203.526588,-27.6359493,-27.6359493,-23.7588449,-23.7588449,0.780681793,4822.923,8.05395,67.4315012,-1.78649071,0.0,9761.9773,4818.244189999999,1295.12395,-201.34877,10.9231755
551.0,57.35716,9804.598849999998,-26.0249815,-26.0249815,-26.6997746,-26.6997746,-25.0693912,-25.0693912,1237.07628,-142.049644,-142.049644,-18.4308645,-18.4308645,-16.057401,-16.057401,0.780926646,4798.947139999999,8.05395,64.409212,-1.56825382,0.0,9804.598849999998,4802.08576,1237.07628,-201.34877,10.4335969
551.5,57.35716,9097.8383,-33.1940857,-33.1940857,-31.6353294,-31.6353294,-30.0986037,-30.0986037,1186.83774,-80.5052225,-80.5052225,-10.03028347,-10.03028347,-8.73600403,-8.73600403,0.781164921,4475.90846,8.02367882,61.793507,-1.33879229,0.0,9097.8383,4478.66347,1186.83774,-200.608003,9.9736878
552.0,57.35716,8150.46189,-32.8290172,-32.8290172,-28.0189844,-28.0189844,-26.7832277,-26.7832277,1147.48504,-18.96080392,-18.96080392,-2.294526806,-2.294526806,-1.751522413,-1.751522413,0.78136553,4064.99305,6.0942955,59.7445812,-0.876842707,0.0,8150.46189,4061.47528,1147.48504,-152.4868665,7.3372879
552.5,57.35716,7191.89526,-32.9842009,-32.9842009,-24.8401274,-24.8401274,-23.7852909,-23.7852909,1127.54256,42.5836142,42.5836142,5.02299571,5.02299571,6.03494946,6.03494946,0.781512231,3654.07774,3.09950844,58.7062633,-0.2798349949,0.0,7191.89526,3650.96455,1127.54256,-77.6076026,3.66787495
553.0,57.35716,6207.63083,-33.1049433,-33.1049433,-21.5195074,-21.5195074,-20.5518837,-20.5518837,1126.00216,104.1280339,104.1280339,12.2809628,12.2809628,14.16449635,14.16449635,0.781593875,3243.16228,1.366364015,58.6260609,0.148963735,0.0,6207.63083,3240.50538,1126.00216,-34.2025672,1.61274321
553.5,100.2959989,5296.88942,-49.5186346,-49.5186346,-27.1576135,-27.1576135,-25.8363066,-25.8363066,1137.67673,165.657317,165.657317,19.7462,19.7462,23.0588591,23.0588591,0.781605414,2832.24695,0.364408905282,59.2339047,0.557745814,0.0,5296.88942,2868.35581,1137.67673,-9.153996891,0.43464914742
554.0,205.937342,4354.5655,-95.0656985,-95.0656985,-42.9553553,-42.9553553,-39.9944489,-39.9944489,1165.04422,227.206122,227.206122,27.7383348,27.7383348,33.0407926,33.0407926,0.781394139,2421.33149,0.0,60.6588109,1.004864927,0.0,4354.5655,2492.22756,1165.04422,0.0,0.0
554.5,312.116669,3312.8268,-139.456088,-139.456088,-47.9765737,-47.9765737,-43.3981706,-43.3981706,1206.6345,288.750541,288.750541,36.5118256,36.5118256,44.4326816,44.4326816,0.781122596,2010.41615,0.0,62.8242385,1.40066878,0.0,3312.8268,2083.03671,1206.6345,0.0,0.0
555.0,416.91409,2247.2035,-183.513128,-183.513128,-42.7828492,-42.7828492,-37.1426422,-37.1426422,1261.81644,350.294961,344.37903,46.3197906,45.5222271,57.3267347,56.3427464,0.780997922,1599.50073,0.0,65.6973248,1.77352437,0.0,2247.2035,1671.84327,1261.81644,0.0,0.0
555.5,453.8582,1053.237257,-198.521384,-198.521384,-21.986124,-21.986124,-16.8311084,-16.8311084,1321.6127,380.76825,259.529889,52.6979284,35.855803,62.4345662,42.5912295,0.780713965,1196.80435,0.0,68.810656,1.56157579,0.0,1053.237257,1209.93969,1321.6127,0.0,0.0
556.0,453.8582,5007.57352,-128.7098269,-128.7098269,-74.4717359,-74.4717359,-70.44028926,-70.44028926,1372.09341,380.76825,311.581919,54.7107954,44.8799947,65.8633976,54.3774246,0.780464412,2940.60734,0.0,71.4389703,1.60275282,0.0,5007.57352,2884.84357,1372.09341,0.0,0.0
556.5,453.8582,6842.601519999999,-192.992799,-192.992799,-138.332055,-138.332055,-131.4677,-131.4677,1435.98697,380.76825,380.76825,57.2584833,57.2584833,70.296014,70.296014,0.780710954,3642.024,0.0,74.7656285,1.93060043,0.0,6842.601519999999,3685.71915,1435.98697,0.0,0.0
557.0,453.8582,6639.88268,-189.476556,-189.476556,-131.748399,-131.748399,-125.0045176,-125.0045176,1502.43094,380.76825,380.76825,59.9078687,59.9078687,72.96237,72.96237,0.781012854,3642.024,0.0,78.2250792,1.91605594,0.0,6639.88268,3640.16254,1502.43094,0.0,0.0
557.5,453.8582,6544.96822,-189.385543,-189.385543,-129.802484,-129.802484,-123.063322,-123.063322,1568.51761,380.76825,380.76825,62.5430049,62.5430049,75.6088326,75.6088326,0.781289819,3642.024,0.0,81.665926,1.90713966,0.0,6544.96822,3639.25539,1568.51761,0.0,0.0
558.0,453.8582,6452.83604,-189.381361,-189.381361,-127.9724532,-127.9724532,-121.2369979,-121.2369979,1634.29424,380.76825,380.76825,65.1657798,65.1657798,78.2791084,78.2791084,0.781546395,3642.024,0.0,85.0906315,1.89804134,0.0,6452.83604,3639.32508,1634.29424,0.0,0.0
558.5,453.8582,6361.19575,-189.378713,-189.378713,-126.1532804,-126.1532804,-119.4207343,-119.4207343,1699.75079,380.76825,380.76825,67.7757887,67.7757887,80.9051094,80.9051094,0.781782212,3642.024,0.0,88.4986707,1.88861921,0.0,6361.19575,3639.41242,1699.75079,0.0,0.0
559.0,453.8582,6270.02004,-189.376007,-189.376007,-124.3433341,-124.3433341,-117.6157689,-117.6157689,1764.87601,380.76825,380.76825,70.3725915,70.3725915,83.5177389,83.5177389,0.781996743,3642.024,0.0,91.8894586,1.87887764,0.0,6270.02004,3639.49971,1764.87601,0.0,0.0
559.5,453.8582,6179.32343,-189.373211,-189.373211,-122.5428849,-122.5428849,-115.8229191,-115.8229191,1829.65905,380.76825,380.76825,72.9557471,72.9557471,86.1435099,86.1435099,0.782189288,3642.024,0.0,95.262431,1.86882395,0.0,6179.32343,3639.58654,1829.65905,0.0,0.0
560.0,453.8582,6089.12086,-189.370332,-189.370332,-120.7522299,-120.7522299,-114.0393575,-114.0393575,1894.08921,380.76825,380.76825,75.5248322,75.5248322,88.7295342,88.7295342,0.782359112,3642.024,0.0,98.6170309,1.85846557,0.0,6089.12086,3639.67287,1894.08921,0.0,0.0
560.5,453.8582,5999.42701,-189.36737,-189.36737,-118.971666,-118.971666,-112.264709,-112.264709,1958.15609,380.76825,380.76825,78.0794335,78.0794335,91.301682,91.301682,0.78250555,3642.024,0.0,101.952717,1.84781016,0.0,5999.42701,3639.75866,1958.15609,0.0,0.0
561.0,460.225802,5922.95372,-191.837154,-191.837154,-118.983802,-118.983802,-112.196589,-112.196589,2021.98449,380.76825,380.76825,80.6245242,80.6245242,93.8863662,93.8863662,0.782630747,3642.024,0.0,105.275984,1.84855923,0.0,5922.95372,3645.2066,2021.98449,0.0,0.0
561.5,472.290751,5841.147559999999,-197.010858,-197.010858,-120.50462,-120.50462,-113.5446529,-113.5446529,2085.33327,352.177066,352.177066,76.8593311,76.8593311,88.4495615,88.4495615,0.782757263,3642.024,0.034983231407,108.574286,1.76340209,0.0,5841.147559999999,3648.15532,2085.33327,-0.859492,0.076044875
562.0,484.355707,5768.58025,-201.863167,-201.863167,-121.9400865,-121.9400865,-114.8148787,-114.8148787,2136.85368,244.525212,244.525212,54.6796054,54.6796054,60.9691768,60.9691768,0.782981608,3642.024,2.27151689,111.2567284,1.13364648,0.0,5768.58025,3648.04196,2136.85368,-56.6462382,5.08214018
562.5,491.189852,5302.45775,-216.278521,-216.278521,-119.8314581,-119.8314581,-112.2519546,-112.2519546,2162.56975,148.98961,148.98961,33.7346609,33.7346609,36.8338392,36.8338392,0.783333306,3444.09256,5.696017,112.5956521,0.400370461,0.0,5302.45775,3469.1003,2162.56975,-142.2932856,12.8933701
563.0,491.2119,3559.01752,-220.865038,-220.865038,-82.3264192,-82.3264192,-74.985548,-74.985548,2175.26645,137.62915,137.62915,31.3510065,31.3510065,34.1550679,34.1550679,0.783655184,2748.62106,4.71776582,113.256716,0.496932261,0.0,3559.01752,2751.05551,2175.26645,-118.08583,10.75448032
563.5,414.244471,1618.1817122,-199.28507,-199.28507,-36.728651397,-36.728651397,-31.1523250396,-31.1523250396,2199.82523,137.62915,133.184107,31.7049588,30.6752426,34.5112408,33.391498,0.783773866,2030.21671,1.3070291966,114.5353825,0.801493775,0.0,1618.1817122,1957.79906,2199.82523,-32.780322598,3.012503849
564.0,93.8856315,-293.966793,-60.0379354,-40.1129001,1.62984627,1.097620763,2.90051837,1.9435715,2210.01501,137.62915,94.5103985,31.8518193,21.8734972,34.655156,23.7982586,0.783552525,1311.81235,3.157642595,115.0659196,-0.2184298009,0.0,-293.966793,1168.08968,2210.01501,-78.7201546,7.28395503
564.5,228.07704,-352.82523,-178.029132,-97.512354,6.72806754,3.61660793,12.06653385,6.52325072,2195.71833,138.27588,76.4369251,31.7939909,17.578995,34.7511709,19.2115457,0.783238085,984.84296,7.9667722,114.3215564,-0.653220619,0.0,-352.82523,1135.25051,2195.71833,-198.984643,18.2924876
565.0,229.5451,-581.392198,-202.623865,-96.6610782,12.3428462,5.88330407,18.6545771,8.89508475,2166.90901,141.70522,67.632923,32.154475,15.3476536,35.265945,16.8326831,0.78292371,984.84296,9.715823,112.8215802,-0.908124286,0.0,-581.392198,1023.320633,2166.90901,-242.89558,22.0469701
565.5,229.5451,-615.704976,-204.831186,-95.5621686,13.2068825,6.16156068,19.434324,9.0669184,2135.5541,145.452956,67.8533569,32.5273161,15.1739313,35.6996655,16.6538249,0.782609405,984.84296,9.715823,111.1890644,-0.903502785,0.0,-615.704976,990.734904,2135.5541,-242.89558,21.7279524
566.0,229.5451,-587.684734,-203.463009,-95.3239814,12.5221623,5.86647323,18.7950856,8.8054226,2104.51519,149.200686,69.8897505,32.8804924,15.4019836,36.0962054,16.9083,0.782295156,984.84296,9.715823,109.5730001,-0.891649489,0.0,-587.684734,984.270906,2104.51519,-242.89558,21.4121503
566.5,229.5451,-548.130423,-201.395626,-95.2876087,11.5609166,5.46952042,17.8702467,8.45472965,2073.9193,152.948423,72.3515785,33.216404,15.7126646,36.4704864,17.2519755,0.78198097,984.84296,9.715823,107.9800056,-0.87823093,0.0,-548.130423,982.86504,2073.9193,-242.89558,21.1008565
567.0,229.5451,-507.240861,-199.026911,-95.2845665,10.5728167,5.06133833,16.864953,8.07372786,2043.79709,156.696156,75.0030979,33.5360735,16.0519028,36.8246414,17.6259628,0.78166685,984.84296,9.715823,106.4116716,-0.864305027,0.0,-507.240861,982.291367,2043.79709,-242.89558,20.7943812
567.5,229.5451,-466.657811,-196.433456,-95.2869211,9.6003064,4.65650795,15.81534265,7.67131644,2014.16255,160.443893,77.8115698,33.8402924,16.4114861,37.1598427,18.0213642,0.781352807,984.84296,9.715823,104.8687288,-0.850024961,0.0,-466.657811,981.874863,2014.16255,-242.89558,20.4928677
568.0,229.5451,-426.663261,-193.640526,-95.2902789,8.6528626,4.25757538,14.73011845,7.24813898,1985.0277,164.191625,80.7789726,34.1298434,16.7908946,37.4768726,18.4375349,0.781038816,984.84296,9.715823,103.3518065,-0.835390394,0.0,-426.663261,981.505308,1985.0277,-242.89558,20.1964389
568.5,229.5451,-388.656288,-190.486361,-95.3519908,7.75388213,3.88076816,13.6348479,6.82451618,1956.41508,167.474414,83.8164426,34.3109097,17.1712286,37.6736686,18.8541545,0.780724891,984.84296,9.6670955,101.8620705,-0.814297219,0.0,-388.656288,980.613582,1956.41508,-241.702184,19.8081558
569.0,229.5451,-384.249598,-182.164937,-95.8743167,7.32431001,3.85797395,12.95120945,6.82006504,1933.79273,161.011096,84.745274,32.6079251,17.1616662,35.8185984,18.851606,0.780411034,984.84296,6.5581808,100.6842244,-0.397125018,0.0,-384.249598,969.238207,1933.79273,-164.165336,13.3035617
569.5,224.496306,-433.863772,-160.298015,-94.1249419,7.26054296,4.27144842,12.2564653,7.20434066,1931.00691,141.36119,83.0573273,28.5839226,16.7952924,31.4176009,18.4603339,0.780097236,984.84296,1.74904803124,100.539177,0.2241744692,0.0,-433.863772,946.966753,1931.00691,-43.910940946,3.5486671111
570.0,199.922285,-515.367501,-121.4421849,-83.526935,6.53897089,4.50356204,10.07715155,6.93325743,1943.70647,121.4544361,83.7451184,24.7189467,17.046259,27.1531216,18.7244248,0.779783501,984.84296,0.0,101.2003879,0.409260878,0.0,-515.367501,920.467647,1943.70647,0.0,0.0
570.5,173.41209,-523.354686,-83.3033591,-71.9789564,4.56942304,3.94616003,6.79050685,5.86199467,1957.15697,101.5476805,88.0436912,20.8103024,18.0453446,22.8215657,19.7886983,0.779469832,984.84296,0.0,101.9006971,0.36992559,0.0,-523.354686,924.997774,1957.15697,0.0,0.0
571.0,146.901895,-436.893447,-57.8429269,-57.8429269,2.70171832,2.70171832,4.07530288,4.07530288,1968.87322,81.6409264,81.6406669,16.8309758,16.8309224,18.4843631,18.4843046,0.779178498,1007.687218,0.0,102.5107105,0.291769402,0.0,-436.893447,967.815956,1968.87322,0.0,0.0
571.5,120.3916995,400.6515906,-39.6935916,-39.6935916,-1.5746843608,-1.5746843608,-1.093829053,-1.093829053,1976.96798,70.145829,70.145829,14.52210315,14.52210315,16.00154565,16.00154565,0.77899671,1347.12801,0.0,102.9321699,0.19072515,0.0,400.6515906,1321.0511,1976.96798,0.0,0.0
572.0,93.8815024,1469.17879,-29.2359716,-29.2359716,-4.39821369,-4.39821369,-3.87877521,-3.87877521,1982.69593,70.08512,70.08512,14.5515934,14.5515934,16.0316061,16.0316061,0.778879794,1787.3396,0.0,103.2304013,0.140466217,0.0,1469.17879,1769.01769,1982.69593,0.0,0.0
572.5,80.30419,2546.84257,-23.1983494,-23.1983494,-6.19327045,-6.19327045,-5.69641021,-5.69641021,1986.9361,70.08512,70.08512,14.5827136,14.5827136,16.063867,16.063867,0.778783195,2227.55117,0.0,103.4511696,0.1134064639,0.0,2546.84257,2219.9173,1986.9361,0.0,0.0
573.0,80.30419,3614.93648,-23.5785933,-23.5785933,-8.92631914,-8.92631914,-8.35173177,-8.35173177,1990.85949,70.08512,70.08512,14.61150835,14.61150835,16.0937105,16.0937105,0.778708528,2667.76279,0.0,103.655443,0.1133942996,0.0,3614.93648,2666.64998,1990.85949,0.0,0.0
573.5,80.30419,4666.45207,-23.5960634,-23.5960634,-11.53069,-11.53069,-10.8755752,-10.8755752,1994.76894,70.08512,70.08512,14.6402006,14.6402006,16.1234401,16.1234401,0.778656455,3107.97436,0.0,103.8589891,0.11275231,0.0,4666.45207,3106.47597,1994.76894,0.0,0.0
574.0,80.30419,5717.52785,-23.5962126,-23.5962126,-14.1279503,-14.1279503,-13.382786,-13.382786,1998.65538,70.08512,70.08512,14.6687247,14.6687247,16.1529889,16.1529889,0.778625135,3548.18595,0.0,104.061339,0.112082805,0.0,5717.52785,3546.1057,1998.65538,0.0,0.0
574.5,80.30419,6768.62714,-23.5960334,-23.5960334,-16.7250786,-16.7250786,-15.8841975,-15.8841975,2002.51874,70.08512,70.08512,14.69707845,14.69707845,16.1823551,16.1823551,0.778613381,3988.39749,0.0,104.2624874,0.1114154286,0.0,6768.62714,3985.73165,2002.51874,0.0,0.0
575.0,80.30419,7819.043030000001,-23.9378756,-23.9378756,-19.6172405,-19.6172405,-18.6272208,-18.6272208,2006.35943,70.08512,70.08512,14.725267,14.725267,16.2115424,16.2115424,0.778620193,4426.88879,0.0,104.4624569,0.1113425379,0.0,7819.043030000001,4425.06008,2006.35943,0.0,0.0
575.5,80.30419,8283.3549,-33.9831098,-33.9831098,-29.4778361,-29.4778361,-28.1806187,-28.1806187,2010.50508,70.08512,70.08512,14.75569295,14.75569295,16.2430391,16.2430391,0.778671611,4609.5024,0.0,104.6783019,0.128098466,0.0,8283.3549,4620.68409,2010.50508,0.0,0.0
576.0,80.30419,8243.0872,-33.4925001,-33.4925001,-28.9112092,-28.9112092,-27.6371242,-27.6371242,2014.90756,70.08512,70.08512,14.7880038,14.7880038,16.276479,16.276479,0.778750986,4609.5024,0.0,104.907519,0.126481668,0.0,8243.0872,4606.49893,2014.90756,0.0,0.0
576.5,80.30419,8175.5194,-36.0581608,-36.0581608,-30.8493234,-30.8493234,-29.5342886,-29.5342886,2019.29897,70.08512,70.08512,14.8202338,14.8202338,16.3098264,16.3098264,0.778830869,4577.6819,0.0,105.1361615,0.130177773,0.0,8175.5194,4580.94775,2019.29897,0.0,0.0
577.0,80.30419,7646.35034,-39.0578649,-39.0578649,-31.2774234,-31.2774234,-30.0231977,-30.0231977,2023.92199,70.08512,70.08512,14.8541635,14.8541635,16.344923,16.344923,0.778925856,4364.24861,0.0,105.3768631,0.134591125,0.0,7646.35034,4363.45589,2023.92199,0.0,0.0
577.5,80.30419,7053.178750000001,-38.8749837,-38.8749837,-28.7134143,-28.7134143,-27.5473778,-27.5473778,2028.55289,70.08512,70.08512,14.888151,14.888151,16.3800698,16.3800698,0.779009805,4122.09803,0.0,105.6179725,0.133462948,0.0,7053.178750000001,4119.33684,2028.55289,0.0,0.0
578.0,80.30419,6465.46134,-38.8704421,-38.8704421,-26.3176831,-26.3176831,-25.1978619,-25.1978619,2033.15273,70.08512,70.08512,14.921911,14.921911,16.4149715,16.4149715,0.779078547,3879.94748,0.0,105.8574681,0.132648779,0.0,6465.46134,3877.4691,2033.15273,0.0,0.0
578.5,80.30419,5877.89714,-38.870139,-38.870139,-23.9258134,-23.9258134,-22.8644977,-22.8644977,2037.72471,70.08512,70.08512,14.9554659,14.9554659,16.4496524,16.4496524,0.779131871,3637.7969,0.0,106.0955108,0.131845069,0.0,5877.89714,3635.64879,2037.72471,0.0,0.0
579.0,80.30419,5290.37432,-38.8698784,-38.8698784,-21.5341752,-21.5341752,-20.5282548,-20.5282548,2042.26837,69.992164,69.992164,14.9689145,14.9689145,16.4626906,16.4626906,0.77916926,3395.64638,0.0,106.3320807,0.130744663,0.0,5290.37432,3393.82925,2042.26837,0.0,0.0
579.5,80.30419,4703.10909,-38.8664761,-38.8664761,-19.1420953,-19.1420953,-18.1885265,-18.1885265,2046.61768,66.3529847,66.3529847,14.2206657,14.2206657,15.65502275,15.65502275,0.779192563,3153.49582,0.0,106.5585291,0.118200382,0.0,4703.10909,3152.00344,2046.61768,0.0,0.0
580.0,80.30419,4232.839,-35.2605518,-35.2605518,-15.6444525,-15.6444525,-14.8076152,-14.8076152,2050.32238,60.9066992,60.9066992,13.07708045,13.07708045,14.4496283,14.4496283,0.779204396,2967.52916,0.0,106.7514145,0.093654967,0.0,4232.839,2958.4837,2050.32238,0.0,0.0
580.5,80.30419,4215.20745,-33.328796,-33.328796,-14.7118683,-14.7118683,-13.9175037,-13.9175037,2053.1444,55.4605958,55.4605958,11.9241755,11.9241755,13.25025085,13.25025085,0.779205453,2955.2854,0.0,106.8983475,0.072171976,0.0,4215.20745,2952.79486,2053.1444,0.0,0.0
581.0,80.30419,2943.56901,-62.041523,-62.041523,-18.3850464,-18.3850464,-16.92441032,-16.92441032,2056.04382,50.0146264,50.0146264,10.7683915,10.7683915,12.03396115,12.03396115,0.779231627,2375.51008,0.0,107.0493089,0.1039710167,0.0,2943.56901,2425.34958,2056.04382,0.0,0.0
581.5,80.30419,-547.9885227,-62.009451,-62.009451,3.017156486,3.017156486,4.254306716,4.254306716,2059.55795,44.5694542,44.5694542,9.61243345,9.61243345,10.80331265,10.80331265,0.779187561,983.16183,0.0,107.2322691,0.0856986744,0.0,-547.9885227,974.538582,2059.55795,0.0,0.0
582.0,80.30419,-1752.7454,-30.9754185,-30.9754185,5.68019811,5.68019811,6.31448473,6.31448473,2061.16676,39.3303863,39.3303863,8.4892438,8.4892438,9.59907845,9.59907845,0.779024979,511.937049,0.0,107.316038,0.0144668714,0.0,-1752.7454,474.169759,2061.16676,0.0,0.0
582.5,80.897681,-1535.96917,-31.7813931,-31.7813931,5.11007725,5.11007725,5.7496427,5.7496427,2061.58241,37.905785,37.905785,8.18342005,8.18342005,9.2792116,9.2792116,0.778885829,564.91521,0.0,107.3376789,0.0118736441,0.0,-1535.96917,564.614652,2061.58241,0.0,0.0
583.0,82.0789484,-1350.99692,-32.4891165,-32.4891165,4.59564315,4.59564315,5.24129949,5.24129949,2062.03935,37.905785,37.905785,8.1852336,8.1852336,9.28113385,9.28113385,0.778753576,639.193976,0.0,107.3614715,0.0144000657,0.0,-1350.99692,641.849803,2062.03935,0.0,0.0
583.5,83.2602154,-1173.30453,-32.9876196,-32.9876196,4.05237301,4.05237301,4.70578114,4.70578114,2062.57453,37.905785,37.905785,8.18735815,8.18735815,9.2833846,9.2833846,0.778627076,713.47273,0.0,107.3893324,0.0165484811,0.0,-1173.30453,716.101352,2062.57453,0.0,0.0
584.0,84.4414825,-995.884771,-33.4798627,-33.4798627,3.49082094,3.49082094,4.144423,4.144423,2063.18344,37.905785,37.905785,8.18977515,8.18977515,9.2859457,9.2859457,0.778506439,787.751495,0.0,107.4210361,0.0186728432,0.0,-995.884771,790.282574,2063.18344,0.0,0.0
584.5,85.6227495,-818.05559,-33.9612367,-33.9612367,2.90863067,2.90863067,3.57783521,3.57783521,2063.45278,24.6535529,24.6535529,5.32747677,5.32747677,6.35855237,6.35855237,0.778399394,862.030249,0.0,107.43506,-0.0220170928,0.0,-818.05559,864.435854,2063.45278,0.0,0.0
585.0,86.8040161,-635.957136,-34.4188252,-34.4188252,2.29146777,2.29146777,2.96307417,2.96307417,2060.66729,-12.746901783,-12.746901783,-2.749098301,-2.749098301,-2.160309799,-2.160309799,0.778356149,936.309009,0.0,107.2900304,-0.1403488578,0.0,-635.957136,938.581967,2060.66729,0.0,0.0
585.5,87.985283,-448.005616,-34.8769941,-34.8769941,1.63550046,1.63550046,2.33947449,2.33947449,2053.74928,-50.6235358,-50.6235358,-10.88456783,-10.88456783,-9.74917599,-9.74917599,0.778378953,1010.587776,0.0,106.9298366,-0.260115201,0.0,-448.005616,1012.750582,2053.74928,0.0,0.0
586.0,88.9225515,-254.754014,-35.2477582,-35.2477582,0.940104719,0.940104719,1.59948871,1.59948871,2042.63627,-88.4947091,-88.4947091,-18.9250693,-18.9250693,-17.2898529,-17.2898529,0.778457281,1084.86653,0.0,106.3512362,-0.383294739,0.0,-254.754014,1086.6752,2042.63627,0.0,0.0
586.5,88.99614,-96.2549512,-36.3995056,-36.3995056,0.365243729,0.365243729,0.829427402,0.829427402,2027.25043,-126.365876,-126.365876,-26.8208904,-26.8208904,-24.5182058,-24.5182058,0.778584488,1140.0427,0.0,105.5501605,-0.505987907,0.0,-96.2549512,1143.64416,2027.25043,0.0,0.0
587.0,88.99614,-66.8128182,-36.8858689,-36.8858689,0.258105433,0.258105433,0.627801496,0.627801496,2007.63728,-164.237045,-164.237045,-34.5219608,-34.5219608,-31.3797347,-31.3797347,0.77875295,1142.9977,0.0,104.5289894,-0.629261909,0.0,-66.8128182,1144.44327,2007.63728,0.0,0.0
587.5,88.99614,-34.1673845,-36.8232847,-36.8232847,0.1317650876,0.1317650876,0.343605067,0.343605067,1983.74352,-202.108217,-202.108217,-41.9768658,-41.9768658,-37.8253764,-37.8253764,0.778956723,1142.9977,0.0,103.2849434,-0.752830283,0.0,-34.1673845,1144.07591,1983.74352,0.0,0.0
588.0,88.99614,4.3725725,-36.8039995,-36.8039995,-0.0168534203,-0.0168534203,0.02193477343,0.02193477343,1956.26348,-222.10133,-222.10133,-45.4995526,-45.4995526,-40.7609921,-40.7609921,0.779187595,1142.9977,0.0,101.854176,-0.81556329,0.0,4.3725725,1144.06725,1956.26348,0.0,0.0
588.5,88.99614,38.800132,-37.6095877,-37.6095877,-0.1512968692,-0.1512968692,-0.0588003048,-0.0588003048,1928.15285,-222.10133,-222.10133,-44.8457433,-44.8457433,-40.1219718,-40.1219718,0.779422219,1137.94289,0.0,100.3905776,-0.809396028,0.0,38.800132,1141.97922,1928.15285,0.0,0.0
589.0,88.99614,-479.256575,-45.5347889,-45.5347889,2.2787239,2.2787239,3.16332131,3.16332131,1900.52511,-222.10133,-222.10133,-44.203167,-44.203167,-39.4885946,-39.4885946,0.779648076,898.585878,0.0,98.9521205,-0.790475597,0.0,-479.256575,910.280396,1900.52511,0.0,0.0
589.5,88.99614,-1341.79139,-45.0113379,-45.0113379,6.3240489,6.3240489,7.26707381,7.26707381,1873.25374,-222.10133,-222.10133,-43.5688782,-43.5688782,-38.8647825,-38.8647825,0.779850804,533.356234,0.0,97.5322176,-0.786982459,0.0,-1341.79139,535.449727,1873.25374,0.0,0.0
590.0,88.99614,-2120.731,-41.8350722,-41.8350722,9.237792,9.237792,10.1387037,10.1387037,1846.08564,-222.10133,-222.10133,-42.9369923,-42.9369923,-38.2449877,-38.2449877,0.780031046,201.977136,0.0,96.1176929,-0.788372243,0.0,-2120.731,195.463962,1846.08564,0.0,0.0
590.5,88.99614,-2213.8173,-36.4519355,-36.4519355,8.4500016,8.4500016,9.2237088,9.2237088,1818.66749,-222.10133,-222.10133,-42.2992895,-42.2992895,-37.621165,-37.621165,0.780205181,143.18407,0.0,94.6901476,-0.793787761,0.0,-2213.8173,140.720799,1818.66749,0.0,0.0
591.0,88.99614,-2164.44381,-36.8034469,-36.8034469,8.3418593,8.3418593,9.1218107,9.1218107,1791.3149,-222.10133,-222.10133,-41.6631131,-41.6631131,-37.0005098,-37.0005098,0.780378424,143.18407,0.0,93.266016,-0.788889991,0.0,-2164.44381,145.294513,1791.3149,0.0,0.0
591.5,88.99614,-2126.11854,-36.8136632,-36.8136632,8.1964367,8.1964367,8.9750075,8.9750075,1764.1145,-222.10133,-222.10133,-41.0304755,-41.0304755,-36.3849679,-36.3849679,0.780549125,143.18407,0.0,91.8498116,-0.784698348,0.0,-2126.11854,145.359813,1764.1145,0.0,0.0
592.0,88.99614,-2088.2338,-36.8149688,-36.8149688,8.05067255,8.05067255,8.82728455,8.82728455,1737.05714,-222.10133,-222.10133,-40.4011641,-40.4011641,-35.7715682,-35.7715682,0.78071738,143.18407,0.0,90.4410532,-0.780608161,0.0,-2088.2338,145.325347,1737.05714,0.0,0.0
592.5,88.99614,-2050.54938,-36.8160855,-36.8160855,7.90562925,7.90562925,8.6798927,8.6798927,1710.13972,-222.10133,-222.10133,-39.7751078,-39.7751078,-35.1546739,-35.1546739,0.780883136,143.18407,0.0,89.0395774,-0.776602125,0.0,-2050.54938,145.289215,1710.13972,0.0,0.0
593.0,88.99614,-2013.05698,-36.8171765,-36.8171765,7.76131183,7.76131183,8.53284395,8.53284395,1683.35933,-222.10133,-222.10133,-39.1522394,-39.1522394,-34.5422904,-34.5422904,0.781046422,143.18407,0.0,87.6452378,-0.772678612,0.0,-2013.05698,145.253226,1683.35933,0.0,0.0
593.5,88.99614,-1975.75246,-36.8182448,-36.8182448,7.6177058,7.6177058,8.3861286,8.3861286,1656.71319,-222.10133,-222.10133,-38.5324919,-38.5324919,-33.9349297,-33.9349297,0.78120722,143.18407,0.0,86.2578894,-0.768836211,0.0,-1975.75246,145.217425,1656.71319,0.0,0.0
594.0,88.99614,-1938.63198,-36.8192907,-36.8192907,7.47479671,7.47479671,8.2400868,8.2400868,1630.1985,-222.10133,-222.10133,-37.9158036,-37.9158036,-33.3325014,-33.3325014,0.78136557,143.18407,0.0,84.8773852,-0.765073623,0.0,-1938.63198,145.181794,1630.1985,0.0,0.0
594.5,88.9253685,-1902.06359,-36.8006589,-36.8006589,7.33010835,7.33010835,8.0944553,8.0944553,1603.99174,-214.327005,-214.327005,-36.0065679,-36.0065679,-31.6697551,-31.6697551,0.781520309,143.18407,0.0,83.5129105,-0.735363118,0.0,-1902.06359,145.096229,1603.99174,0.0,0.0
595.0,88.6600484,-1869.73318,-36.7257499,-36.7257499,7.19084704,7.19084704,7.9532852,7.9532852,1580.77532,-174.77725,-174.77725,-28.9400379,-28.9400379,-25.6965085,-25.6965085,0.781653837,143.18407,0.0,82.3041316,-0.599415742,0.0,-1869.73318,144.99325,1580.77532,0.0,0.0
595.5,88.4509991,-1844.1292,-36.6755687,-36.6755687,7.08266507,7.08266507,7.84350497,7.84350497,1562.59222,-131.818657,-131.818657,-21.5758573,-21.5758573,-19.3104004,-19.3104004,0.781751133,143.18407,0.0,81.3574144,-0.452586763,0.0,-1844.1292,145.030272,1562.59222,0.0,0.0
596.0,88.43842,-1825.48426,-36.7142505,-36.7142505,7.01844712,7.01844712,7.77961526,7.77961526,1549.48074,-88.8600667,-88.8600667,-14.42247095,-14.42247095,-12.9173993,-12.9173993,0.781808851,143.18407,0.0,80.6747586,-0.306064248,0.0,-1825.48426,145.132882,1549.48074,0.0,0.0
596.5,88.43842,-1809.3707,-36.143009,-36.143009,6.85001718,6.85001718,7.59811815,7.59811815,1541.4122,-45.9072637,-45.9072637,-7.4122541,-7.4122541,-6.44473996,-6.44473996,0.781822813,147.35249,0.0,80.2546649,-0.1624418595,0.0,-1809.3707,147.126698,1541.4122,0.0,0.0
597.0,88.43842,-1493.4796,-32.1808446,-32.1808446,5.03039092,5.03039092,5.67616054,5.67616054,1538.0837,-2.950002954,-2.950002954,-0.475529084,-0.475529084,0.016723386,0.016723386,0.781795765,279.834677,0.0,80.081366,-0.0295335101,0.0,-1493.4796,276.627828,1538.0837,0.0,0.0
597.5,88.43842,-1020.594188,-32.4998698,-32.4998698,3.47316773,3.47316773,4.11093427,4.11093427,1539.47687,40.0085894,40.0085894,6.45133995,6.45133995,7.52699199,7.52699199,0.78172435,472.848859,0.0,80.1539016,0.109822859,0.0,-1020.594188,474.212419,1539.47687,0.0,0.0
598.0,88.43842,-565.713788,-32.5497725,-32.5497725,1.92814219,1.92814219,2.56814129,2.56814129,1545.66626,82.9671797,82.9671797,13.4324002,13.4324002,15.0135798,15.0135798,0.781593443,665.863042,0.0,80.4761555,0.248071943,0.0,-565.713788,667.105445,1545.66626,0.0,0.0
598.5,88.43842,-117.8127956,-32.5880707,-32.5880707,0.401906486,0.401906486,0.7921579278,0.7921579278,1556.62101,125.9257766,125.4770296,20.5319744,20.458534,22.9267216,22.8445853,0.781381261,858.877237,0.0,81.0465224,0.38421148,0.0,-117.8127956,859.876749,1556.62101,0.0,0.0
599.0,95.1085775,339.32768,-35.1229344,-35.1229344,-1.278283056,-1.278283056,-0.849577144,-0.849577144,1571.33722,168.884366,144.123855,27.7957566,23.7165744,31.0941351,26.5305838,0.781082107,1051.891413,0.0,81.8127315,0.454749239,0.0,339.32768,1058.688995,1571.33722,0.0,0.0
599.5,113.5107115,794.846237,-43.0360174,-43.0360174,-3.61189873,-3.61189873,-2.90722227,-2.90722227,1588.11012,201.111381,153.440167,33.4474816,25.5197822,37.456055,28.5783358,0.780768174,1244.90562,0.0,82.6860246,0.517809253,0.0,794.846237,1258.0272,1588.11012,0.0,0.0
600.0,132.104706,1231.8905,-50.8144702,-50.8144702,-6.58437623,-6.58437623,-5.63790226,-5.63790226,1607.23987,202.95592,165.782026,34.1594614,27.9051597,38.3143924,31.2997946,0.78045431,1437.9198,0.0,83.682027,0.590298705,0.0,1231.8905,1451.05422,1607.23987,0.0,0.0
600.5,150.6987,1664.65113,-58.5744158,-58.5744158,-10.2396832,-10.2396832,-9.0314051,-9.0314051,1629.02084,202.95592,180.797612,34.6223836,30.8456453,38.9298395,34.6839356,0.780140501,1630.93397,0.0,84.8160678,0.671002592,0.0,1664.65113,1643.84686,1629.02084,0.0,0.0
601.0,169.292693,2091.34907,-66.6579294,-66.6579294,-14.6321977,-14.6321977,-13.1245973,-13.1245973,1653.71663,202.95592,197.647477,35.1472548,34.2315049,39.6366298,38.6046473,0.779827119,1821.91344,0.0,86.101871,0.757747561,0.0,2091.34907,1835.81875,1653.71663,0.0,0.0
601.5,187.886686,2229.54376,-78.6940645,-78.6940645,-18.3685022,-18.3685022,-16.4216896,-16.4216896,1681.03824,202.95592,202.95592,35.7279343,35.7279343,40.2818621,40.2818621,0.779541366,1890.9802,0.0,87.5243896,0.81359948,0.0,2229.54376,1909.27546,1681.03824,0.0,0.0
602.0,206.48068,2176.16288,-86.167275,-86.167275,-19.6336208,-19.6336208,-17.4005856,-17.4005856,1709.69172,202.95592,202.95592,36.3369216,36.3369216,40.8940206,40.8940206,0.779278685,1890.9802,0.0,89.0162514,0.844073688,0.0,2176.16288,1903.7938,1709.69172,0.0,0.0
602.5,225.074674,2136.00544,-93.482775,-93.482775,-20.9083612,-20.9083612,-18.3781977,-18.3781977,1739.40296,202.95592,202.95592,36.9683882,36.9683882,41.527721,41.527721,0.779024411,1893.33623,0.0,90.5631875,0.874045169,0.0,2136.00544,1904.43222,1739.40296,0.0,0.0
603.0,241.526175,2529.20095,-93.5742926,-93.5742926,-24.8167054,-24.8167054,-22.2153547,-22.2153547,1769.90666,202.95592,202.95592,37.6166987,37.6166987,42.1871454,42.1871454,0.778788811,2085.16557,0.0,92.1513815,0.888758391,0.0,2529.20095,2085.8546,1769.90666,0.0,0.0
603.5,244.03218,3122.79155,-98.837942,-98.837942,-32.3489206,-32.3489206,-29.4097671,-29.4097671,1800.76072,202.95592,202.95592,38.2724559,38.2724559,42.8545771,42.8545771,0.778633922,2341.52991,0.0,93.7578212,0.8960804,0.0,3122.79155,2350.86755,1800.76072,0.0,0.0
604.0,244.03218,3123.4,-101.9811841,-101.9811841,-33.3564859,-33.3564859,-30.2673747,-30.2673747,1831.80892,202.95592,202.95592,38.9323386,38.9323386,43.524078,43.524078,0.77852279,2367.6667,0.0,95.3743665,0.896683673,0.0,3123.4,2369.24953,1831.80892,0.0,0.0
604.5,244.03218,3074.70657,-101.7955796,-101.7955796,-32.7764033,-32.7764033,-29.703546,-29.703546,1862.71542,202.95592,202.95592,39.5892096,39.5892096,44.1884099,44.1884099,0.778400142,2367.6667,0.0,96.9835321,0.89143314,0.0,3074.70657,2367.03389,1862.71542,0.0,0.0
605.0,244.03218,3031.57028,-101.7900651,-101.7900651,-32.3148136,-32.3148136,-29.2497741,-29.2497741,1893.44754,202.95592,202.95592,40.2423747,40.2423747,44.8469149,44.8469149,0.7782649,2367.6667,0.0,98.5836234,0.886442103,0.0,3031.57028,2367.02881,1893.44754,0.0,0.0
605.5,244.03218,2988.78579,-101.7885891,-101.7885891,-31.858293,-31.858293,-28.8018143,-28.8018143,1924.00642,202.95592,202.95592,40.8918572,40.8918572,45.4997476,45.4997476,0.778116934,2367.6667,0.0,100.174689,0.881405361,0.0,2988.78579,2367.06896,1924.00642,0.0,0.0
606.0,244.03218,1960.27872777,-130.9003655,-130.9003655,-25.0505209235,-25.0505209235,-21.735904189,-21.735904189,1954.67151,202.95592,182.988741,41.5435978,37.4324213,45.9988883,41.4904651,0.777952316,1897.49872,0.0,101.7712909,0.862329119,0.0,1960.27872777,1957.00469,1954.67151,0.0,0.0
606.5,244.03218,1.662870481,-113.1468295,-113.1468295,-0.02055366301,-0.02055366301,0.00098701005,0.00098701005,1978.96551,202.95592,112.9721896,42.0599308,23.4118199,46.0322892,25.6229657,0.777673276,1199.5009,0.0,103.0361715,0.584030558,0.0,1.662870481,1156.19527,1978.96551,0.0,0.0
607.0,221.488104,3.297035488,-93.5495645,-93.5495645,-0.03200931231,-0.03200931231,-0.01100501681,-0.01100501681,1998.38456,202.95592,111.9148573,42.4726534,23.4203105,46.4568122,25.6172691,0.777360034,1199.5009,0.0,104.0472399,0.53368763,0.0,3.297035488,1168.2139,1998.38456,0.0,0.0
607.5,211.8387,40.6233929,-87.8079115,-87.8079115,-0.373842006,-0.373842006,-0.1405395314,-0.1405395314,2016.12366,202.95592,111.510081,42.8496701,23.5428086,46.84324,25.736994,0.77704686,1199.5009,0.0,104.970837,0.508050425,0.0,40.6233929,1194.10341,2016.12366,0.0,0.0
608.0,211.8387,31.3997728,-88.2742809,-88.2742809,-0.290253582,-0.290253582,-0.1074028047,-0.1074028047,2033.60186,202.95592,110.4395385,43.2211431,23.5188244,47.224952,25.6975128,0.776733745,1199.5009,0.0,105.88085,0.50234441,0.0,31.3997728,1200.47079,2033.60186,0.0,0.0
608.5,211.8387,8.151886074,-88.3463616,-88.3463616,-0.0753709737,-0.0753709737,-0.02695910898,-0.02695910898,2050.84579,201.644231,109.1921383,43.3049515,23.4503718,47.2930343,25.6099634,0.776420692,1199.5009,0.0,106.7786665,0.495304727,0.0,8.151886074,1200.86578,2050.84579,0.0,0.0
609.0,211.8387,5.879451771,-92.5240845,-92.5240845,-0.05728154063,-0.05728154063,-0.01803268387,-0.01803268387,2067.849,167.824751,108.2473449,36.3345929,23.440255,39.6613236,25.5861127,0.776107696,1199.5009,0.0,107.6639538,0.477917445,0.0,5.879451771,1209.84827,2067.849,0.0,0.0
609.5,211.8387,203.7719715,-84.355088,-84.355088,-1.7453234176,-1.7453234176,-0.9895991667,-0.9895991667,2084.5927,120.1677799,107.5894528,26.2255876,23.4857494,28.6123075,25.6228145,0.775797394,1317.7146,0.0,108.5357266,0.477258547,0.0,203.7719715,1301.96934,2084.5927,0.0,0.0
610.0,211.8387,793.332872,-84.5376461,-84.5376461,-7.05183258,-7.05183258,-5.27466725,-5.27466725,2099.36133,72.5105058,72.5105058,15.9359107,15.9359107,17.4959427,17.4959427,0.775592392,1550.54281,0.0,109.304662,0.361431873,0.0,793.332872,1555.91322,2099.36133,0.0,0.0
610.5,211.8387,882.274882,-88.469297,-88.469297,-8.17407495,-8.17407495,-6.21179126,-6.21179126,2109.32049,24.84632001,24.84632001,5.485221095,5.485221095,6.465923433,6.465923433,0.775542668,1594.6296,0.0,109.8231965,0.212251726,0.0,882.274882,1598.73779,2109.32049,0.0,0.0
611.0,211.8387,867.540822,-88.1720446,-88.1720446,-8.01031422,-8.01031422,-6.06282533,-6.06282533,2113.99928,-19.942374,-19.942374,-4.415468297,-4.415468297,-3.643793396,-3.643793396,0.775578094,1594.6296,0.0,110.066795,0.0659618833,0.0,867.540822,1595.33865,2113.99928,0.0,0.0
611.5,211.8387,865.535,-88.1563252,-88.1563252,-7.99036708,-7.99036708,-6.04417037,-6.04417037,2115.39832,-29.925106,-29.925106,-6.62912907,-6.62912907,-5.60522641,-5.60522641,0.775654732,1594.6296,0.0,110.139639,0.0333638925,0.0,865.535,1595.32097,2115.39832,0.0,0.0
612.0,211.8387,863.943106,-88.156848,-88.156848,-7.97571851,-7.97571851,-6.03013347,-6.03013347,2116.54814,-29.925106,-29.925106,-6.63273226,-6.63273226,-5.60851221,-5.60851221,0.775734095,1594.6296,0.0,110.1995066,0.033154815,0.0,863.943106,1595.32995,2116.54814,0.0,0.0
612.5,211.8387,862.343847,-88.1568049,-88.1568049,-7.96095049,-7.96095049,-6.01601009,-6.01601009,2117.69075,-29.925106,-29.925106,-6.63631304,-6.63631304,-5.61177752,-5.61177752,0.775813368,1594.6296,0.0,110.2589984,0.0329459559,0.0,862.343847,1595.33162,2117.69075,0.0,0.0
613.0,211.8387,860.754293,-88.1567476,-88.1567476,-7.94627091,-7.94627091,-6.00198225,-6.00198225,2118.82612,-29.925106,-29.925106,-6.63987104,-6.63987104,-5.6150224,-5.6150224,0.775892624,1594.6296,0.0,110.3181114,0.0327382783,0.0,860.754293,1595.33317,2118.82612,0.0,0.0
613.5,211.8387,859.174747,-88.1566905,-88.1566905,-7.93168381,-7.93168381,-5.98805358,-5.98805358,2119.95439,-29.925106,-29.925106,-6.64340675,-6.64340675,-5.61824721,-5.61824721,0.775971779,1594.6296,0.0,110.3768535,0.0325317996,0.0,859.174747,1595.33469,2119.95439,0.0,0.0
614.0,211.8387,857.605158,-88.1566348,-88.1566348,-7.91718879,-7.91718879,-5.97422336,-5.97422336,2121.07556,-29.925106,-29.925106,-6.64691998,-6.64691998,-5.62145179,-5.62145179,0.776050863,1594.6296,0.0,110.4352272,0.0323265138,0.0,857.605158,1595.33616,2121.07556,0.0,0.0
614.5,211.8387,856.045497,-88.1565751,-88.1565751,-7.90278539,-7.90278539,-5.96049106,-5.96049106,2122.1896,-29.925106,-29.925106,-6.65041116,-6.65041116,-5.62463657,-5.62463657,0.776129884,1594.6296,0.0,110.4932307,0.0321224169,0.0,856.045497,1595.33769,2122.1896,0.0,0.0
615.0,211.8387,854.495685,-88.1565204,-88.1565204,-7.88847277,-7.88847277,-5.94685571,-5.94685571,2123.29658,-29.925106,-29.925106,-6.65388024,-6.65388024,-5.62780136,-5.62780136,0.776208844,1594.6296,0.0,110.5508692,0.0319195025,0.0,854.495685,1595.33915,2123.29658,0.0,0.0
615.5,211.401638,851.942565,-88.025428,-88.025428,-7.85325309,-7.85325309,-5.91705253,-5.91705253,2124.39337,-29.925106,-29.925106,-6.6573172,-6.6573172,-5.63093719,-5.63093719,0.776287725,1594.6296,0.0,110.6079721,0.0309817878,0.0,851.942565,1594.9172,2124.39337,0.0,0.0
616.0,207.069866,843.784235,-86.2002009,-86.2002009,-7.61680198,-7.61680198,-5.7435293,-5.7435293,2125.3388,-29.925106,-29.925106,-6.66028002,-6.66028002,-5.63364038,-5.63364038,0.776365983,1594.6296,0.0,110.6571969,0.0225867685,0.0,843.784235,1592.07447,2125.3388,0.0,0.0
616.5,201.818184,842.054972,-83.982194,-83.982194,-7.40554485,-7.40554485,-5.60404033,-5.60404033,2125.94457,-29.925106,-29.925106,-6.66217841,-6.66217841,-5.63537252,-5.63537252,0.77644322,1594.6296,0.0,110.6887375,0.01249768145,0.0,842.054972,1591.70862,2125.94457,0.0,0.0
617.0,196.566505,840.902322,-81.8102145,-81.8102145,-7.20418789,-7.20418789,-5.47148907,-5.47148907,2126.82616,-9.09697066,-9.09697066,-2.024880811,-2.024880811,-1.287275332,-1.287275332,0.776512296,1594.6296,0.0,110.7346403,0.06979551314,0.0,840.902322,1591.74378,2126.82616,0.0,0.0
617.5,191.314823,833.05193,-79.6803922,-79.6803922,-6.95131165,-6.95131165,-5.28777976,-5.28777976,2132.5208,53.9371347,53.9371347,12.05012913,12.05012913,13.41364295,13.41364295,0.776506113,1594.6296,0.0,111.0311328,0.262847637,0.0,833.05193,1591.80222,2132.5208,0.0,0.0
618.0,186.06314,926.979106,-73.0164636,-73.0164636,-7.01967759,-7.01967759,-5.53125596,-5.53125596,2144.88834,118.2128574,115.0371204,26.5605855,25.8453954,28.936698,28.1573519,0.776350108,1652.27039,0.0,111.6750565,0.440547358,0.0,926.979106,1638.10732,2144.88834,0.0,0.0
618.5,180.811457,1789.05202,-66.0280185,-66.0280185,-12.359283,-12.359283,-10.9148376,-10.9148376,2161.73858,182.488583,147.596507,41.3212453,33.4162087,45.0933271,36.4651747,0.776050031,2013.70006,0.0,112.5523715,0.524497011,0.0,1789.05202,2006.66092,2161.73858,0.0,0.0
619.0,175.559779,2742.8405,-64.1439392,-64.1439392,-18.40650375,-18.40650375,-16.9120883,-16.9120883,2180.93191,246.764309,169.892354,56.3688818,38.8047604,61.6779514,42.4581619,0.77573712,2418.75179,0.0,113.5516886,0.583641586,0.0,2742.8405,2414.74626,2180.93191,0.0,0.0
619.5,170.308096,3483.55069,-68.1315788,-68.1315788,-24.884671,-24.884671,-23.1757747,-23.1757747,2202.25396,311.040028,192.401378,71.744539,44.3752463,78.7684805,48.7191035,0.775424255,2726.53762,0.0,114.661838,0.653248139,0.0,3483.55069,2735.41094,2202.25396,0.0,0.0
620.0,165.056414,3470.66798,-69.0305233,-69.0305233,-25.0900718,-25.0900718,-23.3526735,-23.3526735,2224.93718,360.262177,191.415399,83.9421476,44.5975912,92.0603529,48.9113248,0.77511148,2745.61,0.0,115.8428549,0.641182872,0.0,3470.66798,2743.29499,2224.93718,0.0,0.0
620.5,160.46892,3437.20396,-66.8857051,-66.8857051,-24.075328,-24.075328,-22.4173987,-22.4173987,2246.54355,363.452,186.219004,85.504808,43.808725,93.6193493,47.9663554,0.774798755,2745.61,0.0,116.9678044,0.611122578,0.0,3437.20396,2741.98614,2246.54355,0.0,0.0
621.0,159.82019,3414.4447,-66.6465954,-66.6465954,-23.8301292,-23.8301292,-22.1827673,-22.1827673,2267.41275,363.452,183.774166,86.2991033,43.6354901,94.3836131,47.7233168,0.774486096,2745.61,0.0,118.0543751,0.597973752,0.0,3414.4447,2744.70122,2267.41275,0.0,0.0
621.5,159.82019,3386.38675,-66.6650275,-66.6650275,-23.640858,-23.640858,-21.9956022,-21.9956022,2287.89458,363.452,181.579345,87.078654,43.5038027,95.1362471,47.5293619,0.7741735,2745.61,0.0,119.1207731,0.586878572,0.0,3386.38675,2744.98528,2287.89458,0.0,0.0
622.0,159.82019,3358.26102,-66.662429,-66.662429,-23.4435939,-23.4435939,-21.80137,-21.80137,2307.99338,363.452,179.419458,87.843625,43.3639721,95.8739645,47.328193,0.773860966,2745.61,0.0,120.16723,0.575899883,0.0,3358.26102,2745.01741,2307.99338,0.0,0.0
622.5,159.82019,3392.36716,-64.9064157,-64.9064157,-23.052778,-23.052778,-21.4672276,-21.4672276,2327.64547,363.452,176.797628,88.5915975,43.0942914,96.5890835,46.9846339,0.773548507,2774.87476,0.0,121.1904299,0.560431146,0.0,3392.36716,2770.6841,2327.64547,0.0,0.0
623.0,159.82019,3626.61428,-64.1643183,-64.1643183,-24.3684711,-24.3684711,-22.786068,-22.786068,2347.04891,363.452,180.206597,89.3301015,44.2923698,97.3968135,48.2920923,0.773236099,2880.67494,0.0,122.2006815,0.566252399,0.0,3626.61428,2879.48546,2347.04891,0.0,0.0
623.5,159.82019,3863.40298,-64.206725,-64.206725,-25.9764217,-25.9764217,-24.3695829,-24.3695829,2366.80174,363.452,184.509803,90.0819054,45.7316388,98.231612,49.8689901,0.772923765,2990.39049,0.0,123.229127,0.576230637,0.0,3863.40298,2989.54853,2366.80174,0.0,0.0
624.0,159.82019,4098.62674,-64.2101094,-64.2101094,-27.5594458,-27.5594458,-25.9290438,-25.9290438,2386.88388,363.452,188.63438,90.8462439,47.1506115,99.0751536,51.4215521,0.772611471,3100.10596,0.0,124.2747175,0.585461378,0.0,4098.62674,3099.1527,2386.88388,0.0,0.0
624.5,159.82019,4333.39246,-64.2125694,-64.2125694,-29.1391418,-29.1391418,-27.4851609,-27.4851609,2407.27761,363.452,192.652859,91.6224444,48.5664691,99.9313143,52.9707796,0.772299254,3209.82143,0.0,125.3365314,0.594247795,0.0,4333.39246,3208.74826,2407.27761,0.0,0.0
625.0,159.82019,4567.74374,-64.2148873,-64.2148873,-30.7161041,-30.7161041,-29.0388442,-29.0388442,2427.96715,363.452,196.562955,92.4098999,49.9780297,100.8035315,54.5175666,0.771987101,3319.53695,0.0,126.413746,0.602585349,0.0,4567.74374,3318.34403,2427.96715,0.0,0.0
625.5,159.82019,4801.70167,-64.2170891,-64.2170891,-32.290478,-32.290478,-30.5892545,-30.5892545,2448.93784,363.450602,200.378188,93.2076965,51.3881092,101.6835184,56.0610827,0.771675005,3429.25242,0.0,127.505598,0.610519425,0.0,4801.70167,3427.94017,2448.93784,0.0,0.0
626.0,160.048812,5035.806,-64.2843352,-64.2843352,-33.9008862,-33.9008862,-32.1727598,-32.1727598,2470.17882,363.304581,204.222141,93.9783209,52.8282612,102.5323445,57.6367698,0.771362992,3538.96789,0.0,128.611525,0.618829462,0.0,5035.806,3537.75526,2470.17882,0.0,0.0
626.5,162.911559,5273.4926,-65.4865086,-65.4865086,-36.1673905,-36.1673905,-34.3718832,-34.3718832,2491.87772,363.061966,210.047627,94.7405436,54.8129083,103.406385,59.8266778,0.771051018,3648.68338,0.0,129.741291,0.638455784,0.0,5273.4926,3649.3282,2491.87772,0.0,0.0
627.0,166.511294,5468.97481,-68.3907064,-68.3907064,-39.172102,-39.172102,-37.2482492,-37.2482492,2514.41415,362.819326,217.965381,95.5334869,57.3942347,104.353779,62.6936139,0.770739118,3739.68671,0.0,130.914667,0.668448186,0.0,5468.97481,3743.82865,2514.41415,0.0,0.0
627.5,170.111029,5383.05944,-74.7830725,-74.7830725,-42.0968766,-42.0968766,-39.9285575,-39.9285575,2537.98598,362.576706,224.997578,96.3645952,59.8025898,105.3377823,65.3727549,0.770427284,3709.61835,0.0,132.141949,0.701374285,0.0,5383.05944,3721.84207,2537.98598,0.0,0.0
628.0,173.710761,4454.94894,-82.7495595,-82.7495595,-38.6022045,-38.6022045,-36.2152863,-36.2152863,2562.20652,362.334089,211.035737,97.2191299,56.6171182,105.9295975,61.695082,0.770115523,3342.56118,0.0,133.403011,0.668943474,0.0,4454.94894,3349.79064,2562.20652,0.0,0.0
628.5,177.310494,3356.20211,-83.7869164,-83.7869164,-29.434377,-29.434377,-27.1365036,-27.1365036,2583.55975,362.091455,179.482847,97.9637105,48.5537854,106.133787,52.6068143,0.769803794,2902.91518,0.0,134.514778,0.568117625,0.0,3356.20211,2905.06195,2583.55975,0.0,0.0
629.0,180.91023,2275.6326,-85.2462815,-85.2462815,-20.3008174,-20.3008174,-18.0932738,-18.0932738,2601.50084,361.848832,148.192101,98.5779121,40.3673236,106.3625156,43.5575539,0.769492143,2463.26931,0.0,135.448897,0.469603073,0.0,2275.6326,2465.90469,2601.50084,0.0,0.0
629.5,183.845968,1198.603744,-86.485476,-86.485476,-10.85005374,-10.85005374,-8.85023887,-8.85023887,2616.00576,361.606217,116.2712463,99.0610844,31.8486667,106.7113634,34.3080709,0.769180544,2023.6234,0.0,136.204102,0.368642548,0.0,1198.603744,2026.21427,2616.00576,0.0,0.0
630.0,184.12325,206.50779538,-82.6131295,-82.6131295,-1.8674990377,-1.8674990377,-1.1186358645,-1.1186358645,2627.00848,361.363596,89.429932,99.410989,24.6009387,107.2934491,26.5506339,0.768869025,1629.01055,0.0,136.776963,0.272895431,0.0,206.50779538,1619.82026,2627.00848,0.0,0.0
630.5,184.12325,50.9224738,-76.2742364,-76.2742364,-0.407052695,-0.407052695,-0.157021828,-0.157021828,2635.78945,361.130125,85.7700426,99.6788449,23.6741822,107.6420672,25.5654837,0.768557561,1564.1322,0.0,137.234152,0.248016066,0.0,50.9224738,1560.20722,2635.78945,0.0,0.0
631.0,184.12325,51.5622004,-76.6729525,-76.6729525,-0.413998797,-0.413998797,-0.159451784,-0.159451784,2644.33581,361.06653,85.4845879,99.9844499,23.6718654,107.966316,25.5616154,0.768246161,1564.1322,0.0,137.679126,0.245839558,0.0,51.5622004,1565.46359,2644.33581,0.0,0.0
631.5,183.878968,39.6061954,-76.6375155,-76.6375155,-0.317896471,-0.317896471,-0.1198951104,-0.1198951104,2652.77759,361.06653,85.0585704,100.3036415,23.6290876,108.3103993,25.5152842,0.767934818,1564.1322,0.0,138.118652,0.24218627,0.0,39.6061954,1565.41769,2652.77759,0.0,0.0
632.0,174.617307,10.7755273,-72.876513,-72.876513,-0.0836122468,-0.0836122468,-0.0301921331,-0.0301921331,2660.85818,361.06653,84.475213,100.6091741,23.5385116,108.646049,25.418817,0.767623561,1564.1322,0.0,138.539373,0.221116245,0.0,10.7755273,1558.13922,2660.85818,0.0,0.0
632.5,160.809747,1.82974634265,-68.0256915,-68.0256915,-0.012940174807,-0.012940174807,-0.003922614822,-0.003922614822,2667.99046,361.06653,84.144889,100.8788547,23.5093415,108.9357711,25.3869685,0.767312349,1564.1322,0.0,138.910723,0.193835408,0.0,1.82974634265,1558.58133,2667.99046,0.0,0.0
633.0,147.002192,3.85928922,-66.4707411,-64.0512824,-0.02696373285,-0.02723407316,-0.00835521185,-0.0091262585,2674.13627,361.06653,83.9567375,101.1112286,23.5108072,109.1819705,25.3874498,0.767001206,1564.1322,0.0,139.230706,0.168647376,0.0,3.85928922,1563.01428,2674.13627,0.0,0.0
633.5,133.194634,1.86218729,-66.3528411,-61.8765217,-0.01304077678,-0.01386061515,0.00533157644,0.00299307831,2679.3154,361.06653,83.754499,101.3070586,23.4995987,109.3910174,25.3747873,0.766690109,1564.1322,0.0,139.500362,0.1427914805,0.0,1.86218729,1565.20737,2679.3154,0.0,0.0
634.0,119.3870772,1.63955761,-67.4339019,-63.9835339,-0.0116435046,-0.01203583207,0.00432053314,0.00320224254,2683.53363,361.06653,83.6007301,101.466552,23.4933865,109.5608906,25.3675349,0.766379081,1564.1322,0.0,139.719987,0.126463331,0.0,1.63955761,1567.57771,2683.53363,0.0,0.0
634.5,105.579521,-0.842138462,-68.6537489,-44.5722634,0.00603402781,0.003435196543,0.022221126844,0.014818995001,2686.80363,361.06653,83.4419953,101.590193,23.4773562,109.6939802,25.3501308,0.766068135,1564.1322,0.0,139.890241,0.0810221925,0.0,-0.842138462,1568.45437,2686.80363,0.0,0.0
635.0,91.771964,192.724324452,-43.72546495,-27.39813835,-0.08232056079,-0.09099998564,0.0083326653,-0.01599919477,2689.028,361.06653,83.5248924,101.6743004,23.5201459,109.777625,25.3946675,0.765757234,1716.13838,0.0,140.006056,0.04305626352,0.0,192.724324452,1650.29762,2689.028,0.0,0.0
635.5,77.9644075,2455.59453,-15.21192212,-15.21192212,-4.510801085,-4.510801085,-4.086804037,-4.086804037,2689.5721,361.06653,96.9239219,101.6948711,27.299278,109.5667783,29.4065133,0.765446395,2601.07897,0.0,140.034386,0.04180498602,0.0,2455.59453,2592.21234,2689.5721,0.0,0.0
636.0,67.8396929,2897.09427,-29.073566,-29.073566,-8.8238132,-8.8238132,-8.20754828,-8.20754828,2692.60935,361.06653,110.6116037,101.809712,31.1889465,109.506217,33.5466795,0.765135627,2770.7446,0.0,140.192521,0.09771992,0.0,2897.09427,2777.69702,2692.60935,0.0,0.0
636.5,67.34692,2875.67774,-28.0490182,-28.0490182,-8.4466888,-8.4466888,-7.84938762,-7.84938762,2695.78632,361.06653,109.254156,101.9298361,30.8426703,109.641683,33.1761774,0.764824907,2770.7446,0.0,140.357931,0.090226928,0.0,2875.67774,2770.6405,2695.78632,0.0,0.0
637.0,67.34692,2871.34953,-28.0482419,-28.0482419,-8.4337422,-8.4337422,-7.83669276,-7.83669276,2698.88265,360.680167,109.0690975,101.9376626,30.8257946,109.6455691,33.1566521,0.764514264,2770.7446,0.0,140.519142,0.0889059985,0.0,2871.34953,2770.64741,2698.88265,0.0,0.0
637.5,67.34692,2867.0785,-28.0479003,-28.0479003,-8.4210952,-8.4210952,-7.82428843,-7.82428843,2701.93375,349.632123,108.8872021,98.9265418,30.8091767,106.4024427,33.1374283,0.764203698,2770.7446,0.0,140.678003,0.0876057954,0.0,2867.0785,2770.65173,2701.93375,0.0,0.0
638.0,67.34692,2862.86954,-28.0475446,-28.0475446,-8.40862585,-8.40862585,-7.81206072,-7.81206072,2704.94026,333.794459,108.7080274,94.5504372,30.7927049,101.6915624,33.1183845,0.763893159,2770.7446,0.0,140.834536,0.0863239796,0.0,2862.86954,2770.65578,2704.94026,0.0,0.0
638.5,67.34692,2858.72216,-28.0471932,-28.0471932,-8.39633905,-8.39633905,-7.80001402,-7.80001402,2707.90272,317.956801,108.5315395,90.1628955,30.7763826,96.9688202,33.0995249,0.763582689,2770.7446,0.0,140.98878,0.0850603774,0.0,2858.72216,2770.65977,2707.90272,0.0,0.0
639.0,67.34692,2854.63544,-28.0468467,-28.0468467,-8.3842326,-8.3842326,-7.78814561,-7.78814561,2710.8218,302.119138,108.3573516,85.764155,30.7601113,92.2347526,33.080847,0.763272298,2770.7446,0.0,141.140763,0.0838136175,0.0,2854.63544,2770.66369,2710.8218,0.0,0.0
639.5,67.34692,2850.81463,-27.9679985,-27.9679985,-8.3494709,-8.3494709,-7.75497204,-7.75497204,2713.69769,286.281476,108.1186861,81.3544386,30.7249136,87.4901758,33.0421801,0.762961956,2771.14814,0.0,141.290501,0.082232411,0.0,2850.81463,2770.75309,2713.69769,0.0,0.0
640.0,67.34692,2961.54354,-26.0436182,-26.0436182,-8.07695655,-8.07695655,-7.5087012,-7.5087012,2716.39635,273.042606,107.1705284,77.669659,30.4858063,83.5308531,32.7863397,0.76265169,2821.3263,0.0,141.431007,0.0751830465,0.0,2961.54354,2818.4039,2716.39635,0.0,0.0
640.5,67.34692,3167.36079,-26.1443892,-26.1443892,-8.6717536,-8.6717536,-8.08742649,-8.08742649,2719.08807,271.6076,108.9519438,77.3381554,31.0232607,83.1579146,33.357778,0.762341466,2905.95587,0.0,141.571156,0.0804899399,0.0,3167.36079,2905.61765,2719.08807,0.0,0.0
641.0,67.34692,3366.67452,-26.1533976,-26.1533976,-9.220575,-9.220575,-8.6218139,-8.6218139,2721.95114,271.6076,110.579547,77.4195896,31.5198629,83.2299162,33.8854156,0.762031314,2990.58545,0.0,141.720219,0.0850992794,0.0,3366.67452,2990.22532,2721.95114,0.0,0.0
641.5,68.263358,3567.55915,-26.2982674,-26.2982674,-9.8264533,-9.8264533,-9.2109353,-9.2109353,2724.51931,131.05626529,84.10079529,37.389282726,23.994870526,40.325682245,25.927883745,0.761738665,3075.21499,0.0,141.853936,0.0002208909,0.0,3567.55915,3075.31445,2724.51931,0.0,0.0
642.0,106.190427,3751.59486,-43.4713315,-43.4713315,-17.09408665,-17.09408665,-16.09606155,-16.09606155,2716.51231,-60.4778382,-60.4778382,-17.201957,-17.201957,-15.7818854,-15.7818854,0.761762889,3114.3328,0.0,141.437045,-0.392095289,0.0,3751.59486,3147.21779,2716.51231,0.0,0.0
642.5,163.292627,3842.75145,-64.7310205,-64.7310205,-26.0705256,-26.0705256,-24.4440619,-24.4440619,2704.5001,-64.04611,-64.04611,-18.1387925,-18.1387925,-16.6962917,-16.6962917,0.76198201,3147.89123,0.0,140.811621,-0.296898606,0.0,3842.75145,3178.13488,2704.5001,0.0,0.0
643.0,220.39483,4594.094279999999,-83.1893255,-83.1893255,-40.2172654,-40.2172654,-37.7823669,-37.7823669,2695.91271,-64.04611,-64.04611,-18.0811979,-18.0811979,-16.6409476,-16.6409476,0.762245314,3451.85413,0.0,140.364514,-0.196250538,0.0,4594.094279999999,3485.76011,2695.91271,0.0,0.0
643.5,277.497026,5481.494049999999,-107.3281164,-107.3281164,-61.7885381,-61.7885381,-58.1386311,-58.1386311,2691.03167,-64.04611,-64.04611,-18.0484609,-18.0484609,-16.6094965,-16.6094965,0.762583339,3814.17573,0.0,140.11038,-0.0865856714,0.0,5481.494049999999,3852.1637,2691.03167,0.0,0.0
644.0,334.599229,6352.87533,-131.127809,-131.127809,-87.4141222,-87.4141222,-82.7555024,-82.7555024,2689.91185,-64.04611,-64.04611,-18.0409509,-18.0409509,-16.6022817,-16.6022817,0.76300724,4176.49733,0.0,140.052075,0.0216143054,0.0,6352.87533,4214.09798,2689.91185,0.0,0.0
644.5,391.701427,7218.803169999999,-154.918453,-154.918453,-117.2882524,-117.2882524,-111.7971439,-111.7971439,2692.51739,-64.04611,-64.04611,-18.0584255,-18.0584255,-16.6190687,-16.6190687,0.763523685,4538.81913,0.0,140.187729,0.128933225,0.0,7218.803169999999,4575.93826,2692.51739,0.0,0.0
645.0,430.793228,7993.71117,-174.791522,-174.791522,-146.381038,-146.381038,-140.247827,-140.247827,2698.55649,-64.04611,-64.04611,-18.0989298,-18.0989298,-16.6579848,-16.6579848,0.764133661,4873.815759999999,0.0,140.502165,0.207662792,0.0,7993.71117,4901.90942,2698.55649,0.0,0.0
645.5,432.00085,8086.50435,-180.301311,-180.301311,-152.682889,-152.682889,-146.365584,-146.365584,2705.9942,-64.04611,-64.04611,-18.1488135,-18.1488135,-16.7059221,-16.7059221,0.764797659,4941.525,0.0,140.889418,0.216927046,0.0,8086.50435,4944.86412,2705.9942,0.0,0.0
646.0,432.00085,8061.17316,-179.830754,-179.830754,-151.806667,-151.806667,-145.50479,-145.50479,2713.44294,-64.04611,-64.04611,-18.198771,-18.198771,-16.7537728,-16.7537728,0.765463443,4941.525,0.0,141.277233,0.214366107,0.0,8061.17316,4938.67302,2713.44294,0.0,0.0
646.5,432.00085,8050.510929999999,-179.81807,-179.81807,-151.595186,-151.595186,-145.292509,-145.292509,2720.82339,-64.04611,-64.04611,-18.2482713,-18.2482713,-16.8010321,-16.8010321,0.766128285,4941.525,0.0,141.661506,0.212613243,0.0,8050.510929999999,4938.54574,2720.82339,0.0,0.0
647.0,432.00085,8040.23962,-179.818503,-179.818503,-151.402132,-151.402132,-145.098241,-145.098241,2728.16298,-61.330062,-61.330062,-17.5206294,-17.5206294,-16.0985775,-16.0985775,0.766792606,4941.525,0.0,142.043642,0.219659104,0.0,8040.23962,4938.55734,2728.16298,0.0,0.0
647.5,432.00085,8024.409730000001,-179.898532,-179.898532,-151.171269,-151.171269,-144.862775,-144.862775,2739.73393,30.86376513,29.84998713,8.8757858,8.5839857,10.16485585,9.84989955,0.767425126,4941.525,0.0,142.646093,0.512010135,0.0,8024.409730000001,4938.72653,2739.73393,0.0,0.0
648.0,432.00085,7993.7455,-179.949765,-179.949765,-150.636501,-150.636501,-144.322879,-144.322879,2761.45439,165.406116,81.3699135,47.8581181,23.5303276,51.6521132,25.3959181,0.767975333,4941.525,0.0,143.776984,0.67370192,0.0,7993.7455,4938.64933,2761.45439,0.0,0.0
648.5,432.00085,7961.19457,-179.944013,-179.944013,-150.018312,-150.018312,-143.701571,-143.701571,2784.61395,217.34,80.7403978,63.3772306,23.5441069,68.3937025,25.4076859,0.768509312,4941.525,0.0,144.9828,0.666112338,0.0,7961.19457,4938.62728,2784.61395,0.0,0.0
649.0,432.00085,7929.13366,-179.941811,-179.941811,-149.41233,-149.41233,-143.092643,-143.092643,2807.51249,217.34,80.1286749,63.8983969,23.5578734,68.947639,25.4194155,0.769041292,4941.525,0.0,146.175032,0.658603452,0.0,7929.13366,4938.65681,2807.51249,0.0,0.0
649.5,432.00085,6622.70082,-223.645858,-223.645858,-150.3041965,-150.3041965,-142.4976956,-142.4976956,2830.8658,217.34,79.5150984,64.4299134,23.571913,69.5122905,25.4313213,0.769580917,4312.701719999999,0.0,147.390934,0.726937528,0.0,6622.70082,4408.67641,2830.8658,0.0,0.0
650.0,432.00085,3257.66121,-177.313469,-177.313469,-60.4746159,-60.4746159,-54.6577616,-54.6577616,2863.2777,217.34,217.34,65.1676009,65.1676009,70.5571477,70.5571477,0.769743209,3122.138,0.0,149.078487,1.08432023,0.0,3257.66121,3027.38364,2863.2777,0.0,0.0
650.5,432.00085,3424.34155,-179.771162,-179.771162,-64.4650861,-64.4650861,-58.5165327,-58.5165327,2900.64606,217.34,217.34,66.0180971,66.0180971,71.4177066,71.4177066,0.769620063,3122.138,0.0,151.024092,1.07928954,0.0,3424.34155,3118.55962,2900.64606,0.0,0.0
651.0,432.00085,3380.05824,-180.050303,-180.050303,-63.7303955,-63.7303955,-57.7852419,-57.7852419,2937.7941,216.762588,216.762588,66.685379,66.685379,72.0785256,72.0785256,0.769500299,3122.138,0.0,152.958232,1.06854895,0.0,3380.05824,3121.82344,2937.7941,0.0,0.0
651.5,432.00085,3328.86267,-180.051233,-180.051233,-62.7654439,-62.7654439,-56.8369047,-56.8369047,2974.46297,214.722115,214.722115,66.8820601,66.8820601,72.2168284,72.2168284,0.769366722,3122.138,0.0,154.86742,1.05259382,0.0,3328.86267,3121.93125,2974.46297,0.0,0.0
652.0,432.00085,3278.31058,-180.046832,-180.046832,-61.8107769,-61.8107769,-55.9010303,-55.9010303,3010.5734,212.61269,212.61269,67.029007,67.029007,72.3020312,72.3020312,0.769221144,3122.138,0.0,156.747533,1.036435,0.0,3278.31058,3121.9808,3010.5734,0.0,0.0
652.5,432.00085,3228.53726,-180.042348,-180.042348,-60.8708146,-60.8708146,-54.9803624,-54.9803624,3046.12578,210.503257,210.503257,67.147698,67.147698,72.35807,72.35807,0.769063512,3122.138,0.0,158.598587,1.02031027,0.0,3228.53726,3122.02858,3046.12578,0.0,0.0
653.0,432.30463,3180.25838,-180.131697,-180.131697,-59.9901585,-59.9901585,-54.1073498,-54.1073498,3081.12377,208.393833,208.393833,67.2385816,67.2385816,72.3854945,72.3854945,0.768893784,3122.138,0.0,160.420787,1.004740513,0.0,3180.25838,3122.37445,3081.12377,0.0,0.0
653.5,435.057403,3136.1438,-181.289215,-181.289215,-59.5377499,-59.5377499,-53.6270212,-53.6270212,3115.66034,206.284405,206.284405,67.3040316,67.3040316,72.3899567,72.3899567,0.768714786,3122.138,0.0,162.218953,0.993900672,0.0,3136.1438,3124.18366,3115.66034,0.0,0.0
654.0,438.338974,3088.78021,-182.669224,-182.669224,-59.0849524,-59.0849524,-53.1421975,-53.1421975,3149.85122,204.174981,204.174981,67.3468347,67.3468347,72.3736995,72.3736995,0.768529614,3122.138,0.0,163.999122,0.984055908,0.0,3088.78021,3124.43909,3149.85122,0.0,0.0
654.5,441.617362,3041.40021,-184.032297,-184.032297,-58.6127547,-58.6127547,-52.6410978,-52.6410978,3183.70081,202.065556,202.065556,67.367309,67.367309,72.3344775,72.3344775,0.768337779,3122.138,0.0,165.76153,0.974170923,0.0,3041.40021,3124.48853,3183.70081,0.0,0.0
655.0,443.06555,2990.87356,-184.677487,-184.677487,-57.8416925,-57.8416925,-51.8682649,-51.8682649,3217.16847,199.956127,199.956127,67.364834,67.364834,72.2717191,72.2717191,0.768137892,3122.138,0.0,167.504044,0.960912772,0.0,2990.87356,3123.00549,3217.16847,0.0,0.0
655.5,443.06555,3001.94647,-182.39076,-182.39076,-57.3254122,-57.3254122,-51.4238606,-51.4238606,3250.09518,198.485558,198.485558,67.5543184,67.5543184,72.4219356,72.4219356,0.767924687,3152.10036,0.0,169.218394,0.942989101,0.0,3001.94647,3146.83866,3250.09518,0.0,0.0
656.0,443.06555,3368.8726,-180.367643,-180.367643,-63.6326917,-63.6326917,-57.6850417,-57.6850417,3282.43579,198.43433,198.43433,68.2089966,68.2089966,73.0846976,73.0846976,0.767740747,3319.91761,0.0,170.902236,0.930184798,0.0,3368.8726,3318.40281,3282.43579,0.0,0.0
656.5,443.06555,3771.0288,-180.48112,-180.48112,-71.2722342,-71.2722342,-65.2055781,-65.2055781,3314.44149,198.43433,198.43433,68.8740725,68.8740725,73.7618899,73.7618899,0.767636384,3504.72051,0.0,172.56863,0.921270952,0.0,3771.0288,3504.43083,3314.44149,0.0,0.0
657.0,443.06555,4170.25739,-180.48122,-180.48122,-78.8176424,-78.8176424,-72.6535769,-72.6535769,3346.13387,198.43433,198.43433,69.5326404,69.5326404,74.4330521,74.4330521,0.767594666,3689.52341,0.0,174.218716,0.912161837,0.0,4170.25739,3689.05773,3346.13387,0.0,0.0
657.5,443.06555,4570.15207,-180.466744,-180.466744,-86.368515,-86.368515,-80.131282,-80.131282,3377.2339,179.853976,179.853976,63.5872561,63.5872561,67.9640769,67.9640769,0.767611747,3874.32628,0.0,175.837959,0.843061767,0.0,4570.15207,3873.61596,3377.2339,0.0,0.0
658.0,443.06555,4985.03675,-180.296617,-180.296617,-94.1197849,-94.1197849,-87.8290919,-87.8290919,3397.2446,-5.26941544,-5.26941544,-1.89059886,-1.89059886,-0.2280932,-0.2280932,0.7678539,4059.12921,0.0,176.879828,0.238065546,0.0,4985.03675,4057.93663,3397.2446,0.0,0.0
658.5,437.143147,5207.626920000001,-182.395936,-182.395936,-99.4744058,-99.4744058,-93.0834736,-93.0834736,3393.08109,-219.389929,-219.389929,-77.9305282,-77.9305282,-72.471136,-72.471136,0.76841738,4148.649,0.0,176.663056,-0.45781583,0.0,5207.626920000001,4148.12696,3393.08109,0.0,0.0
659.0,391.370279,5156.10179,-162.919583,-162.919583,-87.9656126,-87.9656126,-82.263552,-82.263552,3371.27241,-273.5483,-273.5483,-96.573175,-96.573175,-89.2787544,-89.2787544,0.769114519,4148.649,0.0,175.527571,-0.718875832,0.0,5156.10179,4113.95306,3371.27241,0.0,0.0
659.5,338.236315,5185.74297,-140.521415,-140.521415,-76.3026507,-76.3026507,-71.381444,-71.381444,3344.72969,-273.5483,-273.5483,-95.8128362,-95.8128362,-88.532563,-88.532563,0.769789298,4148.649,0.0,174.145605,-0.816214178,0.0,5185.74297,4110.78882,3344.72969,0.0,0.0
660.0,292.427757,5244.775680000001,-120.8159724,-120.8159724,-66.3459121,-66.3459121,-62.1095795,-62.1095795,3314.92594,-273.5483,-273.5483,-94.9590799,-94.9590799,-87.6955115,-87.6955115,0.770432016,4148.649,0.0,172.593853,-0.898925696,0.0,5244.775680000001,4117.95055,3314.92594,0.0,0.0
660.5,286.46967,5353.77661,-118.7460506,-118.7460506,-66.574877,-66.574877,-62.40364,-62.40364,3283.66115,-273.5483,-273.5483,-94.063473,-94.063473,-86.8167755,-86.8167755,0.77105927,4148.649,0.0,170.966031,-0.901011727,0.0,5353.77661,4145.0515,3283.66115,0.0,0.0
661.0,286.46967,5402.908890000001,-118.9499275,-118.9499275,-67.3008396,-67.3008396,-63.1201794,-63.1201794,3252.67291,-273.5483,-273.5483,-93.1757863,-93.1757863,-85.9424744,-85.9424744,0.771686996,4148.649,0.0,169.352606,-0.891901974,0.0,5402.908890000001,4147.4019,3252.67291,0.0,0.0
661.5,286.46967,5445.98226,-118.9565421,-118.9565421,-67.8411465,-67.8411465,-63.6588306,-63.6588306,3221.98733,-273.5483,-273.5483,-92.2967695,-92.2967695,-85.0774975,-85.0774975,0.772313902,4148.649,0.0,167.754943,-0.883316736,0.0,5445.98226,4147.40797,3221.98733,0.0,0.0
662.0,286.46967,5488.53257,-118.9589591,-118.9589591,-68.3725905,-68.3725905,-64.1886985,-64.1886985,3191.59556,-273.5483,-273.5483,-91.4261686,-91.4261686,-84.221821,-84.221821,0.772939878,4148.649,0.0,166.172574,-0.874901285,0.0,5488.53257,4147.36803,3191.59556,0.0,0.0
662.5,286.46967,5530.67759,-118.9612551,-118.9612551,-68.8989334,-68.8989334,-64.711667,-64.711667,3161.49198,-273.5483,-273.5483,-90.5638244,-90.5638244,-83.375256,-83.375256,0.773564908,4148.649,0.0,164.60521,-0.866644406,0.0,5530.67759,4147.32757,3161.49198,0.0,0.0
663.0,286.46967,5320.73894,-128.199423,-128.199423,-71.2134746,-71.2134746,-66.7172243,-66.7172243,3131.81782,-273.5483,-273.5483,-89.7137794,-89.7137794,-82.5417361,-82.5417361,0.77419096,4021.88992,0.0,163.060204,-0.841862583,0.0,5320.73894,4042.6441,3131.81782,0.0,0.0
663.5,286.46967,3721.47175,-135.686908,-135.686908,-52.8984561,-52.8984561,-48.3561364,-48.3561364,3103.22634,-273.5483,-273.5483,-88.894752,-88.894752,-81.7393151,-81.7393151,0.774796794,3355.47263,0.0,161.571577,-0.820602563,0.0,3721.47175,3360.48284,3103.22634,0.0,0.0
664.0,286.46967,2002.71733,-135.261629,-135.261629,-28.3680496,-28.3680496,-24.3088557,-24.3088557,3074.96746,-273.5483,-273.5483,-88.0852498,-88.0852498,-80.94276,-80.94276,0.775327043,2628.08359,0.0,160.100254,-0.813839521,0.0,2002.71733,2628.79626,3074.96746,0.0,0.0
664.5,286.46967,460.734874,-127.7716406,-127.7716406,-6.37191461,-6.37191461,-4.105036684,-4.105036684,3046.86352,-273.5483,-273.5483,-87.2801874,-87.2801874,-80.149895,-80.149895,0.775776966,1988.98774,0.0,158.637003,-0.819972855,0.0,460.734874,1970.75633,3046.86352,0.0,0.0
665.0,286.46967,305.322882,-118.373666,-118.373666,-3.78634895,-3.78634895,-1.88516494,-1.88516494,3018.20822,-273.5483,-273.5483,-86.4593316,-86.4593316,-79.3424835,-79.3424835,0.776183568,1895.4337,0.0,157.145042,-0.829500828,0.0,305.322882,1889.35661,3018.20822,0.0,0.0
665.5,286.46967,363.100686,-118.9595671,-118.9595671,-4.52331377,-4.52331377,-2.37587333,-2.37587333,2989.68635,-273.5483,-273.5483,-85.642297,-85.642297,-78.539841,-78.539841,0.776587926,1895.4337,0.0,155.660038,-0.821044875,0.0,363.100686,1896.74469,2989.68635,0.0,0.0
666.0,286.46967,403.042616,-118.9756891,-118.9756891,-5.02155133,-5.02155133,-2.73778006,-2.73778006,2961.42804,-273.5483,-273.5483,-84.8328096,-84.8328096,-77.7456105,-77.7456105,0.776990758,1895.4337,0.0,154.188748,-0.81375895,0.0,403.042616,1896.86498,2961.42804,0.0,0.0
666.5,286.46967,442.26262,-118.9779331,-118.9779331,-5.51030107,-5.51030107,-3.11230573,-3.11230573,2933.41869,-273.5483,-273.5483,-84.0304569,-84.0304569,-76.9593519,-76.9593519,0.777392018,1895.4337,0.0,152.730421,-0.806630139,0.0,442.26262,1896.83025,2933.41869,0.0,0.0
667.0,286.46967,481.133851,-118.979884,-118.979884,-5.99470903,-5.99470903,-3.50243466,-3.50243466,2905.65354,-273.5483,-273.5483,-83.2350992,-83.2350992,-76.1803274,-76.1803274,0.777791757,1895.4337,0.0,151.284811,-0.799630798,0.0,481.133851,1896.79297,2905.65354,0.0,0.0
667.5,286.470115,519.669267,-118.9817949,-118.9817949,-6.47494671,-6.47494671,-3.90780437,-3.90780437,2878.12813,-273.5483,-273.5483,-82.4466091,-82.4466091,-75.4039434,-75.4039434,0.778190079,1895.4337,0.0,149.851682,-0.792757122,0.0,519.669267,1896.75599,2878.12813,0.0,0.0
668.0,313.012602,610.029396,-129.6432756,-129.6432756,-8.29991349,-8.29991349,-5.39515411,-5.39515411,2851.47079,-273.964987,-273.964987,-81.8069814,-81.8069814,-74.758921,-74.758921,0.778588608,1895.4337,0.0,148.463748,-0.736071741,0.0,610.029396,1918.79047,2851.47079,0.0,0.0
668.5,326.16324,604.67529,-135.933064,-135.933064,-8.60757345,-8.60757345,-5.56024433,-5.56024433,2826.55702,-280.250994,-280.250994,-82.951506,-82.951506,-75.6571915,-75.6571915,0.778991552,1895.4337,0.0,147.166594,-0.723776192,0.0,604.67529,1902.01562,2826.55702,0.0,0.0
669.0,326.16324,627.689273,-135.521846,-135.521846,-8.9080381,-8.9080381,-5.8574543,-5.8574543,2801.14613,-288.425989,-288.425989,-84.6037114,-84.6037114,-76.9813907,-76.9813907,0.77939916,1895.4337,0.0,145.843562,-0.745888266,0.0,627.689273,1896.75466,2801.14613,0.0,0.0
669.5,326.16324,664.034934,-135.505879,-135.505879,-9.4227481,-9.4227481,-6.32263291,-6.32263291,2774.99112,-296.600979,-296.600979,-86.1893006,-86.1893006,-78.2322176,-78.2322176,0.779813173,1895.4337,0.0,144.481783,-0.767161605,0.0,664.034934,1896.60666,2774.99112,0.0,0.0
670.0,325.481549,700.478801,-135.387678,-135.387678,-9.93113315,-9.93113315,-6.75461974,-6.75461974,2748.19638,-301.871092,-301.871092,-86.8755021,-86.8755021,-78.7047375,-78.7047375,0.780232579,1895.4337,0.0,143.086698,-0.779570268,0.0,700.478801,1896.12602,2748.19638,0.0,0.0
670.5,289.796629,670.897606,-121.0120186,-121.0120186,-8.50700893,-8.50700893,-5.73154182,-5.73154182,2720.45213,-301.96237,-301.96237,-86.0245675,-86.0245675,-77.869182,-77.869182,0.78065025,1895.4337,0.0,141.64217,-0.842643576,0.0,670.897606,1867.61734,2720.45213,0.0,0.0
671.0,234.866371,692.647277,-97.4858415,-97.4858415,-7.06228294,-7.06228294,-4.95735464,-4.95735464,2689.54517,-301.96237,-301.96237,-85.0472504,-85.0472504,-76.9086324,-76.9086324,0.781060442,1895.4337,0.0,140.032983,-0.944681475,0.0,692.647277,1858.62122,2689.54517,0.0,0.0
671.5,179.936103,740.30007,-74.5826451,-74.5826451,-5.77195458,-5.77195458,-4.30837252,-4.30837252,2655.15113,-301.96237,-301.96237,-83.9596591,-83.9596591,-75.8378035,-75.8378035,0.781464532,1895.4337,0.0,138.242233,-1.044873584,0.0,740.30007,1858.36747,2655.15113,0.0,0.0
672.0,125.0058408,793.274836,-51.6977604,-51.6977604,-4.283662,-4.283662,-3.3807631,-3.3807631,2617.30587,-301.96237,-301.96237,-82.7629405,-82.7629405,-74.662142,-74.662142,0.781861474,1895.4337,0.0,136.271797,-1.14435465,0.0,793.274836,1858.31312,2617.30587,0.0,0.0
672.5,70.0755766,698.636676,-32.6395679,-32.6395679,-2.44978184,-2.44978184,-1.94065688,-1.94065688,2576.12148,-301.96237,-301.96237,-81.4606295,-81.4606295,-73.3858553,-73.3858553,0.782249517,1824.72483,0.0,134.1275,-1.23628772,0.0,698.636676,1794.88618,2576.12148,0.0,0.0
673.0,19.1963967,255.1139006,-11.89944543,-11.89944543,-0.380581033,-0.380581033,-0.2315255024,-0.2315255024,2531.76982,-301.96237,-301.96237,-80.058167,-80.058167,-72.0148364,-72.0148364,0.78262557,1616.75186,0.0,131.818303,-1.32581082,0.0,255.1139006,1584.43649,2531.76982,0.0,0.0
673.5,8.793943,-117.1824645,-7.67408121,-7.67408121,0.0977701692,0.0977701692,0.23439687396,0.23439687396,2485.53115,-301.96237,-301.96237,-78.5960368,-78.5960368,-70.5786658,-70.5786658,0.782992343,1405.31208,0.0,129.410855,-1.33608738,0.0,-117.1824645,1402.52284,2485.53115,0.0,0.0
674.0,8.793943,-550.241983,-8.01408752,-8.01408752,0.461887094,0.461887094,0.769707389,0.769707389,2439.52608,-301.96237,-301.96237,-77.1412874,-77.1412874,-69.1483574,-69.1483574,0.783351439,1193.87235,0.0,127.0155692,-1.325694,0.0,-550.241983,1195.46154,2439.52608,0.0,0.0
674.5,8.793943,-993.559722,-8.0243858,-8.0243858,0.834911676,0.834911676,1.16270507,1.16270507,2393.86046,-301.96237,-301.96237,-75.6972755,-75.6972755,-67.733229,-67.733229,0.783703086,982.432571,0.0,124.6379575,-1.31615097,0.0,-993.559722,984.329916,2393.86046,0.0,0.0
675.0,8.793943,-1437.53514,-8.02710775,-8.02710775,1.20839723,1.20839723,1.56020637,1.56020637,2348.52015,-301.96237,-301.96237,-74.26355,-74.26355,-66.3327388,-66.3327388,0.784047494,770.992832,0.0,122.2772823,-1.30686752,0.0,-1437.53514,773.114568,2348.52015,0.0,0.0
675.5,8.793943,-1746.97369,-4.42662238,-4.42662238,0.806620654,0.806620654,1.08477252,1.08477252,2303.41798,-301.96237,-301.96237,-72.8373536,-72.8373536,-64.9359801,-64.9359801,0.784385777,622.87788,0.0,119.9290049,-1.30433202,0.0,-1746.97369,618.020059,2303.41798,0.0,0.0
676.0,8.793943,-1681.48249,-3.23193323,-3.23193323,0.568967452,0.568967452,0.822932842,0.822932842,2258.40659,-301.96237,-301.96237,-71.4140318,-71.4140318,-63.5361482,-63.5361482,0.784720936,617.5651,0.0,117.5854605,-1.2976375,0.0,-1681.48249,618.989638,2258.40659,0.0,0.0
676.5,8.793943,-1617.04809,-3.29960134,-3.29960134,0.558740543,0.558740543,0.814544161,0.814544161,2213.69807,-301.96237,-301.96237,-70.0002886,-70.0002886,-62.1508542,-62.1508542,0.785050432,617.5651,0.0,115.2576829,-1.28888714,0.0,-1617.04809,619.696314,2213.69807,0.0,0.0
677.0,8.793943,-1555.47046,-3.3232553,-3.3232553,0.541277656,0.541277656,0.796952934,0.796952934,2169.84049,-275.651108,-275.651108,-62.670945,-62.670945,-55.859793,-55.859793,0.78537052,617.5651,0.0,112.9742077,-1.19197792,0.0,-1555.47046,619.711079,2169.84049,0.0,0.0
677.5,8.793943,-1509.47827,-3.4782029,-3.4782029,0.549760241,0.549760241,0.815263258,0.815263258,2137.33446,-115.5148676,-115.5148676,-25.88910416,-25.88910416,-23.61083025,-23.61083025,0.785601067,617.5651,0.0,111.2817599,-0.646290322,0.0,-1509.47827,619.868767,2137.33446,0.0,0.0
678.0,170.9426749,-1140.278385,-68.37645248,-64.36991398,7.17458741,6.81043111,9.245499,8.7429511,2127.91598,33.191058952,31.820720652,7.39809993,7.09226323,8.486658219,8.143054369,0.785595167,617.5651,0.0,110.79138,0.1415375083,0.0,-1140.278385,767.996171,2127.91598,0.0,0.0
678.5,462.880853,-519.162952,-267.819813,-189.251716,14.0992936,10.0457499,23.6010663,16.7561418,2144.24381,49.061924,34.9840592,11.0165946,7.85437031,12.6645023,9.0250384,0.785310426,656.21352,0.0,111.6414994,0.706406916,0.0,-519.162952,1035.980606,2144.24381,0.0,0.0
679.0,496.96085,-440.232765,-300.0,-206.61249,13.8303202,9.5250564,24.5366767,16.8986128,2170.51026,49.061924,33.7872401,11.15154485,7.67968108,12.8879966,8.8755151,0.784995631,817.024082,0.0,113.0090794,0.767603587,0.0,-440.232765,1084.1608,2170.51026,0.0,0.0
679.5,496.96085,-435.575823,-299.953512,-206.609103,13.6819083,9.4241431,24.374142,16.7889931,2196.96149,49.061924,33.791575,11.287445,7.77427316,13.0352593,8.9780866,0.784680901,986.726406,0.0,114.3862849,0.762626282,0.0,-435.575823,1101.54334,2196.96149,0.0,0.0
680.0,496.96085,-411.37485,-280.014683,-206.099319,12.0886591,8.879056,21.9844515,16.15991715,2223.3038,49.061924,36.1753431,11.422785,8.42392991,13.0236529,9.6001185,0.784366231,1156.42875,0.0,115.7578106,0.764419155,0.0,-411.37485,1126.99457,2223.3038,0.0,0.0
680.5,496.96085,-215.03363282,-213.32663,-202.006609,5.005552683,4.591324403,10.3472436811,9.5483821811,2250.1226,49.061924,46.6391239,11.5605735,10.9919044,12.89835915,12.26128665,0.784063408,1326.13104,0.0,117.154149,0.785978846,0.0,-215.03363282,1224.35287,2250.1226,0.0,0.0
681.0,496.96085,376.510509,-202.336283,-202.336283,-7.98834599,-7.98834599,-4.42859039,-4.42859039,2277.37524,49.061924,49.061924,11.70059045,11.70059045,13.0125939,13.0125939,0.783920885,1495.83336,0.0,118.573077,0.789071367,0.0,376.510509,1486.41138,2277.37524,0.0,0.0
681.5,496.96085,634.273303,-206.395754,-206.395754,-13.7098331,-13.7098331,-9.05134315,-9.05134315,2304.67675,49.061924,49.061924,11.8408586,11.8408586,13.1597298,13.1597298,0.783874722,1603.0819,0.0,119.9945451,0.790733016,0.0,634.273303,1609.6095,2304.67675,0.0,0.0
682.0,496.96085,587.438356,-207.046487,-207.046487,-12.7367995,-12.7367995,-8.11901487,-8.11901487,2331.96116,49.061924,49.061924,11.9810394,11.9810394,13.3071587,13.3071587,0.783838803,1604.6277,0.0,121.4151264,0.786407684,0.0,587.438356,1606.05233,2331.96116,0.0,0.0
682.5,496.96085,548.448474,-207.0069,-207.0069,-11.8891093,-11.8891093,-7.34651465,-7.34651465,2359.052,49.061924,49.061924,12.1202258,12.1202258,13.45439855,13.45439855,0.783794041,1604.6277,0.0,122.8256341,0.780854622,0.0,548.448474,1605.64651,2359.052,0.0,0.0
683.0,496.96085,510.767655,-207.004605,-207.004605,-11.0721518,-11.0721518,-6.63298422,-6.63298422,2385.95224,49.061924,49.061924,12.25843235,12.25843235,13.6004614,13.6004614,0.783741785,1604.6277,0.0,124.2262106,0.775342434,0.0,510.767655,1605.67406,2385.95224,0.0,0.0
683.5,476.420607,429.581507,-199.222748,-199.222748,-8.98805782,-8.98805782,-5.04072648,-5.04072648,2412.29494,49.061924,49.061924,12.3937746,12.3937746,13.7433444,13.7433444,0.783679726,1604.6277,0.0,125.5977626,0.732433548,0.0,429.581507,1587.27327,2412.29494,0.0,0.0
684.0,423.551119,353.763388,-176.47199,-176.47199,-6.54437189,-6.54437189,-3.40775586,-3.40775586,2435.79033,49.061924,49.061924,12.5144882,12.5144882,13.87065695,13.87065695,0.783598796,1604.6277,0.0,126.8210649,0.626337949,0.0,353.763388,1569.44358,2435.79033,0.0,0.0
684.5,370.301399,324.510889,-154.231123,-154.231123,-5.2460454,-5.2460454,-2.65460971,-2.65460971,2455.62659,49.061924,49.061924,12.6164018,12.6164018,13.9780486,13.9780486,0.783506775,1604.6277,0.0,127.8538525,0.521412198,0.0,324.510889,1568.85359,2455.62659,0.0,0.0
685.0,336.424004,343.603063,-139.362,-139.362,-5.01382818,-5.01382818,-2.58804811,-2.58804811,2472.18644,49.061924,49.061924,12.7014826,12.7014826,14.06763645,14.06763645,0.783408794,1604.6277,0.0,128.716054,0.452532327,0.0,343.603063,1586.46719,2472.18644,0.0,0.0
685.5,335.914,366.573842,-139.84065,-139.84065,-5.36811081,-5.36811081,-2.82806746,-2.82806746,2487.76197,49.061924,49.061924,12.78150545,12.78150545,14.15184405,14.15184405,0.783312787,1604.6277,0.0,129.527001,0.44943424,0.0,366.573842,1605.11991,2487.76197,0.0,0.0
686.0,335.914,346.528841,-139.899158,-139.899158,-5.0767181,-5.0767181,-2.62375445,-2.62375445,2503.24467,49.061924,49.061924,12.861052,12.861052,14.2354978,14.2354978,0.783215391,1604.6277,0.0,130.333121,0.446201399,0.0,346.528841,1605.81928,2503.24467,0.0,0.0
686.5,335.914,324.895489,-139.905018,-139.905018,-4.75998038,-4.75998038,-2.40872168,-2.40872168,2518.74968,57.4303364,57.4303364,15.1529966,15.1529966,16.6315964,16.6315964,0.783111348,1604.6277,0.0,131.140401,0.469904313,0.0,324.895489,1605.87074,2518.74968,0.0,0.0
687.0,335.914,298.810952,-139.942841,-139.942841,-4.37900815,-4.37900815,-2.16092818,-2.16092818,2537.43979,130.967549,96.577231,34.8161679,25.6628036,37.5956241,27.7121976,0.782884237,1604.6277,0.0,132.113513,0.592563196,0.0,298.810952,1605.92981,2537.43979,0.0,0.0
687.5,335.914,270.151931,-139.938981,-139.938981,-3.95890877,-3.95890877,-1.89913611,-1.89913611,2557.82032,216.340659,95.5172025,57.9614231,25.5844097,62.5723591,27.6198952,0.782570123,1604.6277,0.0,133.174643,0.584651174,0.0,270.151931,1605.90459,2557.82032,0.0,0.0
688.0,335.914,239.885455,-140.285575,-140.285575,-3.5230982,-3.5230982,-1.63944821,-1.63944821,2577.86712,244.19806,93.883453,65.9221465,25.3438685,71.150741,27.3540189,0.782255876,1602.41812,0.0,134.218388,0.575524425,0.0,239.885455,1605.01569,2577.86712,0.0,0.0
688.5,335.914,48.87630837,-153.903778,-153.903778,-0.745674291,-0.745674291,-0.3005758693,-0.3005758693,2597.48239,244.19806,88.5972961,66.423754,24.0984697,71.7177735,26.0190487,0.781941685,1502.0347,0.0,135.239672,0.575497778,0.0,48.87630837,1536.98859,2597.48239,0.0,0.0
689.0,335.914,-6.1035208,-244.47576,-133.4181992,0.1708736018,0.0854651066,0.5385434742,0.2995790775,2616.39246,244.19806,86.4771184,66.9073304,23.6934961,72.2598505,25.5889227,0.781627591,1349.45937,0.0,136.224241,0.599561996,0.0,-6.1035208,1525.15256,2616.39246,0.0,0.0
689.5,335.914,-10.312955424,-299.764448,-113.7684426,0.3232463828,0.1069563791,0.8900469774,0.2960453547,2634.98164,244.19806,85.2103649,67.3826996,23.5124591,72.7801204,25.3957389,0.78131354,1196.88405,0.0,137.192093,0.519161078,0.0,-10.312955424,1534.25504,2634.98164,0.0,0.0
690.0,335.914,-9.22452825,-299.760773,-114.7544427,0.2891397945,0.104532863,0.80541483,0.2904111373,2653.34502,244.19806,84.6695682,67.852295,23.5260926,73.2772147,25.4068949,0.780999567,1044.308734,0.0,138.148198,0.51366507,0.0,-9.22452825,1545.43021,2653.34502,0.0,0.0
690.5,335.914,-7.736582255,-299.859771,-101.4794616,0.2427043562,0.07847662904,0.6735065765,0.2182661605,2671.48521,244.19806,84.3161882,68.3161826,23.5881341,73.7637555,25.4689903,0.780685645,891.733431,0.0,139.092679,0.523900645,0.0,-7.736582255,1556.64124,2671.48521,0.0,0.0
691.0,321.875793,-11.77423022,-299.973477,-128.407593,0.3698479874,0.179866629,1.0189773335,0.4947820255,2689.30446,244.19806,83.3264084,68.77186,23.4666273,74.257412,25.3381744,0.780371793,739.56678,0.0,140.020448,0.505309869,0.0,-11.77423022,1565.36566,2689.30446,0.0,0.0
691.5,182.6704394,-322.76425361,-292.455975,-85.5141881,9.456234657,2.4416849756,14.245601655,3.735377312,2702.02048,242.288031,71.4973933,68.5563155,20.2285545,74.3566262,21.928418,0.780058006,812.366172,0.0,140.682513,0.2008408674,0.0,-322.76425361,1443.38519,2702.02048,0.0,0.0
692.0,50.3619358,-1034.2105784,-55.78721756,-9.94603686,8.285689416,1.8470352007,9.797736946,2.329026857,2703.41475,237.601805,76.1443206,67.2653995,21.5557443,72.834956,23.3236382,0.77974428,1485.96493,0.0,140.75511,-0.06993057723,0.0,-1034.2105784,1148.161257,2703.41475,0.0,0.0
692.5,40.67639,1405.01282,12.45223673,4.28624245,1.28458115,0.442367732,1.940551861,0.671776204,2700.36697,232.892029,81.7751605,65.8577461,23.124459,71.1339241,24.9768918,0.779430625,2213.14644,0.0,140.596429,-0.087074135,0.0,1405.01282,2161.36054,2700.36697,0.0,0.0
693.0,54.7210958,3327.70291,-6.49518952,-6.49518952,-2.45762317,-2.45762317,-2.12613368,-2.12613368,2698.23564,228.181946,91.1398872,64.4747971,25.7522524,69.4804565,27.7502619,0.779117015,2940.32789,0.0,140.48546,-0.0211774907,0.0,3327.70291,2960.16161,2698.23564,0.0,0.0
693.5,86.808509,5075.63151,-19.8759076,-19.8759076,-10.76654384,-10.76654384,-10.12534856,-10.12534856,2699.86323,223.471851,117.476055,63.1818032,33.2151615,67.9527095,35.7228026,0.778803472,3667.50936,0.0,140.570204,0.1243057739,0.0,5075.63151,3688.43794,2699.86323,0.0,0.0
694.0,118.9420785,6810.650229999999,-33.308817,-33.308817,-23.9569132,-23.9569132,-22.9260269,-22.9260269,2707.36173,218.761766,158.696022,62.0216334,44.9971441,66.839903,48.4990493,0.778490023,4394.69081,0.0,140.960611,0.31672422,0.0,6810.650229999999,4414.77034,2707.36173,0.0,0.0
694.5,151.075648,7938.19606,-60.6941459,-60.6941459,-50.4886101,-50.4886101,-48.4668115,-48.4668115,2722.75775,214.051671,209.25073,61.0310015,59.6661254,66.204598,64.72812,0.778228988,4848.265300000001,0.0,141.762215,0.561755608,0.0,7938.19606,4892.94015,2722.75775,0.0,0.0
695.0,183.209218,7867.226850000001,-76.5701326,-76.5701326,-63.0776867,-63.0776867,-60.516792,-60.516792,2743.54471,209.341548,209.341548,60.1436474,60.1436474,65.2120918,65.2120918,0.778141897,4854.2236,0.0,142.844502,0.622239914,0.0,7867.226850000001,4875.54672,2743.54471,0.0,0.0
695.5,215.342788,7831.600109999999,-89.7946921,-89.7946921,-73.6389394,-73.6389394,-70.5938005,-70.5938005,2765.82671,206.86943,206.86943,59.9169778,59.9169778,64.9082305,64.9082305,0.778144919,4854.2236,0.0,144.004628,0.669389947,0.0,7831.600109999999,4873.73237,2765.82671,0.0,0.0
696.0,247.476357,7797.794800000001,-103.1781275,-103.1781275,-84.2494675,-84.2494675,-80.687683,-80.687683,2789.92019,206.86943,206.86943,60.4389232,60.4389232,65.4387176,65.4387176,0.778216176,4854.2236,0.0,145.259075,0.724338542,0.0,7797.794800000001,4873.73377,2789.92019,0.0,0.0
696.5,279.609931,7761.41481,-116.5642361,-116.5642361,-94.735961,-94.735961,-90.6408316,-90.6408316,2815.9047,206.86943,206.86943,61.0018342,61.0018342,66.010208,66.010208,0.778344411,4854.2236,0.0,146.611977,0.778782097,0.0,7761.41481,4873.768,2815.9047,0.0,0.0
697.0,311.743496,7722.413430000001,-129.950237,-129.950237,-105.0846999,-105.0846999,-100.5094184,-100.5094184,2843.76247,206.86943,206.86943,61.6053262,61.6053262,66.6221671,66.6221671,0.778523228,4854.2236,0.0,148.062409,0.832707524,0.0,7722.413430000001,4873.805249999999,2843.76247,0.0,0.0
697.5,334.529582,7659.91173,-139.886204,-139.886204,-112.2071571,-112.2071571,-107.2762699,-107.2762699,2873.33244,206.86943,206.86943,62.2459099,62.2459099,67.270914,67.270914,0.778744639,4854.2236,0.0,149.601989,0.869256863,0.0,7659.91173,4865.06349,2873.33244,0.0,0.0
698.0,335.40607,7586.93864,-139.85643,-139.85643,-111.1163348,-111.1163348,-106.1805205,-106.1805205,2903.29856,206.86943,206.86943,62.8950738,62.8950738,67.9282039,67.9282039,0.77897328,4854.2236,0.0,151.162193,0.862759075,0.0,7586.93864,4852.195760000001,2903.29856,0.0,0.0
698.5,335.40607,7543.9644,-139.803666,-139.803666,-110.445195,-110.445195,-105.5082299,-105.5082299,2932.99388,206.86943,206.86943,63.5383733,63.5383733,68.5829725,68.5829725,0.779194051,4854.2236,0.0,152.708304,0.855188234,0.0,7543.9644,4851.65271,2932.99388,0.0,0.0
699.0,310.915128,7453.307580000001,-130.375382,-130.375382,-101.7871893,-101.7871893,-97.1784342,-97.1784342,2960.81765,177.125332,177.125332,54.9069669,54.9069669,59.021173,59.021173,0.779414554,4854.2236,0.0,154.156967,0.706993196,0.0,7453.307580000001,4830.17584,2960.81765,0.0,0.0
699.5,255.589715,7386.598840000001,-106.51313,-106.51313,-82.3951628,-82.3951628,-78.710553,-78.710553,2980.20077,121.1555155,121.1555155,37.8039922,37.8039922,40.4876413,40.4876413,0.779637346,4854.2236,0.0,155.166161,0.414966165,0.0,7386.598840000001,4813.735439999999,2980.20077,0.0,0.0
700.0,200.216877,7372.31184,-83.3477794,-83.3477794,-64.3479421,-64.3479421,-61.6334609,-61.6334609,2989.55317,65.1818089,65.1818089,20.4040451,20.4040451,22.116959,22.116959,0.779863807,4854.2236,0.0,155.653101,0.1266386766,0.0,7372.31184,4813.2515,2989.55317,0.0,0.0
700.5,144.844035,7373.0826,-60.226567,-60.226567,-46.499842,-46.499842,-44.6551726,-44.6551726,2988.98362,9.206900253,9.206900253,2.88447205,2.88447205,3.834780977,3.834780977,0.780096581,4854.2236,0.0,155.623448,-0.1590609101,0.0,7373.0826,4813.23964,2988.98362,0.0,0.0
701.0,89.4711976,7367.309149999999,-42.1390148,-42.1390148,-32.4372806,-32.4372806,-31.118533,-31.118533,2978.58776,-46.7629153,-46.7629153,-14.5787724,-14.5787724,-13.19561901,-13.19561901,0.780334003,4826.30544,0.0,155.082176,-0.434221662,0.0,7367.309149999999,4804.76715,2978.58776,0.0,0.0
701.5,38.117126,1885.018868,-98.4031524,-98.4031524,-25.64754014,-25.64754014,-22.74554706,-22.74554706,2962.42206,-77.34293,-77.34293,-23.9936423,-23.9936423,-22.2616894,-22.2616894,0.780624653,2463.23314,0.0,154.240499,-0.49184327,0.0,1885.018868,2514.106644,2962.42206,0.0,0.0
702.0,27.533428,-1572.0825,-5.231294894,-5.231294894,0.7977091207,0.7977091207,1.0475580859,1.0475580859,2941.7935,-77.34293,-77.34293,-23.826566,-23.826566,-22.1012149,-22.1012149,0.780774985,1167.9565,0.0,153.166464,-0.667988957,0.0,-1572.0825,1063.53641,2941.7935,0.0,0.0
702.5,27.533428,-1290.5757,-11.01756835,-11.01756835,1.48859242,1.48859242,1.80793816,1.80793816,2919.03277,-77.34293,-77.34293,-23.6422181,-23.6422181,-21.9242385,-21.9242385,0.780906549,1167.9565,0.0,151.981406,-0.651754068,0.0,-1290.5757,1167.38358,2919.03277,0.0,0.0
703.0,27.533428,-1252.28411,-11.272487,-11.272487,1.47825661,1.47825661,1.8014571,1.8014571,2896.6102,-77.34293,-77.34293,-23.4606108,-23.4606108,-21.7496514,-21.7496514,0.781035681,1167.9565,0.0,150.813964,-0.645665126,0.0,-1252.28411,1170.22467,2896.6102,0.0,0.0
703.5,27.533428,-1221.03912,-11.2788453,-11.2788453,1.44219065,1.44219065,1.76535068,1.76535068,2874.38475,-77.34293,-77.34293,-23.2805996,-23.2805996,-21.5760025,-21.5760025,0.781163984,1167.9565,0.0,149.656784,-0.640118894,0.0,-1221.03912,1170.24865,2874.38475,0.0,0.0
704.0,27.533428,-1190.18707,-11.2804484,-11.2804484,1.40595069,1.40595069,1.72866465,1.72866465,2852.34921,-77.34293,-77.34293,-23.1021264,-23.1021264,-21.4039196,-21.4039196,0.781291513,1167.9565,0.0,148.509485,-0.634670658,0.0,-1190.18707,1170.22003,2852.34921,0.0,0.0
704.5,27.533428,-1159.59895,-11.2819398,-11.2819398,1.36999847,1.36999847,1.69194128,1.69194128,2830.50056,-77.34293,-77.34293,-22.9251663,-22.9251663,-21.233398,-21.233398,0.781418277,1167.9565,0.0,147.37192,-0.629310196,0.0,-1159.59895,1170.19067,2830.50056,0.0,0.0
705.0,27.533428,-1129.26822,-11.2834062,-11.2834062,1.33433789,1.33433789,1.65518956,1.65518956,2808.83566,-77.34293,-77.34293,-22.7496954,-22.7496954,-21.0644111,-21.0644111,0.781544275,1167.9565,0.0,146.243919,-0.624035503,0.0,-1129.26822,1170.16159,2808.83566,0.0,0.0
705.5,27.533428,-1099.19075,-11.2848491,-11.2848491,1.29896457,1.29896457,1.61840891,1.61840891,2787.3517,-77.34293,-77.34293,-22.5756893,-22.5756893,-20.8969333,-20.8969333,0.781669522,1167.9565,0.0,145.125343,-0.618844915,0.0,-1099.19075,1170.1327,2787.3517,0.0,0.0
706.0,27.533428,-1069.36251,-11.2862686,-11.2862686,1.26387414,1.26387414,1.5815985,1.5815985,2766.04575,-77.34293,-77.34293,-22.4031254,-22.4031254,-20.7309409,-20.7309409,0.781794029,1167.9565,0.0,144.016033,-0.613736666,0.0,-1069.36251,1170.10406,2766.04575,0.0,0.0
706.5,27.533428,-1039.77956,-11.28766615,-11.28766615,1.22906238,1.22906238,1.54475753,1.54475753,2744.91503,-77.34293,-77.34293,-22.2319807,-22.2319807,-20.5664083,-20.5664083,0.781917798,1167.9565,0.0,142.915852,-0.608709149,0.0,-1039.77956,1170.07566,2744.91503,0.0,0.0
707.0,27.533428,-1010.437995,-11.2890415,-11.2890415,1.19452498,1.19452498,1.50788535,1.50788535,2723.95662,-77.34293,-77.34293,-22.0622323,-22.0622323,-20.4033118,-20.4033118,0.782040841,1167.9565,0.0,141.824638,-0.603760728,0.0,-1010.437995,1170.04743,2723.95662,0.0,0.0
707.5,35.1170574,-966.978888,-12.90316695,-12.90316695,1.29005894,1.29005894,1.62249413,1.62249413,2703.19636,-77.34293,-77.34293,-21.8940876,-21.8940876,-20.2414829,-20.2414829,0.78216311,1167.9565,0.0,140.743741,-0.586794109,0.0,-966.978888,1176.00937,2703.19636,0.0,0.0
708.0,248.848054,-550.265964,-101.104341,-101.104341,5.48279247,5.48279247,8.78159968,8.78159968,2688.57643,-77.34293,-77.34293,-21.7756759,-21.7756759,-20.1270682,-20.1270682,0.782267659,1167.9565,0.0,139.982545,-0.1735334747,0.0,-550.265964,1340.87021,2688.57643,0.0,0.0
708.5,360.10568,-833.909822,-153.586908,-153.586908,13.3789073,13.3789073,18.7142766,18.7142766,2688.11005,-77.34293,-77.34293,-21.7718989,-21.7718989,-20.1234188,-20.1234188,0.782308392,1167.9565,0.02604470697,139.958263,0.0444578067,0.0,-833.909822,1222.57159,2688.11005,-0.6383868,0.07189937
709.0,358.346011,-959.170436,-149.476877,-149.476877,15.0133114,15.0133114,20.1511523,20.1511523,2686.62745,-77.34293,-77.34293,-21.7598902,-21.7598902,-20.1118175,-20.1118175,0.782310492,1167.9565,1.68630633,139.881064,-0.1830416146,0.0,-959.170436,1169.58402,2686.62745,-42.0427731,4.72996781
709.5,324.003555,-1004.941238,-135.07143,-135.07143,14.21264355,14.21264355,18.8766663,18.8766663,2673.51645,-77.34293,-77.34293,-21.6537005,-21.6537005,-20.0092554,-20.0092554,0.782312958,1167.9565,4.25457197,139.198437,-0.58428606,0.0,-1004.941238,1142.88306,2673.51645,-106.2596775,11.8955261
710.0,277.485756,-982.827219,-115.255866,-115.255866,11.86847645,11.86847645,15.7791174,15.7791174,2649.00698,-71.8342404,-71.8342404,-19.9295678,-19.9295678,-18.3761487,-18.3761487,0.782327964,1167.9565,5.188635,137.922335,-0.773482187,0.0,-982.827219,1137.77394,2649.00698,-129.71587,14.3934476
710.5,230.96796,-944.425172,-95.8797166,-95.8797166,9.48914045,9.48914045,12.4096815,12.4096815,2621.46213,-60.9800843,-60.9800843,-16.742842,-16.742842,-15.3436678,-15.3436678,0.782348197,1167.9565,5.1823854,136.488196,-0.819206477,0.0,-944.425172,1137.67011,2621.46213,-129.563091,14.22708805
711.0,184.450157,-752.488481,-73.5958722,-73.5958722,5.86272588,5.86272588,7.78023512,7.78023512,2592.93932,-50.1259261,-50.1259261,-13.6134446,-13.6134446,-12.3341494,-12.3341494,0.782374003,1235.82359,4.78405095,135.003132,-0.818183165,0.0,-752.488481,1200.88212,2592.93932,-119.6295716,12.9948228
711.5,137.932366,-397.042097,-54.307374,-54.307374,2.31558414,2.31558414,3.54290536,3.54290536,2565.26726,-39.2717687,-39.2717687,-10.55227595,-10.55227595,-9.41702895,-9.41702895,0.782412233,1363.3911,4.16784165,133.562367,-0.78327469,0.0,-397.042097,1332.62846,2565.26726,-104.2214255,11.20035175
712.0,91.4145665,-52.5244023,-34.9617749,-34.9617749,0.2500122779,0.2500122779,0.6165969989,0.6165969989,2538.11609,-28.4176121,-28.4176121,-7.5557369,-7.5557369,-6.42013291,-6.42013291,0.782454416,1490.95862,3.9437609,132.148729,-0.800296096,0.0,-52.5244023,1460.13148,2538.11609,-98.594025,10.48215735
712.5,44.8967699,293.483287,-15.59234005,-15.59234005,-0.421122527,-0.421122527,-0.233426819,-0.233426819,2509.64655,-17.56345485,-17.56345485,-4.61858725,-4.61858725,-3.69438596,-3.69438596,0.782490369,1618.52612,3.92397069,130.666438,-0.844325989,0.0,293.483287,1587.48463,2509.64655,-98.11002,10.3139688
713.0,11.0316314,667.421949,-0.9072266216,-0.9072266216,-0.04999751143,-0.04999751143,-0.0127053781,-0.0127053781,2482.00131,-6.70929748,-6.70929748,-1.746127496,-1.746127496,-1.352224967,-1.352224967,0.782509495,1746.09364,2.6620386,129.227072,-0.702382693,0.0,667.421949,1726.94145,2482.00131,-66.6406202,6.93249543
713.5,9.47653,1047.07758,-0.890214193,-0.890214193,-0.0985666822,-0.0985666822,-0.0600844355,-0.0600844355,2462.6733,-0.439649918,-0.439649918,-0.11340623,-0.11340623,-0.0877636521,-0.0877636521,0.782513706,1873.66116,0.709964356655,128.220745,-0.421675683,0.0,1047.07758,1873.63348,2462.6733,-17.8276141494,1.8413787507
714.0,9.47653,1372.3045,-0.999168393,-0.999168393,-0.143588494,-0.143588494,-0.0945297824,-0.0945297824,2450.48362,-0.40633202,-0.40633202,-0.1042705074,-0.1042705074,-0.0806619516,-0.0806619516,0.78251489,2001.22866,0.0,127.586082,-0.324575931,0.0,1372.3045,2001.84533,2450.48362,0.0,0.0
714.5,9.47653,1694.08964,-0.9992942,-0.9992942,-0.177280957,-0.177280957,-0.1227772076,-0.1227772076,2439.3034,-0.40633202,-0.40633202,-0.1037947755,-0.1037947755,-0.0802662374,-0.0802662374,0.782516305,2128.7962,0.0,127.0039734,-0.322216502,0.0,1694.08964,2129.21443,2439.3034,0.0,0.0
715.0,9.47653,2015.78952,-0.999909558,-0.999909558,-0.21107568,-0.21107568,-0.151352973,-0.151352973,2428.20423,-0.40633202,-0.40633202,-0.1033224952,-0.1033224952,-0.079873645,-0.079873645,0.782517914,2256.3637,0.0,126.4260914,-0.31988402,0.0,2015.78952,2256.59545,2428.20423,0.0,0.0
715.5,9.47653,2217.50713,-3.61886694,-3.61886694,-0.841153282,-0.841153282,-0.622516737,-0.622516737,2417.25222,-0.40633202,-0.40633202,-0.1028564799,-0.1028564799,-0.0794865049,-0.0794865049,0.782521151,2329.52912,0.0,125.8558701,-0.313039272,0.0,2217.50713,2334.1369,2417.25222,0.0,0.0
716.0,9.47653,2223.22822,-3.88004648,-3.88004648,-0.903328761,-0.903328761,-0.666315705,-0.666315705,2406.48836,-0.40633202,-0.40633202,-0.1023984645,-0.1023984645,-0.0791062514,-0.0791062514,0.782526765,2329.8628,0.0,125.2954405,-0.310343485,0.0,2223.22822,2330.23245,2406.48836,0.0,0.0
716.5,9.47653,2237.57024,-3.85804995,-3.85804995,-0.904009692,-0.904009692,-0.667170729,-0.667170729,2395.79663,-0.40633202,-0.40633202,-0.1019435203,-0.1019435203,-0.0787287765,-0.0787287765,0.782532308,2329.8628,0.0,124.7387665,-0.308166037,0.0,2237.57024,2329.95749,2395.79663,0.0,0.0
717.0,9.47653,2252.42042,-3.85821346,-3.85821346,-0.910048161,-0.910048161,-0.672423759,-0.672423759,2385.18074,-0.40633202,-0.40633202,-0.1014918045,-0.1014918045,-0.0783542115,-0.0783542115,0.782537864,2329.8628,0.0,124.1860445,-0.305975487,0.0,2252.42042,2329.93827,2385.18074,0.0,0.0
717.5,9.47653,2267.17703,-3.85880741,-3.85880741,-0.91615127,-0.91615127,-0.677618703,-0.677618703,2374.64021,-0.40633202,-0.40633202,-0.1010432921,-0.1010432921,-0.07798253,-0.07798253,0.78254345,2329.8628,0.0,123.6372434,-0.303809359,0.0,2267.17703,2329.924,2374.64021,0.0,0.0
718.0,9.47653,2281.82954,-3.85940241,-3.85940241,-0.922214445,-0.922214445,-0.68271157,-0.68271157,2364.17411,-0.40633202,-0.40633202,-0.1005979495,-0.1005979495,-0.0776136976,-0.0776136976,0.78254908,2329.8628,0.0,123.0923186,-0.301668006,0.0,2281.82954,2329.9099,2364.17411,0.0,0.0
718.5,9.47653,2296.37902,-3.85999087,-3.85999087,-0.92823618,-0.92823618,-0.687777335,-0.687777335,2353.78159,-0.40633202,-0.40633202,-0.1001557397,-0.1001557397,-0.0772476806,-0.0772476806,0.782554749,2329.8628,0.0,122.5512265,-0.299551062,0.0,2296.37902,2329.89597,2353.78159,0.0,0.0
719.0,9.47653,2310.82661,-3.86057264,-3.86057264,-0.93421693,-0.93421693,-0.692816205,-0.692816205,2343.46186,-0.40633202,-0.40633202,-0.0997166251,-0.0997166251,-0.0768844422,-0.0768844422,0.78256044,2329.8628,0.0,122.0139219,-0.297458182,0.0,2310.82661,2329.88213,2343.46186,0.0,0.0
719.5,9.47653,2325.13302,-3.86254807,-3.86254807,-0.940482433,-0.940482433,-0.69809504,-0.69809504,2333.25032,1.603672608,1.603672608,0.3911358027,0.3911358027,0.5336773549,0.5336773549,0.782565459,2329.8628,0.0,121.4822509,-0.288895923,0.0,2325.13302,2329.87268,2333.25032,0.0,0.0
720.0,9.6922889,2338.57108,-3.95538909,-3.95538909,-0.96868529,-0.96868529,-0.72146517,-0.72146517,2324.03585,16.2233884,16.2233884,3.94712421,3.94712421,4.96491861,4.96491861,0.782551112,2329.8628,0.0,121.0024944,-0.239335842,0.0,2338.57108,2330.08406,2324.03585,0.0,0.0
720.5,10.46957775,2349.57982,-4.30443194,-4.30443194,-1.0591218,-1.0591218,-0.796821118,-0.796821118,2316.75382,33.0348103,33.0348103,8.01365794,8.01365794,9.24623337,9.24623337,0.782499666,2329.8628,0.0,120.6233481,-0.181973511,0.0,2349.57982,2330.41293,2316.75382,0.0,0.0
721.0,11.2752495,2357.04515,-4.65695558,-4.65695558,-1.14949091,-1.14949091,-0.873357815,-0.873357815,2311.4495,49.8462323,49.8462323,12.0648736,12.0648736,13.38932755,13.38932755,0.782411688,2329.8628,0.0,120.3471761,-0.1249709602,0.0,2357.04515,2330.42218,2311.4495,0.0,0.0
721.5,12.0809212,2361.7222,-5.00796408,-5.00796408,-1.23857456,-1.23857456,-0.950058082,-0.950058082,2308.10897,66.6576534,66.6576534,16.111119,16.111119,17.6242212,17.6242212,0.782281168,2329.8628,0.0,120.1732505,-0.068364535,0.0,2361.7222,2330.41782,2308.10897,0.0,0.0
722.0,12.88659285,2557.97955,7.01401736,4.78132696,2.36191153,1.6478407,2.80260746,2.03293867,2306.51638,83.201919,77.0663685,20.096237,18.6146712,21.9042505,20.2842674,0.782092553,2445.85606,0.0,120.09033,-0.0504216077,0.0,2557.97955,2411.15207,2306.51638,0.0,0.0
722.5,13.69226455,5046.83719,44.9743658,23.4565474,24.2056212,12.30371275,25.6314865,13.0333244,2302.46195,88.85786,47.2060555,21.4248059,11.38327735,23.8735314,12.6693054,0.781798569,3495.41346,0.0,119.8792326,-0.177776135,0.0,5046.83719,3444.41672,2302.46195,0.0,0.0
723.0,14.4979363,7463.33076,14.41065312,2.40964182,10.42097503,1.50864753,11.77686598,2.34341698,2296.92643,88.85786,67.4053739,21.3732972,16.21145103,23.7254775,17.808639,0.781508361,4377.15222,0.0,119.5910219,-0.0738803769,0.0,7463.33076,4446.70541,2296.92643,0.0,0.0
723.5,15.2170395,7401.10759,-7.44484148,-7.44484148,-5.77327288,-5.77327288,-4.96499469,-4.96499469,2296.86521,88.85786,88.85786,21.3727276,21.3727276,23.2122194,23.2122194,0.781337072,4409.9653,0.0,119.5878371,0.0136001911,0.0,7401.10759,4420.77819,2296.86521,0.0,0.0
724.0,15.331889,7368.455959999999,-6.41030641,-6.41030641,-4.94634164,-4.94634164,-4.15046811,-4.15046811,2297.28992,88.607831,88.607831,21.3165253,21.3165253,23.152708,23.152708,0.7811551,4409.9653,0.0,119.6099468,0.0110431082,0.0,7368.455959999999,4407.43949,2297.28992,0.0,0.0
724.5,15.331889,7373.90312,-6.16250923,-6.16250923,-4.75852428,-4.75852428,-3.97168627,-3.97168627,2297.03454,73.6934139,73.6934139,17.7268346,17.7268346,19.3414537,19.3414537,0.780988486,4412.90094,0.0,119.5966506,-0.03757969724,0.0,7373.90312,4409.55707,2297.03454,0.0,0.0
725.0,15.331889,7413.468550000001,-5.98569827,-5.98569827,-4.64691888,-4.64691888,-3.86131426,-3.86131426,2294.43707,50.5029086,50.5029086,12.1352583,12.1352583,13.45818945,13.45818945,0.78087939,4427.50975,0.0,119.46141,-0.1124024016,0.0,7413.468550000001,4424.5038,2294.43707,0.0,0.0
725.5,15.331889,7458.913619999999,-5.97381756,-5.97381756,-4.66611476,-4.66611476,-3.87294323,-3.87294323,2289.2697,27.3124037,27.3124037,6.54894202,6.54894202,7.75688014,7.75688014,0.780824874,4443.32452,0.0,119.192369,-0.186430679,0.0,7458.913619999999,4440.39669,2289.2697,0.0,0.0
726.0,15.331889,7507.283789999999,-6.00387027,-6.00387027,-4.72010047,-4.72010047,-3.91660525,-3.91660525,2281.55157,4.12240344,4.12240344,0.986740072,0.986740072,1.429368953,1.429368953,0.780818418,4458.79626,0.0,118.7905221,-0.259884112,0.0,7507.283789999999,4456.01739,2281.55157,0.0,0.0
726.5,15.331889,7534.075350000001,-6.31087889,-6.31087889,-4.97906425,-4.97906425,-4.15719251,-4.15719251,2271.29926,-19.0689945,-19.0689945,-4.53324696,-4.53324696,-3.67549453,-3.67549453,0.780856061,4463.7505,0.0,118.256727,-0.333704083,0.0,7534.075350000001,4461.17931,2271.29926,0.0,0.0
727.0,15.331889,7551.110259999999,-6.2668708,-6.2668708,-4.95552652,-4.95552652,-4.13211604,-4.13211604,2258.45235,-42.2594989,-42.2594989,-9.9917293,-9.9917293,-8.88861958,-8.88861958,0.780927241,4463.7505,0.0,117.5878457,-0.4093843,0.0,7551.110259999999,4460.76649,2258.45235,0.0,0.0
727.5,15.331889,7572.72074,-6.24503805,-6.24503805,-4.95239507,-4.95239507,-4.12572723,-4.12572723,2242.9983,-65.4500051,-65.4500051,-15.36994875,-15.36994875,-14.0137832,-14.0137832,0.781030437,4463.7505,0.0,116.7832185,-0.484539827,0.0,7572.72074,4460.73517,2242.9983,0.0,0.0
728.0,15.3439174,7587.43382,-7.29108369,-7.29108369,-5.78907512,-5.78907512,-4.97119888,-4.97119888,2224.96046,-88.6405088,-88.6405088,-20.6491333,-20.6491333,-18.9668737,-18.9668737,0.781163221,4455.76945,0.0,115.8440675,-0.557272884,0.0,7587.43382,4456.32517,2224.96046,0.0,0.0
728.5,24.0685931,7156.150200000001,-16.3734474,-16.3734474,-12.2346707,-12.2346707,-11.45352665,-11.45352665,2204.88228,-108.7048496,-108.7048496,-25.0974344,-25.0974344,-23.0838482,-23.0838482,0.78134321,4253.99303,0.0,114.7986808,-0.593999295,0.0,7156.150200000001,4265.14133,2204.88228,0.0,0.0
729.0,39.7348098,6491.54384,-22.84421,-22.84421,-15.48929415,-15.48929415,-14.6801405,-14.6801405,2189.7529,49.9151411,37.7795391,11.43913395,8.65483565,13.87714585,10.83410865,0.781494626,3970.90641,0.0,114.0109605,-0.0786828351,0.0,6491.54384,3979.75989,2189.7529,0.0,0.0
729.5,55.4010274,5799.50522,-29.501218,-29.501218,-17.8774812,-17.8774812,-17.0195984,-17.0195984,2198.33504,259.60886,169.650411,59.7643258,39.0557247,65.3473095,42.7042566,0.781267976,3687.81968,0.0,114.457795,0.379289033,0.0,5799.50522,3696.80852,2198.33504,0.0,0.0
730.0,71.0672452,5100.451139999999,-36.0226451,-36.0226451,-19.2008845,-19.2008845,-18.2739588,-18.2739588,2212.16558,272.126065,173.487828,63.0474656,40.1899852,68.9536035,43.9550359,0.780953996,3404.73299,0.0,115.1778928,0.41867335,0.0,5100.451139999999,3414.00252,2212.16558,0.0,0.0
730.5,86.7334644,4400.06233,-42.5486638,-42.5486638,-19.5657815,-19.5657815,-18.548349,-18.548349,2227.13754,379.261717,173.469284,88.4563556,40.4571685,96.69598,44.2259067,0.780640091,3121.6463,0.0,115.9574128,0.445354383,0.0,4400.06233,3131.30753,2227.13754,0.0,0.0
731.0,102.3996808,3698.68917,-49.0714663,-49.0714663,-18.9671142,-18.9671142,-17.8401273,-17.8401273,2242.81695,383.5314,169.683055,90.0789602,39.8522167,98.3557031,43.5141437,0.780326248,2838.55963,0.0,116.7737745,0.459683733,0.0,3698.68917,2848.61611,2242.81695,0.0,0.0
731.5,115.2064536,3143.61468,-50.1373208,-50.1373208,-16.5186767,-16.5186767,-15.40828275,-15.40828275,2258.54221,383.5314,159.389819,90.7105408,37.6962104,98.8483217,41.0786939,0.780012463,2628.55856,0.0,117.5925236,0.440112317,0.0,3143.61468,2626.82745,2258.54221,0.0,0.0
732.0,116.4334,3097.29091,-48.5030208,-48.5030208,-15.7318126,-15.7318126,-14.66992655,-14.66992655,2273.34303,383.5314,155.592329,91.3049887,37.0407948,99.4023019,40.3257398,0.779698744,2617.418,0.0,118.3631359,0.42351472,0.0,3097.29091,2616.19386,2273.34303,0.0,0.0
732.5,116.4334,3078.7372,-48.5633179,-48.5633179,-15.6570372,-15.6570372,-14.59501485,-14.59501485,2287.87287,383.5314,154.383232,91.8885581,36.9878236,99.9782679,40.2441831,0.779385097,2617.418,0.0,119.1196453,0.416848024,0.0,3078.7372,2616.95729,2287.87287,0.0,0.0
733.0,116.4334,3058.76629,-48.5627065,-48.5627065,-15.55527865,-15.55527865,-14.4949228,-14.4949228,2302.16341,383.5314,153.107182,92.462511,36.9112285,100.543288,40.1371091,0.779071511,2617.418,0.0,119.8636877,0.409887846,0.0,3058.76629,2616.99138,2302.16341,0.0,0.0
733.5,116.4334,3039.09415,-48.5608331,-48.5608331,-15.45464075,-15.45464075,-14.396027,-14.396027,2316.21546,383.5314,151.864325,93.0268875,36.8350787,101.0987109,40.0312257,0.778757986,2617.418,0.0,120.5953196,0.403062908,0.0,3039.09415,2617.01062,2316.21546,0.0,0.0
734.0,116.4334,3019.74859,-48.5589719,-48.5589719,-15.3556743,-15.3556743,-14.29883865,-14.29883865,2330.0339,383.5314,150.650342,93.5818809,36.7586282,101.6481789,39.927054,0.778444516,2617.418,0.0,121.3147815,0.396361364,0.0,3019.74859,2617.02926,2330.0339,0.0,0.0
734.5,116.4334,3000.72451,-48.5571421,-48.5571421,-15.25836045,-15.25836045,-14.20333625,-14.20333625,2343.6226,383.5314,149.465063,94.12765,36.6821139,102.191281,39.8245726,0.77813112,2617.418,0.0,122.0222922,0.389782689,0.0,3000.72451,2617.04755,2343.6226,0.0,0.0
735.0,123.117269,2877.01276,-54.742988,-54.742988,-16.4266216,-16.4266216,-15.20506715,-15.20506715,2357.26842,383.5314,152.273124,94.675711,37.5901014,102.7860264,40.8104258,0.777817779,2558.9293,0.0,122.7327684,0.414632686,0.0,2877.01276,2573.53785,2357.26842,0.0,0.0
735.5,153.446529,2273.03413,-69.9643515,-69.9643515,-16.5771983,-16.5771983,-14.9371834,-14.9371834,2372.67209,370.030686,150.425079,91.9339105,37.3742788,99.7499,40.5514566,0.777504515,2308.16759,0.0,123.5347699,0.467336131,0.0,2273.03413,2331.21203,2372.67209,0.0,0.0
736.0,185.788212,1611.30001,-83.3857985,-83.3857985,-13.9932539,-13.9932539,-11.9810012,-11.9810012,2389.23075,318.366975,138.716724,79.6474527,34.7046963,86.2803335,37.5945454,0.777191304,2042.64396,0.0,124.3969106,0.487090438,0.0,1611.30001,2065.528,2389.23075,0.0,0.0
736.5,217.913045,950.095178,-96.816032,-96.816032,-9.5564281,-9.5564281,-7.30303839,-7.30303839,2406.11492,264.393237,120.7629025,66.6107237,30.4253529,72.0622389,32.915304,0.776878165,1777.12018,0.0,125.2759948,0.48631103,0.0,950.095178,1800.25438,2406.11492,0.0,0.0
737.0,230.51515,258.1592421,-103.1493064,-103.1493064,-2.7754864584,-2.7754864584,-1.5584358115,-1.5584358115,2422.21285,210.417874,98.9578834,53.3662292,25.0987607,57.7540484,27.1625448,0.776565073,1511.5965,0.0,126.1141441,0.438125012,0.0,258.1592421,1521.73417,2422.21285,0.0,0.0
737.5,230.51515,-97.608069718,-170.608156,-100.4727715,2.1098594103,1.06139809775,4.3258865012,2.1922237081,2436.39644,156.415569,84.5270597,39.9014326,21.5624607,43.273228,23.3822438,0.776252066,1246.07282,0.0,126.8526239,0.374853215,0.0,-97.608069718,1381.97847,2436.39644,0.0,0.0
738.0,230.51515,-854.79562,-236.922056,-103.5010035,21.4635189,9.2432588,29.1453636,12.6010171,2447.58175,102.4639956,45.4264753,26.2583784,11.6407734,29.2828242,12.9711495,0.775939138,980.549173,0.0,127.4349961,0.260228711,0.0,-854.79562,1073.438184,2447.58175,0.0,0.0
738.5,230.51515,-1548.5581,-270.86551,-101.5649834,44.0271198,16.4658255,52.7230599,19.726295,2454.87622,48.4902489,18.41560695,12.46288704,4.73306667,15.38912,5.83892555,0.775626227,734.072906,0.0,127.8147861,0.16791976,0.0,-1548.5581,789.017637,2454.87622,0.0,0.0
739.0,230.51515,-2183.53555,-201.441156,-103.1534014,44.9318886,23.6250186,51.5258919,27.0156153,2459.3909,-5.48349802,-8.03457603,-1.413661204,-2.07035345,-0.632065234,-1.480760796,0.775313403,682.9869,0.0,128.0498434,0.0841497524,0.0,-2183.53555,527.434912,2459.3909,0.0,0.0
739.5,230.51515,-2115.01188,-88.7155745,-88.7155745,19.5656602,19.5656602,22.2042997,22.2042997,2460.0562,-32.447334,-32.447334,-8.3589687,-8.3589687,-7.23298356,-7.23298356,0.775085637,682.9869,0.0,128.084484,-0.02011180195,0.0,-2115.01188,556.336628,2460.0562,0.0,0.0
740.0,230.51515,-1810.85283,-95.5464925,-95.5464925,18.1183941,18.1183941,21.0823281,21.0823281,2457.92115,-103.3055726,-103.3055726,-26.5727796,-26.5727796,-24.21206749,-24.21206749,0.774989332,682.9869,0.0,127.9733244,-0.2397710732,0.0,-1810.85283,681.652795,2457.92115,0.0,0.0
740.5,230.51515,-1767.5372,-94.9658399,-94.9658399,17.5811702,17.5811702,20.5127492,20.5127492,2441.20837,-211.32162,-211.32162,-54.0228418,-54.0228418,-49.4080254,-49.4080254,0.775113655,690.089705,0.0,127.1031616,-0.594237348,0.0,-1767.5372,689.918279,2441.20837,0.0,0.0
741.0,230.51515,-1504.94134,-92.8231976,-92.8231976,14.62764975,14.62764975,17.4297769,17.4297769,2420.24079,-228.58276,-228.58276,-57.9217022,-57.9217022,-52.7320148,-52.7320148,0.775300821,786.937242,0.0,126.0114689,-0.651841099,0.0,-1504.94134,786.943535,2420.24079,0.0,0.0
741.5,230.51515,-1169.10693,-92.9453406,-92.9453406,11.37910735,11.37910735,14.17233605,14.17233605,2395.69692,-254.45558,-254.45558,-63.8370019,-63.8370019,-57.7720939,-57.7720939,0.775535633,910.436169,0.0,124.7335753,-0.73369627,0.0,-1169.10693,912.355745,2395.69692,0.0,0.0
742.0,230.51515,-837.381492,-92.9611018,-92.9611018,8.15169111,8.15169111,10.9421134,10.9421134,2370.63334,-243.409827,-243.409827,-60.4361599,-60.4361599,-54.7709958,-54.7709958,0.775789091,1033.935116,0.0,123.4286234,-0.69133331,0.0,-837.381492,1035.754708,2370.63334,0.0,0.0
742.5,230.51515,-513.120992,-93.0368033,-93.0368033,4.99899247,4.99899247,7.83792711,7.83792711,2350.91173,-165.4558395,-165.4558395,-40.7443734,-40.7443734,-37.4191365,-37.4191365,0.776009197,1157.43406,0.0,122.4018039,-0.424721542,0.0,-513.120992,1159.16657,2350.91173,0.0,0.0
743.0,230.51515,-203.3525342,-93.1197552,-93.1197552,1.982777764,1.982777764,4.07351676,4.07351676,2341.36974,-76.2448658,-76.2448658,-18.6977524,-18.6977524,-17.1313581,-17.1313581,0.776143988,1280.933,0.0,121.9049948,-0.129615053954,0.0,-203.3525342,1282.49202,2341.36974,0.0,0.0
743.5,229.963107,91.0248689,-93.0086195,-93.0086195,-0.884950894,-0.884950894,-0.2853123015,-0.2853123015,2341.87925,12.955647764,12.955647764,3.181473349,3.181473349,4.122549235,4.122549235,0.776177442,1404.43195,0.0,121.9315235,0.1580381807,0.0,91.0248689,1405.28215,2341.87925,0.0,0.0
744.0,227.159938,369.617544,-91.883889,-91.883889,-3.55351983,-3.55351983,-2.03347726,-2.03347726,2352.04564,102.1614617,92.4849631,25.1740458,22.7856714,27.3174014,24.7301509,0.776035547,1527.93089,0.0,122.4608417,0.408087536,0.0,369.617544,1527.14269,2352.04564,0.0,0.0
744.5,224.900491,645.745199,-90.89778,-90.89778,-6.14598366,-6.14598366,-4.27756005,-4.27756005,2367.44588,188.475351,111.1565469,46.7367782,27.5589076,50.5973383,29.8360484,0.775733076,1651.42982,0.0,123.262666,0.461037493,0.0,645.745199,1651.03353,2367.44588,0.0,0.0
745.0,232.113175,936.78401,-93.7681879,-93.7681879,-9.21340534,-9.21340534,-7.05098465,-7.05098465,2383.99374,212.93932,120.6474805,53.1605651,30.1213749,57.5351468,32.6000995,0.775420237,1774.92877,0.0,124.124242,0.501742936,0.0,936.78401,1781.79909,2383.99374,0.0,0.0
745.5,245.077431,1125.64287,-101.5950695,-101.5950695,-11.97670915,-11.97670915,-9.41531865,-9.41531865,2402.27545,212.93932,128.4255345,53.5682288,32.3077236,57.9752238,34.9656363,0.775107434,1857.17194,0.0,125.0760891,0.551857545,0.0,1125.64287,1871.05922,2402.27545,0.0,0.0
746.0,258.041678,1094.19232,-107.5650396,-107.5650396,-12.32378475,-12.32378475,-9.5477334,-9.5477334,2421.73686,212.93932,127.9249247,54.0021985,32.4421073,58.4169145,35.0942796,0.774794725,1859.2079,0.0,126.0893649,0.57168109,0.0,1094.19232,1869.3358,2421.73686,0.0,0.0
746.5,271.005929,1065.18026,-112.9321175,-112.9321175,-12.5957264,-12.5957264,-9.62777275,-9.62777275,2441.81034,212.93932,127.201318,54.4498158,32.5259796,58.8715428,35.1673385,0.774482069,1859.2079,0.0,127.1345016,0.589569851,0.0,1065.18026,1868.9844,2441.81034,0.0,0.0
747.0,283.970176,1036.193724,-118.3309645,-118.3309645,-12.83871555,-12.83871555,-9.7274826,-9.7274826,2462.50254,212.93932,126.529473,54.9112277,32.6283749,59.3400452,35.2599952,0.774169469,1859.2079,0.0,128.2118515,0.607515064,0.0,1036.193724,1869.00487,2462.50254,0.0,0.0
747.5,296.934426,1006.359431,-123.7303813,-123.7303813,-13.0380031,-13.0380031,-9.8195304,-9.8195304,2483.81213,212.93932,125.8134953,55.3864113,32.7244706,59.8220934,35.3452566,0.773856929,1859.2079,0.0,129.321355,0.625149346,0.0,1006.359431,1869.03315,2483.81213,0.0,0.0
748.0,304.195278,963.867292,-126.9410116,-126.9410116,-12.8129801,-12.8129801,-9.556629,-9.556629,2505.57308,212.93932,123.852136,55.8716575,32.4960404,60.3107887,35.0779791,0.773544463,1859.2079,0.0,130.45435,0.628170228,0.0,963.867292,1864.05793,2505.57308,0.0,0.0
748.5,304.20978,924.523975,-126.765207,-126.765207,-12.27290035,-12.27290035,-9.0384457,-9.0384457,2527.03553,212.93932,121.0278172,56.350247,32.0272222,60.792607,34.5521097,0.773232047,1859.2079,0.0,131.571807,0.614082518,0.0,924.523975,1860.21862,2527.03553,0.0,0.0
749.0,304.20978,894.812755,-126.7514763,-126.7514763,-11.87719375,-11.87719375,-8.6583,-8.6583,2548.05582,212.93932,118.7433084,56.8189789,31.6840895,61.2678222,34.1649335,0.772919712,1859.2079,0.0,132.666247,0.602063687,0.0,894.812755,1860.12919,2548.05582,0.0,0.0
749.5,304.20978,865.949718,-126.748059,-126.748059,-11.4937734,-11.4937734,-8.2953984,-8.2953984,2568.66879,212.93932,116.5709278,57.2786263,31.3560823,61.7339191,33.7950696,0.772607434,1859.2079,0.0,133.739473,0.590477817,0.0,865.949718,1860.15483,2568.66879,0.0,0.0
750.0,304.20978,837.64431,-126.744926,-126.744926,-11.1178,-11.1178,-7.9449395,-7.9449395,2588.88713,212.93932,114.4830819,57.7294743,31.0368807,62.1949618,33.4376577,0.772295221,1859.2079,0.0,134.792158,0.579217574,0.0,837.64431,1860.18209,2588.88713,0.0,0.0
750.5,304.20978,809.877535,-126.7418718,-126.7418718,-10.7490013,-10.7490013,-7.6063626,-7.6063626,2608.72084,212.93932,112.4634254,58.1717427,30.7229403,62.6576238,33.092132,0.771983071,1859.2079,0.0,135.824802,0.568229339,0.0,809.877535,1860.20882,2608.72084,0.0,0.0
751.0,304.20978,782.634974,-126.7389046,-126.7389046,-10.3871845,-10.3871845,-7.27919514,-7.27919514,2628.17998,212.93932,110.5263531,58.6056639,30.419009,63.1120174,32.7580212,0.771670981,1859.2079,0.0,136.837963,0.557559406,0.0,782.634974,1860.2351,2628.17998,0.0,0.0
751.5,278.895275,705.299408,-116.9237039,-116.9237039,-8.65584224,-8.65584224,-5.92358525,-5.92358525,2646.61081,212.93932,105.206483,59.0166497,29.157064,63.5608712,31.4020567,0.771358949,1859.2079,0.0,137.797572,0.489604054,0.0,705.299408,1838.81678,2646.61081,0.0,0.0
752.0,229.803172,650.80193,-96.1531814,-96.1531814,-6.55940791,-6.55940791,-4.54827433,-4.54827433,2661.51739,212.93932,99.9838715,59.3490541,27.8663914,63.9293641,30.0169902,0.771046996,1856.16194,0.0,138.573698,0.37595356,0.0,650.80193,1824.84387,2661.51739,0.0,0.0
752.5,180.711057,461.386234,-77.6907788,-77.6907788,-3.80263515,-3.80263515,-2.43828074,-2.43828074,2672.55828,212.93932,92.5233242,59.595252,25.893816,64.2227406,27.9043111,0.770735092,1783.0008,0.0,139.148546,0.2599562,0.0,461.386234,1752.47325,2672.55828,0.0,0.0
753.0,131.618946,202.253405,-57.0872675,-57.0872675,-1.253570105,-1.253570105,-0.666435137,-0.666435137,2679.51733,212.93932,86.2843419,59.7504308,24.2110591,64.4644641,26.1210538,0.770423246,1681.36318,0.0,139.510871,0.145115049,0.0,202.253405,1648.70948,2679.51733,0.0,0.0
753.5,82.5268339,-36.94363201,-39.1028441,-39.1028441,0.10197997776,0.10197997776,0.31252985953,0.31252985953,2682.18848,102.0243531,48.5805105,28.6603899,13.6485943,31.50403474,15.29697344,0.770130124,1579.72559,0.0,139.649951,-0.0662430224,0.0,-36.94363201,1550.73753,2682.18848,0.0,0.0
754.0,38.275804,-263.284514,-17.2155687,-17.2155687,0.459571317,0.459571317,0.817643981,0.817643981,2664.88825,-169.374352,-169.374352,-47.2514024,-47.2514024,-43.7154018,-43.7154018,0.770188629,1478.08801,0.0,138.749204,-0.876202925,0.0,-263.284514,1446.45393,2664.88825,0.0,0.0
754.5,41.65715,-367.719069,-18.6235397,-18.6235397,0.728271852,0.728271852,1.11893525,1.11893525,2633.29983,-180.98714,-180.98714,-49.9087422,-49.9087422,-46.1114259,-46.1114259,0.770445667,1377.32414,0.0,137.104528,-0.901522272,0.0,-367.719069,1384.55371,2633.29983,0.0,0.0
755.0,63.2536657,-401.410095,-25.9164345,-25.9164345,1.08448217,1.08448217,1.60016464,1.60016464,2602.93551,-180.98714,-180.98714,-49.33325,-49.33325,-45.547057,-45.547057,0.770698878,1339.4506,0.0,135.523595,-0.855251107,0.0,-401.410095,1352.80513,2602.93551,0.0,0.0
755.5,84.8501805,-353.459878,-35.0742342,-35.0742342,1.29514554,1.29514554,1.97285252,1.97285252,2574.22107,-180.98714,-180.98714,-48.7890284,-48.7890284,-45.0140537,-45.0140537,0.770947768,1339.4506,0.0,134.028557,-0.806048661,0.0,-353.459878,1355.99146,2574.22107,0.0,0.0
756.0,106.4445004,-315.395603,-44.0825287,-44.0825287,1.45311238,1.45311238,2.3273009,2.3273009,2547.19452,-180.98714,-180.98714,-48.2767958,-48.2767958,-44.5130027,-44.5130027,0.771192545,1339.4506,0.0,132.621399,-0.757561358,0.0,-315.395603,1356.04964,2547.19452,0.0,0.0
756.5,116.14316,-303.391568,-48.4404899,-48.4404899,1.53901593,1.53901593,2.53060761,2.53060761,2521.56732,-180.98714,-180.98714,-47.7910854,-47.7910854,-44.0382772,-44.0382772,0.771433593,1339.4506,0.0,131.287102,-0.732288034,0.0,-303.391568,1346.08108,2521.56732,0.0,0.0
757.0,116.14316,-279.867921,-48.1372757,-48.1372757,1.41080314,1.41080314,2.3961971,2.3961971,2496.33276,-180.98714,-180.98714,-47.312816,-47.312816,-43.5683105,-43.5683105,0.771672382,1339.4506,0.0,129.973252,-0.727373275,0.0,-279.867921,1341.13519,2496.33276,0.0,0.0
757.5,116.14316,-158.72553338,-63.10247,-43.042127,0.84012914,0.7677502363,1.546659774,1.38610775,2480.91181,83.0660472,29.0109838,21.5811984,7.5346872,24.50509988,9.31038168,0.771764643,1339.4506,0.0,129.170344,-0.02866871,0.0,-158.72553338,1382.53921,2480.91181,0.0,0.0
758.0,116.14316,-41.948044094,-126.6575616,-48.2100793,0.60820243211,0.22521261478,1.3892096337,0.51481427856,2485.51301,228.9074,88.629724,59.5805477,23.0683854,64.4634847,24.958574,0.771481117,1339.4506,0.0,129.409911,0.170938443,0.0,-41.948044094,1433.81781,2485.51301,0.0,0.0
758.5,116.14316,-243.163173,-137.739173,-49.3637499,3.50390184,1.254608254,6.28012399,2.24937712,2490.81384,228.9074,82.1167881,59.7076155,21.4190419,64.7200441,23.2171283,0.771169128,1339.4506,0.0,129.6859,0.142245078,0.0,-243.163173,1353.18585,2490.81384,0.0,0.0
759.0,116.14316,-280.484038,-136.005172,-48.3340381,3.99477345,1.41967587,6.78450643,2.41110187,2495.61021,228.9074,81.3512314,59.8225891,21.260297,64.8542957,23.0485108,0.770857205,1339.4506,0.0,129.935627,0.136943606,0.0,-280.484038,1340.45687,2495.61021,0.0,0.0
759.5,116.14316,-283.860807,-136.476515,-48.3565063,4.05690625,1.43743906,6.85687557,2.42952717,2500.31443,228.9074,81.1104755,59.9353557,21.2373323,64.9753643,23.0231963,0.770545345,1339.4506,0.0,130.180555,0.13518962,0.0,-283.860807,1341.79856,2500.31443,0.0,0.0
760.0,116.14316,-290.260492,-136.993805,-48.3665534,4.16409236,1.47015005,6.9739468,2.46218755,2504.95517,228.9074,80.8212421,60.0465985,21.2008781,65.0958883,22.9836502,0.770233541,1339.4506,0.0,130.422179,0.13326894,0.0,-290.260492,1341.84527,2504.95517,0.0,0.0
760.5,116.14316,-296.751479,-137.470373,-48.3648817,4.27202009,1.50297455,7.08902547,2.49405483,2509.52934,228.9074,80.5380414,60.1562464,21.165169,65.2146496,22.9449009,0.769921809,1339.4506,0.0,130.660337,0.131359941,0.0,-296.751479,1341.81517,2509.52934,0.0,0.0
761.0,116.14316,-303.093875,-137.940615,-48.3642991,4.37824892,1.53507879,7.20073309,2.52468964,2514.03825,228.9074,80.2623674,60.2643298,21.1306204,65.3316514,22.907387,0.769610138,1339.4506,0.0,130.895096,0.129489545,0.0,-303.093875,1341.80876,2514.03825,0.0,0.0
761.5,116.14316,-309.34352,-138.403973,-48.3637271,4.48353521,1.56671282,7.30987703,2.55434711,2518.48308,228.9074,79.992567,60.3708758,21.0968235,65.4474609,22.8708545,0.769298529,1339.4506,0.0,131.126517,0.127650354,0.0,-309.34352,1341.80351,2518.48308,0.0,0.0
762.0,116.14316,-204.00567934,-118.3255665,-48.4834655,2.7750871874,0.9860124243,4.712966056,1.6823483104,2522.87688,228.9074,83.0050599,60.4762022,21.9299636,65.4930665,23.7480429,0.76898698,1439.00814,0.0,131.355291,0.136436318,0.0,-204.00567934,1388.20093,2522.87688,0.0,0.0
762.5,116.14316,623.69241731,-36.7814964,-36.7814964,-2.2593424047,-2.2593424047,-1.8477052327,-1.8477052327,2527.72829,228.9074,95.2865785,60.5924962,25.2234694,65.4505165,27.2450757,0.768675489,1843.99326,0.0,131.607876,0.154977993,0.0,623.69241731,1735.44491,2527.72829,0.0,0.0
763.0,116.14316,1889.4478,-38.955155,-38.955155,-7.74039922,-7.74039922,-7.00412417,-7.00412417,2534.06002,228.9074,113.1409955,60.7442732,30.0248524,65.5261557,32.3882006,0.768364053,2267.74684,0.0,131.937538,0.215119761,0.0,1889.4478,2265.83209,2534.06002,0.0,0.0
763.5,116.6310196,2323.08366,-49.1054745,-49.1054745,-11.9456598,-11.9456598,-10.93330105,-10.93330105,2542.70047,228.9074,126.479134,60.9513947,33.6775913,65.7511299,36.3296095,0.768052697,2437.0403,0.0,132.387411,0.27461774,0.0,2323.08366,2451.31623,2542.70047,0.0,0.0
764.0,122.2874669,2287.09266,-50.9552821,-50.9552821,-12.20365695,-12.20365695,-11.14705115,-11.14705115,2552.28594,228.9074,126.7413257,61.1811706,33.8748796,65.9872426,36.5359083,0.767741414,2437.0403,0.0,132.886488,0.283166436,0.0,2287.09266,2441.93707,2552.28594,0.0,0.0
764.5,129.3226975,2273.32926,-53.8948543,-53.8948543,-12.8299772,-12.8299772,-11.6948029,-11.6948029,2562.34665,228.9074,128.131364,61.4223363,34.3813912,66.2378462,37.0768871,0.76743017,2437.0403,0.0,133.410307,0.298754617,0.0,2273.32926,2442.08436,2562.34665,0.0,0.0
765.0,136.357925,2258.51001,-56.8267824,-56.8267824,-13.4397525,-13.4397525,-12.22266675,-12.22266675,2572.93764,228.9074,129.417966,61.6762156,34.8701577,66.5009991,37.5979603,0.767118994,2437.0403,0.0,133.96173,0.313868341,0.0,2258.51001,2442.10206,2572.93764,0.0,0.0
765.5,143.393157,2243.05059,-59.7530752,-59.7530752,-14.0351145,-14.0351145,-12.73231765,-12.73231765,2583.94759,178.068502,120.460905,48.1660254,32.5911566,51.9452387,35.1543131,0.766812076,2437.0403,0.0,134.53497,0.295789086,0.0,2243.05059,2442.09781,2583.94759,0.0,0.0
766.0,150.428387,2240.99695,-62.5123019,-62.5123019,-14.6705579,-14.6705579,-13.28240955,-13.28240955,2584.93674,-64.16942202,-64.16942202,-17.357432115,-17.357432115,-15.77825617,-15.77825617,0.76676588,2437.0403,0.0,134.586473,-0.2895212642,0.0,2240.99695,2441.82086,2584.93674,0.0,0.0
766.5,157.463615,2260.03749,-65.4107484,-65.4107484,-15.4812846,-15.4812846,-13.9995634,-13.9995634,2571.79634,-100.19979,-100.19979,-26.9855947,-26.9855947,-25.012244,-25.012244,0.766984491,2437.0403,0.0,133.90231,-0.390329108,0.0,2260.03749,2442.07121,2571.79634,0.0,0.0
767.0,164.498843,2278.59381,-68.3452979,-68.3452979,-16.3085887,-16.3085887,-14.7263196,-14.7263196,2558.59244,-100.19979,-100.19979,-26.8470478,-26.8470478,-24.877915,-24.877915,0.767213747,2437.0403,0.0,133.214841,-0.373555794,0.0,2278.59381,2442.08296,2558.59244,0.0,0.0
767.5,168.877837,2290.58388,-70.2724611,-70.2724611,-16.8562151,-16.8562151,-15.2060018,-15.2060018,2545.91713,-100.19979,-100.19979,-26.7140468,-26.7140468,-24.7490199,-24.7490199,0.76744554,2437.0403,0.0,132.554892,-0.361958243,0.0,2290.58388,2439.67114,2545.91713,0.0,0.0
768.0,168.93446,2302.27348,-70.2025441,-70.2025441,-16.9253749,-16.9253749,-15.2755013,-15.2755013,2533.45169,-100.19979,-100.19979,-26.5832483,-26.5832483,-24.622314,-24.622314,0.76767771,2437.0403,0.0,131.905869,-0.35928364,0.0,2302.27348,2437.25668,2533.45169,0.0,0.0
768.5,168.93446,2319.39548,-70.1959031,-70.1959031,-17.0496394,-17.0496394,-15.3970643,-15.3970643,2521.0771,-100.19979,-100.19979,-26.4534027,-26.4534027,-24.4965815,-24.4965815,0.767909767,2437.0403,0.0,131.261576,-0.356596671,0.0,2319.39548,2437.15588,2521.0771,0.0,0.0
769.0,168.93446,2336.58625,-70.1965032,-70.1965032,-17.1761542,-17.1761542,-15.5207548,-15.5207548,2508.79518,-100.19979,-100.19979,-26.3245295,-26.3245295,-24.371259,-24.371259,0.768141808,2437.0403,0.0,130.622111,-0.353929857,0.0,2336.58625,2437.13777,2508.79518,0.0,0.0
769.5,168.93446,2353.6526,-70.1972336,-70.1972336,-17.3017878,-17.3017878,-15.64371715,-15.64371715,2496.60483,-100.19979,-100.19979,-26.1966181,-26.1966181,-24.2465294,-24.2465294,0.768373836,2437.0403,0.0,129.987415,-0.351295571,0.0,2353.6526,2437.12137,2496.60483,0.0,0.0
770.0,168.93446,2370.59226,-70.1979564,-70.1979564,-17.4264917,-17.4264917,-15.7659048,-15.7659048,2484.505,-100.19979,-100.19979,-26.0696559,-26.0696559,-24.1227866,-24.1227866,0.768605862,2437.0403,0.0,129.357431,-0.348693524,0.0,2370.59226,2437.1051,2484.505,0.0,0.0
770.5,168.93446,2387.40681,-70.1986714,-70.1986714,-17.5502757,-17.5502757,-15.8873246,-15.8873246,2472.49466,-100.19979,-100.19979,-25.9436322,-25.9436322,-24.0000191,-24.0000191,0.768837876,2437.0403,0.0,128.732097,-0.346123212,0.0,2387.40681,2437.08897,2472.49466,0.0,0.0
771.0,168.558319,2403.3494,-70.1145294,-70.1145294,-17.6462695,-17.6462695,-15.9841433,-15.9841433,2460.57104,-100.19979,-100.19979,-25.8185192,-25.8185192,-23.8781968,-23.8781968,0.769069861,2437.0403,0.0,128.1112849,-0.344192762,0.0,2403.3494,2436.76069,2460.57104,0.0,0.0
771.5,158.815582,2402.47156,-66.1200804,-66.1200804,-16.6346667,-16.6346667,-15.10805975,-15.10805975,2448.45707,-100.19979,-100.19979,-25.6914082,-25.6914082,-23.7544904,-23.7544904,0.769299881,2437.0403,0.0,127.4805669,-0.360676656,0.0,2402.47156,2429.32214,2448.45707,0.0,0.0
772.0,145.085289,2416.32523,-60.2674756,-60.2674756,-15.2489919,-15.2489919,-13.9084672,-13.9084672,2435.56112,-100.19979,-100.19979,-25.5560923,-25.5560923,-23.6228659,-23.6228659,0.769523758,2437.0403,0.0,126.8091315,-0.385216806,0.0,2416.32523,2427.55688,2435.56112,0.0,0.0
772.5,131.3549994,2435.4626,-54.5440594,-54.5440594,-13.9099951,-13.9099951,-12.7375904,-12.7375904,2421.82551,-100.19979,-100.19979,-25.4119659,-25.4119659,-23.4827466,-23.4827466,0.769741285,2437.0403,0.0,126.093975,-0.409361693,0.0,2435.4626,2427.50001,2421.82551,0.0,0.0
773.0,117.6247054,2454.36937,-48.963409,-48.963409,-12.5839969,-12.5839969,-11.56260065,-11.56260065,2407.25884,-100.19979,-100.19979,-25.2591195,-25.2591195,-23.3342361,-23.3342361,0.769952336,2435.95462,0.0,125.3355554,-0.433092115,0.0,2454.36937,2426.86193,2407.25884,0.0,0.0
773.5,103.8944129,2417.68841,-43.9110572,-43.9110572,-11.1206307,-11.1206307,-10.2288693,-10.2288693,2391.89884,-100.19979,-100.19979,-25.0979488,-25.0979488,-23.1777313,-23.1777313,0.770156679,2411.41659,0.0,124.535825,-0.455719328,0.0,2417.68841,2402.63005,2391.89884,0.0,0.0
774.0,90.1641215,2357.29332,-38.143864,-38.143864,-9.41888905,-9.41888905,-8.66319558,-8.66319558,2375.7317,-100.19979,-100.19979,-24.9283086,-24.9283086,-23.0131088,-23.0131088,0.77035274,2377.56302,0.0,123.694073,-0.479496495,0.0,2357.29332,2368.05942,2375.7317,0.0,0.0
774.5,76.4338286,2299.77857,-32.4223837,-32.4223837,-7.81116727,-7.81116727,-7.17577537,-7.17577537,2358.74705,-100.19979,-100.19979,-24.75009,-24.75009,-22.8402787,-22.8402787,0.770540173,2343.70946,0.0,122.8097516,-0.503046952,0.0,2299.77857,2334.20977,2358.74705,0.0,0.0
775.0,63.504692,2245.26707,-26.9272456,-26.9272456,-6.33318612,-6.33318612,-5.79841236,-5.79841236,2340.95582,-100.19979,-100.19979,-24.5634085,-24.5634085,-22.6593691,-22.6593691,0.770719217,2309.85593,0.0,121.8834421,-0.525079054,0.0,2245.26707,2301.13902,2340.95582,0.0,0.0
775.5,60.56845,2207.67069,-25.7155211,-25.7155211,-5.9449742,-5.9449742,-5.43269117,-5.43269117,2322.70648,-100.19979,-100.19979,-24.3719199,-24.3719199,-22.4737298,-22.4737298,0.770892429,2276.00237,0.0,120.9332779,-0.527167538,0.0,2207.67069,2274.83925,2322.70648,0.0,0.0
776.0,60.56845,2169.41078,-25.340162,-25.340162,-5.75683129,-5.75683129,-5.25303864,-5.25303864,2304.87813,-91.0585664,-91.0585664,-21.9814302,-21.9814302,-20.2414539,-20.2414539,0.771060356,2249.49528,0.0,120.0050316,-0.493508228,0.0,2169.41078,2248.50915,2304.87813,0.0,0.0
776.5,60.56845,2189.13223,-25.069271,-25.069271,-5.74702794,-5.74702794,-5.24691848,-5.24691848,2289.02859,-70.9518243,-70.9518243,-17.0101555,-17.0101555,-15.571969,-15.571969,0.771206857,2247.5657,0.0,119.1798143,-0.423127305,0.0,2189.13223,2247.46099,2289.02859,0.0,0.0
777.0,60.56845,2208.35878,-25.1046093,-25.1046093,-5.80566461,-5.80566461,-5.30398803,-5.30398803,2275.61997,-50.8450874,-50.8450874,-12.1186227,-12.1186227,-10.92434615,-10.92434615,0.771327504,2247.5657,0.0,118.4816884,-0.352692139,0.0,2208.35878,2247.6321,2275.61997,0.0,0.0
777.5,60.56845,2223.75062,-25.1242059,-25.1242059,-5.85069173,-5.85069173,-5.34795601,-5.34795601,2264.63112,-30.7383488,-30.7383488,-7.29135141,-7.29135141,-6.25309102,-6.25309102,0.771420915,2247.5657,0.0,117.9095479,-0.283497415,0.0,2223.75062,2247.62046,2264.63112,0.0,0.0
778.0,60.56845,2235.84755,-25.1427754,-25.1427754,-5.88686587,-5.88686587,-5.38326964,-5.38326964,2255.98897,-10.63161042,-10.63161042,-2.51298282,-2.51298282,-1.962444441,-1.962444441,0.771485954,2247.5657,0.0,117.4595867,-0.216634842,0.0,2235.84755,2247.60799,2255.98897,0.0,0.0
778.5,60.56845,2244.72484,-25.161206,-25.161206,-5.91457134,-5.91457134,-5.41027464,-5.41027464,2249.64767,9.474856124,9.474856124,2.23120827,2.23120827,2.868827945,2.868827945,0.771522556,2247.5657,0.0,117.129422,-0.150318092,0.0,2244.72484,2247.59917,2249.64767,0.0,0.0
779.0,60.56845,2250.40342,-25.1795135,-25.1795135,-5.93384765,-5.93384765,-5.42899548,-5.42899548,2245.59118,29.579553,29.579553,6.95535411,6.95535411,8.16765873,8.16765873,0.771520734,2247.5657,0.0,116.9182161,-0.0844540584,0.0,2250.40342,2247.59357,2245.59118,0.0,0.0
779.5,60.56845,2253.28742,-25.1905102,-25.1905102,-5.94404618,-5.94404618,-5.43888449,-5.43888449,2243.50246,40.9733643,40.9733643,9.6262395,9.6262395,10.80638875,10.80638875,0.771485895,2247.5657,0.0,116.8094665,-0.0471542957,0.0,2253.28742,2247.57404,2243.50246,0.0,0.0
780.0,60.56845,2255.52462,-25.1900306,-25.1900306,-5.94983445,-5.94983445,-5.4445912,-5.4445912,2241.88185,41.010593,41.010593,9.62802875,9.62802875,10.8084141,10.8084141,0.77144341,2247.5657,0.0,116.7250872,-0.0467195602,0.0,2255.52462,2247.55869,2241.88185,0.0,0.0
780.5,60.56845,2257.77731,-25.1900813,-25.1900813,-5.95578885,-5.95578885,-5.45044779,-5.45044779,2240.27203,41.010593,41.010593,9.6211153,9.6211153,10.80108985,10.80108985,0.771401017,2247.5657,0.0,116.6412749,-0.0464081029,0.0,2257.77731,2247.55616,2240.27203,0.0,0.0
781.0,60.56845,2260.01596,-25.1901664,-25.1901664,-5.96171449,-5.96171449,-5.45620045,-5.45620045,2238.67298,41.010593,41.010593,9.6142481,9.6142481,10.7938132,10.7938132,0.771358758,2247.5657,0.0,116.5580193,-0.0460988815,0.0,2260.01596,2247.55399,2238.67298,0.0,0.0
781.5,60.56845,2262.23969,-25.1902517,-25.1902517,-5.96760062,-5.96760062,-5.46189549,-5.46189549,2237.08463,41.010593,41.010593,9.6074264,9.6074264,10.7865845,10.7865845,0.771316589,2247.5657,0.0,116.4753176,-0.0457919376,0.0,2262.23969,2247.55183,2237.08463,0.0,0.0
782.0,60.56845,2266.60703,-25.0593532,-25.0593532,-5.94797741,-5.94797741,-5.44419994,-5.44419994,2235.50556,41.010593,41.010593,9.60064485,9.60064485,10.7793984,10.7793984,0.771274498,2248.85021,0.0,116.3931046,-0.0457146591,0.0,2266.60703,2248.44717,2235.50556,0.0,0.0
782.5,60.56845,2302.85377,-24.7833152,-24.7833152,-5.97662342,-5.97662342,-5.47473385,-5.47473385,2233.91922,41.010593,41.010593,9.5938324,9.5938324,10.7721779,10.7721779,0.771232294,2262.90271,0.0,116.3105096,-0.0458890461,0.0,2302.85377,2262.60343,2233.91922,0.0,0.0
783.0,112.2430016,2457.54992,-44.3718145,-44.3718145,-11.560307,-11.560307,-10.60122104,-10.60122104,2233.25959,41.010593,41.010593,9.59099945,9.59099945,10.7691758,10.7691758,0.771201393,2280.22517,0.0,116.2761674,0.0484814485,0.0,2457.54992,2326.58853,2233.25959,0.0,0.0
783.5,245.651086,2599.1365,-101.775005,-101.775005,-27.7202059,-27.7202059,-24.7342744,-24.7342744,2239.35941,42.5500526,42.5500526,9.9785462,9.9785462,11.1840419,11.1840419,0.771247843,2297.54763,0.0,116.5937584,0.307589142,0.0,2599.1365,2389.06531,2239.35941,0.0,0.0
784.0,379.202127,2622.26226,-157.810411,-157.810411,-43.3395478,-43.3395478,-38.3490019,-38.3490019,2254.55375,46.3032454,46.3032454,10.9326692,10.9326692,12.2003629,12.2003629,0.771375109,2314.87011,0.0,117.3848616,0.569887041,0.0,2622.26226,2407.55997,2254.55375,0.0,0.0
784.5,432.16336,2471.3656,-181.520138,-181.520138,-46.9841932,-46.9841932,-41.2936818,-41.2936818,2276.90963,50.0739212,50.0739212,11.9402635,11.9402635,13.2648279,13.2648279,0.77155069,2331.35423,0.0,118.548839,0.680719611,0.0,2471.3656,2357.82425,2276.90963,0.0,0.0
785.0,432.16336,2386.71016,-180.09587,-180.09587,-45.0124718,-45.0124718,-39.3971333,-39.3971333,2300.51233,53.8445969,53.8445969,12.97242515,12.97242515,14.3465626,14.3465626,0.771714164,2335.461,0.0,119.7777269,0.68577842,0.0,2386.71016,2336.37988,2300.51233,0.0,0.0
785.5,432.16336,2351.07883,-180.020662,-180.020662,-44.3218799,-44.3218799,-38.7259525,-38.7259525,2324.34424,57.427146,57.427146,13.9786368,13.9786368,15.3934048,15.3934048,0.771866387,2335.461,0.0,121.0185522,0.692482626,0.0,2351.07883,2335.46871,2324.34424,0.0,0.0
786.0,432.16336,2317.51539,-180.018391,-180.018391,-43.6885999,-43.6885999,-38.1106967,-38.1106967,2348.27741,58.30792,58.30792,14.33856045,14.33856045,15.7679666,15.7679666,0.772011027,2335.461,0.0,122.2646426,0.690504089,0.0,2317.51539,2335.47705,2348.27741,0.0,0.0
786.5,432.16336,2284.20927,-180.01695,-180.01695,-43.0603853,-43.0603853,-37.5021163,-37.5021163,2372.06547,58.30792,58.30792,14.4838106,14.4838106,15.9201752,15.9201752,0.772151182,2335.461,0.0,123.5031871,0.685655932,0.0,2284.20927,2335.50793,2372.06547,0.0,0.0
787.0,432.16336,2251.14086,-180.015596,-180.015596,-42.4366826,-42.4366826,-36.8953905,-36.8953905,2395.68569,58.30792,58.30792,14.62803555,14.62803555,16.0711677,16.0711677,0.772287085,2335.461,0.0,124.7329915,0.680793788,0.0,2251.14086,2335.53953,2395.68569,0.0,0.0
787.5,431.072079,2216.36438,-179.799975,-179.799975,-41.7316679,-41.7316679,-36.2043963,-36.2043963,2419.13416,58.30792,58.30792,14.7712116,14.7712116,16.2209224,16.2209224,0.772418685,2335.461,0.0,125.9538517,0.674278447,0.0,2216.36438,2334.76018,2419.13416,0.0,0.0
788.0,395.15548,2116.85864,-165.189359,-165.189359,-36.6364733,-36.6364733,-31.5883319,-31.5883319,2442.26251,90.8775245,90.8775245,23.2655497,23.2655497,25.2734602,25.2734602,0.772508934,2335.461,0.0,127.1580424,0.707478721,0.0,2116.85864,2306.85957,2442.26251,0.0,0.0
788.5,342.569707,2058.79867,-142.81359,-142.81359,-30.798805,-30.798805,-26.4566672,-26.4566672,2470.95937,234.669166,180.993716,60.7636718,46.8338559,66.0297253,50.896478,0.772345278,2335.461,0.0,128.652162,0.892809177,0.0,2058.79867,2299.45624,2470.95937,0.0,0.0
789.0,289.983933,2018.28161,-120.871557,-120.871557,-25.5534999,-25.5534999,-21.9046567,-21.9046567,2499.38687,378.355946,167.15182,99.0537631,43.7458213,107.3328783,47.4067295,0.77203467,2335.461,0.0,130.132258,0.742506028,0.0,2018.28161,2299.19537,2499.38687,0.0,0.0
789.5,237.398159,1986.09426,-98.946617,-98.946617,-20.5846364,-20.5846364,-17.8503707,-17.8503707,2522.36908,410.66583,151.78726,108.4740456,40.0908127,117.2739486,43.3438481,0.771722587,2335.461,0.0,131.328842,0.588400182,0.0,1986.09426,2299.2212,2522.36908,0.0,0.0
790.0,184.812381,1961.25216,-77.0237117,-77.0237117,-15.8232925,-15.8232925,-13.9731496,-13.9731496,2540.11618,410.66583,137.447615,109.2372538,36.5592514,117.9025159,39.4596806,0.771410537,2335.461,0.0,132.25286,0.438717914,0.0,1961.25216,2299.24659,2540.11618,0.0,0.0
790.5,146.306629,1975.37583,-60.2540322,-60.2540322,-12.4617184,-12.4617184,-11.1713194,-11.1713194,2553.02074,410.66583,127.063539,109.7922129,33.9704931,118.4167353,36.6390032,0.771098575,2335.461,0.0,132.924746,0.328223113,0.0,1975.37583,2312.65843,2553.02074,0.0,0.0
791.0,144.45306,2012.55979,-60.1030792,-60.1030792,-12.66699665,-12.66699665,-11.3756109,-11.3756109,2564.22519,402.884788,127.207128,108.1816423,34.1582495,116.6547329,36.8335636,0.770786661,2335.461,0.0,133.508111,0.323782814,0.0,2012.55979,2334.67314,2564.22519,0.0,0.0
791.5,144.45306,1999.57287,-60.1948034,-60.1948034,-12.60447695,-12.60447695,-11.31232445,-11.31232445,2575.34122,348.332856,126.4498271,93.9356327,34.1020601,101.2680379,36.7638597,0.7704748,2335.461,0.0,134.086875,0.319027171,0.0,1999.57287,2335.75973,2575.34122,0.0,0.0
792.0,144.45306,4242.562970000001,-8.6759279,-15.6096933,-2.897131,-6.43346621,-1.42452466,-5.70117193,2583.47684,285.971661,105.93418,77.3651934,28.6615631,83.7168121,31.0228222,0.770163026,3351.22969,0.0,134.510463,0.1732475124,0.0,4242.562970000001,3273.83479,2583.47684,0.0,0.0
792.5,144.45306,6447.8139,-64.4756537,-64.4756537,-43.5673622,-43.5673622,-41.686604,-41.686604,2598.14935,223.610472,220.869076,60.8276224,60.0842907,66.3520525,65.5389669,0.769857716,4129.371,0.0,135.274396,0.626884633,0.0,6447.8139,4200.02321,2598.14935,0.0,0.0
793.0,144.45306,6252.058019999999,-60.399126,-60.399126,-39.5443585,-39.5443585,-37.8206697,-37.8206697,2616.37574,161.249279,161.249279,44.1722074,44.1722074,47.7296447,47.7296447,0.769673016,4129.371,0.0,136.223366,0.42281969,0.0,6252.058019999999,4129.21003,2616.37574,0.0,0.0
793.5,144.45306,6231.92678,-60.1718623,-60.1718623,-39.2685136,-39.2685136,-37.554921,-37.554921,2627.44621,98.8735239,98.8735239,27.2005463,27.2005463,29.3408669,29.3408669,0.769661802,4129.371,0.0,136.799758,0.218106501,0.0,6231.92678,4127.29711,2627.44621,0.0,0.0
794.0,144.45306,6226.196099999999,-60.1126491,-60.1126491,-39.193792,-39.193792,-37.4828888,-37.4828888,2631.48146,37.4897074,37.4897074,10.33065541,10.33065541,11.68388574,11.68388574,0.769772372,4129.371,0.0,137.009853,0.01848068564,0.0,6226.196099999999,4127.26885,2631.48146,0.0,0.0
794.5,144.45306,6227.86351,-60.0927014,-60.0927014,-39.191279,-39.191279,-37.4808761,-37.4808761,2630.41134,16.46224,16.46224,4.53462318,4.53462318,5.70865793,5.70865793,0.769955877,4129.371,0.0,136.954144,-0.0493717273,0.0,6227.86351,4127.33786,2630.41134,0.0,0.0
795.0,144.45306,6230.29387,-60.0943252,-60.0943252,-39.207631,-39.207631,-37.4968985,-37.4968985,2628.71125,16.46224,16.46224,4.53169248,4.53169248,5.70518937,5.70518937,0.77014811,4129.371,0.0,136.865623,-0.0489830578,0.0,6230.29387,4127.35634,2628.71125,0.0,0.0
795.5,144.45306,6232.65654,-60.094474,-60.094474,-39.2225978,-39.2225978,-37.5115925,-37.5115925,2627.02447,16.46224,16.46224,4.52878447,4.52878447,5.7017479,5.7017479,0.770340436,4129.371,0.0,136.7778,-0.0486002218,0.0,6232.65654,4127.35455,2627.02447,0.0,0.0
796.0,144.45306,6234.999659999999,-60.0945796,-60.0945796,-39.2374119,-39.2374119,-37.5261392,-37.5261392,2625.35085,16.46224,16.46224,4.52589915,4.52589915,5.69833294,5.69833294,0.770532843,4129.371,0.0,136.690665,-0.0482206917,0.0,6234.999659999999,4127.35233,2625.35085,0.0,0.0
796.5,144.45306,6237.32435,-60.0946847,-60.0946847,-39.2521092,-39.2521092,-37.5405726,-37.5405726,2623.69033,16.46224,16.46224,4.52303657,4.52303657,5.69494447,5.69494447,0.770725339,4129.371,0.0,136.604201,-0.0478443635,0.0,6237.32435,4127.35004,2623.69033,0.0,0.0
797.0,144.45306,6238.419800000001,-60.1277377,-60.1277377,-39.2805932,-39.2805932,-37.567793,-37.567793,2623.06393,58.8251753,58.8251753,16.16232456,16.16232456,17.84170062,17.84170062,0.770888294,4129.371,0.0,136.57159,0.0893487987,0.0,6238.419800000001,4127.44022,2623.06393,0.0,0.0
797.5,144.45306,6226.85027,-60.198766,-60.198766,-39.2540664,-39.2540664,-37.5401137,-37.5401137,2631.29508,127.21956,127.21956,35.0551696,35.0551696,37.7508581,37.7508581,0.770878681,4129.371,0.0,137.000152,0.308951752,0.0,6226.85027,4127.43209,2631.29508,0.0,0.0
798.0,144.45306,6211.78431,-60.1933423,-60.1933423,-39.1555607,-39.1555607,-37.4435013,-37.4435013,2641.93395,127.21956,127.21956,35.1969041,35.1969041,37.8955588,37.8955588,0.77087616,4129.371,0.0,137.554071,0.306521327,0.0,6211.78431,4127.3752,2641.93395,0.0,0.0
798.5,144.45306,6197.00287,-60.1925163,-60.1925163,-39.0618514,-39.0618514,-37.3515037,-37.3515037,2652.48916,127.21956,127.21956,35.3375243,35.3375243,38.0390627,38.0390627,0.770871883,4129.371,0.0,138.103637,0.304108288,0.0,6197.00287,4127.38755,2652.48916,0.0,0.0
799.0,144.45306,6182.34217,-60.1918453,-60.1918453,-38.969004,-38.969004,-37.2603617,-37.2603617,2662.96108,127.21956,127.21956,35.4770361,35.4770361,38.1813748,38.1813748,0.770865809,4129.371,0.0,138.648866,0.301705032,0.0,6182.34217,4127.401540000001,2662.96108,0.0,0.0
799.5,157.735846,6169.42195,-67.2414262,-67.2414262,-43.4180235,-43.4180235,-41.4485996,-41.4485996,2673.58941,127.21956,127.21956,35.6186309,35.6186309,38.3257517,38.3257517,0.770864903,4111.53513,0.0,139.202233,0.32698303,0.0,6169.42195,4128.23112,2673.58941,0.0,0.0
800.0,195.510437,5535.89833,-89.7571116,-89.7571116,-51.9168156,-51.9168156,-49.0862962,-49.0862962,2686.31869,127.21956,127.21956,35.7882156,35.7882156,38.4985883,38.4985883,0.770920413,3841.02874,0.0,139.864992,0.407222029,0.0,5535.89833,3872.04978,2686.31869,0.0,0.0
800.5,233.79254,4655.28197,-105.307178,-105.307178,-51.2177831,-51.2177831,-47.734121,-47.734121,2701.57169,127.21956,127.21956,35.9914208,35.9914208,38.7055786,38.7055786,0.770989358,3488.89137,0.0,140.659147,0.475334003,0.0,4655.28197,3514.5249,2701.57169,0.0,0.0
801.0,272.074641,3785.14959,-121.2429694,-121.2429694,-47.9382128,-47.9382128,-43.8652455,-43.8652455,2719.18572,127.21956,127.21956,36.2260837,36.2260837,38.9454933,38.9454933,0.771039963,3136.75393,0.0,141.57624,0.543543147,0.0,3785.14959,3162.74115,2719.18572,0.0,0.0
801.5,310.356741,2912.04631,-137.191205,-137.191205,-41.7157698,-41.7157698,-37.3032815,-37.3032815,2739.14849,127.21956,127.21956,36.4920353,36.4920353,39.2182238,39.2182238,0.771052405,2784.61661,0.0,142.615612,0.611193929,0.0,2912.04631,2811.09256,2739.14849,0.0,0.0
802.0,348.63884,2035.72159,-153.138934,-153.138934,-32.5252305,-32.5252305,-27.8945373,-27.8945373,2761.4397,127.21956,127.21956,36.7890087,36.7890087,39.5225486,39.5225486,0.770998374,2432.47913,0.0,143.776221,0.678253879,0.0,2035.72159,2459.46303,2761.4397,0.0,0.0
802.5,385.946685,1154.330707,-168.873034,-168.873034,-20.299602,-20.299602,-15.7777351,-15.7777351,2785.98735,127.21956,123.7391106,37.1160426,36.0971876,39.8558941,38.7620465,0.770823647,2080.34175,0.0,145.05431,0.731973352,0.0,1154.330707,2107.043,2785.98735,0.0,0.0
803.0,397.36246,255.06978942,-177.127494,-148.0887799,-4.6512745502,-4.65723091497,-2.62779648786,-2.64766629531,2809.91965,127.21956,88.7464651,37.4348762,26.1084008,40.3106523,28.1095407,0.770523449,1728.20438,0.0,146.300359,0.590846476,0.0,255.06978942,1746.82771,2809.91965,0.0,0.0
803.5,397.36246,-36.88625492,-273.063367,-168.57888,1.1313693242,0.6366347232,3.030952449,1.715121349,2830.47922,127.21956,74.1278305,37.7087808,21.9699044,40.7574498,23.7447386,0.770211669,1379.04779,0.0,147.370812,0.573290703,0.0,-36.88625492,1637.3473,2830.47922,0.0,0.0
804.0,397.36246,-61.855325,-300.0,-165.216608,1.94324235,1.07018635,5.12006891,2.81973461,2849.7027,127.21956,70.048261,37.9648831,20.9038141,41.07948,22.6187398,0.769899931,1247.4135,0.0,148.371691,0.549711708,0.0,-61.855325,1638.18194,2849.7027,0.0,0.0
804.5,397.36246,-21.50654868,-299.951942,-159.608876,0.6755743196,0.3673677373,1.8300747353,0.9948330805,2868.82814,146.496453,75.3254045,44.0181063,22.6308262,47.5283657,24.4363651,0.769588249,1254.52228,0.0,149.367468,0.573011767,0.0,-21.50654868,1666.13854,2868.82814,0.0,0.0
805.0,397.36246,-4.818462405,-256.720649,-209.76207,0.15459991843,0.09131330243,0.54142504606,0.36512432406,2888.35069,189.210653,77.4861195,57.2372359,23.437108,61.7434507,25.2824389,0.769276642,1669.25413,0.0,150.383921,0.604492514,0.0,-4.818462405,1684.48163,2888.35069,0.0,0.0
805.5,397.36246,1189.2781085,-144.914175,-144.914175,-18.21244287,-18.21244287,-14.64380593,-14.64380593,2908.68138,231.937339,122.1992304,70.655804,37.2411012,75.835924,39.9641461,0.768965095,2313.08203,0.0,151.442458,0.668413564,0.0,1189.2781085,2193.22502,2908.68138,0.0,0.0
806.0,397.36246,2827.81008,-157.594097,-157.594097,-46.8409841,-46.8409841,-41.7914799,-41.7914799,2936.82489,274.66973,202.301804,84.4850051,62.2331524,91.145058,67.1459138,0.768653611,2877.24647,0.0,152.907772,0.942555654,0.0,2827.81008,2891.46308,2936.82489,0.0,0.0
806.5,397.36246,2957.03725,-166.136209,-166.136209,-51.4471078,-51.4471078,-46.0865523,-46.0865523,2970.85942,316.068438,212.888003,98.3418985,66.2286881,106.1633614,71.497785,0.768342196,2958.54,0.0,154.679801,0.983018464,0.0,2957.03725,2965.10794,2970.85942,0.0,0.0
807.0,397.36246,2894.75388,-165.623351,-165.623351,-50.2067372,-50.2067372,-44.8856206,-44.8856206,3004.32144,327.9118,207.248701,103.1649273,65.2016156,111.2087044,70.2855508,0.768030848,2958.54,0.0,156.422021,0.95525102,0.0,2894.75388,2958.72957,3004.32144,0.0,0.0
807.5,397.36246,2901.05091,-162.237385,-162.237385,-49.2458088,-49.2458088,-44.0278767,-44.0278767,3036.90993,327.9118,202.752456,104.2839765,64.4791215,112.273087,69.419096,0.767719547,2990.41995,0.0,158.118764,0.926323828,0.0,2901.05091,2980.37796,3036.90993,0.0,0.0
808.0,397.36246,3828.79656,-153.631348,-153.631348,-61.6162285,-61.6162285,-56.4440893,-56.4440893,3069.71632,327.9118,235.149521,105.4105111,75.6072306,113.9756153,81.7627796,0.767408323,3394.37928,0.0,159.826851,1.007497173,0.0,3828.79656,3385.57519,3069.71632,0.0,0.0
808.5,392.493295,5007.315540000001,-152.387477,-152.387477,-79.8630415,-79.8630415,-74.547494,-74.547494,3107.04222,327.9118,281.772065,106.6922388,91.6934132,116.1997002,99.8718647,0.76709718,3903.15,0.0,161.770246,1.14056163,0.0,5007.315540000001,3897.76,3107.04222,0.0,0.0
809.0,382.291819,6164.57381,-148.03943,-148.03943,-95.5246631,-95.5246631,-90.2757604,-90.2757604,3148.10051,327.9118,318.519927,108.1021318,105.0167945,118.4408664,115.064766,0.76678736,4411.92063,0.0,163.907971,1.22892492,0.0,6164.57381,4403.27732,3148.10051,0.0,0.0
809.5,372.090341,6698.664350000001,-155.577417,-155.577417,-109.1387868,-109.1387868,-103.6019586,-103.6019586,3190.82848,317.71251,317.71251,106.1537794,106.1537794,116.1750274,116.1750274,0.766587828,4641.6045,0.0,166.132635,1.21586455,0.0,6698.664350000001,4650.464819999999,3190.82848,0.0,0.0
810.0,361.888865,6600.70159,-150.952601,-150.952601,-104.3443159,-104.3443159,-98.9717443,-98.9717443,3231.16805,296.908217,296.908217,100.4570369,100.4570369,109.4167681,109.4167681,0.766488788,4641.6045,0.0,168.232946,1.11744623,0.0,6600.70159,4633.25584,3231.16805,0.0,0.0
810.5,351.687385,6547.42739,-146.624436,-146.624436,-100.5341382,-100.5341382,-95.3164839,-95.3164839,3268.11805,276.103928,276.103928,94.4865072,94.4865072,102.4546384,102.4546384,0.766415606,4641.6045,0.0,170.15677,1.020357787,0.0,6547.42739,4632.662920000001,3268.11805,0.0,0.0
811.0,341.485912,6500.34467,-142.351706,-142.351706,-96.9025226,-96.9025226,-91.8382092,-91.8382092,3301.72834,255.299634,255.299634,88.2656843,88.2656843,95.3171782,95.3171782,0.766373098,4641.6045,0.0,171.906715,0.924200069,0.0,6500.34467,4632.696190000001,3301.72834,0.0,0.0
811.5,331.284549,6457.92016,-138.080434,-138.080434,-93.3813865,-93.3813865,-88.4705033,-88.4705033,3332.02927,234.499202,234.499202,81.8184924,81.8184924,88.0281086,88.0281086,0.766361146,4641.6045,0.0,173.48435,0.828914054,0.0,6457.92016,4632.73551,3332.02927,0.0,0.0
812.0,326.68442,6428.26139,-136.478578,-136.478578,-91.870757,-91.870757,-87.0174287,-87.0174287,3359.17392,213.695778,213.695778,75.1675323,75.1675323,80.6047685,80.6047685,0.766382857,4638.59455,0.0,174.897652,0.745618338,0.0,6428.26139,4636.24384,3359.17392,0.0,0.0
812.5,326.68442,5955.67093,-143.275249,-143.275249,-89.3613184,-89.3613184,-84.2909129,-84.2909129,3383.88622,192.891487,192.891487,68.3487335,68.3487335,73.0822781,73.0822781,0.766451388,4446.66715,0.0,176.184316,0.682941353,0.0,5955.67093,4454.02489,3383.88622,0.0,0.0
813.0,326.68442,5184.00752,-142.838861,-142.838861,-77.5432445,-77.5432445,-72.5419714,-72.5419714,3406.20211,172.087197,172.087197,61.3791474,61.3791474,65.4776595,65.4776595,0.766514145,4146.73121,0.0,177.346208,0.608334506,0.0,5184.00752,4145.96011,3406.20211,0.0,0.0
813.5,326.68442,4435.85183,-142.797653,-142.797653,-66.3326528,-66.3326528,-61.4167532,-61.4167532,3425.9981,153.303622,153.303622,54.9987185,54.9987185,58.5823575,58.5823575,0.766551345,3846.79522,0.0,178.376901,0.541649328,0.0,4435.85183,3846.2057,3425.9981,0.0,0.0
814.0,327.091268,3691.34132,-142.921998,-142.921998,-55.2437525,-55.2437525,-50.4576201,-50.4576201,3444.34003,150.09341,150.09341,54.1372584,54.1372584,57.6419668,57.6419668,0.766536192,3546.8593,0.0,179.331881,0.526506518,0.0,3691.34132,3547.1191,3444.34003,0.0,0.0
814.5,330.456228,2951.05304,-144.343703,-144.343703,-44.5961203,-44.5961203,-39.9405885,-39.9405885,3462.54595,150.09341,150.09341,54.4234147,54.4234147,57.9339724,57.9339724,0.766423028,3246.9233,0.0,180.279791,0.527473502,0.0,2951.05304,3249.70999,3462.54595,0.0,0.0
815.0,334.400385,2206.54821,-145.996769,-145.996769,-33.7249425,-33.7249425,-29.2420057,-29.2420057,3480.52225,150.09341,140.457291,54.705961,51.1898986,58.2066481,54.4661142,0.766171822,2946.98731,0.0,181.215738,0.498395927,0.0,2206.54821,2950.41225,3480.52225,0.0,0.0
815.5,338.344542,1464.63982,-147.613127,-147.613127,-22.6300883,-22.6300883,-18.4380955,-18.4380955,3496.25073,150.09341,112.4471025,54.9531776,41.1663835,58.5021339,43.8228987,0.765861161,2647.05134,0.0,182.034647,0.410450257,0.0,1464.63982,2650.88241,3496.25073,0.0,0.0
816.0,342.288698,727.046707,-149.230115,-149.230115,-11.35152634,-11.35152634,-7.85289632,-7.85289632,3508.92816,150.09341,84.5767145,55.152437,31.0754444,58.9863577,33.2285034,0.765550289,2347.11544,0.0,182.694706,0.323857038,0.0,727.046707,2351.36672,3508.92816,0.0,0.0
816.5,346.232856,161.5165446,-146.068259,-146.068259,-2.48710543,-2.48710543,-1.097768788,-1.097768788,3518.88909,150.09341,66.6808575,55.3090027,24.5713882,59.5167967,26.4403651,0.765239503,2127.07914,0.0,183.213333,0.26201981,0.0,161.5165446,2121.86161,3518.88909,0.0,0.0
817.0,350.177012,143.630128,-145.672881,-145.672881,-2.19101151,-2.19101151,-0.917635957,-0.917635957,3527.84243,150.09341,66.010423,55.4497272,24.3865304,59.6791908,26.2466283,0.764928776,2116.3315,0.0,183.679496,0.261030894,0.0,143.630128,2119.6467,3527.84243,0.0,0.0
817.5,353.325795,132.1402804,-147.142664,-147.142664,-2.03602537,-2.03602537,-0.841694257,-0.841694257,3536.92459,150.09341,65.6293769,55.5924789,24.3081517,59.8374822,26.1643034,0.764618099,2116.3315,0.0,184.152362,0.263256255,0.0,132.1402804,2120.16864,3536.92459,0.0,0.0
818.0,353.58438,128.2450135,-145.976678,-145.976678,-1.95366519,-1.95366519,-0.808939584,-0.808939584,3545.95755,150.09341,65.3522095,55.7344563,24.2674099,59.9927066,26.1214674,0.764307493,2125.92645,0.0,184.622668,0.257872924,0.0,128.2450135,2123.82212,3545.95755,0.0,0.0
818.5,353.58438,648.510986,-139.773335,-139.773335,-9.4992895,-9.4992895,-6.38618887,-6.38618887,3555.15571,150.09341,79.436079,55.879032,29.5758727,59.8368448,31.6629125,0.763996942,2351.13639,0.0,185.101579,0.289811173,0.0,648.510986,2345.6794,3555.15571,0.0,0.0
819.0,353.58438,1398.05421,-140.234159,-140.234159,-20.5312895,-20.5312895,-16.5888284,-16.5888284,3566.57751,150.09341,105.265156,56.0585559,39.3184704,59.6816972,41.8568475,0.76368647,2663.16962,0.0,185.696259,0.370670041,0.0,1398.05421,2664.23896,3566.57751,0.0,0.0
819.5,353.58438,2127.49529,-140.27181,-140.27181,-31.2514088,-31.2514088,-26.970338,-26.970338,3580.76515,150.09341,131.0451591,56.2815539,49.142347,59.8197144,52.2312587,0.763376042,2975.20289,0.0,186.434953,0.449768593,0.0,2127.49529,2976.04885,3580.76515,0.0,0.0
820.0,353.58438,2852.98202,-140.287867,-140.287867,-41.9129213,-41.9129213,-37.4131287,-37.4131287,3597.45374,150.09341,149.34858,56.5438591,56.2638312,60.1014974,59.803873,0.763082445,3287.23612,0.0,187.303853,0.503857222,0.0,2852.98202,3287.67351,3597.45374,0.0,0.0
820.5,353.58438,3577.44499,-140.286375,-140.286375,-52.5553561,-52.5553561,-47.8825216,-47.8825216,3614.85574,150.09341,150.09341,56.8173797,56.8173797,60.3831149,60.3831149,0.762908271,3599.26936,0.0,188.209899,0.500851133,0.0,3577.44499,3599.28881,3614.85574,0.0,0.0
821.0,353.58438,4302.21153,-140.284789,-140.284789,-63.2020103,-63.2020103,-58.3918776,-58.3918776,3632.07775,150.09341,150.09341,57.0880714,57.0880714,60.6597476,60.6597476,0.762846064,3911.30264,0.0,189.106574,0.495462523,0.0,4302.21153,3910.92535,3632.07775,0.0,0.0
821.5,353.58438,4701.77059,-147.008816,-147.008816,-72.3822454,-72.3822454,-67.2830859,-67.2830859,3649.2958,150.09341,150.09341,57.3587013,57.3587013,60.936216,60.936216,0.762865822,4076.7266,0.0,190.00305,0.501745027,0.0,4701.77059,4087.23831,3649.2958,0.0,0.0
822.0,353.58438,4657.34005,-147.209516,-147.209516,-71.796406,-71.796406,-66.6956886,-66.6956886,3662.50661,25.692197,25.692197,9.8450942,9.8450942,12.17061785,12.17061785,0.762980666,4076.7266,0.0,190.690875,0.0955807843,0.0,4657.34005,4076.46421,3662.50661,0.0,0.0
822.5,336.255972,4628.30457,-140.370357,-140.370357,-68.0403781,-68.0403781,-63.1804611,-63.1804611,3657.23707,-70.26437,-70.26437,-26.9101987,-26.9101987,-25.0649548,-25.0649548,0.763382589,4076.7266,0.0,190.416511,-0.245419169,0.0,4628.30457,4061.30541,3657.23707,0.0,0.0
823.0,301.352658,4619.89705,-125.3318084,-125.3318084,-60.6331973,-60.6331973,-56.2950293,-56.2950293,3647.64304,-70.26437,-70.26437,-26.8396054,-26.8396054,-24.9975139,-24.9975139,0.763800116,4076.7266,0.0,189.916993,-0.309226744,0.0,4619.89705,4052.20509,3647.64304,0.0,0.0
823.5,266.449343,4635.76984,-110.7686862,-110.7686862,-53.7711434,-53.7711434,-50.0145057,-50.0145057,3635.87288,-70.26437,-70.26437,-26.7529995,-26.7529995,-24.9147873,-24.9147873,0.764193137,4076.7266,0.0,189.304171,-0.371532323,0.0,4635.76984,4051.93735,3635.87288,0.0,0.0
824.0,231.546029,4655.23556,-96.2276135,-96.2276135,-46.9078586,-46.9078586,-43.8741125,-43.8741125,3621.96112,-70.26437,-70.26437,-26.6506359,-26.6506359,-24.8170257,-24.8170257,0.76456204,4076.7266,0.0,188.579849,-0.433141854,0.0,4655.23556,4051.91419,3621.96112,0.0,0.0
824.5,196.642718,4677.67889,-81.6871332,-81.6871332,-40.0110616,-40.0110616,-37.6389702,-37.6389702,3605.93063,-70.26437,-70.26437,-26.5326823,-26.5326823,-24.7043985,-24.7043985,0.764905973,4076.7266,0.0,187.745208,-0.494107472,0.0,4677.67889,4051.893,3605.93063,0.0,0.0
825.0,161.739402,4703.05775,-67.1468343,-67.1468343,-33.066651,-33.066651,-31.2667883,-31.2667883,3587.80332,-70.26437,-70.26437,-26.3993003,-26.3993003,-24.5770687,-24.5770687,0.765223508,4076.7266,0.0,186.801394,-0.554445507,0.0,4703.05775,4051.86889,3587.80332,0.0,0.0
825.5,135.273119,4750.63096,-55.6470768,-55.6470768,-27.6809806,-27.6809806,-26.2671472,-26.2671472,3567.71665,-70.26437,-70.26437,-26.2515015,-26.2515015,-24.4360135,-24.4360135,0.765514338,4076.7266,0.0,185.755573,-0.599097272,0.0,4750.63096,4059.93602,3567.71665,0.0,0.0
826.0,133.65349,4816.2973,-55.3763112,-55.3763112,-27.9297496,-27.9297496,-26.5188267,-26.5188267,3547.02744,-70.26437,-70.26437,-26.0992691,-26.0992691,-24.2907679,-24.2907679,0.765795491,4076.7266,0.0,184.678374,-0.595107744,0.0,4816.2973,4075.17994,3547.02744,0.0,0.0
826.5,133.65349,4846.92063,-55.4491205,-55.4491205,-28.1442195,-28.1442195,-26.7282517,-26.7282517,3526.56512,-70.26437,-70.26437,-25.9487061,-25.9487061,-24.1471556,-24.1471556,0.766077641,4076.7266,0.0,183.61299,-0.58873474,0.0,4846.92063,4075.97481,3526.56512,0.0,0.0
827.0,133.65349,4875.008599999999,-55.4620511,-55.4620511,-28.3139253,-28.3139253,-26.8945158,-26.8945158,3506.57994,-56.4283068,-56.4283068,-20.72973171,-20.72973171,-19.07550193,-19.07550193,0.766356195,4076.7266,0.0,182.572448,-0.537917317,0.0,4875.008599999999,4075.99325,3506.57994,0.0,0.0
827.5,133.65349,4894.88677,-55.5388266,-55.5388266,-28.468728,-28.468728,-27.0447962,-27.0447962,3492.53106,22.735115684,22.735115684,8.31086328,8.31086328,9.632339484,9.632339484,0.766544623,4076.7266,0.0,181.840982,-0.277416951,0.0,4894.88677,4076.06163,3492.53106,0.0,0.0
828.0,133.65349,4906.339089999999,-55.5500259,-55.5500259,-28.5410823,-28.5410823,-27.1155885,-27.1155885,3484.16656,35.310688,35.310688,12.8834957,12.8834957,14.48040525,14.48040525,0.766634548,4076.7266,0.0,181.405481,-0.234156862,0.0,4906.339089999999,4075.94303,3484.16656,0.0,0.0
828.5,133.65349,4917.58806,-55.5498087,-55.5498087,-28.6064084,-28.6064084,-27.1797384,-27.1797384,3476.11327,35.310688,35.310688,12.8537168,12.8537168,14.44773825,14.44773825,0.766720483,4076.7266,0.0,180.98618,-0.231738304,0.0,4917.58806,4075.9216,3476.11327,0.0,0.0
829.0,133.65349,4526.81515,-85.2531984,-85.2531984,-36.8459109,-36.8459109,-34.3188379,-34.3188379,3468.36821,35.310688,35.310688,12.8250775,12.8250775,14.4163434,14.4163434,0.766813404,3816.74216,0.0,180.582928,-0.1777870639,0.0,4526.81515,3908.79578,3468.36821,0.0,0.0
829.5,133.65349,705.362553,-63.4495202,-63.4495202,-5.08366703,-5.08366703,-3.86024673,-3.86024673,3462.61377,35.310688,35.310688,12.8037993,12.8037993,14.3930156,14.3930156,0.766847487,2401.9993,0.0,180.283323,-0.2139049375,0.0,705.362553,2315.30112,3462.61377,0.0,0.0
830.0,133.65349,913.98519,-55.0362919,-55.0362919,-5.26856546,-5.26856546,-4.27273581,-4.27273581,3454.67233,35.310688,35.310688,12.7744339,12.7744339,14.3608191,14.3608191,0.766756467,2401.9993,0.0,179.869843,-0.226219323,0.0,913.98519,2397.47359,3454.67233,0.0,0.0
830.5,133.65349,938.844676,-55.5421915,-55.5421915,-5.46066658,-5.46066658,-4.45206047,-4.45206047,3446.91752,35.5577641,35.5577641,12.83486515,12.83486515,14.41087665,14.41087665,0.766673062,2401.9993,0.0,179.466082,-0.222230702,0.0,938.844676,2403.28992,3446.91752,0.0,0.0
831.0,133.65349,949.564858,-55.5564357,-55.5564357,-5.52443251,-5.52443251,-4.51589341,-4.51589341,3439.46242,39.6289165,39.6289165,14.2731976,14.2731976,15.7901673,15.7901673,0.766584668,2401.9993,0.0,179.077926,-0.206821147,0.0,949.564858,2403.39766,3439.46242,0.0,0.0
831.5,133.65349,959.11153,-55.5621109,-55.5621109,-5.58054362,-5.58054362,-4.5724654,-4.5724654,3432.64869,45.0052888,45.0052888,16.1775763,16.1775763,17.7846493,17.7846493,0.766478775,2401.9993,0.0,178.723169,-0.18739606,0.0,959.11153,2403.39161,3432.64869,0.0,0.0
832.0,133.186039,966.620965,-55.405719,-55.405719,-5.60838747,-5.60838747,-4.60476847,-4.60476847,3426.49769,50.3816605,50.3816605,18.0777768,18.0777768,19.7621871,19.7621871,0.766352374,2401.9993,0.0,178.402911,-0.168996984,0.0,966.620965,2402.92484,3426.49769,0.0,0.0
832.5,130.793118,981.315456,-53.2045184,-53.2045184,-5.46052202,-5.46052202,-4.50533663,-4.50533663,3420.90608,55.758032,55.758032,19.9743098,19.9743098,21.7136305,21.7136305,0.76620326,2410.25649,0.0,178.111782,-0.156564712,0.0,981.315456,2405.77443,3420.90608,0.0,0.0
833.0,128.1915009,1566.09009,-44.8478038,-44.8478038,-7.35497532,-7.35497532,-6.51666132,-6.51666132,3415.48386,61.1344044,61.1344044,21.8656096,21.8656096,23.6377787,23.6377787,0.766037155,2655.59753,0.0,177.829473,-0.155140514,0.0,1566.09009,2645.9375,3415.48386,0.0,0.0
833.5,125.5898835,2443.26882,-44.2813951,-44.2813951,-11.3222666,-11.3222666,-10.42138735,-10.42138735,3410.38315,66.5107755,66.5107755,23.753067,23.753067,25.5829203,25.5829203,0.765888624,3009.45137,0.0,177.563896,-0.140260341,0.0,2443.26882,3007.95975,3410.38315,0.0,0.0
834.0,122.9882674,3299.52243,-43.2230303,-43.2230303,-14.9266829,-14.9266829,-13.9835719,-13.9835719,3405.77477,71.8871475,71.8871475,25.6384856,25.6384856,27.561052,27.561052,0.765760152,3363.30519,0.0,177.323963,-0.126382917,0.0,3299.52243,3361.56245,3405.77477,0.0,0.0
834.5,120.43487,3773.45854,-49.9278694,-49.9278694,-19.7299751,-19.7299751,-18.5727901,-18.5727901,3401.85604,77.2635194,77.2635194,27.5243167,27.5243167,29.5320008,29.5320008,0.765655825,3545.7195,0.0,177.119924,-0.0991535901,0.0,3773.45854,3556.48254,3401.85604,0.0,0.0
835.0,119.5871,3751.98388,-49.7600031,-49.7600031,-19.5510438,-19.5510438,-18.4004502,-18.4004502,3398.72749,82.479882,82.479882,29.3556244,29.3556244,31.4387977,31.4387977,0.76555272,3545.7195,0.0,176.957036,-0.082635349,0.0,3751.98388,3545.72008,3398.72749,0.0,0.0
835.5,119.644994,3755.32558,-49.7400708,-49.7400708,-19.5606199,-19.5606199,-18.4103025,-18.4103025,3396.01032,83.9905,83.9905,29.8694886,29.8694886,31.9727804,31.9727804,0.765434338,3545.7195,0.0,176.815563,-0.0769204459,0.0,3755.32558,3545.52406,3396.01032,0.0,0.0
836.0,246.5603,4009.76631,-99.2894549,-99.2894549,-42.0039478,-42.0039478,-38.8934279,-38.8934279,3396.12361,83.9905,83.9905,29.8704846,29.8704846,31.9738146,31.9738146,0.765370444,3545.7195,0.0,176.821462,0.15704817179,0.0,4009.76631,3651.46484,3396.12361,0.0,0.0
836.5,457.872644,4073.82836,-192.76702,-192.76702,-82.1328511,-82.1328511,-75.5724503,-75.5724503,3409.00686,83.9905,83.9905,29.9837989,29.9837989,32.0914176,32.0914176,0.765529753,3545.7195,0.0,177.492237,0.562142507,0.0,4073.82836,3685.64388,3409.00686,0.0,0.0
837.0,499.0719,3747.21023,-209.210839,-209.210839,-82.101985,-82.101985,-75.0741947,-75.0741947,3430.53386,83.9905,83.9905,30.1731391,30.1731391,32.2878679,32.2878679,0.765787585,3545.7195,0.0,178.613053,0.6324538,0.0,3747.21023,3562.30523,3430.53386,0.0,0.0
837.5,499.0719,3677.42654,-207.871472,-207.871472,-80.0511671,-80.0511671,-73.090082,-73.090082,3452.22701,83.9905,83.9905,30.3639406,30.3639406,32.4857593,32.4857593,0.766026573,3545.7195,0.0,179.742526,0.623679378,0.0,3677.42654,3545.93422,3452.22701,0.0,0.0
838.0,499.0719,3646.58782,-207.839634,-207.839634,-79.3676774,-79.3676774,-72.4189079,-72.4189079,3473.67625,83.9905,83.9905,30.5525971,30.5525971,32.6813506,32.6813506,0.766259924,3545.7195,0.0,180.859299,0.617213204,0.0,3646.58782,3545.62607,3473.67625,0.0,0.0
838.5,499.0719,3617.85185,-207.81698,-207.81698,-78.7336717,-78.7336717,-71.796854,-71.796854,3494.10768,59.016716,59.016716,21.5841014,21.5841014,23.4210901,23.4210901,0.766501235,3545.7195,0.0,181.923068,0.530267235,0.0,3617.85185,3545.59853,3494.10768,0.0,0.0
839.0,499.0719,3597.42191,-207.753128,-207.753128,-78.2650035,-78.2650035,-71.3386844,-71.3386844,3508.61402,-8.4317164,-8.4317164,-3.104242627,-3.104242627,-2.00071331,-2.00071331,0.766824057,3545.7195,0.0,182.678354,0.307555496,0.0,3597.42191,3545.56764,3508.61402,0.0,0.0
839.5,499.0719,3587.51896,-207.70205,-207.70205,-78.0303595,-78.0303595,-71.109926,-71.109926,3515.73745,-62.2848196,-62.2848196,-22.9319779,-22.9319779,-21.2435532,-21.2435532,0.767239616,3545.7195,0.0,183.049242,0.1310503351,0.0,3587.51896,3545.60628,3515.73745,0.0,0.0
840.0,499.0719,3581.94301,-207.699496,-207.699496,-77.9081209,-77.9081209,-70.990167,-70.990167,3519.83704,-66.4222,-66.4222,-24.4829909,-24.4829909,-22.7500677,-22.7500677,0.767689391,3545.7195,0.0,183.26269,0.1163999681,0.0,3581.94301,3545.67985,3519.83704,0.0,0.0
840.5,499.0719,3576.34884,-207.699518,-207.699518,-77.7864524,-77.7864524,-70.8709265,-70.8709265,3523.84017,-66.4222,-66.4222,-24.5108351,-24.5108351,-22.7765677,-22.7765677,0.768139472,3545.7195,0.0,183.471113,0.1151832155,0.0,3576.34884,3545.6894,3523.84017,0.0,0.0
841.0,499.0719,3570.80339,-207.699187,-207.699187,-77.665714,-77.665714,-70.7526352,-70.7526352,3527.80133,-66.4222,-66.4222,-24.538388,-24.538388,-22.8027931,-22.8027931,0.768589213,3545.7195,0.0,183.677353,0.1139772254,0.0,3570.80339,3545.69477,3527.80133,0.0,0.0
841.5,499.0719,3565.31579,-207.698857,-207.698857,-77.5462356,-77.5462356,-70.6355985,-70.6355985,3531.72105,-66.4222,-66.4222,-24.5656519,-24.5656519,-22.8287443,-22.8287443,0.769038648,3545.7195,0.0,183.881433,0.1127825235,0.0,3565.31579,3545.70006,3531.72105,0.0,0.0
842.0,499.0719,3559.88576,-207.698527,-207.698527,-77.428008,-77.428008,-70.519812,-70.519812,3535.59962,-66.4222,-66.4222,-24.5926306,-24.5926306,-22.8544251,-22.8544251,0.769487758,3545.7195,0.0,184.083376,0.1115990439,0.0,3559.88576,3545.70525,3535.59962,0.0,0.0
842.5,499.0719,3510.19773,-210.727627,-210.727627,-77.421811,-77.421811,-70.428826,-70.428826,3539.46225,-66.4222,-66.4222,-24.6194983,-24.6194983,-22.8800016,-22.8800016,0.769936716,3518.06603,0.0,184.28449,0.115686061,0.0,3510.19773,3527.28513,3539.46225,0.0,0.0
843.0,499.0719,2590.19443,-219.170773,-219.170773,-59.4655126,-59.4655126,-52.5535354,-52.5535354,3543.77005,-66.4222,-66.4222,-24.6494614,-24.6494614,-22.9085268,-22.9085268,0.770361271,3137.95178,0.0,184.508772,0.129058285,0.0,2590.19443,3146.98016,3543.77005,0.0,0.0
843.5,499.0719,1398.85063,-218.584309,-218.584309,-32.0203982,-32.0203982,-25.9093629,-25.9093629,3548.18322,-66.4222,-66.4222,-24.6801585,-24.6801585,-22.9377519,-22.9377519,0.770689425,2652.4296,0.0,184.738548,0.126687154,0.0,1398.85063,2653.83007,3548.18322,0.0,0.0
844.0,499.0719,227.0306004,-218.566638,-218.566638,-5.19634654,-5.19634654,-1.169528728,-1.169528728,3552.53903,-66.4222,-66.4222,-24.7104566,-24.7104566,-22.9665997,-22.9665997,0.770903754,2166.90741,0.0,184.965344,0.125321658,0.0,227.0306004,2168.77044,3552.53903,0.0,0.0
844.5,499.0719,-944.264851,-218.565948,-218.565948,21.61249295,21.61249295,29.2431326,29.2431326,3556.84876,-66.4222,-66.4222,-24.7404332,-24.7404332,-22.995142,-22.995142,0.770958165,1681.38528,0.0,185.189724,0.1239982768,0.0,-944.264851,1683.90213,3556.84876,0.0,0.0
845.0,499.0719,-1831.85647,-255.433747,-210.995438,49.2297056,40.4338577,58.2168308,47.8564758,3560.95428,-66.4222,-66.4222,-24.7689903,-24.7689903,-23.0223348,-23.0223348,0.770767443,1195.86309,0.0,185.403486,0.1095730956,0.0,-1831.85647,1316.9659,3560.95428,0.0,0.0
845.5,486.418853,-1932.25232,-300.0,-204.264305,60.7034978,41.3002297,71.2726136,48.4962137,3564.45135,-66.4222,-66.4222,-24.793315,-24.793315,-23.0454985,-23.0454985,0.770456679,869.20468,0.0,185.585562,0.0820596022,0.0,-1932.25232,1277.23238,3564.45135,0.0,0.0
846.0,384.730547,-2445.96771,-298.87779,-167.223812,76.5152562,42.5322536,87.1666741,48.4897611,3564.49489,-66.4222,-66.4222,-24.7936177,-24.7936177,-23.0457868,-23.0457868,0.770144909,860.3684,0.0,185.587827,-0.1008594441,0.0,-2445.96771,1063.497025,3564.49489,0.0,0.0
846.5,266.01686,-3419.9383,-192.831223,-118.8501374,66.6778938,41.9708263,73.5731886,46.1870897,3557.28105,-66.4222,-66.4222,-24.7434405,-24.7434405,-22.9980059,-22.9980059,0.769835835,860.3684,0.0,185.212235,-0.321116582,0.0,-3419.9383,654.008594,3557.28105,0.0,0.0
847.0,176.966934,-3220.19357,-66.0871491,-66.0871491,22.2783522,22.2783522,24.0136089,24.0136089,3542.23128,-66.4222,-66.4222,-24.6387583,-24.6387583,-22.8983388,-22.8983388,0.769703801,860.3684,0.0,184.428661,-0.512095808,0.0,-3220.19357,728.336397,3542.23128,0.0,0.0
847.5,171.87292,-2880.30477,-70.9592596,-70.9592596,21.4023361,21.4023361,23.2992805,23.2992805,3524.24969,-83.534966,-83.534966,-30.8181829,-30.8181829,-28.8001888,-28.8001888,0.769707841,860.3684,0.0,183.492437,-0.559896298,0.0,-2880.30477,859.267301,3524.24969,0.0,0.0
848.0,171.87292,-2834.796,-71.2568458,-71.2568458,21.1532805,21.1532805,23.0609081,23.0609081,3499.32465,-191.737452,-191.737452,-70.2287486,-70.2287486,-65.7093577,-65.7093577,0.769844161,860.3684,0.0,182.194695,-0.913516465,0.0,-2834.796,863.650243,3499.32465,0.0,0.0
848.5,171.87292,-2780.75721,-71.1529449,-71.1529449,20.7198124,20.7198124,22.6208326,22.6208326,3460.85457,-313.171938,-313.171938,-113.4521626,-113.4521626,-104.3166935,-104.3166935,0.770172185,860.3684,0.0,180.191726,-1.3112084,0.0,-2780.75721,863.673856,3460.85457,0.0,0.0
849.0,182.108629,-2686.9143,-74.9046889,-74.9046889,21.0625476,21.0625476,23.1134477,23.1134477,3410.13638,-394.536127,-394.536127,-140.88711,-140.88711,-127.6445306,-127.6445306,0.770630725,860.3684,0.0,177.551051,-1.55110884,0.0,-2686.9143,873.108565,3410.13638,0.0,0.0
849.5,212.206943,-2585.79966,-87.8479659,-87.8479659,23.7794676,23.7794676,26.4047485,26.4047485,3357.5671,-396.662,-396.662,-139.467781,-139.467781,-126.1218775,-126.1218775,0.770875997,860.3684,0.0,174.813994,-1.48297784,0.0,-2585.79966,884.488298,3357.5671,0.0,0.0
850.0,242.806258,-2514.7524,-100.6412796,-100.6412796,26.4957839,26.4957839,29.777205,29.777205,3307.59261,-396.662,-396.662,-137.391921,-137.391921,-124.0709586,-124.0709586,0.770583809,860.3684,0.0,172.212038,-1.40830958,0.0,-2514.7524,884.871873,3307.59261,0.0,0.0
850.5,273.405573,-2448.35784,-113.3950951,-113.3950951,29.0664137,29.0664137,33.0528287,33.0528287,3260.18137,-396.662,-396.662,-135.42254,-135.42254,-122.1246149,-122.1246149,0.77027199,860.3684,0.0,169.743538,-1.33464935,0.0,-2448.35784,884.816048,3260.18137,0.0,0.0
851.0,304.004894,-2385.52596,-126.147936,-126.147936,31.5065013,31.5065013,36.0000253,36.0000253,3215.30099,-396.662,-396.662,-133.558286,-133.558286,-120.283563,-120.283563,0.769960255,860.3684,0.0,167.406815,-1.2618869,0.0,-2385.52596,884.755562,3215.30099,0.0,0.0
851.5,334.604208,-2146.76667,-134.0415,-134.0415,30.1103305,30.1103305,34.857673,34.857673,3172.81674,-396.662,-396.662,-131.79356,-131.79356,-118.5449174,-118.5449174,0.769648568,944.74724,0.0,165.194846,-1.1987506,0.0,-2146.76667,959.298831,3172.81674,0.0,0.0
852.0,365.203527,-1384.99589,-144.981981,-144.981981,20.9410384,20.9410384,26.0067533,26.0067533,3132.49945,-396.662,-396.662,-130.118843,-130.118843,-116.898646,-116.898646,0.769406805,1230.10964,0.0,163.095691,-1.13084479,0.0,-1384.99589,1252.73626,3132.49945,0.0,0.0
852.5,395.802843,-624.553646,-157.829367,-157.829367,10.23917264,10.23917264,15.6879207,15.6879207,3094.62827,-396.662,-396.662,-128.545737,-128.545737,-115.3539105,-115.3539105,0.769740721,1523.74042,0.0,161.123906,-1.06027444,0.0,-624.553646,1547.04922,3094.62827,0.0,0.0
853.0,417.685712,110.3465373,-167.383259,-167.383259,-1.947570782,-1.947570782,0.3229349944,0.3229349944,3059.04151,-396.662,-396.662,-127.067524,-127.067524,-113.8977144,-113.8977144,0.77023476,1817.37119,0.0,159.27106,-1.00696395,0.0,110.3465373,1832.06777,3059.04151,0.0,0.0
853.5,418.56653,830.580135,-167.864366,-167.864366,-14.6155354,-14.6155354,-10.49774975,-10.49774975,3024.43421,-396.662,-396.662,-125.6299905,-125.6299905,-112.4835245,-112.4835245,0.770767663,2107.89421,0.0,157.469207,-0.995939298,0.0,830.580135,2111.55534,3024.43421,0.0,0.0
854.0,418.56653,1145.26169,-174.33411,-174.33411,-20.9081519,-20.9081519,-16.1872855,-16.1872855,2990.37834,-396.662,-396.662,-124.215369,-124.215369,-111.0946795,-111.0946795,0.771325572,2212.9155,0.0,155.696067,-0.97538104,0.0,1145.26169,2222.61174,2990.37834,0.0,0.0
854.5,418.56653,1172.10148,-173.921798,-173.921798,-21.3475142,-21.3475142,-16.6146974,-16.6146974,2956.79182,-396.662,-396.662,-122.820238,-122.820238,-109.7277011,-109.7277011,0.771885383,2212.9155,0.0,153.947357,-0.967508279,0.0,1172.10148,2214.16896,2956.79182,0.0,0.0
855.0,418.56653,1218.63112,-173.63838,-173.63838,-22.1581194,-22.1581194,-17.4018191,-17.4018191,2923.48877,-396.662,-396.662,-121.4368846,-121.4368846,-108.3749345,-108.3749345,0.772443123,2214.22265,0.0,152.213415,-0.959568892,0.0,1218.63112,2214.08493,2923.48877,0.0,0.0
855.5,418.56653,1755.93522,-165.162237,-165.162237,-30.3680035,-30.3680035,-25.5127657,-25.5127657,2890.18932,-396.662,-396.662,-120.0536821,-120.0536821,-107.0188686,-107.0188686,0.773006246,2430.03654,0.0,150.479651,-0.966566829,0.0,1755.93522,2418.21779,2890.18932,0.0,0.0
856.0,418.56653,2721.80326,-165.564771,-165.564771,-47.1913105,-47.1913105,-41.9235232,-41.9235232,2856.92708,-396.662,-396.662,-118.672024,-118.672024,-105.6580246,-105.6580246,0.773606922,2801.03541,0.0,148.747838,-0.957589959,0.0,2721.80326,2800.70108,2856.92708,0.0,0.0
856.5,418.56653,3659.3235,-165.602604,-165.602604,-63.459527,-63.459527,-57.9233417,-57.9233417,2823.96354,-396.662,-396.662,-117.3027726,-117.3027726,-104.3122768,-104.3122768,0.774251131,3172.03422,0.0,147.031564,-0.949440773,0.0,3659.3235,3171.56296,2823.96354,0.0,0.0
857.0,418.56653,4595.49969,-165.605489,-165.605489,-79.6959391,-79.6959391,-73.9713296,-73.9713296,2791.27728,-396.662,-396.662,-115.9450392,-115.9450392,-102.9807696,-102.9807696,0.774936808,3543.03316,0.0,145.329731,-0.941515483,0.0,4595.49969,3542.02754,2791.27728,0.0,0.0
857.5,418.56653,5530.67354,-165.618949,-165.618949,-95.921905,-95.921905,-90.0928614,-90.0928614,2759.33841,-383.545279,-383.545279,-110.8360731,-110.8360731,-98.61773,-98.61773,0.775660192,3914.03198,0.0,143.666813,-0.889673835,0.0,5530.67354,3912.51142,2759.33841,0.0,0.0
858.0,418.56653,6461.577230000001,-165.649735,-165.649735,-112.0879255,-112.0879255,-106.200386,-106.200386,2730.43908,-353.701677,-353.701677,-101.1412243,-101.1412243,-90.5178628,-90.5178628,0.776408353,4285.03089,0.0,142.162153,-0.782244614,0.0,6461.577230000001,4282.99321,2730.43908,0.0,0.0
858.5,409.390173,7220.23186,-167.599212,-167.599212,-126.7438629,-126.7438629,-120.8004944,-120.8004944,2705.22985,-323.821469,-323.821469,-91.7417676,-91.7417676,-82.5985045,-82.5985045,0.777177859,4584.1488,0.0,140.849615,-0.683272589,0.0,7220.23186,4583.955449999999,2705.22985,0.0,0.0
859.0,350.921239,7214.07912,-146.281433,-146.281433,-110.5111724,-110.5111724,-105.3226035,-105.3226035,2681.80738,-293.94127,-293.94127,-82.5560685,-82.5560685,-74.7639277,-74.7639277,0.777929114,4610.428,0.0,139.630108,-0.686706856,0.0,7214.07912,4567.719129999999,2681.80738,0.0,0.0
859.5,285.197798,7235.208259999999,-118.4833396,-118.4833396,-89.7631905,-89.7631905,-85.584047,-85.584047,2657.60652,-266.604103,-266.604103,-74.200973,-74.200973,-67.5423298,-67.5423298,0.778605551,4610.428,0.0,138.370078,-0.719121871,0.0,7235.208259999999,4562.3804,2657.60652,0.0,0.0
860.0,219.474355,7271.98266,-91.0961165,-91.0961165,-69.3620999,-69.3620999,-66.3440698,-66.3440698,2631.09456,-261.4546,-261.4546,-72.0379497,-72.0379497,-65.592811,-65.592811,0.779212515,4610.428,0.0,136.98971,-0.825054081,0.0,7271.98266,4562.202319999999,2631.09456,0.0,0.0
860.5,153.750917,7314.86786,-63.7135284,-63.7135284,-48.7944253,-48.7944253,-46.8350656,-46.8350656,2600.45182,-261.4546,-261.4546,-71.198966,-71.198966,-64.7691116,-64.7691116,0.779756647,4610.428,0.0,135.394276,-0.947468326,0.0,7314.86786,4562.15503,2600.45182,0.0,0.0
861.0,88.0274741,7363.67239,-36.3317188,-36.3317188,-28.0039456,-28.0039456,-26.8488403,-26.8488403,2565.59185,-261.4546,-261.4546,-70.2445205,-70.2445205,-63.8337608,-63.8337608,0.780232574,4610.428,0.0,133.579269,-1.06902782,0.0,7363.67239,4562.10855,2565.59185,0.0,0.0
861.5,26.5148602,7427.94644,-10.15059287,-10.15059287,-7.8781197,-7.8781197,-7.15325636,-7.15325636,2526.57227,-261.222043,-261.222043,-69.115108,-69.115108,-62.7363048,-62.7363048,0.78063222,4610.428,0.0,131.547688,-1.18173332,0.0,7427.94644,4566.07036,2526.57227,0.0,0.0
862.0,13.114068,7057.22464,-18.34404916,-18.34404916,-13.25587326,-13.25587326,-12.44716735,-12.44716735,2488.0596,-197.74465,-197.74465,-51.5541011,-51.5541011,-47.2686737,-47.2686737,0.780970424,4370.46282,0.0,129.542501,-0.96107992,0.0,7057.22464,4389.32294,2488.0596,0.0,0.0
862.5,13.114068,5189.778609999999,-23.3125615,-23.3125615,-12.6800286,-12.6800286,-11.98360945,-11.98360945,2461.73174,-86.1367002,-86.1367002,-22.2243629,-22.2243629,-20.4513415,-20.4513415,0.781237077,3595.44578,0.0,128.1717215,-0.570494543,0.0,5189.778609999999,3596.89215,2461.73174,0.0,0.0
863.0,13.114068,3294.98,-23.1839645,-23.1839645,-7.99821872,-7.99821872,-7.45030089,-7.45030089,2448.49915,25.46510382,25.46510382,6.52282551,6.52282551,7.628130587,7.628130587,0.781338442,2800.97275,0.0,127.482761,-0.1977929889,0.0,3294.98,2800.72614,2448.49915,0.0,0.0
863.5,13.114068,1390.206734,-23.2499705,-23.2499705,-3.38471951,-3.38471951,-2.966554326,-2.966554326,2446.86867,137.0669074,99.9493896,35.1230913,25.6105996,37.9901358,27.7011998,0.781174174,2006.49974,0.0,127.3978633,0.04381240488,0.0,1390.206734,2007.1838,2446.86867,0.0,0.0
864.0,13.114068,-364.6547253,-51.7147464,-21.069113,2.9628361695,0.9291581386,3.8682883905,1.2749967778,2447.79504,230.127566,87.9092787,58.9892227,22.5340015,63.9054664,24.4090796,0.780861975,1212.026735,0.0,127.446099,0.00087655443,0.0,-364.6547253,1277.513954,2447.79504,0.0,0.0
864.5,13.114068,-2325.92285,-82.4131673,-23.8276009,19.9980784,5.70901978,21.8673218,6.24752461,2446.92323,240.08936,69.6066163,61.5207836,17.8362867,67.0132954,19.4272039,0.780548082,429.732765,0.0,127.4007055,-0.0533490221,0.0,-2325.92285,460.906717,2446.92323,0.0,0.0
865.0,13.114068,-3308.1714,-12.109488205,-3.9495557745,4.256563104,1.3891364104,4.908565715,1.6134793075,2445.17256,240.08936,86.696552,61.4767697,22.1991334,66.6249265,24.0543283,0.780234256,160.65971,0.0,127.3095579,-0.0322806013,0.0,-3308.1714,51.1636558,2445.17256,0.0,0.0
865.5,18.100131,-2992.95609,-18.0925991,-6.21450035,5.6403974,1.93790307,6.8076782,2.34183398,2444.21745,240.08936,84.0223141,61.4527551,21.5062651,66.6344234,23.3189026,0.779920491,160.65971,0.0,127.259828,-0.0309736993,0.0,-2992.95609,181.769391,2444.21745,0.0,0.0
866.0,28.804485,-2965.64857,-37.8331513,-12.11866805,11.7515759,3.76415039,13.09022425,4.19341268,2443.13561,240.08936,77.1875391,61.4255567,19.7480577,66.7521216,21.4603338,0.779606799,160.65971,0.0,127.2035016,-0.0301156927,0.0,-2965.64857,192.500578,2443.13561,0.0,0.0
866.5,39.5088383,-2964.63074,-54.4497573,-16.3290221,16.9021619,5.06894271,18.4792535,5.54245022,2442.16112,240.08936,72.2227525,61.4010562,18.470468,66.8330296,20.1043093,0.779293156,160.65971,0.0,127.1527656,-0.0261755469,0.0,-2964.63074,192.355134,2442.16112,0.0,0.0
867.0,50.2131924,-2950.39589,-74.548753,-20.7651943,23.0302587,6.41516333,24.9326111,6.94536359,2441.32132,240.08936,67.0689099,61.379941,17.146508,66.9217451,18.694412,0.7789796,160.65971,0.0,127.1090389,-0.0224823979,0.0,-2950.39589,197.787976,2441.32132,0.0,0.0
867.5,60.9175461,-2935.6212,-98.0483184,-25.1969285,30.1381067,7.74534543,32.4509686,8.33991572,2440.60594,240.08936,61.8675812,61.3619549,15.81212485,67.1108101,17.2928801,0.778666078,160.65971,0.0,127.0717909,-0.0189759196,0.0,-2935.6212,203.51812,2440.60594,0.0,0.0
868.0,71.6219003,-2916.77934,-125.9115969,-29.6149789,38.4536482,9.0449493,41.3145079,9.71801155,2440.00604,240.08936,56.6199201,61.3468734,14.4673673,67.457603,15.9078081,0.778352644,160.65971,0.0,127.0405614,-0.01566885585,0.0,-2916.77934,211.008127,2440.00604,0.0,0.0
868.5,82.3262534,-2894.56632,-159.060275,-34.030367,48.206423,10.3142936,51.7618405,11.0749879,2439.52713,240.08936,51.5008228,61.3348314,13.1567624,67.804141,14.54385825,0.778039265,160.65971,0.0,127.015625,-0.0119760345,0.0,-2894.56632,219.971476,2439.52713,0.0,0.0
869.0,93.0306077,-2867.47959,-198.702674,-38.4331246,59.6556041,11.5396336,64.0897633,12.3972532,2439.18434,240.08936,46.5596887,61.3262112,11.8927887,68.1453299,13.2146237,0.777725942,160.65971,0.0,126.997773,-0.00775823281,0.0,-2867.47959,231.042256,2439.18434,0.0,0.0
869.5,103.7349609,-2834.15807,-246.408794,-42.8221123,73.115597,12.7078795,78.6719451,13.6733837,2438.99798,240.08936,41.8342712,61.3215275,10.6849483,68.4787195,11.9315274,0.777412683,160.65971,0.0,126.9880744,-0.002899426246,0.0,-2834.15807,244.798817,2438.99798,0.0,0.0
870.0,112.2719679,-2799.65715,-294.076968,-46.5042136,86.2115155,13.6336695,92.9255825,14.6953594,2438.97898,240.08936,37.994611,61.3210496,9.7041757,68.8961856,10.90258905,0.777099509,160.65971,0.0,126.9870829,0.001035358021,0.0,-2799.65715,259.143811,2438.97898,0.0,0.0
870.5,112.96794,-2789.48366,-300.0,-46.9777768,87.634213,13.7228646,94.4965964,14.79746315,2439.02074,239.805495,37.5534879,61.2495972,9.59167375,68.924247,10.7935267,0.776786375,160.65971,0.0,126.9892596,0.00123400935,0.0,-2789.48366,263.401471,2439.02074,0.0,0.0
871.0,112.96794,-2780.31996,-264.755555,-45.295126,77.2855292,13.2020862,83.3160046,14.2321738,2439.05365,226.824435,39.5731609,57.934826,10.1076791,65.1311318,11.3518609,0.776473332,295.21067,0.0,126.9909725,0.004822750158,0.0,-2780.31996,267.233766,2439.05365,0.0,0.0
871.5,112.96794,-1174.743771,-44.0085787,-16.96636275,8.582768737,2.641340155,9.6236429495,3.0250152545,2440.4964,207.081772,81.2852687,52.9229723,20.7749781,57.4905631,22.5493584,0.776160333,1248.25024,0.0,127.0660887,0.0901877547,0.0,-1174.743771,936.168244,2440.4964,0.0,0.0
872.0,112.96794,2112.165196,-20.1483846,-20.1483846,-4.6268127,-4.6268127,-4.1988525,-4.1988525,2445.16176,187.33911,107.4433868,47.9683805,27.5129689,51.860568,29.7440206,0.775847406,2339.56837,0.0,127.3089976,0.179371621,0.0,2112.165196,2306.59947,2445.16176,0.0,0.0
872.5,112.96794,4634.321480000001,-31.6700281,-31.6700281,-15.8871475,-15.8871475,-15.0538166,-15.0538166,2453.0696,167.596451,139.6125995,43.0512468,35.8691037,46.583944,38.8201721,0.775539214,3336.85347,0.0,127.7207209,0.301809399,0.0,4634.321480000001,3360.70461,2453.0696,0.0,0.0
873.0,112.96794,5039.95637,-48.2294261,-48.2294261,-25.4583735,-25.4583735,-24.2348105,-24.2348105,2465.28503,147.853791,147.853791,38.1684422,38.1684422,41.3064544,41.3064544,0.775329979,3523.1992,0.0,128.35673,0.354726863,0.0,5039.95637,3536.6248,2465.28503,0.0,0.0
873.5,112.96794,4989.501539999999,-47.1157163,-47.1157163,-24.6179497,-24.6179497,-23.4301307,-23.4301307,2476.35319,128.1111295,128.1111295,33.2204855,33.2204855,35.8914631,35.8914631,0.775194825,3523.1992,0.0,128.932992,0.286553856,0.0,4989.501539999999,3522.09278,2476.35319,0.0,0.0
874.0,112.96794,4976.45256,-47.068683,-47.068683,-24.5290405,-24.5290405,-23.34376,-23.34376,2485.11957,108.3684659,108.3684659,28.2006291,28.2006291,30.4584932,30.4584932,0.775112465,3523.1992,0.0,129.389422,0.220720541,0.0,4976.45256,3521.78158,2485.11957,0.0,0.0
874.5,112.96794,4967.21965,-47.0531688,-47.0531688,-24.4754605,-24.4754605,-23.2914872,-23.2914872,2491.71953,92.7595356,92.7595356,24.2036754,24.2036754,26.1673119,26.1673119,0.775075424,3523.1992,0.0,129.733055,0.168767826,0.0,4967.21965,3521.79336,2491.71953,0.0,0.0
875.0,112.96794,4959.293439999999,-47.0521836,-47.0521836,-24.4358923,-24.4358923,-23.2527038,-23.2527038,2497.41475,91.56657,91.56657,23.9472824,23.9472824,25.8893863,25.8893863,0.775055216,3523.1992,0.0,130.029584,0.163675121,0.0,4959.293439999999,3521.82066,2497.41475,0.0,0.0
875.5,112.96794,4951.40384,-47.0519492,-47.0519492,-24.3968961,-24.3968961,-23.2144713,-23.2144713,2503.05221,91.56657,91.56657,24.0013389,24.0013389,25.9447853,25.9447853,0.775034612,3523.1992,0.0,130.323098,0.162458201,0.0,4951.40384,3521.8294,2503.05221,0.0,0.0
876.0,112.96794,4943.57024,-47.0516145,-47.0516145,-24.3581247,-24.3581247,-23.1764642,-23.1764642,2508.64769,91.56657,91.56657,24.0549931,24.0549931,25.9997593,25.9997593,0.775013254,3523.1992,0.0,130.614433,0.161247448,0.0,4943.57024,3521.83697,2508.64769,0.0,0.0
876.5,112.96794,4935.79494,-47.0512789,-47.0512789,-24.3196413,-24.3196413,-23.1387427,-23.1387427,2514.20148,91.56657,91.56657,24.1082472,24.1082472,26.0543153,26.0543153,0.774991156,3523.1992,0.0,130.903594,0.16004306,0.0,4935.79494,3521.84437,2514.20148,0.0,0.0
877.0,112.96794,4928.07789,-47.0509465,-47.0509465,-24.2814459,-24.2814459,-23.1013078,-23.1013078,2519.71368,91.56657,91.56657,24.1611024,24.1611024,26.108748,26.108748,0.774968329,3523.1992,0.0,131.190593,0.15884504,0.0,4928.07789,3521.85183,2519.71368,0.0,0.0
877.5,118.8212419,4933.60048,-49.2079232,-49.2079232,-25.4250695,-25.4250695,-24.1838624,-24.1838624,2525.27278,91.56657,91.56657,24.2144084,24.2144084,26.1638043,26.1638043,0.774946752,3523.1992,0.0,131.48003,0.16820166,0.0,4933.60048,3527.39573,2525.27278,0.0,0.0
878.0,139.023868,4945.004800000001,-57.8710002,-57.8710002,-29.9673808,-29.9673808,-28.4633842,-28.4633842,2531.71316,91.56657,91.56657,24.2761635,24.2761635,26.2275739,26.2275739,0.774947088,3523.1992,0.0,131.815352,0.205405833,0.0,4945.004800000001,3535.90163,2531.71316,0.0,0.0
878.5,159.845316,4935.10226,-66.579702,-66.579702,-34.4076931,-34.4076931,-32.606796,-32.606796,2539.46794,91.56657,91.56657,24.3505221,24.3505221,26.3043394,26.3043394,0.774977753,3523.1992,0.0,132.219109,0.24312044,0.0,4935.10226,3536.30903,2539.46794,0.0,0.0
879.0,180.666764,4922.44746,-75.2547299,-75.2547299,-38.7911024,-38.7911024,-36.6603644,-36.6603644,2548.51995,91.56657,91.56657,24.4373207,24.4373207,26.3939211,26.3939211,0.775035506,3523.1992,0.0,132.690406,0.280485952,0.0,4922.44746,3536.32869,2548.51995,0.0,0.0
879.5,196.841297,4897.980949999999,-82.2491224,-82.2491224,-42.1859183,-42.1859183,-39.7678408,-39.7678408,2558.19129,66.99316,66.99316,17.94129863,17.94129863,19.6018084,19.6018084,0.775125661,3523.1992,0.0,133.193956,0.2299226625,0.0,4897.980949999999,3531.79502,2558.19129,0.0,0.0
880.0,197.97298,4871.85297,-82.3956201,-82.3956201,-42.0365338,-42.0365338,-39.6158512,-39.6158512,2560.55089,-38.53230826,-38.53230826,-10.328373425,-10.328373425,-9.212877785,-9.212877785,0.775326038,3523.1992,0.0,133.31681,-0.1104129293,0.0,4871.85297,3522.30074,2560.55089,0.0,0.0
880.5,197.97298,4746.85773,-84.8797001,-84.8797001,-42.1920062,-42.1920062,-39.6771445,-39.6771445,2550.54049,-150.290411,-150.290411,-40.1256789,-40.1256789,-37.0777578,-37.0777578,0.775658325,3461.76638,0.0,132.795609,-0.470176346,0.0,4746.85773,3464.4443,2550.54049,0.0,0.0
881.0,197.97298,4493.87541,-84.7398596,-84.7398596,-39.8784896,-39.8784896,-37.400874,-37.400874,2528.78573,-230.399535,-230.399535,-61.0093539,-61.0093539,-55.7355913,-55.7355913,0.7760835,3347.52474,0.0,131.662932,-0.735271404,0.0,4493.87541,3346.47398,2528.78573,0.0,0.0
881.5,197.97298,4255.52347,-84.7282155,-84.7282155,-37.7580557,-37.7580557,-35.3098405,-35.3098405,2503.1125,-233.6631,-233.6631,-61.2490149,-61.2490149,-55.8781714,-55.8781714,0.776529296,3233.28308,0.0,130.326239,-0.740727025,0.0,4255.52347,3232.30359,2503.1125,0.0,0.0
882.0,197.97298,4017.06618,-84.729899,-84.729899,-35.6430001,-35.6430001,-33.2229955,-33.2229955,2477.59941,-233.6631,-233.6631,-60.6247323,-60.6247323,-55.2629301,-55.2629301,0.776965662,3119.0414,0.0,128.99788,-0.735240622,0.0,4017.06618,3118.18288,2477.59941,0.0,0.0
882.5,197.97298,3778.34121,-84.7314006,-84.7314006,-33.5254135,-33.5254135,-31.1347405,-31.1347405,2452.27442,-233.6631,-233.6631,-60.0050505,-60.0050505,-54.6531538,-54.6531538,0.777392262,3004.79972,0.0,127.679318,-0.729850483,0.0,3778.34121,3004.06057,2452.27442,0.0,0.0
883.0,197.97298,3539.35754,-84.7328732,-84.7328732,-31.4054448,-31.4054448,-29.0445898,-29.0445898,2427.13405,-233.6631,-233.6631,-59.3898888,-59.3898888,-54.0487429,-54.0487429,0.777808991,2890.55809,0.0,126.3703715,-0.724554446,0.0,3539.35754,2889.93847,2427.13405,0.0,0.0
883.5,197.97298,3300.11983,-84.734319,-84.734319,-29.2831388,-29.2831388,-26.9519545,-26.9519545,2402.17522,-233.6631,-233.6631,-58.7791669,-58.7791669,-53.4496004,-53.4496004,0.77821576,2776.31638,0.0,125.0708719,-0.719350653,0.0,3300.11983,2775.81661,2402.17522,0.0,0.0
884.0,197.97298,3060.63241,-84.7357413,-84.7357413,-27.1585374,-27.1585374,-24.8570053,-24.8570053,2377.39472,-233.6631,-233.6631,-58.1728099,-58.1728099,-52.8556295,-52.8556295,0.778612418,2662.07473,0.0,123.7806593,-0.714237237,0.0,3060.63241,2661.69497,2377.39472,0.0,0.0
884.5,199.229702,2823.8102,-85.1259117,-85.1259117,-25.1691045,-25.1691045,-22.8835592,-22.8835592,2352.84218,-229.8406,-229.8406,-56.634014,-56.634014,-51.4559731,-51.4559731,0.778998661,2547.83308,0.0,122.502315,-0.694138794,0.0,2823.8102,2548.81547,2352.84218,0.0,0.0
885.0,210.745205,2662.16393,-88.2085672,-88.2085672,-24.5909678,-24.5909678,-22.1991027,-22.1991027,2332.41676,-163.3232155,-163.3232155,-39.9035361,-39.9035361,-36.6403337,-36.6403337,0.779350883,2464.76805,0.0,121.4388514,-0.446478031,0.0,2662.16393,2469.62696,2332.41676,0.0,0.0
885.5,223.733065,2675.17095,-93.1272503,-93.1272503,-26.0891287,-26.0891287,-23.4820424,-23.4820424,2322.51637,-74.7105692,-74.7105692,-18.1739968,-18.1739968,-16.6329835,-16.6329835,0.77962603,2460.9932,0.0,120.9233815,-0.1287551858,0.0,2675.17095,2469.25856,2322.51637,0.0,0.0
886.0,226.75189,2657.25658,-94.498962,-94.498962,-26.2960009,-26.2960009,-23.6322588,-23.6322588,2323.18805,13.90207748,13.90207748,3.386483126,3.386483126,4.324961354,4.324961354,0.779807494,2460.9932,0.0,120.95835,0.1637119121,0.0,2657.25658,2462.19642,2323.18805,0.0,0.0
886.5,226.75189,2639.48187,-94.4801068,-94.4801068,-26.1148444,-26.1148444,-23.455846,-23.455846,2333.77214,102.5093844,102.5093844,25.064342,25.064342,27.2099992,27.2099992,0.779858057,2460.9932,0.0,121.5094195,0.44823014,0.0,2639.48187,2460.98017,2333.77214,0.0,0.0
887.0,226.75189,2611.30417,-94.5439943,-94.5439943,-25.8535322,-25.8535322,-23.1982766,-23.1982766,2353.79288,191.117328,174.541774,47.1264067,43.0284399,51.3364973,46.8696514,0.779702342,2460.9932,0.0,122.5518136,0.677373758,0.0,2611.30417,2460.94527,2353.79288,0.0,0.0
887.5,226.75189,2577.64323,-94.5445944,-94.5445944,-25.5204393,-25.5204393,-22.8724786,-22.8724786,2377.6719,279.729974,178.92905,69.6679246,44.5508264,75.876924,48.5227967,0.779394457,2460.9932,0.0,123.7950905,0.686719236,0.0,2577.64323,2460.88143,2377.6719,0.0,0.0
888.0,226.75189,2532.92038,-95.0992741,-95.0992741,-25.223158,-25.223158,-22.5549649,-22.5549649,2401.18308,367.599225,176.185632,92.450329,44.3015183,100.5814219,48.1989525,0.779080872,2454.58046,0.0,125.0192134,0.673959081,0.0,2532.92038,2456.0,2401.18308,0.0,0.0
888.5,226.75189,2380.16315,-95.758071,-95.758071,-23.8688022,-23.8688022,-21.196008,-21.196008,2424.1272,400.78433,169.871493,101.7407126,43.1210214,110.5120934,46.8389522,0.778767346,2405.61678,0.0,126.2138187,0.649903244,0.0,2380.16315,2405.83348,2424.1272,0.0,0.0
889.0,226.75189,2296.66329,-94.4413054,-94.4413054,-22.7136797,-22.7136797,-20.1181592,-20.1181592,2446.12199,400.78433,164.637568,102.663832,42.1727474,111.3650593,45.7471159,0.778453858,2385.498,0.0,127.3589895,0.626052635,0.0,2296.66329,2383.93111,2446.12199,0.0,0.0
889.5,226.75189,2270.47008,-94.5198654,-94.5198654,-22.4733311,-22.4733311,-19.8818165,-19.8818165,2467.57168,358.758587,162.470167,92.6861474,41.9824379,100.4626719,45.5040329,0.778140469,2385.498,0.0,128.475781,0.614628762,0.0,2270.47008,2385.55624,2467.57168,0.0,0.0
890.0,225.306228,2237.74643,-94.0176515,-94.0176515,-22.0324734,-22.0324734,-19.4675884,-19.4675884,2488.5885,256.93923,159.749581,66.9411764,41.6307376,72.4972033,45.0846896,0.777827133,2385.498,0.0,129.570036,0.598776371,0.0,2237.74643,2384.2113,2488.5885,0.0,0.0
890.5,218.692622,2202.18642,-91.0971675,-91.0971675,-21.0086568,-21.0086568,-18.570899,-18.570899,2508.51444,154.6762496,142.7305016,40.6156795,37.4855063,43.9135416,40.5259894,0.777525769,2385.498,0.0,130.607494,0.526665327,0.0,2202.18642,2381.0491,2508.51444,0.0,0.0
891.0,217.24686,2192.67145,-90.4148576,-90.4148576,-20.7606974,-20.7606974,-18.3525757,-18.3525757,2521.98251,52.40089964,52.40089964,13.8321672,13.8321672,15.26570116,15.26570116,0.777413585,2385.498,0.0,131.30872,0.22865033,0.0,2192.67145,2384.95375,2521.98251,0.0,0.0
891.5,217.24686,2190.98994,-90.3683545,-90.3683545,-20.7341052,-20.7341052,-18.3281064,-18.3281064,2524.14927,-49.87032626,-49.87032626,-13.17899585,-13.17899585,-11.943374603,-11.943374603,0.777520103,2385.498,0.0,131.421535,-0.102789564,0.0,2190.98994,2385.51918,2524.14927,0.0,0.0
892.0,217.24686,2204.00985,-90.2770109,-90.2770109,-20.8362218,-20.8362218,-18.4326989,-18.4326989,2514.86706,-152.133305,-152.133305,-40.0519588,-40.0519588,-36.9850622,-36.9850622,0.777764307,2385.498,0.0,130.938249,-0.435561652,0.0,2204.00985,2385.51706,2514.86706,0.0,0.0
892.5,217.24686,2233.31067,-90.1825012,-90.1825012,-21.0911082,-21.0911082,-18.6890918,-18.6890918,2493.93383,-254.396282,-254.396282,-66.4155059,-66.4155059,-60.2513424,-60.2513424,0.7781143,2385.498,0.0,129.848348,-0.775258061,0.0,2233.31067,2385.48662,2493.93383,0.0,0.0
893.0,217.24686,2278.9735,-90.0910892,-90.0910892,-21.5005205,-21.5005205,-19.0950975,-19.0950975,2461.33407,-352.294133,-352.294133,-90.7772445,-90.7772445,-80.3927571,-80.3927571,0.778549686,2385.498,0.0,128.1510176,-1.098246234,0.0,2278.9735,2385.45254,2461.33407,0.0,0.0
893.5,217.24686,2335.42879,-90.0691585,-90.0691585,-22.0278153,-22.0278153,-19.6094602,-19.6094602,2421.22617,-377.90088,-377.90088,-95.8168514,-95.8168514,-84.1851564,-84.1851564,0.779032265,2385.498,0.0,126.062774,-1.17614054,0.0,2335.42879,2385.52521,2421.22617,0.0,0.0
894.0,217.24686,2221.74949,-97.8155254,-97.8155254,-22.5806441,-22.5806441,-19.8461757,-19.8461757,2380.81032,-377.90088,-377.90088,-94.2174438,-94.2174438,-82.6248026,-82.6248026,0.779515868,2294.16384,0.0,123.958492,-1.15374412,0.0,2221.74949,2314.6239,2380.81032,0.0,0.0
894.5,217.24686,672.2199996,-107.5521808,-107.5521808,-7.599101923,-7.599101923,-5.410058258,-5.410058258,2341.51546,-377.90088,-377.90088,-92.6624035,-92.6624035,-81.112778,-81.112778,0.779973311,1638.0999,0.0,121.9125799,-1.12809574,0.0,672.2199996,1646.90931,2341.51546,0.0,0.0
895.0,217.24686,-1098.956696,-106.949614,-106.949614,12.30733598,12.30733598,15.84041425,15.84041425,2302.62266,-377.90088,-377.90088,-91.123268,-91.123268,-79.6092554,-79.6092554,0.780354868,885.12686,0.0,119.8875995,-1.12139348,0.0,-1098.956696,887.20037,2302.62266,0.0,0.0
895.5,183.963611,-2430.90679,-90.6771242,-82.2980486,22.6652179,20.6556147,25.3420957,23.0714524,2263.11962,-377.90088,-377.90088,-89.5599894,-89.5599894,-78.0762731,-78.0762731,0.780662577,355.806962,0.0,117.8308479,-1.19860788,0.0,-2430.90679,309.900575,2263.11962,0.0,0.0
896.0,88.8226132,-2479.57286,-35.6557746,-35.6557746,9.30335954,9.30335954,10.10566745,10.10566745,2218.28752,-377.90088,-377.90088,-87.785819,-87.785819,-76.3436246,-76.3436246,0.780985876,336.42294,0.0,115.4966362,-1.38984032,0.0,-2479.57286,263.473147,2218.28752,0.0,0.0
896.5,53.887993,-2269.50281,-20.8060761,-20.8060761,4.93935034,4.93935034,5.42969991,5.42969991,2168.66915,-377.90088,-377.90088,-85.8222369,-85.8222369,-74.4346899,-74.4346899,0.781341939,336.42294,0.0,112.9132197,-1.44975886,0.0,-2269.50281,321.913025,2168.66915,0.0,0.0
897.0,53.887993,-2159.78942,-21.9883648,-21.9883648,4.97309367,4.97309367,5.47557693,5.47557693,2118.76191,-377.90088,-377.90088,-83.8472236,-83.8472236,-72.5154025,-72.5154025,0.781695624,336.42294,0.0,110.3147676,-1.43838345,0.0,-2159.78942,338.425118,2118.76191,0.0,0.0
897.5,53.887993,-2089.46136,-22.025233,-22.025233,4.81929173,4.81929173,5.31876651,5.31876651,2069.19194,-377.90088,-377.90088,-81.8855576,-81.8855576,-70.5950671,-70.5950671,0.782042006,336.42294,0.0,107.733874,-1.42935851,0.0,-2089.46136,338.745625,2069.19194,0.0,0.0
898.0,53.887993,-2020.47454,-22.0282943,-22.0282943,4.66082427,4.66082427,5.15610354,5.15610354,2019.92779,-377.90088,-377.90088,-79.935993,-79.935993,-68.6957891,-68.6957891,0.782381291,336.42294,0.0,105.1689044,-1.42066018,0.0,-2020.47454,338.686565,2019.92779,0.0,0.0
898.5,53.887993,-1951.91929,-22.0306514,-22.0306514,4.50316312,4.50316312,4.99363929,4.99363929,1970.95979,-377.90088,-377.90088,-77.9981495,-77.9981495,-66.818495,-66.818495,0.782713526,336.42294,0.0,102.6193501,-1.412223,0.0,-1951.91929,338.620849,1970.95979,0.0,0.0
899.0,53.887993,-1883.76655,-22.0329258,-22.0329258,4.34638033,4.34638033,4.83437572,4.83437572,1922.2791,-377.90088,-377.90088,-76.0716737,-76.0716737,-64.9511825,-64.9511825,0.783038724,336.42294,0.0,100.084757,-1.40404055,0.0,-1883.76655,338.55539,1922.2791,0.0,0.0
899.5,53.887993,-1816.0038,-22.0351306,-22.0351306,4.19045206,4.19045206,4.67620102,4.67620102,1873.87694,-377.90088,-377.90088,-74.1562205,-74.1562205,-63.0798613,-63.0798613,0.783356767,336.42294,0.0,97.5646623,-1.39610776,0.0,-1816.0038,338.490309,1873.87694,0.0,0.0
900.0,53.887993,-1748.61905,-22.0372675,-22.0372675,4.03535211,4.03535211,4.51783179,4.51783179,1825.74478,-377.90088,-377.90088,-72.251454,-72.251454,-61.2301139,-61.2301139,0.783667631,336.42294,0.0,95.0586308,-1.38841985,0.0,-1748.61905,338.425583,1825.74478,0.0,0.0
900.5,53.887993,-1681.60051,-22.0393379,-22.0393379,3.88105557,3.88105557,4.35924932,4.35924932,1777.87418,-377.90088,-377.90088,-70.3570385,-70.3570385,-59.4024216,-59.4024216,0.783971377,336.42294,0.0,92.566218,-1.38097214,0.0,-1681.60051,338.361222,1777.87418,0.0,0.0
901.0,53.887993,-1614.93677,-22.0413422,-22.0413422,3.72753769,3.72753769,4.20112311,4.20112311,1730.25701,-377.90088,-377.90088,-68.4726516,-68.4726516,-57.5839973,-57.5839973,0.784267972,336.42294,0.0,90.0869981,-1.37376016,0.0,-1614.93677,338.297193,1730.25701,0.0,0.0
901.5,53.887993,-1548.61642,-22.0432827,-22.0432827,3.57477416,3.57477416,4.04728404,4.04728404,1682.88518,-377.90088,-377.90088,-66.5979725,-66.5979725,-55.7573313,-55.7573313,0.784557344,336.42294,0.0,87.62055,-1.36677956,0.0,-1548.61642,338.233503,1682.88518,0.0,0.0
902.0,53.887993,-1482.62845,-22.0451596,-22.0451596,3.42274118,3.42274118,3.89361766,3.89361766,1635.75071,-377.90088,-377.90088,-64.7326887,-64.7326887,-53.9524674,-53.9524674,0.784839412,336.42294,0.0,85.166463,-1.36002631,0.0,-1482.62845,338.170131,1635.75071,0.0,0.0
902.5,67.4364758,-1390.4542,-27.3050991,-27.3050991,3.96475089,3.96475089,4.51801268,4.51801268,1589.77193,-356.48306,-356.48306,-59.371178,-59.371178,-49.6461178,-49.6461178,0.785110218,336.42294,0.0,82.7725458,-1.25556475,0.0,-1390.4542,349.677846,1589.77193,0.0,0.0
903.0,94.3092146,-1320.01075,-38.9594883,-38.9594883,5.38073966,5.38073966,6.16915717,6.16915717,1551.44261,-285.265353,-285.265353,-46.3670279,-46.3670279,-39.6567525,-39.6567525,0.785339254,336.42294,0.0,80.776904,-0.956768146,0.0,-1320.01075,356.609672,1551.44261,0.0,0.0
903.5,121.181948,-1280.5882,-50.2427517,-50.2427517,6.7346167,6.7346167,7.81896012,7.81896012,1523.61369,-212.083951,-212.083951,-33.8527981,-33.8527981,-29.6060292,-29.6060292,0.785509397,336.42294,0.0,79.3279756,-0.653522795,0.0,-1280.5882,356.764587,1523.61369,0.0,0.0
904.0,148.054685,-1256.26198,-61.508904,-61.508904,8.09017496,8.09017496,9.54100015,9.54100015,1506.24291,-138.9025494,-138.9025494,-21.9172568,-21.9172568,-19.5059541,-19.5059541,0.785613876,336.42294,0.0,78.4235514,-0.351730806,0.0,-1256.26198,356.744226,1506.24291,0.0,0.0
904.5,174.927423,-1246.45568,-72.7734776,-72.7734776,9.4987532,9.4987532,11.37741185,11.37741185,1499.23052,-65.7160652,-65.7160652,-10.31858573,-10.31858573,-9.12627903,-9.12627903,0.785640766,336.42294,0.0,78.0584471,-0.0561912748,0.0,-1246.45568,356.730229,1499.23052,0.0,0.0
905.0,201.800155,-1170.43497,-81.1130142,-81.1130142,9.9340351,9.9340351,12.1644297,12.1644297,1502.21568,7.46530407,7.46530407,1.179321725,1.179321725,1.871807797,1.871807797,0.785569927,376.761523,0.0,78.2138722,0.226060295,0.0,-1170.43497,390.106005,1502.21568,0.0,0.0
905.5,228.672891,-668.915693,-90.5064605,-89.671087,6.27201466,6.23460476,8.9513962,8.88826629,1514.8553,80.6467031,79.5988231,12.80448068,12.63740148,14.36899295,14.18238195,0.785384054,586.170748,0.0,78.8719633,0.503997085,0.0,-668.915693,606.172065,1514.8553,0.0,0.0
906.0,255.545629,-112.45044805,-113.8493465,-104.5734071,1.28661483345,1.14684075745,2.76357730225,2.46060132025,1536.17977,151.684808,129.531439,24.4146112,20.8459119,27.3100973,23.3173596,0.785085642,814.316803,0.0,79.9822344,0.719967966,0.0,-112.45044805,850.172563,1536.17977,0.0,0.0
906.5,272.13966,295.1730548,-107.9187506,-107.9187506,-3.34187432,-3.34187432,-1.821889036,-1.821889036,1562.90824,172.37234,150.310196,28.2117287,24.6055187,31.6156047,27.5750567,0.784770906,1042.462846,0.0,81.3738706,0.808821241,0.0,295.1730548,1035.39427,1562.90824,0.0,0.0
907.0,272.081106,819.731983,-108.3449569,-108.3449569,-9.2996664,-9.2996664,-6.7192353,-6.7192353,1591.99186,172.37234,169.728588,28.7367109,28.2987861,32.291343,31.7995372,0.784459482,1270.60893,0.0,82.8881306,0.868364547,0.0,819.731983,1270.64882,1591.99186,0.0,0.0
907.5,271.436256,1324.90344,-108.084436,-108.084436,-14.9948284,-14.9948284,-12.0881702,-12.0881702,1622.16985,172.37234,172.37234,29.2814475,29.2814475,32.8671174,32.8671174,0.784205057,1498.75497,0.0,84.459365,0.87153313,0.0,1324.90344,1498.47509,1622.16985,0.0,0.0
908.0,270.787882,1830.38948,-107.8126215,-107.8126215,-20.6641152,-20.6641152,-17.5819971,-17.5819971,1652.2057,172.37234,172.37234,29.8236191,29.8236191,33.4169083,33.4169083,0.784029019,1726.90103,0.0,86.0232062,0.866060672,0.0,1830.38948,1726.34931,1652.2057,0.0,0.0
908.5,270.139521,2300.37449,-109.472089,-109.472089,-26.3901672,-26.3901672,-23.0984646,-23.0984646,1682.07158,172.37234,172.37234,30.3627219,30.3627219,33.9616755,33.9616755,0.783911788,1934.71942,0.0,87.578191,0.863892547,0.0,2300.37449,1939.35198,1682.07158,0.0,0.0
909.0,269.492325,2343.82517,-112.607611,-112.607611,-27.639467,-27.639467,-24.1852938,-24.1852938,1711.9843,172.37234,172.37234,30.9026697,30.9026697,34.5053979,34.5053979,0.783827641,1972.6718,0.0,89.1356179,0.864213074,0.0,2343.82517,1974.89791,1711.9843,0.0,0.0
909.5,269.21112,2295.75397,-112.2560821,-112.2560821,-26.9875735,-26.9875735,-23.5671738,-23.5671738,1741.76203,172.37234,172.37234,31.4401811,31.4401811,35.0461911,35.0461911,0.783735397,1972.6718,0.0,90.6860142,0.858835309,0.0,2295.75397,1972.28219,1741.76203,0.0,0.0
910.0,269.21112,2254.47503,-112.2579985,-112.2579985,-26.5027748,-26.5027748,-23.0959541,-23.0959541,1771.376,172.37234,172.37234,31.9747369,31.9747369,35.5908823,35.5908823,0.783632826,1972.6718,0.0,92.2278846,0.854349032,0.0,2254.47503,1972.3971,1771.376,0.0,0.0
910.5,269.21112,2213.23956,-112.2569411,-112.2569411,-26.0177813,-26.0177813,-22.6168554,-22.6168554,1800.83388,172.37234,172.37234,32.5064753,32.5064753,36.1326433,36.1326433,0.783519866,1972.6718,0.0,93.7616309,0.849806135,0.0,2213.23956,1972.43895,1800.83388,0.0,0.0
911.0,269.21112,2172.21966,-112.255671,-112.255671,-25.5352822,-25.5352822,-22.1412359,-22.1412359,1830.13382,172.37234,172.37234,33.035362,33.035362,36.6700119,36.6700119,0.783396137,1972.6718,0.0,95.2871527,0.845212932,0.0,2172.21966,1972.47827,1830.13382,0.0,0.0
911.5,269.21112,2131.42322,-112.254381,-112.254381,-25.0554155,-25.0554155,-21.6703187,-21.6703187,1859.27415,172.37234,172.37234,33.5613678,33.5613678,37.2029904,37.2029904,0.783261357,1972.6718,0.0,96.8043616,0.84057122,0.0,2131.42322,1972.51739,1859.27415,0.0,0.0
912.0,269.21112,2090.85251,-112.253075,-112.253075,-24.5782116,-24.5782116,-21.2040973,-21.2040973,1888.25315,172.37234,172.37234,34.0844624,34.0844624,37.731575,37.731575,0.783115115,1972.6718,0.0,98.3131741,0.835882479,0.0,2090.85251,1972.55624,1888.25315,0.0,0.0
912.5,269.21112,2050.50984,-112.2517604,-112.2517604,-24.1036966,-24.1036966,-20.7425633,-20.7425633,1917.06933,172.37234,172.37234,34.6046164,34.6046164,38.2557676,38.2557676,0.782956992,1972.6718,0.0,99.8135054,0.83114818,0.0,2050.50984,1972.5949,1917.06933,0.0,0.0
913.0,269.21112,2010.39747,-112.2504306,-112.2504306,-23.6318962,-23.6318962,-20.285706,-20.285706,1945.72101,172.37234,172.37234,35.1218018,35.1218018,38.7789026,38.7789026,0.782786499,1972.6718,0.0,101.3052755,0.82636982,0.0,2010.39747,1972.63337,1945.72101,0.0,0.0
913.5,269.21112,1970.5253,-112.2484236,-112.2484236,-23.1627921,-23.1627921,-19.833499,-19.833499,1974.19651,172.37234,172.37234,35.6358069,35.6358069,39.303209,39.303209,0.782602979,1972.6718,0.04689366917,102.7878706,0.815519069,0.0,1970.5253,1972.6689,1974.19651,-1.1442029,0.09522749
914.0,269.21112,1937.84638,-112.1419592,-112.1419592,-22.7570906,-22.7570906,-19.4474713,-19.4474713,1997.17729,172.37234,172.37234,36.0506289,36.0506289,39.7256068,39.7256068,0.782406348,1972.6718,3.03490544,103.9843814,0.418005756,0.0,1937.84638,1972.48927,1997.17729,-75.6419523,6.33384849
914.5,269.21112,2871.96064,-64.16554087,-66.99699116,-11.34392001,-12.97664965,-8.99128457,-10.83340521,2000.36688,189.765726,152.14936,39.748739,31.8860765,43.7468566,35.1310503,0.782176454,2494.48717,7.61020917,104.1504514,-0.3309005653,0.0,2871.96064,2363.04343,2000.36688,-190.080681,15.9235972
915.0,269.21112,9251.5234,-86.4693602,-89.3975069,-87.009233,-89.434836,-83.2505677,-86.0021483,1987.76858,222.792382,195.740751,46.3771165,40.74469055,51.6149575,45.4186117,0.782061093,4896.7214,6.30326508,103.494512,0.0212852073,0.0,9251.5234,5010.27062,1987.76858,-157.795981,13.1372858
915.5,269.21112,9081.3619,-113.4100167,-113.4100167,-107.8575071,-107.8575071,-103.8810855,-103.8810855,2004.88831,244.86556,244.86556,51.4105372,51.4105372,57.5971366,57.5971366,0.78233951,4939.603,1.680900728373,104.3858608,0.829885767,0.0,9081.3619,4949.46111,2004.88831,-42.189514986,3.5321323116
916.0,269.21112,9001.2291,-112.340318,-112.340318,-105.8927556,-105.8927556,-101.9495545,-101.9495545,2039.01153,245.42857,245.42857,52.4050851,52.4050851,58.6251862,58.6251862,0.78259247,4939.603,0.0,106.1625101,1.04684548,0.0,9001.2291,4936.04168,2039.01153,0.0,0.0
916.5,269.21112,8949.9287,-112.3105036,-112.3105036,-105.2612619,-105.2612619,-101.3209625,-101.3209625,2075.09089,245.42857,245.42857,53.3323677,53.3323677,59.5607995,59.5607995,0.782836721,4939.603,0.0,108.0410051,1.04038813,0.0,8949.9287,4935.76163,2075.09089,0.0,0.0
917.0,269.21112,8899.7145,-112.308131,-112.308131,-104.6684745,-104.6684745,-100.7304084,-100.7304084,2110.94698,245.42857,245.42857,54.2539127,54.2539127,60.4874672,60.4874672,0.783073802,4939.603,0.0,109.9078762,1.03390685,0.0,8899.7145,4935.80334,2110.94698,0.0,0.0
917.5,269.21112,8849.831,-112.3062971,-112.3062971,-104.0801032,-104.0801032,-100.1444647,-100.1444647,2146.57781,245.42857,245.42857,55.1696689,55.1696689,61.4131729,61.4131729,0.783303701,4939.603,0.0,111.763022,1.0273573,0.0,8849.831,4935.85103,2146.57781,0.0,0.0
918.0,269.21112,8800.2663,-112.3044608,-112.3044608,-103.4954959,-103.4954959,-99.5624874,-99.5624874,2181.98107,245.42857,245.42857,56.0795764,56.0795764,62.338356,62.338356,0.783526347,4939.603,0.0,113.6063172,1.02074103,0.0,8800.2663,4935.89853,2181.98107,0.0,0.0
918.5,269.013821,8750.7679,-112.2764458,-112.2764458,-102.8877628,-102.8877628,-98.9584511,-98.9584511,2217.1542,245.42857,245.42857,56.9835677,56.9835677,63.2549524,63.2549524,0.783741713,4939.603,0.0,115.4376282,1.01378592,0.0,8750.7679,4935.83903,2217.1542,0.0,0.0
919.0,252.639791,8670.4247,-105.7427724,-105.7427724,-96.0191746,-96.0191746,-92.3050764,-92.3050764,2251.7052,245.42857,245.42857,57.8715698,57.8715698,64.1528604,64.1528604,0.783938752,4939.603,0.0,117.2365476,0.976685734,0.0,8670.4247,4922.58184,2251.7052,0.0,0.0
919.5,226.097369,8612.872800000001,-94.34546,-94.34546,-85.0980846,-85.0980846,-81.7582787,-81.7582787,2284.43597,243.367183,243.367183,58.2174892,58.2174892,64.4227785,64.4227785,0.784080946,4939.603,0.0,118.9406986,0.912858572,0.0,8612.872800000001,4917.745260000001,2284.43597,0.0,0.0
920.0,199.55495,8464.4822,-86.5813385,-86.5813385,-76.7586525,-76.7586525,-73.7048556,-73.7048556,2314.42851,230.654878,230.654878,55.899505,55.899505,61.6130687,61.6130687,0.78417605,4888.174059999999,0.0,120.5022822,0.821344536,0.0,8464.4822,4873.51134,2314.42851,0.0,0.0
920.5,173.012531,7898.99518,-77.3483608,-77.3483608,-64.0387078,-64.0387078,-61.4439838,-61.4439838,2341.16353,216.454655,216.454655,53.064272,53.064272,58.2586955,58.2586955,0.784232849,4674.16396,0.0,121.8942594,0.723043673,0.0,7898.99518,4653.81841,2341.16353,0.0,0.0
921.0,146.470111,7321.547560000001,-66.1756288,-66.1756288,-50.7923395,-50.7923395,-48.7467024,-48.7467024,2364.41015,202.256623,202.256623,50.0761937,50.0761937,54.7868157,54.7868157,0.784219953,4448.31826,0.0,123.1046074,0.622025902,0.0,7321.547560000001,4427.11151,2364.41015,0.0,0.0
921.5,121.9380304,6756.21902,-55.6941792,-55.6941792,-39.4436911,-39.4436911,-37.8376234,-37.8376234,2384.35285,193.102186,193.102186,48.2153211,48.2153211,52.6268017,52.6268017,0.784131306,4222.47239,0.0,124.1429391,0.541490513,0.0,6756.21902,4203.51865,2384.35285,0.0,0.0
922.0,116.99081,6223.23074,-53.7165654,-53.7165654,-35.0045102,-35.0045102,-33.5017517,-33.5017517,2402.72771,192.94376,192.94376,48.5471684,48.5471684,52.9594008,52.9594008,0.783964964,3996.62663,0.0,125.0996395,0.527968384,0.0,6223.23074,3992.46723,2402.72771,0.0,0.0
922.5,116.99081,5660.47912,-53.8763136,-53.8763136,-31.9358859,-31.9358859,-30.4872046,-30.4872046,2420.92228,192.94376,192.94376,48.9147885,48.9147885,53.3325375,53.3325375,0.783748971,3770.78081,0.0,126.0469475,0.524459098,0.0,5660.47912,3768.92573,2420.92228,0.0,0.0
923.0,116.99081,5093.33675,-53.8767582,-53.8767582,-28.7364489,-28.7364489,-27.3445772,-27.3445772,2438.91949,192.94376,190.186126,49.2784235,48.5727164,53.6767479,52.9084957,0.783468283,3544.93501,0.0,126.9839888,0.511767775,0.0,5093.33675,3543.4421,2438.91949,0.0,0.0
923.5,113.86137,4521.07409,-52.6597701,-52.6597701,-24.9465156,-24.9465156,-23.6456624,-23.6456624,2455.80763,192.94376,176.790103,49.6196486,45.463115,53.9096587,49.3949084,0.783154466,3319.08918,0.0,127.8632795,0.459102793,0.0,4521.07409,3315.18013,2455.80763,0.0,0.0
924.0,106.9664366,3953.67981,-49.6772201,-49.6772201,-20.5818644,-20.5818644,-19.4163833,-19.4163833,2470.49982,192.94376,161.079947,49.9165034,41.671278,54.0915841,45.1574231,0.78284012,3093.24339,0.0,128.628239,0.391929075,0.0,3953.67981,3087.66198,2470.49982,0.0,0.0
924.5,100.0715006,3577.17586,-42.4884543,-42.4884543,-15.9214392,-15.9214392,-14.9729212,-14.9729212,2482.73073,192.94376,144.797785,50.1636297,37.6450128,54.2439653,40.7076211,0.78252582,2951.33742,0.0,129.265051,0.316100705,0.0,3577.17586,2938.13745,2482.73073,0.0,0.0
925.0,93.176569,3575.38354,-38.7986883,-38.7986883,-14.52696065,-14.52696065,-13.6674832,-13.6674832,2492.97988,192.94376,139.614427,50.3707138,36.4479953,54.4268612,39.3830469,0.7822116,2949.3718,0.0,129.798675,0.282667808,0.0,3575.38354,2943.37608,2492.97988,0.0,0.0
925.5,86.281632,3563.78958,-35.9720733,-35.9720733,-13.42505115,-13.42505115,-12.62671475,-12.62671475,2502.26262,192.94376,135.453105,50.5582707,35.4933164,54.6068526,38.3355717,0.781897455,2949.3718,0.0,130.281988,0.254252277,0.0,3563.78958,2943.97183,2502.26262,0.0,0.0
926.0,79.3866993,3552.19599,-33.0962,-33.0962,-12.3115646,-12.3115646,-11.5739632,-11.5739632,2510.56331,192.94376,131.322002,50.7259871,34.5250111,54.7674947,37.2757661,0.78158334,2949.3718,0.0,130.71417,0.226053863,0.0,3552.19599,2943.99433,2510.56331,0.0,0.0
926.5,72.4917646,3541.92823,-30.2194858,-30.2194858,-11.2089439,-11.2089439,-10.5273075,-10.5273075,2517.89813,192.94376,127.2808841,50.8741874,33.5603808,54.9090483,36.2221032,0.781269296,2949.3718,0.0,131.096062,0.198349147,0.0,3541.92823,2944.00457,2517.89813,0.0,0.0
927.0,65.5968299,3532.99058,-27.342876,-27.342876,-10.1163564,-10.1163564,-9.48492725,-9.48492725,2524.28255,192.94376,123.3166152,51.0031864,32.597592,55.0321988,35.1726738,0.780955315,2949.3718,0.0,131.428471,0.17109566,0.0,3532.99058,2944.01341,2524.28255,0.0,0.0
927.5,58.7018958,3525.3593,-24.4664082,-24.4664082,-9.0325541,-9.0325541,-8.45195953,-8.45195953,2529.73384,192.94376,119.4442586,51.1133286,31.6421844,55.1363603,34.132703,0.780641419,2949.3718,0.0,131.712297,0.14434008,0.0,3525.3593,2944.02096,2529.73384,0.0,0.0
928.0,51.9295448,3519.22213,-21.6125592,-21.6125592,-7.9650332,-7.9650332,-7.42345539,-7.42345539,2534.26626,192.94376,115.6375152,51.2049066,30.6886501,55.2227935,33.0967031,0.78032756,2949.3718,0.0,131.948283,0.1181767216,0.0,3519.22213,2944.11368,2534.26626,0.0,0.0
928.5,49.661903,3523.99103,-20.5685109,-20.5685109,-7.59042407,-7.59042407,-7.06324936,-7.06324936,2536.86136,80.0632673,44.7392803,21.28004387,11.89505357,24.09500863,13.97407613,0.780047535,2949.3718,0.0,132.083395,-0.1182718786,0.0,3523.99103,2947.61329,2536.86136,0.0,0.0
929.0,49.661903,3573.71733,-18.9189197,-18.9189197,-7.06851133,-7.06851133,-6.55854397,-6.55854397,2518.28837,-162.20929,-162.20929,-42.7769465,-42.7769465,-39.5190102,-39.5190102,0.780170238,2962.95838,0.0,131.11638,-0.802444397,0.0,3573.71733,2957.46019,2518.28837,0.0,0.0
929.5,49.661903,4071.95465,-14.65537435,-14.65537435,-6.25379198,-6.25379198,-5.75504744,-5.75504744,2490.47771,-162.20929,-162.20929,-42.3045397,-42.3045397,-39.0550173,-39.0550173,0.78042664,3153.77368,0.0,129.668401,-0.804156812,0.0,4071.95465,3148.54202,2490.47771,0.0,0.0
930.0,51.5471771,4712.74145,-15.5087836,-15.5087836,-7.66876234,-7.66876234,-7.11314821,-7.11314821,2462.80657,-162.20929,-162.20929,-41.8345032,-41.8345032,-38.5932907,-38.5932907,0.780683091,3398.56325,0.0,128.2276835,-0.794413125,0.0,4712.74145,3399.02106,2462.80657,0.0,0.0
930.5,71.7852051,5370.56742,-24.0262822,-24.0262822,-13.5720241,-13.5720241,-12.8462228,-12.8462228,2435.96384,-162.20929,-162.20929,-41.3785397,-41.3785397,-38.1459832,-38.1459832,0.780951912,3643.35285,0.3118131844,126.8301004,-0.788961672,0.0,5370.56742,3657.07402,2435.96384,-7.626716,0.77432923
931.0,96.6567962,6043.82865,-33.8414254,-33.8414254,-21.4775455,-21.4775455,-20.5089868,-20.5089868,2375.47704,-162.20929,-162.20929,-40.3510798,-40.3510798,-37.140498,-37.140498,0.78124911,3888.14241,20.21514426,123.680814,-3.34892074,0.0,6043.82865,3901.90528,2375.47704,-503.895214,49.8282665
931.5,111.8880404,6869.32525,-39.3942715,-39.3942715,-28.3312454,-28.3312454,-27.1653006,-27.1653006,2189.94167,-162.20929,-162.20929,-37.1994795,-37.1994795,-34.0528981,-34.0528981,0.781570449,4132.93196,51.0029041,114.0207909,-7.35046503,0.0,6869.32525,4137.06773,2189.94167,-1273.774045,116.1995665
932.0,112.06047,7735.48322,-42.2102398,-42.2102398,-34.2409335,-34.2409335,-32.882532,-32.882532,1899.94632,-162.20929,-162.20929,-32.2734689,-32.2734689,-29.2279388,-29.2279388,0.781896579,4323.88462,62.200443,98.921986,-8.780303,0.0,7735.48322,4328.15624,1899.94632,-1555.0111,123.7551926
932.5,112.06047,8177.143979999999,-44.3161286,-44.3161286,-37.9470948,-37.9470948,-36.4166509,-36.4166509,1597.32365,-162.20929,-162.20929,-27.1329639,-27.1329639,-24.1976544,-24.1976544,0.782226096,4337.53,62.200443,83.1657303,-8.730812,0.0,8177.143979999999,4335.23548,1597.32365,-1555.0111,104.0435172
933.0,112.06047,8595.5633,-44.2152756,-44.2152756,-39.7992928,-39.7992928,-38.1393522,-38.1393522,1296.15314,-162.20929,-162.20929,-22.0171263,-22.0171263,-19.2030477,-19.2030477,0.782542843,4337.53,62.200443,67.4850861,-8.6933871,0.0,8595.5633,4333.49156,1296.15314,-1555.0111,84.426429
933.5,112.06047,9015.5029,-44.2211388,-44.2211388,-41.7492581,-41.7492581,-39.9444457,-39.9444457,996.144041,-162.20929,-162.20929,-16.92101715,-16.92101715,-14.2489136,-14.2489136,0.78284613,4337.53,62.200443,51.8649108,-8.6636975,0.0,9015.5029,4333.05836,996.144041,-1555.0111,64.8849923
934.0,112.06047,9434.2585,-44.2271723,-44.2271723,-43.6943957,-43.6943957,-41.7379616,-41.7379616,697.025934,-162.20929,-162.20929,-11.8400421,-11.8400421,-9.36991145,-9.36991145,0.783135912,4337.53,62.200443,36.291125,-8.641829,0.0,9434.2585,4332.65288,697.025934,-1555.0111,45.4015875
934.5,112.06047,9852.1443,-44.2310948,-44.2310948,-45.633858,-45.633858,-43.5233169,-43.5233169,398.529673,-162.20929,-162.20929,-6.76963086,-6.76963086,-4.64092106,-4.64092106,0.783412403,4337.53,62.200443,20.7497164,-8.62770805,0.0,9852.1443,4332.24856,398.529673,-1555.0111,25.9586905
935.0,112.06047,10053.192,-49.4284309,-49.4284309,-52.0270778,-52.0270778,-49.6815905,-49.6815905,104.2182943489,-162.20929,-162.20929,-1.770305767521,-1.770305767521,-0.87327866657,-0.87327866657,0.783685213,4239.82041,62.200443,5.42619586008,-6.8621257,0.0,10053.192,4244.05968,104.2182943489,-1240.379423993,6.788715005499
935.5,112.06047,9565.6764,-52.6661579,-52.6661579,-52.7588021,-52.7588021,-50.4765901,-50.4765901,-0.027664805985,-162.20929,-162.20929,0.00046992868,0.00046992868,0.001431209674,0.001431209674,0.783968482,3981.92268,62.200443,-0.001440386758,-0.0774785012,0.0,9565.6764,3980.33243,-0.027664805985,36.96751595,5.1176325e-05
936.0,112.06047,8932.79545,-52.4563696,-52.4563696,-49.0699475,-49.0699475,-47.0166582,-47.0166582,-0.0313126373,-164.64276,-164.64276,0.000540814803,0.000540814803,0.00163574959,0.00163574959,0.784240863,3721.87935,62.200443,-0.00163031355,0.02740969665,0.0,8932.79545,3716.98382,-0.0313126373,51.14654907,8.2539547e-05
936.5,107.146794,8298.01498,-50.5780972,-50.5780972,-43.97853,-43.97853,-42.2103348,-42.2103348,-0.0364745351,-184.096928,-184.096928,0.000703235404,0.000703235404,0.00212700135,0.00212700135,0.784496279,3461.83607,62.200443,-0.00189907127,0.05169146902,0.0,8298.01498,3452.8441,-0.0364745351,79.3023546,0.000125161478
937.0,95.2528061,7664.77972,-45.4647883,-45.4647883,-36.5195202,-36.5195202,-35.0889107,-35.0889107,-0.0373631418,-206.782861,-206.782861,0.000808687452,0.000808687452,0.0024459649,0.0024459649,0.784721757,3201.79274,62.200443,-0.00194533717,0.0191623786,0.0,7664.77972,3189.34963,-0.0373631418,85.443653,0.000139960687
937.5,83.3075174,7040.38039,-40.4839608,-40.4839608,-29.8742947,-29.8742947,-28.6678631,-28.6678631,-0.0400976498,-229.119533,-229.119533,0.000963037345,0.000963037345,0.00291282087,0.00291282087,0.78491389,2941.74947,62.200443,-0.00208771116,-0.02241473199,0.0,7040.38039,2929.53083,-0.0400976498,104.3422774,0.000180059602
938.0,71.3622291,6416.27033,-35.5126902,-35.5126902,-23.8881444,-23.8881444,-22.8470165,-22.8470165,-0.0414334796,-236.79414,-236.79414,0.001027427019,0.001027427019,0.00310757167,0.00310757167,0.785074077,2681.70614,62.200443,-0.00215726204,-0.0834551543,0.0,6416.27033,2669.83326,-0.0414334796,113.5744135,0.000207679167
938.5,59.41694,5792.16761,-30.5419531,-30.5419531,-18.5521437,-18.5521437,-17.6759363,-17.6759363,-0.0423031003,-236.79414,-236.79414,0.001048991024,0.001048991024,0.00317279144,0.00317279144,0.785204072,2421.66282,61.8891248,-0.00220253939,0.049582874,0.0,5792.16761,2410.13895,-0.0423031003,118.8626615,0.00021588618
939.0,47.5605857,5168.1836,-25.5836228,-25.5836228,-13.87257135,-13.87257135,-13.1425422,-13.1425422,-0.0545004463,-236.79414,-236.79414,0.00135144893,0.00135144893,0.00408749466,0.00408749466,0.785305865,2161.61954,41.9852999,-0.00283760246,0.00920345598,0.0,5168.1836,2150.48749,-0.0545004463,132.3492175,0.00030279162
939.5,42.985615,4559.22411,-23.5188046,-23.5188046,-11.2275602,-11.2275602,-10.5821624,-10.5821624,-0.768391016,-236.79414,-236.79414,0.01905381187,0.01905381187,0.05725096189,0.05725096189,0.785384898,1901.57623,11.19640747806,-0.04000679652,-0.15747895136,0.0,4559.22411,1896.67813,-0.768391016,98.22772301,0.000617688833
940.0,42.985615,4264.11674,-17.6012702,-17.6012702,-7.85901431,-7.85901431,-7.32501449,-7.32501449,-15.8902184,-236.79414,-236.79414,0.394030139,0.394030139,1.145238833,1.145238833,0.785443239,1777.0237,0.0,-0.82733492,-0.609039357,0.0,4264.11674,1765.05231,-15.8902184,0.0,0.0
940.5,42.985615,4315.65404,-17.6845459,-17.6845459,-7.99228106,-7.99228106,-7.45513573,-7.45513573,-36.9315179,-236.79414,-236.79414,0.915791757,0.915791757,2.55296583,2.55296583,0.785482311,1777.0237,0.0,-1.92286439,-0.60829353,0.0,4315.65404,1774.21144,-36.9315179,0.0,0.0
941.0,42.985615,4345.98163,-17.7169488,-17.7169488,-8.06316325,-8.06316325,-7.52308469,-7.52308469,-57.9583884,-236.79414,-236.79414,1.43719559,1.43719559,3.84195406,3.84195406,0.78551316,1777.0237,0.0,-3.01764253,-0.608151023,0.0,4345.98163,1774.55356,-57.9583884,0.0,0.0
941.5,42.985615,4375.43041,-17.7176112,-17.7176112,-8.11810305,-8.11810305,-7.57578105,-7.57578105,-78.9811321,-236.79414,-236.79414,1.95849711,1.95849711,5.02718621,5.02718621,0.785535735,1777.0237,0.0,-4.11220586,-0.608025655,0.0,4375.43041,1774.53237,-78.9811321,0.0,0.0
942.0,42.985615,4404.85569,-17.7176676,-17.7176676,-8.1727244,-8.1727244,-7.62819141,-7.62819141,-99.9989104,-236.79414,-236.79414,2.47967546,2.47967546,6.12066516,6.12066516,0.785550553,1777.0237,0.0,-5.20651058,-0.607863215,0.0,4404.85569,1774.50433,-99.9989104,0.0,0.0
942.5,42.985615,4434.27174,-17.7177239,-17.7177239,-8.2273288,-8.2273288,-7.68060463,-7.68060463,-121.0104145,-236.79414,-236.79414,3.0006982,3.0006982,7.13258869,7.13258869,0.785558127,1777.0237,0.0,-6.30048867,-0.607662744,0.0,4434.27174,1774.47613,-121.0104145,0.0,0.0
943.0,42.985615,4463.67731,-17.7177902,-17.7177902,-8.28191875,-8.28191875,-7.73302317,-7.73302317,-142.014325,-236.79414,-236.79414,3.52153287,3.52153287,8.07169678,8.07169678,0.785558866,1777.0237,0.0,-7.39407177,-0.607424233,0.0,4463.67731,1774.44794,-142.014325,0.0,0.0
943.5,42.985615,4468.48196,-18.6287014,-18.6287014,-8.7155234,-8.7155234,-8.14984798,-8.14984798,-162.995565,-236.79414,-236.79414,4.04180505,4.04180505,8.9449823,8.9449823,0.785553905,1764.60914,0.0,-8.486474,-0.605564321,0.0,4468.48196,1764.19648,-162.995565,0.0,0.0
944.0,42.985615,4331.54146,-19.4421047,-19.4421047,-8.81889845,-8.81889845,-8.2491087,-8.2491087,-181.453491,-170.006235,-170.006235,3.21429826,3.21429826,6.45053597,6.45053597,0.785554148,1698.29223,0.0,-9.447498,-0.387882213,0.0,4331.54146,1696.43701,-181.453491,0.0,0.0
944.5,54.8201525,4188.94104,-24.0570128,-24.0570128,-10.5400407,-10.5400407,-9.9110606,-9.9110606,-186.915588,-37.82504872,-37.82504872,0.7423387068,0.7423387068,1.468048492,1.468048492,0.785588772,1625.74155,0.0,-9.73188605,0.0634721272,0.0,4188.94104,1633.91064,-186.915588,0.0,0.0
945.0,82.0380854,4025.85156,-35.8018548,-35.8018548,-15.0754827,-15.0754827,-14.2424713,-14.2424713,-180.932837,-5.4093394,-5.4093394,0.1024920619,0.1024920619,0.310028571,0.310028571,0.785667158,1553.19086,0.0,-9.4203901,0.224454848,0.0,4025.85156,1569.54122,-180.932837,0.0,0.0
945.5,109.3043854,3875.21167,-46.0986824,-46.0986824,-18.7028156,-18.7028156,-17.6401344,-17.6401344,-172.266992,-5.4093394,-5.4093394,0.0975831666,0.0975831666,0.295179631,0.295179631,0.785771066,1497.59868,0.0,-8.9691971,0.276052749,0.0,3875.21167,1511.91877,-172.266992,0.0,0.0
946.0,136.322088,3856.28367,-56.848745,-56.848745,-22.9557233,-22.9557233,-21.5878365,-21.5878365,-161.83021,-5.4093394,-5.4093394,0.0916710967,0.0916710967,0.277296199,0.277296199,0.785895546,1493.984,0.0,-8.42579905,0.328150915,0.0,3856.28367,1510.13665,-161.83021,0.0,0.0
946.5,146.35457,3807.21605,-61.3386605,-61.3386605,-24.4555595,-24.4555595,-22.9502008,-22.9502008,-149.982467,-5.20449043,-5.20449043,0.0818571595,0.0818571595,0.24760999,0.24760999,0.78603787,1493.984,0.0,-7.80893847,0.348992149,0.0,3807.21605,1496.63707,-149.982467,0.0,0.0
947.0,146.35457,3778.27832,-61.0165249,-61.0165249,-24.1418239,-24.1418239,-22.649484,-22.649484,-137.422197,6.38068856,6.38068856,-0.089747846,-0.089747846,-0.022979617026,-0.022979617026,0.786181535,1493.984,0.0,-7.15497938,0.387268671,0.0,3778.27832,1491.92969,-137.422197,0.0,0.0
947.5,146.35457,3757.82113,-61.0237984,-61.0237984,-24.0139667,-24.0139667,-22.5231401,-22.5231401,-122.9912543,24.3236608,24.3236608,-0.310880741,-0.310880741,-0.1196285364,-0.1196285364,0.786325302,1493.984,0.0,-6.40362261,0.447560959,0.0,3757.82113,1491.84341,-122.9912543,0.0,0.0
948.0,146.35457,3734.6944,-61.0403885,-61.0403885,-23.8726657,-23.8726657,-22.3833575,-22.3833575,-106.4755031,42.2666327,42.2666327,-0.468554883,-0.468554883,-0.201577018,-0.201577018,0.78646888,1493.984,0.0,-5.54371894,0.507868793,0.0,3734.6944,1491.86366,-106.4755031,0.0,0.0
948.5,146.863781,3889.78832,-53.449768,-53.449768,-21.5987835,-21.5987835,-20.3179026,-20.3179026,-87.9767309,60.2096051,60.2096051,-0.551726474,-0.551726474,-0.235788028,-0.235788028,0.786609274,1588.77011,0.0,-4.5805679,0.555030263,0.0,3889.78832,1567.20065,-87.9767309,0.0,0.0
949.0,154.38544,5424.10833,-47.7496392,-47.7496392,-27.2117591,-27.2117591,-25.9632177,-25.9632177,-67.9530127,78.1525765,78.1525765,-0.552843074,-0.552843074,-0.226290141,-0.226290141,0.786748594,2221.48199,0.0,-3.5380193,0.614131773,0.0,5424.10833,2217.33425,-67.9530127,0.0,0.0
949.5,158.43405,7121.11932,-50.1879003,-50.1879003,-37.4224855,-37.4224855,-35.9314549,-35.9314549,-45.4511596,96.0955477,96.0955477,-0.45371506,-0.45371506,-0.17428575,-0.17428575,0.786938331,2938.71636,0.0,-2.36644529,0.683794905,0.0,7121.11932,2936.61176,-45.4511596,0.0,0.0
950.0,158.43405,8803.542870000001,-50.0878297,-50.0878297,-46.1762656,-46.1762656,-44.247856,-44.247856,-20.7719249,114.0385209,114.0385209,-0.244072912,-0.244072912,-0.0870950947,-0.0870950947,0.787171461,3655.95073,0.0,-1.081504268,0.74398454,0.0,8803.542870000001,3651.09067,-20.7719249,0.0,0.0
950.5,158.43405,10167.2005,-60.292968,-60.292968,-64.3229846,-64.3229846,-61.6032331,-61.6032331,4.57483091,131.9814964,131.9814964,0.0669028268,0.0669028268,0.2340647862,0.2340647862,0.787453795,4216.59824,0.0,0.238191643,0.694975853,0.0,10167.2005,4233.31833,4.57483091,0.0,0.0
951.0,158.43405,10187.0454,-66.4592036,-66.4592036,-70.8982829,-70.8982829,-67.97504,-67.97504,28.3691449,149.924461,149.924461,0.449192719,0.449192719,1.242552731,1.242552731,0.787801908,4257.0747,0.0,1.477058645,0.708330996,0.0,10187.0454,4255.46932,28.3691449,0.0,0.0
951.5,158.43405,10141.857,-66.145581,-66.145581,-70.250102,-70.250102,-67.3494478,-67.3494478,53.8438553,167.617886,167.617886,0.94891441,0.94891441,2.47164533,2.47164533,0.788146466,4257.0747,0.0,2.80341664,0.764941056,0.0,10141.857,4251.54056,53.8438553,0.0,0.0
952.0,158.43405,10103.8961,-66.1443118,-66.1443118,-69.9858101,-69.9858101,-67.0960522,-67.0960522,80.7870924,173.79686,173.79686,1.4703222,1.4703222,3.60185352,3.60185352,0.7884847,4257.0747,0.0,4.20623442,0.784782029,0.0,10103.8961,4251.47679,80.7870924,0.0,0.0
952.5,158.43405,10065.899099999999,-66.1436723,-66.1436723,-69.7219461,-69.7219461,-66.8430726,-66.8430726,107.9146718,173.79686,173.79686,1.9640432,1.9640432,4.52638987,4.52638987,0.788817776,4257.0747,0.0,5.61865014,0.784560012,0.0,10065.899099999999,4251.50559,107.9146718,0.0,0.0
953.0,158.43405,10027.9324,-66.1435786,-66.1435786,-69.458868,-69.458868,-66.5908589,-66.5908589,135.033504,173.79686,173.79686,2.45760497,2.45760497,5.34645815,5.34645815,0.789146213,4257.0747,0.0,7.03061039,0.784275555,0.0,10027.9324,4251.54177,135.033504,0.0,0.0
953.5,158.43405,9989.981300000001,-66.1434816,-66.1434816,-69.1958975,-69.1958975,-66.3393469,-66.3393469,162.141408,173.79686,173.79686,2.95096786,2.95096786,6.07876588,6.07876588,0.789470399,4257.0747,0.0,8.44200167,0.783927743,0.0,9989.981300000001,4251.57806,162.141408,0.0,0.0
954.0,158.43405,9952.048200000003,-66.1433669,-66.1433669,-68.933034,-68.933034,-66.0893469,-66.0893469,189.236195,173.79686,173.79686,3.44409195,3.44409195,6.73909938,6.73909938,0.789790652,4257.0747,0.0,9.8527099,0.783516716,0.0,9952.048200000003,4251.61446,189.236195,0.0,0.0
954.5,158.43405,9914.136900000001,-66.1432355,-66.1432355,-68.6703056,-68.6703056,-65.8395121,-65.8395121,216.315679,173.79686,173.79686,3.93693754,3.93693754,7.3679609,7.3679609,0.790107171,4257.0747,0.0,11.2626216,0.783042591,0.0,9914.136900000001,4251.65079,216.315679,0.0,0.0
955.0,158.43405,9946.5128,-63.8433534,-63.8433534,-66.4877962,-66.4877962,-63.7164122,-63.7164122,243.338305,173.79686,173.79686,4.42874848,4.42874848,7.9528383,7.9528383,0.790417636,4291.43534,0.0,12.66957275,0.778507004,0.0,9946.5128,4280.90071,243.338305,0.0,0.0
955.5,158.43405,10294.4784,-62.3204954,-62.3204954,-67.1845362,-67.1845362,-64.3588822,-64.3588822,270.295174,177.779098,177.779098,5.03439835,5.03439835,8.7257887,8.7257887,0.790718067,4448.04736,0.0,14.07310035,0.788138075,0.0,10294.4784,4441.43181,270.295174,0.0,0.0
956.0,177.400014,10500.1182,-73.5555364,-73.5555364,-80.8793176,-80.8793176,-77.6543487,-77.6543487,298.595065,187.92926,187.92926,5.87895424,5.87895424,9.8904412,9.8904412,0.791040033,4526.9863,0.0,15.5465534,0.861910956,0.0,10500.1182,4543.524289999999,298.595065,0.0,0.0
956.5,216.23973,10467.03155,-90.2421526,-90.2421526,-98.908379,-98.908379,-95.2465512,-95.2465512,330.243654,198.147881,198.147881,6.85551065,6.85551065,11.1517711,11.1517711,0.791425025,4526.9863,0.0,17.1943583,0.96839858,0.0,10467.03155,4548.23592,330.243654,0.0,0.0
957.0,255.079445,10417.7626,-106.4388263,-106.4388263,-116.1116914,-116.1116914,-112.1229591,-112.1229591,365.546666,208.366501,208.366501,7.97953834,7.97953834,12.5015164,12.5015164,0.791868309,4526.9863,0.0,19.0324335,1.07383191,0.0,10417.7626,4548.347830000001,365.546666,0.0,0.0
957.5,293.153111,10361.905499999997,-122.4824845,-122.4824845,-132.896838,-132.896838,-128.5750526,-128.5750526,404.488119,218.58512,218.58512,9.26240375,9.26240375,14.08300915,14.08300915,0.792364827,4526.9863,0.0,21.0599467,1.1778747,0.0,10361.905499999997,4547.84301,404.488119,0.0,0.0
958.0,305.6248,10253.72185,-127.942146,-127.942146,-137.381125,-137.381125,-132.913514,-132.913514,446.37112,228.803741,228.803741,10.69893755,10.69893755,15.9716602,15.9716602,0.792894604,4526.9863,0.0,23.2406127,1.23343891,0.0,10253.72185,4527.2822,446.37112,0.0,0.0
958.5,305.6248,10179.7621,-127.5356368,-127.5356368,-135.955837,-135.955837,-131.534575,-131.534575,489.537468,239.022362,239.022362,12.25715895,12.25715895,17.9483512,17.9483512,0.793417659,4526.9863,0.0,25.4880987,1.26404865,0.0,10179.7621,4521.711600000001,489.537468,0.0,0.0
959.0,305.6248,10117.5213,-127.5329489,-127.5329489,-135.121713,-135.121713,-130.727578,-130.727578,533.776014,249.240986,249.240986,13.9357501,13.9357501,20.0003792,20.0003792,0.793930956,4526.9863,0.0,27.7914089,1.29515098,0.0,10117.5213,4521.64318,533.776014,0.0,0.0
959.5,305.6248,10054.0808,-127.5413257,-127.5413257,-134.283265,-134.283265,-129.916395,-129.916395,579.08656,259.459605,259.459605,15.73814505,15.73814505,22.1487611,22.1487611,0.794434663,4526.9863,0.0,30.1505313,1.32605011,0.0,10054.0808,4521.70153,579.08656,0.0,0.0
960.0,305.6248,9989.348699999999,-127.5462104,-127.5462104,-133.423811,-133.423811,-129.076491,-129.076491,625.309255,265.278136,265.278136,17.3710523,17.3710523,24.0797919,24.0797919,0.794928452,4526.9863,0.0,32.5571485,1.34248659,0.0,9989.348699999999,4521.75507,625.309255,0.0,0.0
960.5,305.6248,9924.4139,-127.5452047,-127.5452047,-132.55546,-132.55546,-128.200583,-128.200583,671.679364,265.30017,265.30017,18.6607093,18.6607093,25.4131291,25.4131291,0.795414068,4526.9863,0.0,34.9714396,1.33996144,0.0,9924.4139,4521.81049,671.679364,0.0,0.0
961.0,305.6248,9859.911199999999,-127.5396341,-127.5396341,-131.688184,-131.688184,-127.3243073,-127.3243073,717.734744,265.30017,259.628361,19.9402267,19.5098765,26.5912847,26.0193901,0.795892992,4526.9863,0.0,37.369344,1.31883513,0.0,9859.911199999999,4521.86193,717.734744,0.0,0.0
961.5,305.6248,9796.91245,-127.529766,-127.529766,-130.836658,-130.836658,-126.4646185,-126.4646185,762.726739,265.30017,249.921807,21.1902019,19.9583448,27.635014,26.0301506,0.796368238,4526.9863,0.0,39.7118823,1.28454137,0.0,9796.91245,4521.9182,762.726739,0.0,0.0
962.0,305.6248,9735.5453,-127.5205489,-127.5205489,-130.007701,-130.007701,-125.628154,-125.628154,806.560999,265.30017,240.594524,22.4080124,20.3178995,28.7183052,26.0408493,0.796840537,4526.9863,0.0,41.9941421,1.25138114,0.0,9735.5453,4521.97712,806.560999,0.0,0.0
962.5,305.6248,9675.7426,-127.5119207,-127.5119207,-129.200358,-129.200358,-124.8132118,-124.8132118,849.279159,265.30017,231.967864,23.5948157,20.6273888,29.7979993,26.0514872,0.797309939,4526.9863,0.0,44.2182912,1.22040462,0.0,9675.7426,4522.03576,849.279159,0.0,0.0
963.0,305.6248,9617.3712,-127.5040754,-127.5040754,-128.413024,-128.413024,-124.0151598,-124.0151598,890.975104,265.30017,224.211431,24.7532192,20.9169072,30.8409496,26.0620657,0.797776504,4526.9863,0.0,46.3892185,1.19216576,0.0,9617.3712,4522.09291,890.975104,0.0,0.0
963.5,305.6248,9560.3085,-127.4968701,-127.4968701,-127.6439027,-127.6439027,-123.2354413,-123.2354413,931.735769,265.30017,217.189098,25.8856392,21.1890553,31.8506367,26.0725857,0.798240305,4526.9863,0.0,48.5114508,1.1662282,0.0,9560.3085,4522.14873,931.735769,0.0,0.0
964.0,295.207107,9425.8313,-126.2512554,-126.2512554,-124.6424038,-124.6424038,-120.256634,-120.256634,971.534584,265.30017,210.713948,26.9913369,21.4356546,32.8424169,26.0830237,0.798700194,4498.05077,0.0,50.5836026,1.12771355,0.0,9425.8313,4489.42979,971.534584,0.0,0.0
964.5,245.827966,8818.49035,-108.0775304,-108.0775304,-99.9328909,-99.9328909,-96.1368576,-96.1368576,1008.725624,265.30017,204.742869,28.024584,21.6260377,33.8118537,26.0924062,0.79911288,4295.61756,0.0,52.5199796,1.016073554,0.0,8818.49035,4258.42653,1008.725624,0.0,0.0
965.0,192.785433,8207.60023,-85.6520106,-85.6520106,-73.7322683,-73.7322683,-70.7712511,-70.7712511,1041.76348,270.185425,199.707713,29.481375,21.7855266,35.3171387,26.0993999,0.799420105,4064.2872,0.0,54.2401175,0.896041619,0.0,8207.60023,4023.52102,1041.76348,0.0,0.0
965.5,139.7429058,7610.31781,-63.5874285,-63.5874285,-50.789463,-50.789463,-48.7674135,-48.7674135,1071.92173,333.490891,260.74926,37.4572139,29.3376157,46.1447158,36.4660101,0.799606435,3832.95692,0.0,55.8103268,0.990569974,0.0,7610.31781,3792.59659,1071.92173,0.0,0.0
966.0,86.700374,6997.932430000001,-41.6026806,-41.6026806,-30.6053905,-30.6053905,-29.3655999,-29.3655999,1112.71174,401.75433,363.230465,46.8266568,42.2970075,59.9129673,54.1821793,0.799475424,3601.62655,0.0,57.9340872,1.21819382,0.0,6997.932430000001,3561.59558,1112.71174,0.0,0.0
966.5,42.2214965,6413.12406,-22.3326759,-22.3326759,-15.04652305,-15.04652305,-14.2498252,-14.2498252,1148.00851,410.04126,275.427438,49.2948222,33.0979661,60.0957288,40.3731799,0.799160391,3370.29625,0.0,59.7718366,0.845364576,0.0,6413.12406,3338.86189,1148.00851,0.0,0.0
967.0,37.32209,5882.817010000001,-20.7455033,-20.7455033,-12.77755625,-12.77755625,-12.05489315,-12.05489315,1175.48705,410.04126,257.315221,50.4747337,31.6723803,60.7871263,38.1442235,0.79884274,3138.9659,0.0,61.2025251,0.775544591,0.0,5882.817010000001,3134.24182,1175.48705,0.0,0.0
967.5,37.32209,5295.87115,-20.907487,-20.907487,-11.5949207,-11.5949207,-10.92231345,-10.92231345,1201.65214,410.04126,246.165131,51.5982477,30.9740675,61.6447152,37.0060366,0.798525176,2907.63553,0.0,62.5648283,0.737068632,0.0,5295.87115,2905.28688,1201.65214,0.0,0.0
968.0,37.32209,4708.11557,-20.537275,-20.537275,-10.1349619,-10.1349619,-9.5180243,-9.5180243,1226.4427,410.04126,233.878648,52.6627408,30.0343248,62.415347,35.5986195,0.798207656,2678.50463,0.0,63.8555671,0.694078451,0.0,4708.11557,2675.19253,1226.4427,0.0,0.0
968.5,37.32209,4460.86712,-15.3607029,-15.3607029,-7.17563423,-7.17563423,-6.64068017,-6.64068017,1248.93265,410.04126,213.268968,53.6284457,27.8926774,62.8835295,32.7064222,0.797890218,2594.2004,0.0,65.0265216,0.615991548,0.0,4460.86712,2585.44231,1248.93265,0.0,0.0
969.0,37.32209,4447.4532,-15.6809026,-15.6809026,-7.30315141,-7.30315141,-6.7669331,-6.7669331,1270.09093,410.04126,211.128523,54.5369697,28.0803215,63.750854,32.8245492,0.797572829,2594.2004,0.0,66.1281386,0.607322999,0.0,4447.4532,2592.21482,1270.09093,0.0,0.0
969.5,37.32209,4418.82557,-15.6951454,-15.6951454,-7.26274591,-7.26274591,-6.72862975,-6.72862975,1290.88084,410.04126,208.134951,55.4296769,28.1353047,64.5783685,32.7791758,0.797255525,2594.2004,0.0,67.2105826,0.595365021,0.0,4418.82557,2592.44173,1290.88084,0.0,0.0
970.0,37.32209,4390.30395,-15.69222375,-15.69222375,-7.21452506,-7.21452506,-6.68262751,-6.68262751,1311.2601,410.04126,205.228216,56.3047496,28.180383,65.3866756,32.7259823,0.796938279,2594.2004,0.0,68.2716424,0.583667248,0.0,4390.30395,2592.47297,1311.2601,0.0,0.0
970.5,37.32209,4362.32943,-15.6890972,-15.6890972,-7.16712647,-7.16712647,-6.63742255,-6.63742255,1331.24236,410.04126,202.450471,57.1627766,28.2226244,66.1776426,32.6735883,0.796621082,2594.2004,0.0,69.3120309,0.572396215,0.0,4362.32943,2592.50009,1331.24236,0.0,0.0
971.0,37.32209,4334.89039,-15.6860742,-15.6860742,-7.120673,-7.120673,-6.59313581,-6.59313581,1350.84196,401.412225,199.790045,56.7778898,28.2618292,65.5387989,32.6221158,0.796303988,2594.2004,0.0,70.3324954,0.561515099,0.0,4334.89039,2592.52651,1350.84196,0.0,0.0
971.5,37.32209,4291.80561,-17.19530745,-17.19530745,-7.71580516,-7.71580516,-7.17282832,-7.17282832,1370.11667,339.631294,200.565701,48.7179047,28.7791841,56.1519542,33.174414,0.795986924,2582.42948,0.0,71.336047,0.564375082,0.0,4291.80561,2585.85304,1370.11667,0.0,0.0
972.0,37.32209,3638.63159,-24.3407788,-24.3407788,-9.2847108,-9.2847108,-8.698701,-8.698701,1390.50874,268.762093,206.796409,39.1228727,30.1091627,45.1227766,34.7227851,0.795669932,2319.09435,0.0,72.3977734,0.594547884,0.0,3638.63159,2325.96923,1390.50874,0.0,0.0
972.5,37.32209,2721.30648,-23.8152811,-23.8152811,-6.78739356,-6.78739356,-6.27157572,-6.27157572,1410.02201,197.892895,186.933972,29.20904,27.5970441,33.4263699,31.5768417,0.795355285,1956.21797,0.0,73.413749,0.527030777,0.0,2721.30648,1955.65712,1410.02201,0.0,0.0
973.0,37.32209,1828.08628,-23.7539182,-23.7539182,-4.54757425,-4.54757425,-4.09041935,-4.09041935,1425.55884,141.516117,141.516117,21.123779,21.123779,23.8528813,23.8528813,0.795113616,1593.34159,0.0,74.2226824,0.378078085,0.0,1828.08628,1593.05346,1425.55884,0.0,0.0
973.5,37.32209,939.684622,-23.74989,-23.74989,-2.33706787,-2.33706787,-1.946076796,-1.946076796,1438.15704,137.00389,137.00389,20.6332595,20.6332595,23.2533451,23.2533451,0.794913445,1230.46518,0.0,74.8786141,0.361896837,0.0,939.684622,1230.73897,1438.15704,0.0,0.0
974.0,37.32209,454.872899,-15.6464921,-15.6464921,-0.745527175,-0.745527175,-0.498353352,-0.498353352,1450.41559,137.00389,137.00389,20.8091342,20.8091342,23.4320292,23.4320292,0.794680721,1048.7222,0.0,75.5168675,0.346276643,0.0,454.872899,1036.16298,1450.41559,0.0,0.0
974.5,40.1956856,474.165282,-16.6837483,-16.6837483,-0.828377979,-0.828377979,-0.568077248,-0.568077248,1462.4004,137.00389,137.00389,20.9810797,20.9810797,23.6064327,23.6064327,0.794435577,1048.7222,0.0,76.1408639,0.349917695,0.0,474.165282,1051.18847,1462.4004,0.0,0.0
975.0,46.2345934,462.309963,-19.333385,-19.333385,-0.935615677,-0.935615677,-0.64715439,-0.64715439,1474.67368,137.00389,137.00389,21.1571641,21.1571641,23.7847398,23.7847398,0.794188808,1048.7222,0.0,76.7798799,0.360008175,0.0,462.309963,1053.42167,1474.67368,0.0,0.0
975.5,52.2734991,440.649911,-22.1442713,-22.1442713,-1.020466874,-1.020466874,-0.703720819,-0.703720819,1487.29196,137.00389,137.00389,21.338199,21.338199,23.9677506,23.9677506,0.793939793,1046.10983,0.0,77.436858,0.370321523,0.0,440.649911,1051.77648,1487.29196,0.0,0.0
976.0,58.3124066,334.088307,-25.4854025,-25.4854025,-0.888815372,-0.888815372,-0.575302721,-0.575302721,1500.2953,137.00389,137.00389,21.5247574,21.5247574,24.156019,24.156019,0.793686881,1009.344735,0.0,78.1138847,0.381494224,0.0,334.088307,1015.027954,1500.2953,0.0,0.0
976.5,64.3513141,200.186432,-27.9432767,-27.9432767,-0.582918841,-0.582918841,-0.314666195,-0.314666195,1513.64919,137.00389,137.00389,21.7163462,21.7163462,24.3490182,24.3490182,0.793425604,962.160885,0.0,78.8091677,0.391069807,0.0,200.186432,967.107639,1513.64919,0.0,0.0
977.0,70.3902204,67.7380866,-30.4570769,-30.4570769,-0.213165338,-0.213165338,-0.09196433405,-0.09196433405,1527.33552,137.00389,137.00389,21.9127042,21.9127042,24.5464609,24.5464609,0.793154756,914.97705,0.0,79.521754,0.400683503,0.0,67.7380866,919.986259,1527.33552,0.0,0.0
977.5,76.429128,-56.45284126,-34.9921042,-34.8064684,0.19837215205,0.19795417305,0.44908420745,0.44795225645,1541.34842,137.00389,137.00389,22.1137476,22.1137476,24.7482366,24.7482366,0.792872349,870.403896,0.0,80.2513457,0.408207689,0.0,-56.45284126,876.491521,1541.34842,0.0,0.0
978.0,82.4680336,-110.1083681,-34.2392709,-34.2285129,0.394819868,0.394692612,0.876393786,0.87611267,1555.65077,137.00389,136.979925,22.318944,22.3150237,24.9562823,24.9519003,0.792566113,859.98114,0.0,80.996006,0.417473436,0.0,-110.1083681,862.516097,1555.65077,0.0,0.0
978.5,86.9466903,-126.089084,-36.7661526,-36.357876,0.485759895,0.48021607,1.045207024,1.033357247,1570.17394,137.00389,135.583886,22.527308,22.2935383,25.1649536,24.9038495,0.792250971,859.98114,0.0,81.7521649,0.419923381,0.0,-126.089084,864.346387,1570.17394,0.0,0.0
979.0,87.183846,-152.072863,-37.3443644,-36.4067573,0.594790847,0.579771026,1.21871789,1.18799249,1584.55654,137.00389,133.617739,22.733655,22.1715603,25.3693178,24.7420826,0.791934738,859.98114,0.0,82.501004,0.411965999,0.0,-152.072863,861.932206,1584.55654,0.0,0.0
979.5,87.183846,-172.312594,-37.7986239,-36.391267,0.68213627,0.656662831,1.34707375,1.29681512,1598.66988,137.004928,131.945047,22.9363136,22.089031,25.5707072,24.6261323,0.791618597,859.98114,0.0,83.2358251,0.404588509,0.0,-172.312594,861.75099,1598.66988,0.0,0.0
980.0,87.183846,-189.780189,-38.6382,-36.3612346,0.76806499,0.722640699,1.47072636,1.38384803,1612.53659,138.562585,130.431016,23.3986273,22.0249858,26.0619087,24.5319748,0.791302501,859.98114,0.0,83.9578045,0.39771616,0.0,-189.780189,862.57926,1612.53659,0.0,0.0
980.5,87.183846,-207.767574,-39.8984303,-36.3850785,0.868286994,0.791643951,1.61221206,1.47002288,1626.17198,141.377704,128.961847,24.075868,21.9610449,26.7920352,24.43868,0.790986487,859.98114,0.0,84.6677405,0.39109866,0.0,-207.767574,863.056185,1626.17198,0.0,0.0
981.0,87.183846,-226.482969,-41.1430021,-36.3845335,0.975998666,0.862940477,1.75682061,1.55343131,1639.58031,144.192828,127.545348,24.7577194,21.898924,27.5266247,24.3481543,0.790670515,859.98114,0.0,85.3658525,0.384625162,0.0,-226.482969,863.097579,1639.58031,0.0,0.0
981.5,87.183846,-244.925439,-42.3915456,-36.38282,1.08747866,0.933165667,1.90024895,1.63071942,1652.76887,147.00795,126.196499,25.4440941,21.841632,28.2656508,24.2637529,0.790354627,859.98114,0.0,86.0525244,0.378384349,0.0,-244.925439,863.124256,1652.76887,0.0,0.0
982.0,87.183846,-263.07129,-43.6453998,-36.3811414,1.2025721,1.0022551,2.04258948,1.70246002,1665.74548,149.823072,124.909918,26.1349194,21.7887047,29.0090336,24.1849024,0.79003879,859.98114,0.0,86.7281611,0.372360525,0.0,-263.07129,863.150591,1665.74548,0.0,0.0
982.5,87.183846,-280.929999,-44.904721,-36.3795183,1.32124162,1.07024591,2.18402836,1.76923868,1678.51738,152.638197,123.6804245,26.8301231,21.739662,29.7566899,24.111018,0.78972303,859.98114,0.0,87.39314,0.366536612,0.0,-280.929999,863.17685,1678.51738,0.0,0.0
983.0,87.183846,-298.510981,-46.1696097,-36.3779476,1.4434529,1.13717427,2.32472712,1.83156162,1691.09114,155.453316,122.5034466,27.5296324,21.694091,30.5085405,24.0415925,0.789407337,859.98114,0.0,88.0477995,0.360897549,0.0,-298.510981,863.203009,1691.09114,0.0,0.0
983.5,87.183846,-207.069107,-40.7356275,-33.0165201,0.9441752545,0.7395813521,1.58603090325,1.24596924325,1703.4874,157.357405,124.5776366,28.0708258,22.224328,31.0964387,24.6198945,0.789091705,921.384116,0.0,88.6932171,0.359942427,0.0,-207.069107,908.49072,1703.4874,0.0,0.0
984.0,87.183846,393.824068,-29.6610621,-29.6610621,-1.229849334,-1.229849334,-0.87344852,-0.87344852,1716.30498,157.053257,134.160386,28.2271489,24.1137551,31.2845606,26.7256779,0.788776129,1177.65275,0.0,89.360577,0.383215853,0.0,393.824068,1166.01091,1716.30498,0.0,0.0
984.5,87.183846,1052.807981,-30.307951,-30.307951,-3.34201416,-3.34201416,-2.83893754,-2.83893754,1730.02536,151.098188,142.779364,27.3731661,25.8680617,30.3522926,28.6835823,0.788460633,1448.18576,0.0,90.0749354,0.410186011,0.0,1052.807981,1448.23023,1730.02536,0.0,0.0
985.0,87.183846,1682.81466,-30.3382199,-30.3382199,-5.34628413,-5.34628413,-4.79195862,-4.79195862,1744.34816,143.221323,143.221323,26.1609479,26.1609479,28.9893639,28.9893639,0.788159791,1718.71878,0.0,90.8206625,0.409530672,0.0,1682.81466,1718.74362,1744.34816,0.0,0.0
985.5,88.9982022,2316.6754,-30.7602037,-30.7602037,-7.47541773,-7.47541773,-6.86939804,-6.86939804,1758.03705,135.344456,135.344456,24.9161768,24.9161768,27.5631246,27.5631246,0.787920373,1989.25183,0.0,91.5333852,0.384820954,0.0,2316.6754,1990.49056,1758.03705,0.0,0.0
986.0,132.4161545,3025.11964,-48.5928115,-48.5928115,-15.5513167,-15.5513167,-14.47973,-14.47973,1771.98266,127.4675924,127.4675924,23.6520565,23.6520565,26.1263707,26.1263707,0.787759928,2259.78486,0.0,92.2594713,0.438806725,0.0,3025.11964,2293.42225,1771.98266,0.0,0.0
986.5,192.699943,3668.68294,-74.2619861,-74.2619861,-28.6660917,-28.6660917,-26.7012919,-26.7012919,1788.66405,119.5912624,119.5912624,22.3992187,22.3992187,24.7041415,24.7041415,0.787717046,2530.31793,0.0,93.128,0.525659533,0.0,3668.68294,2570.95381,1788.66405,0.0,0.0
987.0,252.983722,4290.82815,-99.3846586,-99.3846586,-44.7913851,-44.7913851,-41.6465745,-41.6465745,1808.3157,111.7147548,111.7147548,21.1535805,21.1535805,23.3018903,23.3018903,0.7877833,2800.85095,0.0,94.1511745,0.611073595,0.0,4290.82815,2841.30744,1808.3157,0.0,0.0
987.5,313.267508,5008.52401,-116.5446285,-116.5446285,-60.9447814,-60.9447814,-56.9399595,-56.9399595,1830.85492,103.8378893,103.8378893,19.9068786,19.9068786,21.9132594,21.9132594,0.787950646,3137.29536,0.0,95.3246947,0.682159054,0.0,5008.52401,3153.10641,1830.85492,0.0,0.0
988.0,372.014486,6008.19621,-156.079999,-156.079999,-98.1542866,-98.1542866,-92.6264004,-92.6264004,1856.1536,95.9610238,95.9610238,18.6506503,18.6506503,20.5146746,20.5146746,0.788239176,3513.5762,0.0,96.6418895,0.789864359,0.0,6008.19621,3583.84924,1856.1536,0.0,0.0
988.5,389.98077,5817.41126,-163.208443,-163.208443,-99.4282372,-99.4282372,-93.6645179,-93.6645179,1883.83735,88.1085105,88.1085105,17.3797704,17.3797704,19.109695,19.109695,0.788618667,3513.5762,0.0,98.083261,0.793351198,0.0,5817.41126,3520.62645,1883.83735,0.0,0.0
989.0,389.98077,5757.79237,-162.507432,-162.507432,-97.9846261,-97.9846261,-92.248857,-92.248857,1910.89874,84.78309,84.78309,16.965846,16.965846,18.6521006,18.6521006,0.788996065,3513.5762,0.0,99.4922296,0.776935789,0.0,5757.79237,3511.61962,1910.89874,0.0,0.0
989.5,369.504454,5677.262339999999,-154.62925,-154.62925,-91.9511801,-91.9511801,-86.497011,-86.497011,1937.28621,84.78309,84.78309,17.2001263,17.2001263,18.8916135,18.8916135,0.78936411,3513.5762,0.0,100.866111,0.735006417,0.0,5677.262339999999,3493.51789,1937.28621,0.0,0.0
990.0,323.266725,5610.94636,-134.729683,-134.729683,-79.1698109,-79.1698109,-74.4212359,-74.4212359,1961.09414,84.78309,84.78309,17.4115039,17.4115039,19.1096885,19.1096885,0.789690397,3513.5762,0.0,102.1056884,0.642508119,0.0,5610.94636,3479.82461,1961.09414,0.0,0.0
990.5,276.990325,5581.05449,-115.4117079,-115.4117079,-67.4564441,-67.4564441,-63.4267185,-63.4267185,1981.73036,84.78309,84.78309,17.5947228,17.5947228,19.2987244,19.2987244,0.789966872,3513.5762,0.0,103.1801286,0.551468528,0.0,5581.05449,3479.4357,1981.73036,0.0,0.0
991.0,230.71392,5556.53742,-96.1299095,-96.1299095,-55.939715,-55.939715,-52.8164287,-52.8164287,1999.2296,84.78309,84.78309,17.7500885,17.7500885,19.4588396,19.4588396,0.79019275,3513.5762,0.0,104.0912365,0.460996763,0.0,5556.53742,3479.45163,1999.2296,0.0,0.0
991.5,184.43752,5536.40509,-76.8489395,-76.8489395,-44.5577762,-44.5577762,-42.2858389,-42.2858389,2013.61001,84.78309,84.78309,17.8777646,17.8777646,19.5902904,19.5902904,0.79036496,3513.5762,0.0,104.839963,0.371042393,0.0,5536.40509,3479.47105,2013.61001,0.0,0.0
992.0,140.543473,5525.87655,-58.204506,-58.204506,-33.680083,-33.680083,-32.1031228,-32.1031228,2024.90299,84.78309,84.78309,17.9780286,17.9780286,19.6934393,19.6934393,0.790478382,3513.5762,0.0,105.4279385,0.285488066,0.0,5525.87655,3481.68397,2024.90299,0.0,0.0
992.5,129.90555,5573.93435,-53.7715127,-53.7715127,-31.3867136,-31.3867136,-29.9501403,-29.9501403,2034.19241,84.78309,84.78309,18.0605042,18.0605042,19.7782347,19.7782347,0.790550353,3513.5762,0.0,105.9115995,0.263739531,0.0,5573.93435,3507.10519,2034.19241,0.0,0.0
993.0,129.90555,5637.72219,-52.8749077,-52.8749077,-31.2161753,-31.2161753,-29.8010089,-29.8010089,2043.26123,84.78309,84.78309,18.1410221,18.1410221,19.8609697,19.8609697,0.790619539,3542.94364,0.0,106.3837735,0.260584914,0.0,5637.72219,3538.943,2043.26123,0.0,0.0
993.5,129.90555,5717.63357,-53.9103449,-53.9103449,-32.2788953,-32.2788953,-30.8231963,-30.8231963,2052.26606,84.78309,84.78309,18.2209707,18.2209707,19.9430759,19.9430759,0.790690859,3577.75167,0.0,106.8526136,0.260793905,0.0,5717.63357,3577.45254,2052.26606,0.0,0.0
994.0,129.90555,5702.74516,-54.1399747,-54.1399747,-32.3318603,-32.3318603,-30.8704418,-30.8704418,2061.2688,84.78309,84.78309,18.3009014,18.3009014,20.0251188,20.0251188,0.790765579,3578.3982,0.0,107.3213484,0.259595514,0.0,5702.74516,3576.51397,2061.2688,0.0,0.0
994.5,129.90555,5689.85949,-54.1266313,-54.1266313,-32.2508502,-32.2508502,-30.7911409,-30.7911409,2070.21523,84.78309,84.78309,18.3803323,18.3803323,20.1066048,20.1066048,0.790839236,3578.3982,0.0,107.7871517,0.257977228,0.0,5689.85949,3576.376,2070.21523,0.0,0.0
995.0,129.90555,5677.4049,-54.1259298,-54.1259298,-32.1798392,-32.1798392,-30.7214074,-30.7214074,2079.1064,84.78309,84.78309,18.459272,18.459272,20.1875435,20.1875435,0.790911915,3578.3982,0.0,108.2500755,0.256383964,0.0,5677.4049,3576.38503,2079.1064,0.0,0.0
995.5,129.90555,5665.03434,-54.1254836,-54.1254836,-32.109456,-32.109456,-30.652294,-30.652294,2087.94253,84.78309,84.78309,18.5377234,18.5377234,20.2679376,20.2679376,0.790983651,3578.3982,0.0,108.7101346,0.254794229,0.0,5665.03434,3576.39679,2087.94253,0.0,0.0
996.0,129.90555,5652.74055,-54.1250426,-54.1250426,-32.0395141,-32.0395141,-30.5836219,-30.5836219,2096.7238,84.78309,84.78309,18.6156868,18.6156868,20.3477905,20.3477905,0.791054424,3578.3982,0.0,109.167335,0.253207701,0.0,5652.74055,3576.40859,2096.7238,0.0,0.0
996.5,129.90555,5640.5236,-54.1246026,-54.1246026,-31.9700083,-31.9700083,-30.5153869,-30.5153869,2105.45014,84.78309,84.78309,18.6931637,18.6931637,20.4271031,20.4271031,0.791124259,3578.3982,0.0,109.6216822,0.251624481,0.0,5640.5236,3576.42031,2105.45014,0.0,0.0
997.0,129.90555,5404.21522,-64.4921184,-64.4921184,-36.1460578,-36.1460578,-34.3429198,-34.3429198,2114.24753,84.78309,84.78309,18.7712704,18.7712704,20.5070176,20.5070176,0.791198598,3457.55002,0.0,110.0797189,0.268044558,0.0,5404.21522,3483.22734,2114.24753,0.0,0.0
997.5,129.90555,3206.06579,-78.0596199,-78.0596199,-26.2635881,-26.2635881,-24.2180225,-24.2180225,2123.74733,75.9237705,75.9237705,16.8840096,16.8840096,18.4887111,18.4887111,0.791280335,2563.66125,0.0,110.574337,0.261267518,0.0,3206.06579,2574.10799,2123.74733,0.0,0.0
998.0,129.90555,695.4107026,-77.2487727,-77.2487727,-5.62206021,-5.62206021,-4.098212587,-4.098212587,2131.77638,59.1496917,59.1496917,13.2035021,13.2035021,14.580897,14.580897,0.79125779,1532.94043,0.0,110.9923746,0.204111549,0.0,695.4107026,1534.09402,2131.77638,0.0,0.0
998.5,146.787051,-1601.615189,-89.4046194,-76.685333,15.55096234,12.80336754,17.9533098,14.8637145,2137.9346,42.3762135,37.6606407,9.48659116,8.43018851,10.90462455,9.64816781,0.791068185,551.351172,0.0,111.3130031,0.152154007,0.0,-1601.615189,581.880319,2137.9346,0.0,0.0
999.0,196.914106,-2177.83543,-110.833277,-80.5275884,25.2144813,18.3364507,28.336393,20.6013644,2142.96257,25.602673,18.8540144,5.74473123,4.23037479,7.20544802,5.30216297,0.790756675,305.23914,0.0,111.5747901,0.155457435,0.0,-2177.83543,345.046609,2142.96257,0.0,0.0
999.5,247.921519,-1986.3356,-177.647983,-101.2726357,36.7958533,21.0307394,42.5653704,24.3086789,2149.17917,8.82913311,5.40157214,1.986065876,1.214990251,2.59535414,1.587733908,0.790440742,305.23914,0.0,111.8984625,0.20629865,0.0,-1986.3356,428.360959,2149.17917,0.0,0.0
1000.0,298.928944,-1786.76921,-281.062306,-122.7769585,52.4798352,22.9407065,62.3664728,27.2589795,2157.25584,-7.944406875,-7.944406875,-1.795994756,-1.795994756,-1.38101133,-1.38101133,0.790124918,305.23914,0.0,112.31898,0.258461413,0.0,-1786.76921,516.117917,2157.25584,0.0,0.0
1000.5,349.93636,-1675.90421,-300.0,-144.94198,52.6500843,25.4250009,63.1695983,30.5070949,2166.92043,-24.7179468,-24.7179468,-5.610486,-5.610486,-4.63864849,-4.63864849,0.789809127,305.23914,0.0,112.822174,0.300381935,0.0,-1675.90421,567.892709,2166.92043,0.0,0.0
1001.0,400.943784,-1632.44187,-300.0,-166.454288,51.2846741,28.4488202,61.7655597,34.263906,2178.01037,-41.4914871,-41.4914871,-9.46511568,-9.46511568,-8.403125,-8.403125,0.789493418,305.23914,0.0,113.3995771,0.340893051,0.0,-1632.44187,592.453038,2178.01037,0.0,0.0
1001.5,451.951199,-1596.47045,-300.0,-187.504525,50.1545986,31.3407084,60.6293604,37.8877735,2190.38008,-57.8932887,-57.8932887,-13.2809664,-13.2809664,-12.0312792,-12.0312792,0.789177757,305.23914,0.4807315514,114.0436155,0.319559086,0.0,-1596.47045,614.643621,2190.38008,-11.7609726,1.081573
1002.0,486.044506,-1499.02428,-300.0,-201.986721,47.0932358,31.7035496,57.6148172,38.7876431,2149.64663,-63.11575,-63.11575,-14.2080154,-14.2080154,-12.9236646,-12.9236646,0.78886217,305.23914,31.174825,111.9227995,-3.66620085,0.0,-1499.02428,631.407702,2149.64663,-777.077183,69.4460327
1002.5,486.91672,-1416.79387,-300.0,-203.350462,44.5098911,30.1698933,55.0137621,37.2897749,1914.18912,-63.11575,-63.11575,-12.65176775,-12.65176775,-11.427662,-11.427662,0.788546645,305.23914,78.6541939,99.6635485,-9.89343989,0.0,-1416.79387,528.142533,1914.18912,-1964.34797,156.1623875
1003.0,486.91672,-1298.77777,-293.418178,-203.551075,39.9346789,27.6846395,50.1261836,34.7547643,1516.42719,-63.11575,-63.11575,-10.0227735,-10.0227735,-8.89782476,-8.89782476,0.788231186,305.23914,95.92254,78.9538027,-12.12659705,0.0,-1298.77777,344.999629,1516.42719,-2398.0635,152.324879
1003.5,486.91672,-1099.003181,-222.182764,-199.612026,25.89805445,23.04199115,33.6513244,30.0074682,1098.008175,-63.11575,-63.11575,-7.25724717,-7.25724717,-6.23743176,-6.23743176,0.787921637,305.23914,95.92254,57.1685346,-12.08623,0.0,-1099.003181,183.815528,1098.008175,-2398.0635,110.2947525
1004.0,486.91672,-270.003473,-197.583339,-197.583339,5.554012113,5.554012113,10.295472186,10.295472186,680.605531,-63.11575,-63.11575,-4.49843884,-4.49843884,-3.6016674,-3.6016674,0.787755263,305.23914,95.92254,35.4361851,-12.0577208,0.0,-270.003473,285.050098,680.605531,-2398.0635,68.3667217
1004.5,486.91672,361.738256,-199.225559,-199.225559,-7.54752539,-7.54752539,-4.2570466,-4.2570466,264.160255,-63.11575,-63.11575,-1.74595813,-1.74595813,-1.118673999,-1.118673999,0.78775661,305.23914,95.92254,13.75368136,-12.0378782,0.0,361.738256,304.763184,264.160255,-2398.0635,26.53485714
1005.0,486.91672,739.943547,-202.118058,-202.118058,-15.6635614,-15.6635614,-10.8109572,-10.8109572,3.5607910203,-63.11575,-63.11575,-0.023534925406,-0.023534925406,-0.008714064059,-0.008714064059,0.787815938,305.23914,95.92254,0.18539498089,-1.14010512336,0.0,739.943547,309.975101,3.5607910203,-339.4101842,0.354766734918
1005.5,486.91672,733.483038,-202.643201,-202.643201,-15.5650606,-15.5650606,-10.7151685,-10.7151685,0.0270873168,-63.11575,-63.11575,-0.000179032691,-0.000179032691,-5.9192422e-05,-5.9192422e-05,0.78788998,305.23914,95.442847,0.00141031943,0.0433998566,0.0,733.483038,305.223519,0.0270873168,-49.537034221,7.8481917e-05
1006.0,486.91672,809.087013,-195.622602,-195.622602,-16.36371825,-16.36371825,-11.59360925,-11.59360925,0.0426494856,-63.11575,-63.11575,-0.000281890318,-0.000281890318,-9.3203952e-05,-9.3203952e-05,0.787963599,360.205475,64.7477132,0.00222057425,0.01835662335,0.0,809.087013,336.691975,0.0426494856,-122.00746427,0.000233057618
1006.5,486.91672,3466.15051,-166.436763,-166.436763,-60.5838675,-60.5838675,-55.1228457,-55.1228457,0.5693205439,-63.11575,-63.11575,-0.00376290458,-0.00376290458,-0.001254762235,-0.001254762235,0.788127947,1477.369077,17.2678627082,0.029642059,0.14515583394,0.0,3466.15051,1442.62324,0.5693205439,-97.26533757,0.000421026367
1007.0,486.91672,7174.9925,-168.667643,-168.667643,-126.7370765,-126.7370765,-120.786792,-120.786792,14.65296007,-63.11575,-63.11575,-0.0968482381,-0.0968482381,-0.0338740357,-0.0338740357,0.788552413,2998.76726,0.0,0.762916258,0.581118924,0.0,7174.9925,2994.12313,14.65296007,0.0,0.0
1007.5,486.91672,10238.8594,-188.650962,-188.650962,-203.005723,-203.005723,-196.296404,-196.296404,35.3880688,-52.7148062,-52.7148062,-0.19109621,-0.19109621,-0.0702328143,-0.0702328143,0.789198257,4240.299,0.0,1.84250366,0.648016963,0.0,10238.8594,4281.12772,35.3880688,0.0,0.0
1008.0,486.91672,10400.9846,-203.682972,-203.682972,-221.852012,-221.852012,-214.637421,-214.637421,59.7602541,-30.7436444,-30.7436444,-0.187507624,-0.187507624,-0.0690227203,-0.0690227203,0.789998612,4358.001,0.0,3.1114579,0.745159603,0.0,10400.9846,4362.82003,59.7602541,0.0,0.0
1008.5,462.012811,10287.9079,-193.243689,-193.243689,-208.215348,-208.215348,-201.444218,-201.444218,86.2037967,-8.77248249,-8.77248249,-0.0741447252,-0.0741447252,-0.0218418831,-0.0218418831,0.790791579,4358.001,0.0,4.48825873,0.768914869,0.0,10287.9079,4331.20814,86.2037967,0.0,0.0
1009.0,411.154848,10218.2189,-171.325589,-171.325589,-183.334004,-183.334004,-177.37201,-177.37201,112.3218912,13.19867947,13.19867947,0.1601187933,0.1601187933,0.4567492206,0.4567492206,0.791530455,4358.001,0.0,5.84811503,0.742385603,0.0,10218.2189,4317.46028,112.3218912,0.0,0.0
1009.5,360.296886,10181.9744,-150.122166,-150.122166,-160.074696,-160.074696,-154.869092,-154.869092,137.548932,35.1698414,35.1698414,0.511295081,0.511295081,1.15487522,1.15487522,0.79220471,4358.001,0.0,7.16157793,0.717051035,0.0,10181.9744,4317.10851,137.548932,0.0,0.0
1010.0,309.43892,10147.8641,-128.9521074,-128.9521074,-137.041184,-137.041184,-132.5846284,-132.5846284,161.900895,57.1410023,57.1410023,0.973320606,0.973320606,1.91751931,1.91751931,0.792812009,4358.001,0.0,8.42947946,0.691731838,0.0,10147.8641,4317.13385,161.900895,0.0,0.0
1010.5,258.580957,10114.997599999999,-107.7826723,-107.7826723,-114.1736217,-114.1736217,-110.2844377,-110.2844377,185.376909,79.1121654,79.1121654,1.54014771,1.54014771,2.82026841,2.82026841,0.793347567,4358.001,0.0,9.6517737,0.66637661,0.0,10114.997599999999,4317.16529,185.376909,0.0,0.0
1011.0,207.72299,10083.3591,-86.6132435,-86.6132435,-91.4629214,-91.4629214,-88.024306,-88.024306,207.975779,101.0833269,101.0833269,2.20571755,2.20571755,3.90057292,3.90057292,0.793804604,4358.001,0.0,10.82839905,0.640989587,0.0,10083.3591,4317.1956,207.975779,0.0,0.0
1011.5,156.865027,10052.9653,-65.4430656,-65.4430656,-68.9002357,-68.9002357,-66.0498083,-66.0498083,229.681163,121.8223139,121.8223139,2.93306608,2.93306608,5.09820791,5.09820791,0.794175341,4358.001,0.0,11.9585049,0.611592332,0.0,10052.9653,4317.22228,229.681163,0.0,0.0
1012.0,115.428683,10047.06885,-47.5348689,-47.5348689,-50.0100924,-50.0100924,-47.727495,-47.727495,249.687676,126.637146,126.637146,3.31121083,3.31121083,5.62067215,5.62067215,0.794454149,4358.001,0.0,13.0001573,0.547318865,0.0,10047.06885,4326.45022,249.687676,0.0,0.0
1012.5,111.53817,10079.353200000001,-46.4160979,-46.4160979,-48.9924936,-48.9924936,-46.7384465,-46.7384465,268.386615,126.637146,126.637146,3.5591851,3.5591851,5.88927873,5.88927873,0.794689799,4358.001,0.0,13.9737303,0.540413809,0.0,10079.353200000001,4350.8022,268.386615,0.0,0.0
1013.0,111.53817,10057.2264,-46.5590387,-46.5590387,-49.0355236,-49.0355236,-46.7815402,-46.7815402,287.068507,126.637146,126.637146,3.80693331,3.80693331,6.14443047,6.14443047,0.794925684,4358.001,0.0,14.94641555,0.540214816,0.0,10057.2264,4352.50322,287.068507,0.0,0.0
1013.5,111.53817,10030.780499999997,-46.6823756,-46.6823756,-49.0359485,-49.0359485,-46.7837504,-46.7837504,305.736824,126.637146,126.637146,4.05450163,4.05450163,6.38716462,6.38716462,0.795160037,4357.3614,0.0,15.9183941,0.53995125,0.0,10030.780499999997,4352.39918,305.736824,0.0,0.0
1014.0,111.53817,9851.278,-49.2011485,-49.2011485,-50.7571761,-50.7571761,-48.483948,-48.483948,324.473885,126.637146,126.637146,4.30298142,4.30298142,6.61935467,6.61935467,0.795398277,4290.37649,0.0,16.8939513,0.543823182,0.0,9851.278,4288.64745,324.473885,0.0,0.0
1014.5,111.53817,9549.43115,-49.0637739,-49.0637739,-49.0645459,-49.0645459,-46.9065208,-46.9065208,343.261341,126.637146,126.637146,4.55212957,4.55212957,6.84147146,6.84147146,0.795634972,4179.05188,0.0,17.8721327,0.543043084,0.0,9549.43115,4174.01655,343.261341,0.0,0.0
1015.0,111.53817,9254.5493,-49.0732594,-49.0732594,-47.558468,-47.558468,-45.5058404,-45.5058404,362.928956,149.738368,149.738368,5.69868168,5.69868168,8.50743871,8.50743871,0.795861148,4067.72721,0.0,18.8961405,0.617175586,0.0,9254.5493,4062.79787,362.928956,0.0,0.0
1015.5,111.53817,8954.266599999999,-49.1119698,-49.1119698,-46.0516348,-46.0516348,-44.10461,-44.10461,386.606336,191.781482,191.781482,7.77378458,7.77378458,11.7014583,11.7014583,0.796067817,3956.40254,0.0,20.1289194,0.752500789,0.0,8954.266599999999,3951.67298,386.606336,0.0,0.0
1016.0,111.53817,8647.395,-49.1495691,-49.1495691,-44.5074449,-44.5074449,-42.6694237,-42.6694237,414.958457,233.8246,233.8246,10.171842,10.171842,15.58138885,15.58138885,0.796249497,3845.0779,0.0,21.605092,0.887609061,0.0,8647.395,3840.5362,414.958457,0.0,0.0
1016.5,111.53817,8333.989599999999,-49.1870564,-49.1870564,-42.927081,-42.927081,-41.1944079,-41.1944079,447.9773,275.867714,275.867714,12.9543666,12.9543666,20.1451689,20.1451689,0.796401057,3733.75325,0.0,23.3242402,1.022468113,0.0,8333.989599999999,3729.40515,447.9773,0.0,0.0
1017.0,111.53817,8016.78865,-48.875789,-48.875789,-41.0363223,-41.0363223,-39.4123282,-39.4123282,485.594999,317.910835,313.861226,16.1806342,15.9684735,25.3093867,24.9794129,0.796516785,3624.76752,0.0,25.2828309,1.14333635,0.0,8016.78865,3619.38026,485.594999,0.0,0.0
1017.5,111.53817,7872.74252,-46.5584425,-46.5584425,-38.3841566,-38.3841566,-36.8739044,-36.8739044,525.23327,357.751716,311.843708,19.6878799,17.1481801,29.8798765,26.0354281,0.796598595,3589.5933,0.0,27.3466244,1.13105612,0.0,7872.74252,3582.58612,525.23327,0.0,0.0
1018.0,111.53817,7825.63438,-46.7091614,-46.7091614,-38.2780832,-38.2780832,-36.7758627,-36.7758627,563.687878,367.32825,300.961909,21.6831138,17.7622424,31.7816344,26.0371027,0.796672512,3589.5933,0.0,29.3487891,1.09430904,0.0,7825.63438,3585.43744,563.687878,0.0,0.0
1018.5,111.53817,7773.721640000001,-46.7058088,-46.7058088,-38.0214407,-38.0214407,-36.5333383,-36.5333383,600.898322,367.32825,290.294351,23.1144709,18.2635819,32.9523889,26.0387488,0.796745159,3589.5933,0.0,31.2861766,1.05792085,0.0,7773.721640000001,3585.56307,600.898322,0.0,0.0
1019.0,111.53817,7723.39304,-46.6960795,-46.6960795,-37.7674109,-37.7674109,-36.2922215,-36.2922215,636.851374,367.32825,279.999312,24.4974591,18.6704552,34.1654588,26.0403603,0.796816275,3589.5933,0.0,33.1580961,1.02267822,0.0,7723.39304,3585.61363,636.851374,0.0,0.0
1019.5,111.53817,7674.684050000001,-46.6866838,-46.6866838,-37.5216748,-37.5216748,-36.0574843,-36.0574843,671.642035,355.239689,270.855503,24.972209,19.0478532,34.1467154,26.0419371,0.796885873,3589.5933,0.04356541602,34.9694959,0.985481361,0.0,7674.684050000001,3585.65954,671.642035,-1.0687135,0.030750433
1020.0,129.460765,7672.06791,-53.3706702,-53.3706702,-42.8884781,-42.8884781,-41.2069922,-41.2069922,700.778192,287.825784,262.991031,21.1083368,19.2980471,28.3993332,25.9571842,0.79696282,3589.5933,2.82531237,36.486489,0.624412936,0.0,7672.06791,3601.58326,700.778192,-70.4533579,2.076211435
1020.5,175.544321,7693.722500000001,-72.9936449,-72.9936449,-58.8107047,-58.8107047,-56.4249194,-56.4249194,711.784238,213.63221,213.63221,15.9241487,15.9241487,20.7034774,20.7034774,0.797116305,3589.5933,7.12843127,37.0595265,-0.0164412862,0.0,7693.722500000001,3617.02032,711.784238,-178.050506,5.30841258
1021.0,221.95712,7707.09798,-92.247856,-92.247856,-74.4550224,-74.4550224,-71.3353555,-71.3353555,703.445414,139.438637,139.438637,10.28002847,10.28002847,12.8780052,12.8780052,0.797379989,3589.5933,8.693269,36.6253595,-0.375985331,0.0,7707.09798,3617.71696,703.445414,-217.33173,6.40386436
1021.5,268.36992,7729.144319999999,-111.5239348,-111.5239348,-90.2710681,-90.2710681,-86.3758239,-86.3758239,687.826893,65.4135075,65.4135075,4.72321221,4.72321221,5.93041189,5.93041189,0.797738755,3589.5933,8.693269,35.81217,-0.526935609,0.0,7729.144319999999,3617.77109,687.826893,-217.33173,6.26168017
1022.0,296.912552,7718.03648,-124.0624503,-124.0624503,-100.2708463,-100.2708463,-95.902488,-95.902488,668.359386,33.54241,33.54241,2.34764785,2.34764785,3.19649897,3.19649897,0.798169635,3589.5933,8.693269,34.798582,-0.573865335,0.0,7718.03648,3601.78209,668.359386,-217.33173,6.08445633
1022.5,297.24762,7705.86318,-124.1875306,-124.1875306,-100.2131334,-100.2131334,-95.8393185,-95.8393185,648.552025,33.54241,33.54241,2.27807349,2.27807349,3.12227501,3.12227501,0.798615427,3586.18627,8.6497332,33.7672988,-0.566497184,0.0,7705.86318,3585.15124,648.552025,-216.263016,5.87550034
1023.0,297.24762,7053.62089,-134.945701,-134.945701,-99.68117,-99.68117,-94.8924987,-94.8924987,634.108041,33.54241,33.54241,2.22733814,2.22733814,3.06756346,3.06756346,0.799066416,3293.71212,5.86795648,33.015263,-0.1805723268,0.0,7053.62089,3305.31465,634.108041,-146.8783634,3.90364195
1023.5,297.24762,5871.32442,-134.487078,-134.487078,-82.6882413,-82.6882413,-77.9342975,-77.9342975,637.765436,33.54241,33.54241,2.24018501,2.24018501,3.08146114,3.08146114,0.799478428,2817.69251,1.56490310618,33.2056864,0.38679143,0.0,5871.32442,2815.48793,637.765436,-39.281215824,1.04463058915
1024.0,297.24762,4701.42794,-134.508722,-134.508722,-66.223155,-66.223155,-61.5625011,-61.5625011,656.262225,33.54241,33.54241,2.30515587,2.30515587,3.15128066,3.15128066,0.799826259,2341.67288,0.0,34.1687354,0.593382071,0.0,4701.42794,2339.48556,656.262225,0.0,0.0
1024.5,297.24762,3573.16573,-131.5422826,-131.5422826,-49.3170166,-49.3170166,-44.9359289,-44.9359289,676.731784,33.54241,33.54241,2.37705639,2.37705639,3.22757841,3.22757841,0.800104293,1892.59291,0.0,35.2344967,0.587047347,0.0,3573.16573,1881.95934,676.731784,0.0,0.0
1025.0,297.24762,3297.81393,-123.2524704,-123.2524704,-42.5652545,-42.5652545,-38.5145514,-38.5145514,696.68245,33.54241,33.54241,2.44713419,2.44713419,3.30095625,3.30095625,0.800321466,1788.8453,0.0,36.2732417,0.571442614,0.0,3297.81393,1779.03247,696.68245,0.0,0.0
1025.5,297.24762,3289.739,-123.828385,-123.828385,-42.6589486,-42.6589486,-38.5914048,-38.5914048,716.442166,33.54241,33.54241,2.51654115,2.51654115,3.37268749,3.37268749,0.800530878,1788.8453,0.0,37.3020458,0.571239788,0.0,3289.739,1787.21,716.442166,0.0,0.0
1026.0,297.24762,3262.58046,-123.8450145,-123.8450145,-42.312469,-42.312469,-38.251715,-38.251715,736.169922,33.3380103,33.3380103,2.56988875,2.56988875,3.42783147,3.42783147,0.800738841,1788.8453,0.0,38.3291832,0.569373722,0.0,3262.58046,1787.42799,736.169922,0.0,0.0
1026.5,297.24762,3236.58245,-123.820127,-123.820127,-41.9668759,-41.9668759,-37.9143596,-37.9143596,754.657072,4.20989447,4.20989447,0.325674749,0.325674749,0.776974813,0.776974813,0.800949605,1788.8453,0.0,39.2917291,0.473928118,0.0,3236.58245,1787.40454,754.657072,0.0,0.0
1027.0,297.24762,3217.50332,-123.7738076,-123.7738076,-41.7038771,-41.7038771,-37.6569599,-37.6569599,768.248011,-45.4055924,-45.4055924,-3.65754308,-3.65754308,-2.89998549,-2.89998549,0.801176461,1788.8453,0.0,39.99935,0.312431022,0.0,3217.50332,1787.40125,768.248011,0.0,0.0
1027.5,297.24762,2399.45785,-145.19516,-145.19516,-35.7244386,-35.7244386,-31.2677845,-31.2677845,776.7139,-95.0210795,-95.0210795,-7.73161756,-7.73161756,-6.37692677,-6.37692677,0.801415445,1410.55752,0.0,40.4401328,0.188591668,0.0,2399.45785,1451.949625,776.7139,0.0,0.0
1028.0,297.24762,37.6381917,-132.5034944,-132.5034944,-0.88449755,-0.88449755,1.5781537,1.5781537,780.482514,-144.636566,-144.636566,-11.8214626,-11.8214626,-9.63393415,-9.63393415,0.801546043,507.567158,0.0,40.6363477,0.00575907726,0.0,37.6381917,471.379505,780.482514,0.0,0.0
1028.5,297.24762,-6.545033535,-123.155994,-123.155994,0.0836755395,0.0836755395,0.3210598883,0.3210598883,777.373753,-194.252057,-194.252057,-15.810787,-15.810787,-12.57274955,-12.57274955,0.801609503,456.5632,0.0,40.4744873,-0.173620198,0.0,-6.545033535,451.179349,777.373753,0.0,0.0
1029.0,293.602749,10.94329853,-122.2818661,-122.2818661,-0.1407181265,-0.1407181265,-0.0500693768,-0.0500693768,768.462437,-243.867542,-243.867542,-19.6196847,-19.6196847,-15.1228372,-15.1228372,0.801702192,456.5632,0.0,40.0105146,-0.346145413,0.0,10.94329853,453.253137,768.462437,0.0,0.0
1029.5,277.775575,14.3587135,-115.472943,-115.472943,-0.1722188724,-0.1722188724,-0.0616940685,-0.0616940685,753.10463,-293.483029,-293.483029,-23.13746,-23.13746,-17.1940051,-17.1940051,0.801809129,456.5632,0.0,39.2109007,-0.543799816,0.0,14.3587135,445.707006,753.10463,0.0,0.0
1030.0,260.993113,43.3627228,-108.4147986,-108.4147986,-0.490344205,-0.490344205,-0.1829494094,-0.1829494094,731.686725,-320.775175,-320.775175,-24.5784514,-24.5784514,-17.8005201,-17.8005201,0.801925315,456.5632,0.0,38.0957628,-0.667534029,0.0,43.3627228,445.270028,731.686725,0.0,0.0
1030.5,244.210656,76.4931958,-101.423461,-101.423461,-0.81039296,-0.81039296,-0.317957777,-0.317957777,708.062999,-320.77625,-320.77625,-23.7849767,-23.7849767,-17.0601248,-17.0601248,0.802040702,456.5632,0.0,36.8657784,-0.699096136,0.0,76.4931958,445.262147,708.062999,0.0,0.0
1031.0,227.4282,111.1447655,-94.3224445,-94.3224445,-1.095483557,-1.095483557,-0.454918042,-0.454918042,683.348614,-320.77625,-320.77625,-22.9547803,-22.9547803,-16.2973351,-16.2973351,0.802152508,457.119774,0.0,35.5790074,-0.73082995,0.0,111.1447655,445.250371,683.348614,0.0,0.0
1031.5,210.645743,797.887174,-77.9576465,-77.9576465,-6.56865121,-6.56865121,-5.071038467,-5.071038467,657.164622,-320.77625,-320.77625,-22.0752177,-22.0752177,-15.5024256,-15.5024256,0.802268779,736.21547,0.0,34.2157196,-0.779319187,0.0,797.887174,715.720316,657.164622,0.0,0.0
1032.0,193.863286,1163.95566,-81.072744,-81.072744,-9.8837166,-9.8837166,-8.05575268,-8.05575268,630.079351,-320.77625,-320.77625,-21.1653803,-21.1653803,-14.69439145,-14.69439145,0.80241168,855.27295,0.0,32.8055069,-0.792533856,0.0,1163.95566,852.229211,630.079351,0.0,0.0
1032.5,177.080825,1182.24086,-73.4739091,-73.4739091,-9.0940278,-9.0940278,-7.51236388,-7.51236388,602.107832,-320.77625,-320.77625,-20.2257714,-20.2257714,-13.8752151,-13.8752151,0.802551685,855.27295,0.0,31.3491502,-0.825170513,0.0,1182.24086,843.50548,602.107832,0.0,0.0
1033.0,160.298369,1222.44867,-66.4635396,-66.4635396,-8.5057948,-8.5057948,-7.13487357,-7.13487357,573.033916,-320.77625,-320.77625,-19.2491319,-19.2491319,-13.0128776,-13.0128776,0.802684738,855.27295,0.0,29.8353968,-0.856754024,0.0,1222.44867,843.260187,573.033916,0.0,0.0
1033.5,143.629638,1264.80834,-59.4850204,-59.4850204,-7.87620351,-7.87620351,-6.70367827,-6.70367827,542.868776,-320.77625,-320.77625,-18.2358367,-18.2358367,-12.0748003,-12.0748003,0.802810391,855.27295,0.0,28.264829,-0.888164138,0.0,1264.80834,843.273162,542.868776,0.0,0.0
1034.0,137.10104,1328.30246,-56.576974,-56.576974,-7.87014842,-7.87014842,-6.76714299,-6.76714299,511.86432,-320.77625,-320.77625,-17.1943463,-17.1943463,-11.1373164,-11.1373164,0.802929149,855.27295,0.0,26.65056,-0.899946287,0.0,1328.30246,851.590254,511.86432,0.0,0.0
1034.5,137.10104,1379.37227,-56.7922215,-56.7922215,-8.2035042,-8.2035042,-7.08305066,-7.08305066,480.784403,-320.77625,-320.77625,-16.1503218,-16.1503218,-10.22766305,-10.22766305,0.803044161,855.27295,0.0,25.0323638,-0.898225052,0.0,1379.37227,854.693444,480.784403,0.0,0.0
1035.0,137.10104,1422.99824,-56.7993042,-56.7993042,-8.4640069,-8.4640069,-7.33525404,-7.33525404,449.753363,-320.77625,-320.77625,-15.10793955,-15.10793955,-9.3495566,-9.3495566,0.803155525,855.27295,0.0,23.4167121,-0.89696617,0.0,1422.99824,854.727737,449.753363,0.0,0.0
1035.5,137.10104,1466.38656,-56.7997543,-56.7997543,-8.72215,-8.72215,-7.58698529,-7.58698529,418.76406,-320.77625,-320.77625,-14.06695895,-14.06695895,-8.5026617,-8.5026617,0.80326329,855.27295,0.0,21.803233,-0.895803948,0.0,1466.38656,854.687518,418.76406,0.0,0.0
1036.0,137.10104,1509.71735,-56.8000552,-56.8000552,-8.9799315,-8.9799315,-7.84002266,-7.84002266,387.813476,-320.77625,-320.77625,-13.0272792,-13.0272792,-7.66975465,-7.66975465,0.803367624,855.27295,0.0,20.1917704,-0.894726145,0.0,1509.71735,854.645968,387.813476,0.0,0.0
1036.5,137.10104,1552.99792,-56.8003324,-56.8003324,-9.23741325,-9.23741325,-8.094417,-8.094417,356.89871,-320.77625,-320.77625,-11.9888023,-11.9888023,-6.76413609,-6.76413609,0.803468284,855.27295,0.0,18.582172,-0.89373219,0.0,1552.99792,854.604429,356.89871,0.0,0.0
1037.0,137.10104,1588.29189,-56.9469234,-56.9469234,-9.47178035,-9.47178035,-8.3233858,-8.3233858,332.255625,-154.1245385,-154.1245385,-5.39803057,-5.39803057,-3.199988482,-3.199988482,0.803560046,855.27295,0.0,17.2991129,-0.3334578774,0.0,1588.29189,854.901574,332.255625,0.0,0.0
1037.5,138.196136,1590.86259,-57.3459914,-57.3459914,-9.55379125,-9.55379125,-8.3942373,-8.3942373,331.680274,-24.059572,-24.059572,-0.835672609,-0.835672609,-0.435806521,-0.435806521,0.8036259,855.27295,0.0,17.2691568,0.1012920656,0.0,1590.86259,855.635352,331.680274,0.0,0.0
1038.0,162.839528,1629.21678,-67.4821215,-67.4821215,-11.5161946,-11.5161946,-10.0469892,-10.0469892,335.817608,-24.059572,-24.059572,-0.846096683,-0.846096683,-0.444083463,-0.444083463,0.803691283,855.27295,0.0,17.4845702,0.14751209,0.0,1629.21678,874.010548,335.817608,0.0,0.0
1038.5,196.821326,1630.21593,-81.9497539,-81.9497539,-13.9889459,-13.9889459,-12.0256936,-12.0256936,342.038639,-24.059572,-24.059572,-0.86177066,-0.86177066,-0.456661699,-0.456661699,0.803769505,855.27295,0.0,17.8084725,0.212095107,0.0,1630.21593,878.058733,342.038639,0.0,0.0
1039.0,230.803121,1618.61339,-96.1154775,-96.1154775,-16.2900173,-16.2900173,-13.7821536,-13.7821536,350.477903,-24.059572,-24.059572,-0.8830335,-0.8830335,-0.473977637,-0.473977637,0.803859209,855.27295,0.0,18.2478684,0.276082455,0.0,1618.61339,878.158434,350.477903,0.0,0.0
1039.5,264.55082,1603.42091,-110.2444266,-110.2444266,-18.5089516,-18.5089516,-15.4021295,-15.4021295,361.127319,-24.059572,-24.059572,-0.909864815,-0.909864815,-0.496243713,-0.496243713,0.803959248,855.27295,0.0,18.8023373,0.339659138,0.0,1603.42091,878.054859,361.127319,0.0,0.0
1040.0,277.73575,1545.39205,-116.1170754,-116.1170754,-18.7922131,-18.7922131,-15.4486415,-15.4486415,373.491516,-24.059572,-24.059572,-0.941016577,-0.941016577,-0.522670722,-0.522670722,0.804065561,855.27295,0.0,19.4460884,0.364857783,0.0,1545.39205,861.127985,373.491516,0.0,0.0
1040.5,277.762985,1512.52448,-115.6832866,-115.6832866,-18.3232205,-18.3232205,-15.00157495,-15.00157495,386.079784,-24.059572,-24.059572,-0.972732867,-0.972732867,-0.549804062,-0.549804062,0.80416929,855.27295,0.0,20.1015041,0.36372154,0.0,1512.52448,854.80172,386.079784,0.0,0.0
1041.0,291.905891,1770.08198,-104.7776412,-104.7776412,-18.3897928,-18.3897928,-15.48553305,-15.48553305,398.818123,-24.059572,-24.059572,-1.004827273,-1.004827273,-0.574275138,-0.574275138,0.80427303,1007.798275,0.0,20.7647349,0.360806452,0.0,1770.08198,969.411143,398.818123,0.0,0.0
1041.5,317.174651,4741.331270000001,-118.387489,-118.387489,-59.8134154,-59.8134154,-55.8308025,-55.8308025,411.443187,-24.059572,-24.059572,-1.03663629,-1.03663629,-0.598115791,-0.598115791,0.804459578,2154.18481,0.0,21.4220667,0.413455144,0.0,4741.331270000001,2213.14162,411.443187,0.0,0.0
1042.0,342.443411,4715.8657,-143.200285,-143.200285,-70.7131809,-70.7131809,-65.7446353,-65.7446353,427.380076,-24.059572,-24.059572,-1.07678949,-1.07678949,-0.628706014,-0.628706014,0.804800302,2189.9902,0.0,22.2518316,0.485500493,0.0,4715.8657,2211.8506,427.380076,0.0,0.0
1042.5,367.712168,4675.46627,-153.167208,-153.167208,-74.9903369,-74.9903369,-69.6807814,-69.6807814,444.95369,-24.059572,-24.059572,-1.12106642,-1.12106642,-0.663077745,-0.663077745,0.805154785,2189.9902,0.0,23.1668137,0.531620845,0.0,4675.46627,2205.30123,444.95369,0.0,0.0
1043.0,392.980927,4648.28944,-163.683313,-163.683313,-79.6732066,-79.6732066,-74.0030745,-74.0030745,464.145251,-24.059572,-24.059572,-1.16941979,-1.16941979,-0.701382498,-0.701382498,0.80552619,2189.9902,0.0,24.1660356,0.578605745,0.0,4648.28944,2205.19853,464.145251,0.0,0.0
1043.5,418.249684,4618.85907,-174.216737,-174.216737,-84.2633032,-84.2633032,-78.2332651,-78.2332651,485.188494,-16.52753713,-16.52753713,-0.835735089,-0.835735089,-0.480040466,-0.480040466,0.805914011,2189.9902,0.0,25.2616662,0.649869497,0.0,4618.85907,2205.23932,485.188494,0.0,0.0
1044.0,443.518443,4584.60096,-184.764869,-184.764869,-88.7019065,-88.7019065,-82.3134901,-82.3134901,509.689517,5.706734377,5.706734377,0.3097852649,0.3097852649,0.6057546628,0.6057546628,0.806315352,2189.9902,0.0,26.5373284,0.768543755,0.0,4584.60096,2205.29027,509.689517,0.0,0.0
1044.5,468.336489,4543.8697,-195.226204,-195.226204,-92.8910318,-92.8910318,-86.1501921,-86.1501921,538.223064,23.840758,23.840758,1.34553456,1.34553456,2.12908155,2.12908155,0.806725868,2189.9902,0.0,28.0229465,0.873049811,0.0,4543.8697,2205.00215,538.223064,0.0,0.0
1045.0,476.64114,4468.75152,-198.866402,-198.866402,-93.063309,-93.063309,-86.2093163,-86.2093163,568.940442,25.3776,25.3776,1.51197976,1.51197976,2.31250262,2.31250262,0.807142243,2189.9902,0.0,29.6222676,0.892576559,0.0,4468.75152,2191.68062,568.940442,0.0,0.0
1045.5,476.64114,4416.52268,-198.589242,-198.589242,-91.8469729,-91.8469729,-85.0101958,-85.0101958,599.759642,25.3776,25.3776,1.59388288,1.59388288,2.4007472,2.4007472,0.807554238,2189.9902,0.0,31.2268895,0.890539944,0.0,4416.52268,2187.94291,599.759642,0.0,0.0
1046.0,382.733737,4177.36464,-162.631791,-162.631791,-71.4942488,-71.4942488,-65.9344216,-65.9344216,628.731011,25.3776,25.3776,1.67087534,1.67087534,2.48814343,2.48814343,0.807941003,2189.9902,0.0,32.7353042,0.717096624,0.0,4177.36464,2105.3436,628.731011,0.0,0.0
1046.5,166.010648,3994.27185,-69.3458631,-69.3458631,-29.0300338,-29.0300338,-27.07753165,-27.07753165,646.325444,25.3776,25.3776,1.71763314,1.71763314,2.54028525,2.54028525,0.808183977,2189.9902,0.03090068953,33.6513693,0.2973312394,0.0,3994.27185,2039.43065,646.325444,-0.7571414,0.020617835
1047.0,36.4305093,4174.33982,-11.90770875,-11.90770875,-5.20240684,-5.20240684,-4.72228865,-4.72228865,647.706585,25.3776,25.3776,1.7213036,1.7213036,2.54434915,2.54434915,0.808251389,2189.9902,2.00162258,33.7232802,-0.2133113566,0.0,4174.33982,2115.16472,647.706585,-49.9134295,1.352214372
1047.5,35.302765,4363.13639,-14.31005045,-14.31005045,-6.53860077,-6.53860077,-6.02098718,-6.02098718,633.340715,25.3776,25.3776,1.68312582,1.68312582,2.50187723,2.50187723,0.808271997,2189.9902,5.05012676,32.9753114,-0.612324261,0.0,4363.13639,2185.33627,633.340715,-126.1417695,3.34112457
1048.0,35.302765,4403.77313,-14.4717311,-14.4717311,-6.67382001,-6.67382001,-6.1512117,-6.1512117,608.559617,25.3776,25.3776,1.61726911,1.61726911,2.42752152,2.42752152,0.808298228,2189.9902,6.1588387,31.6850664,-0.757782545,0.0,4403.77313,2187.776,608.559617,-153.97096,3.92491778
1048.5,35.302765,4440.63364,-14.4793123,-14.4793123,-6.73320022,-6.73320022,-6.20765689,-6.20765689,582.38556,25.3776,25.3776,1.54771062,1.54771062,2.34884014,2.34884014,0.808325507,2189.9902,6.1588387,30.3222966,-0.756424119,0.0,4440.63364,2187.83109,582.38556,-153.97096,3.75610768
1049.0,35.302765,4512.234780000001,-12.41012868,-12.41012868,-5.84574961,-5.84574961,-5.3242749,-5.3242749,556.237465,25.3776,25.3776,1.47822114,1.47822114,2.27977774,2.27977774,0.808352652,2210.59814,6.1588387,28.9608786,-0.758736215,0.0,4512.234780000001,2202.35712,556.237465,-153.97096,3.58746505
1049.5,35.302765,5073.689759999999,-8.25938207,-8.25938207,-4.39310793,-4.39310793,-3.82945022,-3.82945022,529.858364,25.3776,25.3776,1.40811773,1.40811773,2.21022561,2.21022561,0.808366836,2427.00189,6.1588387,27.5874329,-0.764722197,0.0,5073.689759999999,2420.5801,529.858364,-153.97096,3.4173325
1050.0,35.302765,5755.73357,-8.5405624,-8.5405624,-5.14787597,-5.14787597,-4.52146076,-4.52146076,503.453424,25.3776,25.3776,1.33794564,1.33794564,2.13808811,2.13808811,0.808381657,2691.99021,6.1588387,26.2126421,-0.763055427,0.0,5755.73357,2688.96594,503.453424,-153.97096,3.24703327
1050.5,35.302765,6428.815420000001,-8.54847445,-8.54847445,-5.75504234,-5.75504234,-5.06105987,-5.06105987,477.093134,25.3776,25.3776,1.26789222,1.26789222,2.06341922,2.06341922,0.808401208,2956.97855,6.1588387,24.8401755,-0.761926212,0.0,6428.815420000001,2953.64873,477.093134,-153.97096,3.077022
1051.0,36.5503356,7104.3269,-8.87237205,-8.87237205,-6.61043984,-6.61043984,-5.85487145,-5.85487145,450.786767,26.8794715,26.8794715,1.26712117,1.26712117,2.05899421,2.05899421,0.808425167,3221.96684,6.1588387,23.4705167,-0.754009405,0.0,7104.3269,3219.3739,450.786767,-153.97096,2.90735859
1051.5,56.7288073,7807.76402,-17.3125964,-17.3125964,-14.22458365,-14.22458365,-13.3235758,-13.3235758,427.784678,84.9260962,84.9260962,3.79082349,3.79082349,5.26694583,5.26694583,0.808464679,3486.95517,6.1588387,22.2728978,-0.527187108,0.0,7807.76402,3498.64857,427.784678,-153.97096,2.75900613
1052.0,83.2941535,8467.68786,-28.6704612,-28.6704612,-25.4853673,-25.4853673,-24.2428666,-24.2428666,415.300163,171.657998,171.657998,7.46036832,7.46036832,10.8636231,10.8636231,0.808537649,3751.94348,6.1588387,21.622883,-0.1954098203,0.0,8467.68786,3765.95814,415.300163,-153.97096,2.67848701
1052.5,109.859499,9105.38645,-39.8160712,-39.8160712,-38.0257161,-38.0257161,-36.3133693,-36.3133693,414.135111,250.13315,250.13315,10.8494448,10.8494448,16.8921525,16.8921525,0.808643693,4016.93185,6.1588387,21.5622241,0.1088917041,0.0,9105.38645,4030.62897,414.135111,-153.97096,2.67097299
1053.0,136.4248462,9696.3951,-53.0098784,-53.0098784,-53.8998582,-53.8998582,-51.5623001,-51.5623001,420.027027,263.7676,263.7676,11.6018514,11.6018514,18.1976594,18.1976594,0.808800571,4260.60974,6.1588387,21.8689898,0.206727174,0.0,9696.3951,4279.9922,420.027027,-153.97096,2.70897298
1053.5,162.990191,9793.43275,-68.1782447,-68.1782447,-69.9177535,-69.9177535,-67.0668607,-67.0668607,428.205907,263.7676,263.7676,11.82776575,11.82776575,18.445647,18.445647,0.809040766,4308.1406,6.1588387,22.2948293,0.263771151,0.0,9793.43275,4325.1461,428.205907,-153.97096,2.76172283
1054.0,189.555537,9770.5686,-78.9700431,-78.9700431,-80.7983914,-80.7983914,-77.6452986,-77.6452986,438.174811,263.7676,263.7676,12.10312335,12.10312335,18.7441027,18.7441027,0.809334476,4308.1406,6.1588387,22.8138666,0.313126579,0.0,9770.5686,4321.45274,438.174811,-153.97096,2.8260175
1054.5,216.120883,9754.0083,-90.0305036,-90.0305036,-91.9588395,-91.9588395,-88.520618,-88.520618,449.860442,263.7676,263.7676,12.4259004,12.4259004,19.0887296,19.0887296,0.809672248,4308.1406,6.1588387,23.4222872,0.362874423,0.0,9754.0083,4321.38505,449.860442,-153.97096,2.90138423
1055.0,242.68623,9735.23845,-101.0982104,-101.0982104,-103.0648614,-103.0648614,-99.3581724,-99.3581724,463.264909,263.7676,263.7676,12.7961542,12.7961542,19.4772662,19.4772662,0.810051724,4308.1406,6.1588387,24.1201999,0.412554472,0.0,9735.23845,4321.40141,463.264909,-153.97096,2.98783661
1055.5,269.251576,9714.0694,-112.1660309,-112.1660309,-114.0993129,-114.0993129,-110.1711086,-110.1711086,478.385429,263.7676,263.7676,13.2138083,13.2138083,19.9070851,19.9070851,0.810470484,4308.1406,6.1588387,24.90746,0.462148466,0.0,9714.0694,4321.42172,478.385429,-153.97096,3.08535677
1056.0,290.781368,9678.743400000001,-121.475439,-121.475439,-123.1199774,-123.1199774,-118.9408269,-118.9408269,495.158418,263.7676,263.7676,13.6771064,13.6771064,20.3737188,20.3737188,0.810925231,4308.1406,6.1588387,25.7807565,0.502731095,0.0,9678.743400000001,4316.51586,495.158418,-153.97096,3.19353444
1056.5,292.7374,9623.9371,-122.0248909,-122.0248909,-122.9787439,-122.9787439,-118.7710758,-118.7710758,512.634041,263.7676,263.7676,14.15981245,14.15981245,20.8489609,20.8489609,0.811392503,4308.1406,6.1588387,26.690637,0.505209987,0.0,9623.9371,4303.91458,512.634041,-153.97096,3.30624386
1057.0,292.7374,9597.466349999999,-121.9515141,-121.9515141,-122.5666803,-122.5666803,-118.3566519,-118.3566519,530.077111,262.917855,262.917855,14.59379515,14.59379515,21.2290245,21.2290245,0.811855922,4308.1406,6.1588387,27.5988213,0.501553054,0.0,9597.466349999999,4303.08462,530.077111,-153.97096,3.41874326
1057.5,292.7374,9574.7688,-121.9252065,-121.9252065,-122.2504403,-122.2504403,-118.0372064,-118.0372064,546.180322,234.943765,234.943765,13.43279425,13.43279425,18.9336039,18.9336039,0.812320523,4308.1406,6.1588387,28.4372468,0.410273013,0.0,9574.7688,4303.04262,546.180322,-153.97096,3.52260141
1058.0,292.7374,9558.1048,-121.8872375,-121.8872375,-121.9996685,-121.9996685,-117.7847645,-117.7847645,558.061229,193.985239,193.985239,11.3331142,11.3331142,15.3902587,15.3902587,0.812795299,4308.1406,6.1588387,29.055834,0.277125712,0.0,9558.1048,4303.04578,558.061229,-153.97096,3.5992274
1058.5,292.7374,9547.7868,-121.8542704,-121.8542704,-121.8350105,-121.8350105,-117.6194229,-117.6194229,565.451149,158.623723,158.623723,9.3918088,9.3918088,12.4032889,12.4032889,0.81328108,4308.1406,6.1588387,29.4405954,0.162290969,0.0,9547.7868,4303.06745,565.451149,-153.97096,3.64688887
1059.0,292.7374,9546.2657,-121.753253,-121.753253,-121.7145866,-121.7145866,-117.5022254,-117.5022254,566.248589,37.30273615,37.30273615,2.227791539,2.227791539,3.358271724,3.358271724,0.81378207,4308.1406,6.1588387,29.4821154,-0.2303161918,0.0,9546.2657,4302.89993,566.248589,-153.97096,3.6520321
1059.5,292.7374,9573.5551,-121.580115,-121.580115,-121.8889539,-121.8889539,-117.6874302,-117.6874302,546.732598,-140.472438,-140.472438,-8.02885929,-8.02885929,-6.06518628,-6.06518628,0.814321008,4308.1406,6.1588387,28.4660014,-0.804944596,0.0,9573.5551,4302.86011,546.732598,-153.97096,3.52616318
1060.0,292.7374,9614.7053,-121.5748085,-121.5748085,-122.4075444,-122.4075444,-118.2136899,-118.2136899,517.716383,-152.5742,-152.5742,-8.2718307,-8.2718307,-6.12938597,-6.12938597,0.814873495,4308.1406,6.1588387,26.9552525,-0.84281561,0.0,9614.7053,4303.04055,517.716383,-153.97096,3.33902248
1060.5,292.7374,9655.497,-121.5762485,-121.5762485,-122.9283356,-122.9283356,-118.7420624,-118.7420624,488.600962,-152.5742,-152.5742,-7.80663803,-7.80663803,-5.69354316,-5.69354316,0.815426471,4308.1406,6.1588387,25.4393382,-0.841548716,0.0,9655.497,4303.01403,488.600962,-153.97096,3.15124192
1061.0,292.7374,9639.1382,-124.3415884,-124.3415884,-125.486921,-125.486921,-121.2018252,-121.2018252,461.018132,-106.0019828,-106.0019828,-5.14285018,-5.14285018,-3.7453688,-3.7453688,0.815979716,4277.76699,6.1588387,24.0032203,-0.684993727,0.0,9639.1382,4280.10157,461.018132,-153.97096,2.97334602
1061.5,292.7374,9029.2589,-128.884512,-128.884512,-121.8701715,-121.8701715,-117.366242,-117.366242,444.766561,24.38877553,24.38877553,1.125933579,1.125933579,1.870777009,1.870777009,0.816524997,4017.69516,6.13054286,23.1570705,-0.2509532135,0.0,9029.2589,4016.83711,444.766561,-153.277787,2.8557048
1062.0,292.7374,8282.78366,-128.786266,-128.786266,-111.7041305,-111.7041305,-107.19715,-107.19715,446.569394,156.330671,156.330671,7.32704197,7.32704197,10.4077951,10.4077951,0.817018498,3711.25016,4.32632745,23.2509361,0.4133402488,0.0,8282.78366,3707.27601,446.569394,-108.27458,2.0218868
1062.5,292.7374,7507.90736,-129.002444,-129.002444,-101.4236429,-101.4236429,-96.8667589,-96.8667589,474.641939,288.272569,285.323934,14.376008,14.2235706,22.1876364,21.948142,0.817440661,3404.80513,1.53535736,24.7125521,1.19858742,0.0,7507.90736,3401.23557,474.641939,-38.4865575,0.755599299
1063.0,292.7374,6704.88778,-129.072152,-129.072152,-90.6261924,-90.6261924,-86.0355816,-86.0355816,522.382315,389.350097,316.903336,21.3122458,17.3293834,32.5407584,26.4726049,0.817786629,3098.36012,0.5203429,27.1981878,1.43351291,0.0,6704.88778,3094.96852,522.382315,-13.008573,0.28464708
1063.5,293.514523,5902.78073,-129.279472,-129.279472,-79.905341,-79.905341,-75.3332019,-75.3332019,571.113489,395.9138,302.996143,23.6783629,18.1157454,34.6041749,26.4786388,0.818082297,2791.91513,0.517735706,29.7354083,1.38782652,0.0,5902.78073,2789.65951,571.113489,-12.9446042,0.309612842
1064.0,301.992477,5114.25395,-132.835602,-132.835602,-71.1106385,-71.1106385,-66.4657616,-66.4657616,618.800896,395.9138,289.094239,25.6554823,18.7278485,36.2762438,26.4837783,0.818334058,2485.47008,0.351231465,32.218286,1.37839712,0.0,5114.25395,2489.39208,618.800896,-8.79152776,0.226807712
1064.5,312.438568,4313.76929,-137.249155,-137.249155,-61.9703139,-61.9703139,-57.2634121,-57.2634121,666.60565,388.247652,276.076096,27.090425,19.2668697,37.2463178,26.4880585,0.818543613,2179.02506,0.093664102606,34.7072727,1.38750013,0.0,4313.76929,2184.21739,666.60565,-2.3512101905,0.064631727157
1065.0,322.88467,3511.25341,-141.595184,-141.595184,-52.0341238,-52.0341238,-47.3334865,-47.3334865,714.508269,345.050192,264.395654,25.7981277,19.7783736,34.5611115,26.4913362,0.81870392,1872.58003,0.0,37.2013536,1.37901519,0.0,3511.25341,1878.25454,714.508269,0.0,0.0
1065.5,333.330756,2732.45402,-144.17119,-144.17119,-41.2701756,-41.2701756,-36.6781933,-36.6781933,761.865794,297.441849,253.950933,23.7112852,20.2567546,31.0184406,26.4934301,0.818806136,1581.2758,0.0,39.6670561,1.35886347,0.0,2732.45402,1581.84209,761.865794,0.0,0.0
1066.0,343.776847,2494.2139,-143.015527,-143.015527,-37.3536321,-37.3536321,-32.8631725,-32.8631725,808.329411,249.833513,241.696476,21.1290188,20.4511897,27.0952516,26.2211468,0.818857134,1509.3486,0.0,42.0862164,1.32623871,0.0,2494.2139,1509.8384,808.329411,0.0,0.0
1066.5,354.222948,2445.8148,-147.721041,-147.721041,-37.8328992,-37.8328992,-33.2075186,-33.2075186,852.529413,202.225174,202.225174,18.036703,18.036703,22.4196767,22.4196767,0.818915645,1509.3486,0.0,44.387519,1.21574829,0.0,2445.8148,1515.50723,852.529413,0.0,0.0
1067.0,364.669036,2390.60617,-152.041012,-152.041012,-38.0605654,-38.0605654,-33.318602,-33.318602,892.184828,154.616828,154.616828,14.4304194,14.4304194,17.4092185,17.4092185,0.819004674,1509.3486,0.0,46.4522048,1.07842117,0.0,2390.60617,1515.689,892.184828,0.0,0.0
1067.5,372.954938,2336.70644,-155.58267,-155.58267,-38.0702251,-38.0702251,-33.2405887,-33.2405887,927.068772,107.008485,107.008485,10.37530415,10.37530415,12.2726702,12.2726702,0.819124345,1509.3486,0.0,48.2684611,0.93747198,0.0,2336.70644,1513.62938,927.068772,0.0,0.0
1068.0,373.60403,2283.4682,-155.703022,-155.703022,-37.2324088,-37.2324088,-32.4252879,-32.4252879,956.807188,59.4001448,59.4001448,5.94057414,5.94057414,7.07735423,7.07735423,0.81927017,1509.3486,0.0,49.8168103,0.78199263,0.0,2283.4682,1508.84064,956.807188,0.0,0.0
1068.5,373.60403,2248.68167,-155.633866,-155.633866,-36.6488915,-36.6488915,-31.8587928,-31.8587928,981.139783,11.791800487,11.791800487,1.2026469339,1.2026469339,1.7377740731,1.7377740731,0.819440204,1509.3486,0.0,51.0837042,0.625808258,0.0,2248.68167,1508.57328,981.139783,0.0,0.0
1069.0,373.60403,2221.97616,-155.595426,-155.595426,-36.2046961,-36.2046961,-31.4203336,-31.4203336,1000.232322,-28.5041594,-28.5041594,-2.98855936,-2.98855936,-2.3160648,-2.3160648,0.819633895,1509.3486,0.0,52.0777688,0.493720699,0.0,2221.97616,1508.60896,1000.232322,0.0,0.0
1069.5,373.60403,2198.85952,-155.591695,-155.591695,-35.8271691,-35.8271691,-31.0476692,-31.0476692,1016.832429,-33.150906,-33.150906,-3.52998951,-3.52998951,-2.80455403,-2.80455403,0.819836167,1509.3486,0.0,52.9420652,0.47722409,0.0,2198.85952,1508.6826,1016.832429,0.0,0.0
1070.0,373.60403,2175.80674,-155.591635,-155.591635,-35.4515472,-35.4515472,-30.6777265,-30.6777265,1033.30571,-33.150906,-33.150906,-3.58717747,-3.58717747,-2.85665758,-2.85665758,0.820037204,1509.3486,0.0,53.7997591,0.475766586,0.0,2175.80674,1508.70887,1033.30571,0.0,0.0
1070.5,373.60403,2351.27667,-138.8575174,-138.8575174,-33.0706313,-33.0706313,-28.8696416,-28.8696416,1049.61709,-33.150906,-33.150906,-3.64380327,-3.64380327,-2.90845781,-2.90845781,0.820235607,1646.21641,0.0,54.6490215,0.445220025,0.0,2351.27667,1591.24724,1049.61709,0.0,0.0
1071.0,373.60403,7935.92277,-91.6492019,-91.6492019,-80.2546056,-80.2546056,-77.1229291,-77.1229291,1062.84973,-33.150906,-33.150906,-3.68974111,-3.68974111,-2.95063125,-2.95063125,0.82048158,3951.12502,0.0,55.3379874,0.361853586,0.0,7935.92277,3922.78623,1062.84973,0.0,0.0
1071.5,373.60403,10021.61335,-168.635986,-168.635986,-176.949246,-176.949246,-171.050617,-171.050617,1078.00073,-33.150906,-33.150906,-3.74233863,-3.74233863,-2.99909565,-2.99909565,0.82107088,4714.760789999999,0.0,56.1268341,0.494383044,0.0,10021.61335,4799.50398,1078.00073,0.0,0.0
1072.0,373.60403,8707.58835,-166.077279,-166.077279,-151.447439,-151.447439,-145.640933,-145.640933,1095.00404,-33.150906,-33.150906,-3.80136662,-3.80136662,-3.05369369,-3.05369369,0.821733704,4263.70087,0.0,57.0121246,0.488339011,0.0,8707.58835,4262.65668,1095.00404,0.0,0.0
1072.5,372.630981,7580.126630000001,-165.547208,-165.547208,-131.422129,-131.422129,-125.5807151,-125.5807151,1111.84116,-33.150906,-33.150906,-3.85981758,-3.85981758,-3.10798153,-3.10798153,0.82233085,3807.78356,0.0,57.88876,0.484681264,0.0,7580.126630000001,3803.34249,1111.84116,0.0,0.0
1073.0,357.27413,6436.39796,-159.152151,-159.152151,-107.3579526,-107.3579526,-101.7037758,-101.7037758,1128.14768,-34.1579875,-34.1579875,-4.036048,-4.036048,-3.28115009,-3.28115009,0.822860037,3351.86634,0.0,58.7377701,0.450836866,0.0,6436.39796,3336.94981,1128.14768,0.0,0.0
1073.5,337.141199,5317.62133,-150.591314,-150.591314,-83.9391764,-83.9391764,-78.6564975,-78.6564975,1142.24,-51.6021887,-51.6021887,-6.17486051,-6.17486051,-5.26233162,-5.26233162,0.823311012,2895.9491,0.0,59.4714957,0.354675616,0.0,5317.62133,2879.64699,1142.24,0.0,0.0
1074.0,317.008269,4208.9067,-142.177911,-142.177911,-62.7460668,-62.7460668,-57.8878979,-57.8878979,1152.52509,-74.8242581,-74.8242581,-9.03236777,-9.03236777,-7.84141415,-7.84141415,0.8236901,2440.03185,0.0,60.006995,0.240429977,0.0,4208.9067,2424.30804,1152.52509,0.0,0.0
1074.5,296.875343,3105.8245,-133.768728,-133.768728,-43.5870364,-43.5870364,-39.2356434,-39.2356434,1158.86736,-98.0463279,-98.0463279,-11.8994181,-11.8994181,-10.3725692,-10.3725692,0.8239998,1984.11461,0.0,60.3372093,0.1265774575,0.0,3105.8245,1969.01059,1158.86736,0.0,0.0
1075.0,276.742412,2262.82842,-118.0955366,-118.0955366,-28.0426182,-28.0426182,-24.424352,-24.424352,1161.13771,-121.2683964,-121.2683964,-14.74551055,-14.74551055,-12.826394,-12.826394,0.824243378,1649.11203,0.0,60.4554179,0.00049760321,0.0,2262.82842,1619.55934,1161.13771,0.0,0.0
1075.5,256.60948,2257.01112,-106.574777,-106.574777,-25.1879299,-25.1879299,-22.0536534,-22.0536534,1159.02649,-144.490471,-144.490471,-17.5364179,-17.5364179,-15.16859575,-15.16859575,0.824459154,1632.545,0.0,60.3454943,-0.118200078,0.0,2257.01112,1615.90599,1159.02649,0.0,0.0
1076.0,236.476551,2270.24968,-98.3310124,-98.3310124,-23.3763682,-23.3763682,-20.6165229,-20.6165229,1152.94549,-167.712537,-167.712537,-20.2473454,-20.2473454,-17.374821,-17.374821,0.824679473,1632.545,0.0,60.0288837,-0.23419194,0.0,2270.24968,1617.86401,1152.94549,0.0,0.0
1076.5,216.343624,2272.23023,-92.7639248,-92.7639248,-22.0460761,-22.0460761,-19.5192711,-19.5192711,1142.83426,-190.934607,-190.934607,-22.8481158,-22.8481158,-19.4157295,-19.4157295,0.824902951,1616.53573,0.0,59.5024365,-0.34593258,0.0,2272.23023,1612.78426,1142.83426,0.0,0.0
1077.0,199.338772,331.264996,-100.9384664,-100.9384664,-4.878703344,-4.878703344,-3.187349744,-3.187349744,1129.86389,-214.156677,-214.156677,-25.3358127,-25.3358127,-21.2897851,-21.2897851,0.825101104,810.897565,0.0,58.827126,-0.428692125,0.0,331.264996,797.561012,1129.86389,0.0,0.0
1077.5,197.39757,125.894749,-81.1983439,-81.1983439,-1.07274204,-1.07274204,-0.468601266,-0.468601266,1112.60408,-237.378747,-237.378747,-27.6536173,-27.6536173,-22.9446001,-22.9446001,0.825242049,711.0257,0.0,57.9284825,-0.543369748,0.0,125.894749,702.027067,1112.60408,0.0,0.0
1078.0,197.39757,176.100784,-81.9555929,-81.9555929,-1.51137592,-1.51137592,-0.702649421,-0.702649421,1092.75146,-253.44923,-253.44923,-29.0023853,-29.0023853,-23.8144422,-23.8144422,0.82539328,711.0257,0.0,56.8948407,-0.594253595,0.0,176.100784,711.326346,1092.75146,0.0,0.0
1078.5,197.39757,205.396672,-81.9730523,-81.9730523,-1.76316618,-1.76316618,-0.853235246,-0.853235246,1072.18318,-253.98354,-253.98354,-28.5169569,-28.5169569,-23.3313251,-23.3313251,0.825545782,711.0257,0.0,55.8239403,-0.594103169,0.0,205.396672,711.506926,1072.18318,0.0,0.0
1079.0,197.39757,234.11616,-81.973962,-81.973962,-2.00972191,-2.00972191,-1.010115252,-1.010115252,1051.67669,-253.98354,-253.98354,-27.9715436,-27.9715436,-22.8080352,-22.8080352,0.825696262,711.0257,0.0,54.7562553,-0.592222157,0.0,234.11616,711.483719,1051.67669,0.0,0.0
1079.5,197.39757,262.735407,-81.9744805,-81.9744805,-2.2554122,-2.2554122,-1.17562971,-1.17562971,1031.234447,-253.98354,-253.98354,-27.42784,-27.42784,-22.2893757,-22.2893757,0.82584477,711.0257,0.0,53.6919176,-0.590383858,0.0,262.735407,711.456334,1031.234447,0.0,0.0
1080.0,197.39757,291.266503,-81.9749789,-81.9749789,-2.50034821,-2.50034821,-1.34976005,-1.34976005,1010.855095,-253.98354,-253.98354,-26.8858076,-26.8858076,-21.7752836,-21.7752836,0.825991389,711.0257,0.0,52.6308513,-0.58858716,0.0,291.266503,711.428971,1010.855095,0.0,0.0
1080.5,197.39757,319.711627,-81.9754676,-81.9754676,-2.74454886,-2.74454886,-1.53133325,-1.53133325,990.537112,-253.98354,-253.98354,-26.3454082,-26.3454082,-21.2656954,-21.2656954,0.82613619,711.0257,0.0,51.5729819,-0.586831567,0.0,319.711627,711.401669,990.537112,0.0,0.0
1081.0,197.39757,348.072769,-81.9759446,-81.9759446,-2.98803111,-2.98803111,-1.71037165,-1.71037165,970.279116,-253.98354,-253.98354,-25.8066047,-25.8066047,-20.7586747,-20.7586747,0.826279193,711.0257,0.0,50.5182362,-0.585116638,0.0,348.072769,711.374454,970.279116,0.0,0.0
1081.5,197.39757,376.351888,-81.9764099,-81.9764099,-3.23081157,-3.23081157,-1.89313438,-1.89313438,950.079717,-253.98354,-253.98354,-25.2693596,-25.2693596,-20.2367059,-20.2367059,0.826420316,711.0257,0.0,49.466541,-0.583441944,0.0,376.351888,711.347331,950.079717,0.0,0.0
1082.0,197.39757,404.550907,-81.9768645,-81.9768645,-3.47290674,-3.47290674,-2.08193841,-2.08193841,929.937531,-253.98354,-253.98354,-24.7336355,-24.7336355,-19.714941,-19.714941,0.826559611,711.0257,0.0,48.4178244,-0.581807095,0.0,404.550907,711.320275,929.937531,0.0,0.0
1082.5,197.39757,432.671769,-81.9773076,-81.9773076,-3.71433305,-3.71433305,-2.27674167,-2.27674167,909.851168,-253.98354,-253.98354,-24.1993973,-24.1993973,-19.1986235,-19.1986235,0.826697063,711.0257,0.0,47.3720142,-0.580211653,0.0,432.671769,711.293298,909.851168,0.0,0.0
1083.0,197.39757,466.802361,-81.2651766,-81.2651766,-3.96945469,-3.96945469,-2.50387811,-2.50387811,889.815748,-253.98354,-253.98354,-23.6665126,-23.6665126,-18.6875953,-18.6875953,0.826832768,716.03663,0.0,46.3288567,-0.579944075,0.0,466.802361,713.796745,889.815748,0.0,0.0
1083.5,197.39757,837.861218,-76.9797661,-76.9797661,-6.7573594,-6.7573594,-5.19622399,-5.19622399,869.637003,-253.98354,-253.98354,-23.129817,-23.129817,-18.1769342,-18.1769342,0.826971918,861.616362,0.0,45.2782373,-0.586174335,0.0,837.861218,856.414859,869.637003,0.0,0.0
1084.0,197.39757,1380.52013,-77.282463,-77.282463,-11.17272935,-11.17272935,-9.42684575,-9.42684575,849.410611,-253.98354,-253.98354,-22.5918531,-22.5918531,-17.6691073,-17.6691073,0.827129012,1070.843064,0.0,44.2251353,-0.584125735,0.0,1380.52013,1070.409195,849.410611,0.0,0.0
1084.5,197.39757,1908.8017,-77.3418822,-77.3418822,-15.4603893,-15.4603893,-13.6107469,-13.6107469,831.161387,-198.846695,-198.846695,-17.32314455,-17.32314455,-13.84529485,-13.84529485,0.827300547,1280.06977,0.0,43.2749774,-0.397040718,0.0,1908.8017,1279.57549,831.161387,0.0,0.0
1085.0,197.39757,2419.46617,-77.4717648,-77.4717648,-19.6292375,-19.6292375,-17.7014048,-17.7014048,825.241716,-63.26136313,-63.26136313,-5.464801315,-5.464801315,-4.474174077,-4.474174077,0.827456026,1489.29644,0.0,42.966766,0.053578932,0.0,2419.46617,1488.61025,825.241716,0.0,0.0
1085.5,199.751785,2914.54503,-78.3408238,-78.3408238,-23.9251354,-23.9251354,-21.9000415,-21.9000415,834.183716,48.1399537,48.1399537,4.21114671,4.21114671,5.20670576,5.20670576,0.827577913,1698.52313,0.0,43.4323372,0.417818966,0.0,2914.54503,1699.83743,834.183716,0.0,0.0
1086.0,216.37235,3417.78892,-85.4061238,-85.4061238,-30.6020151,-30.6020151,-28.2260977,-28.2260977,850.139547,58.813595,58.813595,5.235963,5.235963,6.34608854,6.34608854,0.827698819,1907.74982,0.0,44.2630885,0.482878707,0.0,3417.78892,1918.5574,850.139547,0.0,0.0
1086.5,235.394152,3897.98485,-93.4098044,-93.4098044,-38.1622077,-38.1622077,-35.3661706,-35.3661706,867.436882,58.813595,58.813595,5.34249633,5.34249633,6.45602028,6.45602028,0.827856268,2116.97656,0.0,45.1636849,0.517684752,0.0,3897.98485,2128.47027,867.436882,0.0,0.0
1087.0,254.415953,4369.60313,-101.9643946,-101.9643946,-46.6995166,-46.6995166,-43.4230168,-43.4230168,885.934595,58.813595,58.813595,5.4564227,5.4564227,6.57286251,6.57286251,0.828052012,2322.01012,0.0,46.1267821,0.553329884,0.0,4369.60313,2335.51483,885.934595,0.0,0.0
1087.5,273.437751,4510.18345,-114.2621095,-114.2621095,-53.9625072,-53.9625072,-50.0446762,-50.0446762,905.809127,58.813595,58.813595,5.57882881,5.57882881,6.69758088,6.69758088,0.828286583,2388.9282,0.0,47.1615623,0.59535175,0.0,4510.18345,2405.61594,905.809127,0.0,0.0
1088.0,292.459556,4467.72105,-121.8825431,-121.8825431,-57.0216518,-57.0216518,-52.8209657,-52.8209657,926.972642,58.813595,58.813595,5.70917378,5.70917378,6.82946486,6.82946486,0.82853972,2388.9282,0.0,48.2634552,0.62909928,0.0,4467.72105,2400.30416,926.972642,0.0,0.0
1088.5,311.481355,4436.09616,-129.7942886,-129.7942886,-60.293338,-60.293338,-55.8229199,-55.8229199,949.311836,58.813595,58.813595,5.84675976,5.84675976,6.96765268,6.96765268,0.82880564,2388.9282,0.0,49.426561,0.663218546,0.0,4436.09616,2400.18857,949.311836,0.0,0.0
1089.0,330.503152,4403.16583,-137.718611,-137.718611,-63.4995277,-63.4995277,-58.7598956,-58.7598956,972.828739,58.813595,58.813595,5.99159907,5.99159907,7.11423474,7.11423474,0.829084237,2388.9282,0.0,50.6509835,0.697217824,0.0,4403.16583,2400.21731,972.828739,0.0,0.0
1089.5,349.524959,4368.59987,-145.643125,-145.643125,-66.6262084,-66.6262084,-61.6185142,-61.6185142,997.5185,58.813595,58.813595,6.14366207,6.14366207,7.27341306,7.27341306,0.829374887,2388.9282,0.0,51.9364736,0.731068766,0.0,4368.59987,2400.2503,997.5185,0.0,0.0
1090.0,368.546756,4332.39943,-153.567606,-153.567606,-69.6692145,-69.6692145,-64.3948222,-64.3948222,1023.375905,58.813595,58.813595,6.30291617,6.30291617,7.43951559,7.43951559,0.829677004,2388.9282,0.0,53.2827565,0.764763976,0.0,4332.39943,2400.28495,1023.375905,0.0,0.0
1090.5,383.715468,4285.593709999999,-160.129414,-160.129414,-71.862361,-71.862361,-66.3714186,-66.3714186,1050.34711,58.813595,58.813595,6.46903056,6.46903056,7.61171282,7.61171282,0.829989471,2388.9282,0.0,54.6870312,0.79144421,0.0,4285.593709999999,2396.55712,1050.34711,0.0,0.0
1091.0,384.9511,4225.9737,-160.44994,-160.44994,-71.006046,-71.006046,-65.516807,-65.516807,1077.73388,58.813595,58.813595,6.63770391,6.63770391,7.78546814,7.78546814,0.83030291,2388.9282,0.0,56.1129394,0.790929284,0.0,4225.9737,2387.73974,1077.73388,0.0,0.0
1091.5,384.9511,4186.40798,-160.401098,-160.401098,-70.3197835,-70.3197835,-64.840544,-64.840544,1105.0311,58.813595,58.813595,6.80582613,6.80582613,7.9575652,7.9575652,0.830612036,2388.9282,0.0,57.534189,0.788273032,0.0,4186.40798,2387.21478,1105.0311,0.0,0.0
1092.0,384.9511,4148.29257,-160.399395,-160.399395,-69.6788088,-69.6788088,-64.2049803,-64.2049803,1132.2377,58.813595,58.813595,6.97339027,6.97339027,8.1280172,8.1280172,0.830917697,2388.9282,0.0,58.9507192,0.785643376,0.0,4148.29257,2387.24037,1132.2377,0.0,0.0
1092.5,384.9511,4110.36174,-160.397293,-160.397293,-69.0407846,-69.0407846,-63.5729355,-63.5729355,1159.32302,56.6555342,56.6555342,6.87594799,6.87594799,8.00994519,8.00994519,0.83122004,2388.9282,0.0,60.3609359,0.775986688,0.0,4110.36174,2387.27206,1159.32302,0.0,0.0
1093.0,384.9511,4074.47884,-160.373615,-160.373615,-68.4279704,-68.4279704,-62.9672604,-62.9672604,1184.88983,31.3141366,31.3141366,3.87898044,3.87898044,4.80500863,4.80500863,0.831526263,2388.9282,0.0,61.6920867,0.691382394,0.0,4074.47884,2387.26916,1184.88983,0.0,0.0
1093.5,384.183488,3878.16148,-165.375114,-165.375114,-67.103183,-67.103183,-61.5197175,-61.5197175,1207.07426,-0.26344466,-0.26344466,-0.038923609,-0.038923609,0.312565319,0.312565319,0.831847312,2309.30442,0.0,62.8471339,0.594732938,0.0,3878.16148,2318.53338,1207.07426,0.0,0.0
1094.0,345.510345,2950.89747,-152.696122,-152.696122,-47.4097238,-47.4097238,-42.481603,-42.481603,1225.05398,-31.8410261,-31.8410261,-4.0887941,-4.0887941,-3.33149002,-3.33149002,0.832145596,1973.61881,0.0,63.7832609,0.423582846,0.0,2950.89747,1943.19019,1225.05398,0.0,0.0
1094.5,286.172537,2056.5505,-127.0980118,-127.0980118,-27.557225,-27.557225,-23.698902,-23.698902,1235.93215,-63.4186073,-63.4186073,-8.20999707,-8.20999707,-7.1335993,-7.1335993,0.832365856,1618.84112,0.0,64.349641,0.206589453,0.0,2056.5505,1577.39752,1235.93215,0.0,0.0
1095.0,226.834735,1205.35145,-101.4480899,-101.4480899,-13.0105661,-13.0105661,-10.41370818,-10.41370818,1239.35474,-94.9961896,-94.9961896,-12.32899105,-12.32899105,-10.81672935,-10.81672935,0.832524713,1269.65088,0.0,64.52784,-0.00970101208,0.0,1205.35145,1225.20573,1239.35474,0.0,0.0
1095.5,167.49693,908.575295,-69.0925857,-69.0925857,-6.5585039,-6.5585039,-5.18493045,-5.18493045,1235.02098,-126.5737714,-126.5737714,-16.367653,-16.367653,-14.3140103,-14.3140103,0.832650439,1150.0897,0.0,64.3022,-0.240706906,0.0,908.575295,1099.18453,1235.02098,0.0,0.0
1096.0,133.048494,1000.702051,-54.349963,-54.349963,-5.69575777,-5.69575777,-4.70437422,-4.70437422,1223.36504,-158.151353,-158.151353,-20.2569321,-20.2569321,-17.5578372,-17.5578372,0.832782779,1150.0897,0.0,63.6953239,-0.414343104,0.0,1000.702051,1130.71333,1223.36504,0.0,0.0
1096.5,132.84709,1068.35156,-55.0849889,-55.0849889,-6.16281239,-6.16281239,-5.13442181,-5.13442181,1207.36161,-184.478219,-184.478219,-23.3226158,-23.3226158,-20.013599,-20.013599,0.832932738,1150.0897,0.0,62.8620969,-0.500274308,0.0,1068.35156,1149.51852,1207.36161,0.0,0.0
1097.0,132.84709,1094.43845,-55.1362329,-55.1362329,-6.31912746,-6.31912746,-5.28307442,-5.28307442,1189.81776,-187.29326,-187.29326,-23.3362577,-23.3362577,-19.9704703,-19.9704703,0.833090149,1150.0897,0.0,61.9486628,-0.50785701,0.0,1094.43845,1150.12971,1189.81776,0.0,0.0
1097.5,132.84709,1226.67186,-50.6641013,-50.6641013,-6.44364589,-6.44364589,-5.49963667,-5.49963667,1172.28874,-183.919379,-183.919379,-22.5803933,-22.5803933,-19.3113114,-19.3113114,0.833246376,1206.20849,0.0,61.0360035,-0.502811656,0.0,1226.67186,1194.91794,1172.28874,0.0,0.0
1098.0,132.84709,2131.29657,-45.7984076,-45.7984076,-10.2297054,-10.2297054,-9.31810064,-9.31810064,1156.11293,-156.734467,-156.734467,-18.9794742,-18.9794742,-16.3503782,-16.3503782,0.833402305,1566.14567,0.0,60.1937992,-0.418437796,0.0,2131.29657,1561.89404,1156.11293,0.0,0.0
1098.5,133.108134,3130.36221,-46.1645035,-46.1645035,-15.1356951,-15.1356951,-14.1334776,-14.1334776,1143.53397,-124.986436,-124.986436,-14.9701351,-14.9701351,-12.98377215,-12.98377215,0.833565544,1971.23681,0.0,59.5388663,-0.30926642,0.0,3130.36221,1970.26789,1143.53397,0.0,0.0
1099.0,150.201658,4147.51874,-53.0559,-53.0559,-23.1491818,-23.1491818,-21.8669095,-21.8669095,1135.13112,-93.238399,-93.238399,-11.0849056,-11.0849056,-9.6331028,-9.6331028,0.833741489,2376.32797,0.0,59.1013677,-0.1685330386,0.0,4147.51874,2388.60785,1135.13112,0.0,0.0
1099.5,177.009162,5135.102000000001,-64.5773585,-64.5773585,-34.8207097,-34.8207097,-33.0687898,-33.0687898,1132.0219,-61.4903622,-61.4903622,-7.2894974,-7.2894974,-6.26481348,-6.26481348,0.833949862,2781.41921,0.0,58.9394835,-0.0125804641,0.0,5135.102000000001,2797.73313,1132.0219,0.0,0.0
1100.0,203.816663,6104.47584,-75.784291,-75.784291,-48.5392044,-48.5392044,-46.2607093,-46.2607093,1134.23826,-29.7423273,-29.7423273,-3.5313749,-3.5313749,-2.82137612,-2.82137612,0.83419993,3186.51034,0.0,59.0548783,0.140651799,0.0,6104.47584,3202.39081,1134.23826,0.0,0.0
1100.5,230.62417,7066.19271,-86.981713,-86.981713,-64.4565316,-64.4565316,-61.6401942,-61.6401942,1141.74268,2.005707696,2.005707696,0.2425904403,0.2425904403,0.605085863,0.605085863,0.834498546,3591.60151,0.0,59.4456021,0.293346994,0.0,7066.19271,3606.95,1141.74268,0.0,0.0
1101.0,257.431672,8020.581179999999,-98.1767555,-98.1767555,-82.5518755,-82.5518755,-79.1690805,-79.1690805,1154.467,30.7030775,30.7030775,3.71428776,3.71428776,4.6331323,4.6331323,0.834849089,3996.69267,0.0,60.1081042,0.435651627,0.0,8020.581179999999,4011.50782,1154.467,0.0,0.0
1101.5,284.239174,8969.8067,-109.3493035,-109.3493035,-102.8050025,-102.8050025,-98.965983,-98.965983,1170.82776,35.65149,35.65149,4.37118618,4.37118618,5.29675294,5.29675294,0.83526219,4401.78383,0.0,60.9599371,0.500703833,0.0,8969.8067,4416.04031,1170.82776,0.0,0.0
1102.0,311.046681,9907.77525,-121.0615645,-121.0615645,-125.7143195,-125.7143195,-121.5376961,-121.5376961,1194.62953,256.1062875,156.9024645,32.1611674,19.6632454,37.44629176,22.88428616,0.83572473,4804.5604,0.0,62.1991895,0.942079663,0.0,9907.77525,4820.23379,1194.62953,0.0,0.0
1102.5,334.580245,10263.817850000001,-140.358455,-140.358455,-150.851933,-150.851933,-145.946254,-145.946254,1230.73019,389.24927,179.527088,50.1671308,23.1363537,58.2216697,26.8512751,0.836226873,4966.02,0.0,64.0787964,1.07258713,0.0,10263.817850000001,4989.46463,1230.73019,0.0,0.0
1103.0,338.00818,10148.0177,-141.09493,-141.09493,-149.94156,-149.94156,-145.06549,-145.06549,1267.6734,389.24927,175.260746,51.6730128,23.264638,59.6633481,26.8623701,0.836763041,4966.02,0.0,66.0022715,1.06008241,0.0,10148.0177,4962.85012,1267.6734,0.0,0.0
1103.5,338.00818,10092.8859,-140.940744,-140.940744,-148.963739,-148.963739,-144.119464,-144.119464,1304.02029,389.24927,171.276815,53.1545882,23.3877946,61.075893,26.8733723,0.837294453,4966.02,0.0,67.8946961,1.04289106,0.0,10092.8859,4961.13212,1304.02029,0.0,0.0
1104.0,338.00818,10042.7207,-140.933139,-140.933139,-148.215339,-148.215339,-143.395397,-143.395397,1339.79324,389.24927,167.547331,54.6127686,23.5062555,62.460632,26.8843251,0.837823294,4966.02,0.0,69.7572376,1.02673039,0.0,10042.7207,4961.14555,1339.79324,0.0,0.0
1104.5,338.00818,9993.4072,-140.92872,-140.92872,-147.482913,-147.482913,-142.680402,-142.680402,1375.01652,389.24927,163.964306,56.0485423,23.6083814,63.8514497,26.8952333,0.83834976,4966.02,0.0,71.591163,1.01100406,0.0,9993.4072,4961.19247,1375.01652,0.0,0.0
1105.0,338.00818,9944.8469,-140.92447,-140.92447,-146.761833,-146.761833,-141.953455,-141.953455,1409.70279,389.24927,160.536232,57.462427,23.697969,65.2410708,26.906097,0.838873828,4966.02,0.0,73.3971277,0.995737399,0.0,9944.8469,4961.23926,1409.70279,0.0,0.0
1105.5,338.00818,9897.0104,-140.9204,-140.9204,-146.051663,-146.051663,-141.235718,-141.235718,1443.87204,389.24927,157.30942,58.8552384,23.7845698,66.6059191,26.9169144,0.839395476,4966.02,0.0,75.1761704,0.98108283,0.0,9897.0104,4961.285379999999,1443.87204,0.0,0.0
1106.0,338.00818,9849.869900000002,-140.916477,-140.916477,-145.35196,-145.35196,-140.528845,-140.528845,1477.54443,389.24927,154.265939,60.2277942,23.8684208,67.9469895,26.9276868,0.839914746,4966.02,0.0,76.9293474,0.966984246,0.0,9849.869900000002,4961.330779999999,1477.54443,0.0,0.0
1106.5,338.00818,9803.398949999999,-140.912701,-140.912701,-144.662325,-144.662325,-139.832425,-139.832425,1510.73829,389.24927,151.390007,61.5808452,23.9497302,69.2652053,26.9384159,0.840431673,4966.02,0.0,78.6576092,0.953392506,0.0,9803.398949999999,4961.37558,1510.73829,0.0,0.0
1107.0,338.00818,9757.574550000001,-140.90905,-140.90905,-143.982393,-143.982393,-139.146073,-139.146073,1543.47036,389.24927,148.663637,62.9150723,24.0280279,70.5633375,26.9491003,0.840946262,4966.02,0.0,80.3618254,0.940251332,0.0,9757.574550000001,4961.4197,1543.47036,0.0,0.0
1107.5,338.00818,9712.379,-140.905472,-140.905472,-143.311848,-143.311848,-138.469467,-138.469467,1575.75315,389.24927,146.030812,64.2309848,24.0961929,71.8638398,26.959742,0.841458573,4966.02,0.0,82.0426489,0.927381573,0.0,9712.379,4961.46314,1575.75315,0.0,0.0
1108.0,338.00818,9010.0096,-154.568709,-154.568709,-145.722101,-145.722101,-140.337766,-140.337766,1607.96408,389.24927,143.490214,65.5439711,24.1609791,73.165482,26.9705287,0.841977695,4669.545029999999,0.0,83.719733,0.93849534,0.0,9010.0096,4688.00994,1607.96408,0.0,0.0
1108.5,338.00818,7373.96107,-155.357594,-155.357594,-119.9714396,-119.9714396,-114.4776494,-114.4776494,1640.26321,389.24927,141.031321,66.8605521,24.2239972,74.4683132,26.9804188,0.842452892,4028.1537,0.0,85.4014096,0.927391725,0.0,7373.96107,4026.09715,1640.26321,0.0,0.0
1109.0,338.00818,5787.3172,-155.255672,-155.255672,-94.0922809,-94.0922809,-88.6110757,-88.6110757,1672.10851,389.24927,138.668974,68.1586308,24.2806919,75.7589589,26.9882901,0.842830721,3386.76237,0.0,87.0594579,0.915019431,0.0,5787.3172,3384.47732,1672.10851,0.0,0.0
1109.5,338.00818,4184.3222,-155.478544,-155.478544,-68.1271589,-68.1271589,-62.8262432,-62.8262432,1718.15076,389.24927,384.629671,70.0354095,69.1928252,83.570363,82.572955,0.842901482,2745.37114,0.0,89.4566776,1.70442433,0.0,4184.3222,2744.34291,1718.15076,0.0,0.0
1110.0,338.00818,2567.05674,-155.39669,-155.39669,-41.7755988,-41.7755988,-36.8876859,-36.8876859,1772.97853,389.24927,298.429585,72.2703046,55.3591037,83.4005975,63.9683553,0.842607078,2103.97982,0.0,92.311324,1.41714829,0.0,2567.05674,2103.40035,1772.97853,0.0,0.0
1110.5,338.00818,968.24175,-155.288236,-155.288236,-15.7467059,-15.7467059,-11.94641308,-11.94641308,1815.39691,389.24927,184.04881,73.9993665,34.9549385,82.474091,39.0099775,0.842281641,1462.58853,0.0,94.5198646,1.04037187,0.0,968.24175,1462.88939,1815.39691,0.0,0.0
1111.0,338.00818,7.329109517,-235.318838,-130.27506746,-0.0736225451,-0.14312061295,0.2712427044,0.07558709353,1846.71784,389.24927,126.4868069,75.2760725,24.4598743,82.8855652,26.9326334,0.841956277,893.427349,0.0,96.1506095,0.765132464,0.0,7.329109517,1081.33463,1846.71784,0.0,0.0
1111.5,338.00818,-8.4846796,-299.819445,-102.8679255,0.2662560695,0.10665086697,0.7471818279,0.2974253418,1874.94439,388.743865,124.3236124,76.3267622,24.4099081,83.92693,26.8405107,0.841630967,805.3096,0.0,97.6202425,0.87191598,0.0,-8.4846796,1091.23564,1874.94439,0.0,0.0
1112.0,325.053301,-5.40227503,-299.97832,-106.5970587,0.1696926755,0.05708607267,0.4799542289,0.1616629725,1902.57611,362.985732,122.4705654,72.3111143,24.4003352,79.4084955,26.794984,0.841305728,805.3096,0.0,99.0589079,0.772087807,0.0,-5.40227503,1108.65219,1902.57611,0.0,0.0
1112.5,285.307526,-6.601014966,-299.95579,-116.5277356,0.2072940486,0.0801533648,0.579784821,0.2242018756,1928.00912,323.450588,120.6870426,65.2966978,24.3663003,71.6200289,26.7256921,0.840980544,805.3096,0.0,100.3830945,0.691361493,0.0,-6.601014966,1123.00357,1928.00912,0.0,0.0
1113.0,244.744123,-196.4531315,-300.0,-105.2556516,6.17175711,2.120398422,12.82940027,4.42548633,1949.77662,283.968651,100.6493606,57.9742363,20.5457938,63.5387857,22.5176833,0.840655423,805.3096,0.0,101.5164345,0.552977159,0.0,-196.4531315,1056.714568,1949.77662,0.0,0.0
1113.5,204.180726,-727.273302,-288.531181,-90.6380529,21.7507088,6.80383981,30.347528,9.5066092,1966.17029,244.432924,76.977125,50.32325,15.8472914,55.3500165,17.4298123,0.840330353,805.3096,0.0,102.3699819,0.400924778,0.0,-727.273302,845.408521,1966.17029,0.0,0.0
1114.0,163.882618,-1192.89522,-202.885516,-70.498567,25.0817397,8.7589203,30.2700075,10.5547256,1978.07742,204.89765,71.7789515,42.4397481,14.8691157,46.7402291,16.3749506,0.840005343,805.3096,0.0,102.9899335,0.300076677,0.0,-1192.89522,658.612268,1978.07742,0.0,0.0
1114.5,148.01672,-1126.63764,-119.8587086,-58.9704948,14.2387254,6.95396333,17.0062171,8.31563443,1988.04231,165.362384,81.4172085,34.4229073,16.9506483,37.7897452,18.6072994,0.839680395,805.3096,0.0,103.5087622,0.2910032,0.0,-1126.63764,692.000977,1988.04231,0.0,0.0
1115.0,148.01672,-982.987551,-92.3753435,-61.3745401,9.51147555,6.31762039,11.6556504,7.74245108,1998.33931,125.827115,83.5448708,26.3277388,17.4829966,28.873898,19.1737435,0.8393555,805.3096,0.0,104.0448824,0.300303581,0.0,-982.987551,757.787196,1998.33931,0.0,0.0
1115.5,148.01672,-979.887511,-66.13373,-61.0310987,6.79157771,6.26376461,8.32563284,7.67890902,2008.60027,86.291847,79.443292,18.1472299,16.7088582,19.9177497,18.3403043,0.839033769,805.3096,0.0,104.5791279,0.284672985,0.0,-979.887511,765.068461,2008.60027,0.0,0.0
1116.0,148.01672,-902.903534,-61.2376481,-61.2376481,5.78978431,5.78978431,7.22919913,7.22919913,2016.87007,50.5975656,50.5975656,10.6851998,10.6851998,11.9370632,11.9370632,0.838793105,805.3096,0.0,105.0096986,0.190273465,0.0,-902.903534,801.930701,2016.87007,0.0,0.0
1116.5,148.01672,-899.56148,-61.6286815,-61.6286815,5.80553808,5.80553808,7.25975909,7.25975909,2022.89091,44.49847,44.49847,9.4264068,9.4264068,10.607668,10.607668,0.838626064,805.3096,0.0,105.32318,0.17015566,0.0,-899.56148,806.836926,2022.89091,0.0,0.0
1117.0,148.01672,-907.521612,-61.6376916,-61.6376916,5.85776511,5.85776511,7.31005268,7.31005268,2028.75621,44.49847,44.49847,9.453738,9.453738,10.63648905,10.63648905,0.838461408,805.3096,0.0,105.6285591,0.169145836,0.0,-907.521612,806.94933,2028.75621,0.0,0.0
1117.5,181.75399,-810.529961,-71.761043,-71.761043,6.03095742,6.03095742,7.88826421,7.88826421,2035.16844,44.49847,44.49847,9.4836184,9.4836184,10.6679856,10.6679856,0.838292903,827.57678,0.0,105.962418,0.224917907,0.0,-810.529961,851.052341,2035.16844,0.0,0.0
1118.0,268.956021,113.380898,-100.61071,-100.61071,-1.593294633,-1.593294633,0.218930216,0.218930216,2045.45596,44.49847,44.49847,9.5315568,9.5315568,10.7184901,10.7184901,0.838149384,1189.75166,0.0,106.4980454,0.374897202,0.0,113.380898,1241.50528,2045.45596,0.0,0.0
1118.5,356.801765,1260.85506,-137.9169625,-137.9169625,-18.5652342,-18.5652342,-14.7832999,-14.7832999,2061.27262,44.49847,44.49847,9.6052605,9.6052605,10.7960761,10.7960761,0.838115444,1667.01029,0.0,107.3215499,0.539353517,0.0,1260.85506,1728.21294,2061.27262,0.0,0.0
1119.0,444.647504,2347.19809,-177.03749,-177.03749,-43.9050236,-43.9050236,-38.4039452,-38.4039452,2082.74421,44.49847,44.49847,9.70531525,9.70531525,10.90127935,10.90127935,0.838211193,2123.821,0.0,108.4394813,0.705923887,0.0,2347.19809,2192.78542,2082.74421,0.0,0.0
1119.5,486.14148,2506.23461,-204.472672,-204.472672,-53.6734165,-53.6734165,-47.2497571,-47.2497571,2109.28551,44.49847,44.49847,9.82899435,9.82899435,11.03113145,11.03113145,0.83841612,2243.1497,0.0,109.8213694,0.797236441,0.0,2506.23461,2274.45897,2109.28551,0.0,0.0
1120.0,486.14148,2394.14122,-202.577963,-202.577963,-50.7891987,-50.7891987,-44.4691724,-44.4691724,2136.68365,44.49847,44.49847,9.956666,9.956666,11.1655057,11.1655057,0.838619948,2243.1497,0.0,111.247876,0.788920029,0.0,2394.14122,2243.81363,2136.68365,0.0,0.0
1120.5,486.14148,2354.13169,-202.507736,-202.507736,-49.9230352,-49.9230352,-43.6263876,-43.6263876,2163.90627,46.5870473,46.5870473,10.55876545,10.55876545,11.804476,11.804476,0.838815731,2243.1497,0.0,112.6652385,0.790497368,0.0,2354.13169,2243.06046,2163.90627,0.0,0.0
1121.0,486.14148,2361.94211,-200.829347,-200.829347,-49.6677994,-49.6677994,-43.4210311,-43.4210311,2191.85259,61.071752,61.071752,14.0219087,14.0219087,15.4371167,15.4371167,0.838996913,2266.67669,0.0,114.120283,0.829183483,0.0,2361.94211,2262.62805,2191.85259,0.0,0.0
1121.5,486.14148,2615.93181,-199.538227,-199.538227,-54.6620212,-54.6620212,-48.3514569,-48.3514569,2221.27836,77.5999224,77.5999224,18.0549656,18.0549656,19.7125603,19.7125603,0.839168508,2386.61912,0.02616735943,115.6523557,0.871437101,0.0,2615.93181,2385.49657,2221.27836,-0.63928266,0.0598476
1122.0,486.14148,2891.2646,-199.566702,-199.566702,-60.4231119,-60.4231119,-54.0062152,-54.0062152,2249.36876,94.1280899,94.1280899,22.1756411,22.1756411,24.1036019,24.1036019,0.839346735,2516.94116,1.69368472,117.114901,0.699964526,0.0,2891.2646,2516.4664,2249.36876,-42.2207736,3.98354464
1122.5,485.889515,3176.8966,-199.448208,-199.448208,-66.3525062,-66.3525062,-59.8384159,-59.8384159,2268.4746,110.6580263,110.6580263,26.2892743,26.2892743,28.5326878,28.5326878,0.839340342,2647.26341,4.27323559,118.109657,0.40846455,0.0,3176.8966,2646.47571,2268.4746,-106.7292145,10.1445925
1123.0,466.529301,3436.21175,-191.690112,-191.690112,-68.9465061,-68.9465061,-62.6029476,-62.6029476,2279.94184,127.186924,127.186924,30.3679846,30.3679846,32.9644166,32.9644166,0.839019874,2777.58556,5.2113376,118.7067105,0.299167019,0.0,3436.21175,2761.07428,2279.94184,-130.28345,12.44232675
1123.5,435.45197,3631.79671,-180.6817,-180.6817,-68.7164111,-68.7164111,-62.6806599,-62.6806599,2290.17458,142.444317,142.444317,34.1628822,34.1628822,37.1138368,37.1138368,0.838695106,2866.13721,5.2113376,119.239482,0.291151707,0.0,3631.79671,2848.43345,2290.17458,-130.28345,12.4981697
1124.0,404.374643,3614.90959,-168.368172,-168.368172,-63.7378808,-63.7378808,-58.1187612,-58.1187612,2299.50247,145.4966,145.4966,35.036066,35.036066,38.0646042,38.0646042,0.838370409,2868.7268,5.2113376,119.7251466,0.241553291,0.0,3614.90959,2846.85309,2299.50247,-130.28345,12.54907485
1124.5,373.297313,3603.63415,-155.383299,-155.383299,-58.6382489,-58.6382489,-53.4559397,-53.4559397,2306.81546,145.4966,145.4966,35.1474897,35.1474897,38.1774801,38.1774801,0.83804574,2868.7268,5.18520558,120.1059027,0.184674041,0.0,3603.63415,2846.43132,2306.81546,-129.643181,12.527043
1125.0,342.219986,3592.39831,-142.493087,-142.493087,-53.6070142,-53.6070142,-48.8578281,-48.8578281,2315.02834,145.4966,145.4966,35.2726242,35.2726242,38.3041819,38.3041819,0.837721146,2868.7268,3.51765286,120.5335125,0.344029722,0.0,3592.39831,2846.55141,2315.02834,-88.0528155,8.53595139
1125.5,311.142655,3569.00458,-129.6423896,-129.6423896,-48.4565944,-48.4565944,-44.1420104,-44.1420104,2331.80109,145.4966,145.4966,35.5281796,35.5281796,38.5643645,38.5643645,0.837396605,2868.7268,0.938126425635,121.4067969,0.622814968,0.0,3569.00458,2846.61055,2331.80109,-23.5513636945,2.2957704576
1126.0,280.065326,3535.79624,-116.7301767,-116.7301767,-43.2251519,-43.2251519,-39.363634,-39.363634,2355.31993,145.4966,145.4966,35.8865207,35.8865207,38.9306884,38.9306884,0.837099735,2868.7268,0.0,122.6313185,0.683845278,0.0,3535.79624,2846.52481,2355.31993,0.0,0.0
1126.5,249.564861,3505.12667,-103.886285,-103.886285,-38.1347914,-38.1347914,-34.8904307,-34.8904307,2377.86675,145.4966,145.4966,36.2300513,36.2300513,39.2814801,39.2814801,0.837027794,2868.7268,0.0,123.8052305,0.621354728,0.0,3505.12667,2846.92786,2377.86675,0.0,0.0
1127.0,239.44139,3515.37162,-99.4530412,-99.4530412,-36.6115996,-36.6115996,-33.5860071,-33.5860071,2398.77441,145.4966,145.4966,36.548609,36.548609,39.6064179,39.6064179,0.836984226,2868.7268,0.0,124.8938023,0.597527241,0.0,3515.37162,2863.39872,2398.77441,0.0,0.0
1127.5,239.44139,3497.56262,-99.7889483,-99.7889483,-36.5490821,-36.5490821,-33.5091301,-33.5091301,2419.37243,145.4966,145.4966,36.8624493,36.8624493,39.9262153,39.9262153,0.836935878,2868.7268,0.0,125.9662585,0.593829002,0.0,3497.56262,2868.01543,2419.37243,0.0,0.0
1128.0,239.44139,3469.17517,-99.7970301,-99.7970301,-36.2553807,-36.2553807,-33.2182413,-33.2182413,2439.8284,145.4966,145.4966,37.1741226,37.1741226,40.2434851,40.2434851,0.836882869,2868.7268,0.0,127.0313099,0.589553616,0.0,3469.17517,2868.14719,2439.8284,0.0,0.0
1128.5,239.44139,3440.7492,-99.796008,-99.796008,-35.9579406,-35.9579406,-32.9244122,-32.9244122,2460.13599,145.4966,145.4966,37.4835368,37.4835368,40.5581362,40.5581362,0.836824669,2868.7268,0.0,128.0886385,0.58525774,0.0,3440.7492,2868.17636,2460.13599,0.0,0.0
1129.0,239.44139,3412.52668,-99.794817,-99.794817,-35.6625723,-35.6625723,-32.6329827,-32.6329827,2480.29505,145.4966,145.4966,37.7906882,37.7906882,40.8701746,40.8701746,0.836761219,2868.7268,0.0,129.13823,0.580957798,0.0,3412.52668,2868.20349,2480.29505,0.0,0.0
1129.5,239.44139,3384.51228,-99.7936209,-99.7936209,-35.3693828,-35.3693828,-32.34405,-32.34405,2500.30527,145.4966,145.4966,38.0955712,38.0955712,41.1796057,41.1796057,0.836692496,2868.7268,0.0,130.180079,0.576654876,0.0,3384.51228,2868.23034,2500.30527,0.0,0.0
1130.0,239.44139,3356.70617,-99.792425,-99.792425,-35.0783802,-35.0783802,-32.057608,-32.057608,2520.16676,145.4966,145.4966,38.3981887,38.3981887,41.4871692,41.4871692,0.836618458,2868.7268,0.0,131.214182,0.572349746,0.0,3356.70617,2868.25703,2520.16676,0.0,0.0
1130.5,239.44139,3419.28813,-96.6562037,-96.6562037,-34.5865123,-34.5865123,-31.7056386,-31.7056386,2539.82896,145.4966,145.4966,38.6977685,38.6977685,41.7934679,41.7934679,0.836538189,2913.50352,0.0,132.237905,0.562602785,0.0,3419.28813,2905.77839,2539.82896,0.0,0.0
1131.0,239.44139,3929.89992,-94.3859615,-94.3859615,-38.8452735,-38.8452735,-36.0010037,-36.0010037,2559.09265,145.4966,145.4966,38.991277,38.991277,42.0934393,42.0934393,0.836469283,3131.84029,0.0,133.240884,0.554413448,0.0,3929.89992,3129.49558,2559.09265,0.0,0.0
1131.5,239.44139,4472.32293,-94.5115661,-94.5115661,-44.2636369,-44.2636369,-41.3404286,-41.3404286,2578.19212,145.4966,145.4966,39.2822826,39.2822826,42.3906157,42.3906157,0.836441744,3367.44725,0.0,134.23531,0.550397845,0.0,4472.32293,3366.35394,2578.19212,0.0,0.0
1132.0,239.44139,5011.318020000001,-94.5131916,-94.5131916,-49.5990046,-49.5990046,-46.6083273,-46.6083273,2597.14723,145.4966,145.4966,39.5710895,39.5710895,42.6853094,42.6853094,0.836451923,3603.05425,0.0,135.222218,0.546167251,0.0,5011.318020000001,3601.70144,2597.14723,0.0,0.0
1132.5,239.44139,5550.4441,-94.512064,-94.512064,-54.934295,-54.934295,-51.8909602,-51.8909602,2615.95589,145.4966,145.4966,39.8576667,39.8576667,42.977496,42.977496,0.836496664,3838.66126,0.0,136.201505,0.541933983,0.0,5550.4441,3837.01811,2615.95589,0.0,0.0
1133.0,238.279626,6089.88956,-94.1269077,-94.1269077,-60.0199582,-60.0199582,-56.9635091,-56.9635091,2632.44802,88.6937261,88.6937261,24.4387145,24.4387145,26.4483368,26.4483368,0.836605165,4074.2683,0.0,137.060184,0.352469516,0.0,6089.88956,4071.115,2632.44802,0.0,0.0
1133.5,225.212288,6625.96762,-88.5373571,-88.5373571,-61.3990011,-61.3990011,-58.5576838,-58.5576838,2638.17435,-19.6523074,-19.6523074,-5.42853129,-5.42853129,-4.35953995,-4.35953995,0.836866702,4309.87526,0.0,137.358326,-0.02430893387,0.0,6625.96762,4297.52466,2638.17435,0.0,0.0
1134.0,209.034157,7194.31649,-82.2486015,-82.2486015,-61.9469416,-61.9469416,-59.3069563,-59.3069563,2630.74103,-128.0204081,-128.0204081,-35.2552736,-35.2552736,-32.6775042,-32.6775042,0.83725538,4541.23675,0.0,136.971307,-0.405549542,0.0,7194.31649,4529.67839,2630.74103,0.0,0.0
1134.5,192.856026,7418.06202,-80.3882351,-80.3882351,-62.4471633,-62.4471633,-59.8451777,-59.8451777,2610.14429,-236.388507,-236.388507,-64.5874454,-64.5874454,-59.0058613,-59.0058613,0.837747908,4618.4976,0.0,135.898918,-0.78750448,0.0,7418.06202,4610.75426,2610.14429,0.0,0.0
1135.0,176.677894,7333.303519999999,-78.6317875,-78.6317875,-60.3233895,-60.3233895,-57.8002556,-57.8002556,2578.53812,-286.9989,-286.9989,-77.4965576,-77.4965576,-70.058213,-70.058213,0.838301501,4556.44344,0.0,134.253326,-0.973807832,0.0,7333.303519999999,4557.0311,2578.53812,0.0,0.0
1135.5,160.499763,6228.07303,-79.2018202,-79.2018202,-51.7472218,-51.7472218,-49.3224732,-49.3224732,2544.70891,-294.399566,-294.399566,-78.441083,-78.441083,-70.7008314,-70.7008314,0.838856463,4084.67017,0.0,132.491981,-1.009804756,0.0,6228.07303,4077.38395,2544.70891,0.0,0.0
1136.0,144.321633,4956.32262,-71.956649,-71.956649,-37.4206997,-37.4206997,-35.4158757,-35.4158757,2506.41794,-338.85464,-338.85464,-88.9396756,-88.9396756,-79.2218415,-79.2218415,0.839388215,3538.37801,0.0,130.498338,-1.18400104,0.0,4956.32262,3525.84137,2506.41794,0.0,0.0
1136.5,128.1435046,3702.93168,-65.2097434,-65.2097434,-25.3593144,-25.3593144,-23.7320848,-23.7320848,2465.08737,-338.85464,-338.85464,-87.4730691,-87.4730691,-77.7794944,-77.7794944,0.83988734,2992.08582,0.0,128.346434,-1.20698206,0.0,3702.93168,2980.16353,2465.08737,0.0,0.0
1137.0,111.9653779,2450.45616,-58.4813523,-58.4813523,-15.0795016,-15.0795016,-13.79136785,-13.79136785,2423.25906,-326.219505,-326.219505,-82.7984979,-82.7984979,-73.7166948,-73.7166948,0.84034226,2445.7937,0.0,126.1686146,-1.18744129,0.0,2450.45616,2434.57597,2423.25906,0.0,0.0
1137.5,96.4939926,1194.249221,-51.9820286,-51.9820286,-6.56366516,-6.56366516,-5.60203179,-5.60203179,2385.25335,-263.073225,-263.073225,-65.7316488,-65.7316488,-59.3247259,-59.3247259,0.840727886,1899.50154,0.0,124.1898254,-0.997407999,0.0,1194.249221,1889.66775,2385.25335,0.0,0.0
1138.0,92.48072,-52.6824186,-50.3570527,-50.3570527,0.282748664,0.282748664,1.0443547178,1.0443547178,2354.65654,-194.669654,-194.669654,-48.0171584,-48.0171584,-43.916284,-43.916284,0.841021405,1353.20938,0.0,122.596777,-0.768547053,0.0,-52.6824186,1352.945,2354.65654,0.0,0.0
1138.5,92.48072,-681.648304,-38.0420555,-38.0420555,2.71716998,2.71716998,3.46259,3.46259,2331.78628,-126.2660798,-126.2660798,-30.8435446,-30.8435446,-28.4344664,-28.4344664,0.841218966,1095.6871,0.0,121.406027,-0.555801127,0.0,-681.648304,1077.87392,2331.78628,0.0,0.0
1139.0,92.48072,-615.150836,-38.3261411,-38.3261411,2.46885657,2.46885657,3.22560191,3.22560191,2316.60209,-57.8625061,-57.8625061,-14.04368297,-14.04368297,-12.72823107,-12.72823107,0.841330576,1095.6871,0.0,120.6154483,-0.322718499,0.0,-615.150836,1096.67808,2316.60209,0.0,0.0
1139.5,92.48072,-603.221925,-38.4533744,-38.4533744,2.42906815,2.42906815,3.19542839,3.19542839,2309.34668,10.5541344,10.5541344,2.550343827,2.550343827,3.397034637,3.397034637,0.841339602,1095.6871,0.0,120.2376911,-0.09829312243,0.0,-603.221925,1097.40536,2309.34668,0.0,0.0
1140.0,92.48072,-596.270168,-39.4211863,-38.0231663,2.45913757,2.37505652,3.24693348,3.13470116,2309.73374,78.9591591,75.4587566,19.1006055,18.2532993,20.83134,19.9117071,0.841194284,1095.6871,0.0,120.2578443,0.110884487,0.0,-596.270168,1100.52405,2309.73374,0.0,0.0
1140.5,92.48072,-513.660167,-61.0677467,-37.9460075,3.27198128,2.04042616,4.53386325,2.82405426,2314.92247,147.36273,91.69718,35.7267138,22.2290576,38.7719574,24.1239299,0.840887397,1095.6871,0.0,120.5279969,0.162282292,0.0,-513.660167,1137.92832,2314.92247,0.0,0.0
1141.0,92.48072,-531.671296,-86.4997344,-39.3662338,4.82621882,2.19335884,6.61493464,3.00749208,2320.52462,199.175996,90.7624901,48.401441,22.0556016,52.5230555,23.9337415,0.840562286,1095.6871,0.0,120.819679,0.160609535,0.0,-531.671296,1133.70482,2320.52462,0.0,0.0
1141.5,92.48072,-623.90572,-87.7404425,-38.782915,5.73192405,2.53358438,7.4574826,3.29631963,2325.9609,202.3264,89.4348202,49.2814616,21.7839885,53.4761284,23.6381665,0.840237246,1095.6871,0.0,121.1027211,0.154208537,0.0,-623.90572,1098.49963,2325.9609,0.0,0.0
1142.0,92.48072,-633.766522,-87.3319956,-38.4927747,5.79605451,2.55468596,7.49680333,3.30431501,2331.24548,202.3264,89.1803679,49.3934294,21.7713629,53.5952693,23.6234267,0.839912246,1095.6871,0.0,121.3778685,0.151818368,0.0,-633.766522,1097.48213,2331.24548,0.0,0.0
1142.5,94.6214134,-653.439333,-85.2542479,-39.6326599,5.83219707,2.71244245,7.49653954,3.48627246,2336.48902,189.871734,88.2535354,46.4561124,21.5935104,50.4171537,23.4347283,0.83958731,1095.6871,0.0,121.6508779,0.152240422,0.0,-653.439333,1092.35775,2336.48902,0.0,0.0
1143.0,98.9069361,-673.665471,-78.9425678,-41.2418227,5.56841733,2.90962555,7.13626112,3.72884423,2341.80045,166.76462,87.0943069,40.8950782,21.3583279,44.3933255,23.1854175,0.839262456,1095.6871,0.0,121.9274185,0.155210383,0.0,-673.665471,1087.04283,2341.80045,0.0,0.0
1143.5,103.192454,-685.308807,-71.8397585,-43.0233829,5.15481295,3.0877751,6.60386054,3.95574426,2347.22617,143.657507,85.9972598,35.3100549,21.1381552,38.339502,22.9517824,0.838937626,1095.6871,0.0,122.209912,0.158656052,0.0,-685.308807,1085.36599,2347.22617,0.0,0.0
1144.0,107.4779734,-697.613628,-63.6177508,-44.8107703,4.64657396,3.27379589,5.94954768,4.19178646,2352.76896,120.5503915,84.8665556,29.7002543,20.9094845,32.2562168,22.7090076,0.838612865,1095.6871,0.0,122.4985005,0.161976664,0.0,-697.613628,1083.48223,2352.76896,0.0,0.0
1144.5,111.7634975,-710.302773,-54.2062752,-46.5968454,4.03089512,3.46619958,5.15964606,4.4368041,2358.42431,97.4432749,83.7034585,24.0647778,20.6724871,26.1423035,22.4572604,0.83828817,1095.6871,0.0,122.7929494,0.165164685,0.0,-710.302773,1081.50431,2358.42431,0.0,0.0
1145.0,114.109024,-701.430425,-47.2663676,-47.1688079,3.47203968,3.46471003,4.45809504,4.44871424,2363.90671,76.7858546,76.6175766,19.0076067,18.965991,20.691504,20.6462889,0.837979415,1095.6871,0.0,123.0783956,0.144856611,0.0,-701.430425,1088.3973,2363.90671,0.0,0.0
1145.5,114.109024,-687.190775,-47.4907997,-47.4907997,3.41755705,3.41755705,4.40631567,4.40631567,2368.61947,73.45877,73.45877,18.2208066,18.2208066,19.8541706,19.8541706,0.83771616,1095.6871,0.0,123.3237704,0.13422815,0.0,-687.190775,1097.07428,2368.61947,0.0,0.0
1146.0,114.109024,-558.204061,-43.0758392,-43.0758392,2.56663457,2.56663457,3.44719993,3.44719993,2373.16947,73.45877,73.45877,18.2558075,18.2558075,19.890492,19.890492,0.837459405,1161.68546,0.0,123.5606686,0.1256194729,0.0,-558.204061,1153.4033,2373.16947,0.0,0.0
1146.5,114.109024,182.5274759,-40.1018904,-40.1018904,-0.7699045713,-0.7699045713,-0.32553572,-0.32553572,2377.34578,73.45877,73.45877,18.287934,18.287934,19.9238239,19.9238239,0.837245226,1464.82935,0.0,123.7781095,0.1195884582,0.0,182.5274759,1464.06566,2377.34578,0.0,0.0
1147.0,114.109024,958.86623,-40.26288,-40.26288,-4.04296086,-4.04296086,-3.37189319,-3.37189319,2381.47275,73.45877,73.45877,18.3196812,18.3196812,19.9567575,19.9567575,0.837077666,1788.76058,0.0,123.9929824,0.1190211475,0.0,958.86623,1789.51568,2381.47275,0.0,0.0
1147.5,114.109024,1730.65528,-40.2661585,-40.2661585,-7.29758874,-7.29758874,-6.54575754,-6.54575754,2385.57309,73.45877,73.45877,18.3512233,18.3512233,19.989472,19.989472,0.836945572,2112.69177,0.0,124.2064705,0.1181833464,0.0,1730.65528,2113.05695,2385.57309,0.0,0.0
1148.0,114.109024,2502.39216,-40.265991,-40.265991,-10.5516968,-10.5516968,-9.73936585,-9.73936585,2389.64437,73.45877,73.45877,18.3825419,18.3825419,20.0219503,20.0219503,0.836845777,2436.62299,0.0,124.4184419,0.1173440876,0.0,2502.39216,2436.55956,2389.64437,0.0,0.0
1148.5,114.109024,3274.16781,-40.2657591,-40.2657591,-13.80592185,-13.80592185,-12.935035,-12.935035,2393.68666,73.45877,73.45877,18.4136379,18.4136379,20.0541921,20.0541921,0.836775346,2760.55421,0.0,124.6289106,0.1165092649,0.0,3274.16781,2760.06139,2393.68666,0.0,0.0
1149.0,114.109024,4045.98384,-40.2655298,-40.2655298,-17.0602788,-17.0602788,-16.1278781,-16.1278781,2397.70027,73.45877,73.45877,18.4445125,18.4445125,20.0861992,20.0861992,0.836732013,3084.48545,0.0,124.8378791,0.1156789899,0.0,4045.98384,3083.56318,2397.70027,0.0,0.0
1149.5,106.6495298,4773.51,-39.4764985,-39.4764985,-19.7295692,-19.7295692,-18.7537825,-18.7537825,2401.58318,73.45877,73.45877,18.474382,18.474382,20.1171599,20.1171599,0.836712239,3390.75551,0.0,125.0400464,0.1048148145,0.0,4773.51,3388.55949,2401.58318,0.0,0.0
1150.0,83.002988,4919.09411,-35.0018215,-35.0018215,-18.03497,-18.03497,-17.1447709,-17.1447709,2404.65054,73.45877,73.45877,18.4979786,18.4979786,20.1416143,20.1416143,0.836700936,3462.922,0.0,125.199753,0.0688432708,0.0,4919.09411,3450.92913,2404.65054,0.0,0.0
1150.5,60.6121493,4906.484829999999,-25.0155178,-25.0155178,-12.8522713,-12.8522713,-12.1518327,-12.1518327,2406.22722,73.45877,73.45877,18.5101066,18.5101066,20.1541822,20.1541822,0.836656405,3462.922,0.0,125.2818391,0.0250500055,0.0,4906.484829999999,3446.60281,2406.22722,0.0,0.0
1151.0,56.068115,4936.968940000001,-23.1840788,-23.1840788,-11.98618555,-11.98618555,-11.31385315,-11.31385315,2406.84921,73.45877,73.45877,18.5148912,18.5148912,20.1591409,20.1591409,0.83658571,3462.922,0.0,125.314225,0.0164339478,0.0,4936.968940000001,3459.65069,2406.84921,0.0,0.0
1151.5,56.068115,4940.53093,-23.3315639,-23.3315639,-12.071079,-12.071079,-11.39672365,-11.39672365,2407.42189,73.45877,73.45877,18.5192971,18.5192971,20.1637061,20.1637061,0.836514779,3462.922,0.0,125.3440447,0.0165716688,0.0,4940.53093,3461.46729,2407.42189,0.0,0.0
1152.0,56.068115,4939.04651,-23.350171,-23.350171,-12.07707505,-12.07707505,-11.4026338,-11.4026338,2408.6084,92.18282,92.18282,23.2522279,23.2522279,25.2032811,25.2032811,0.83642963,3462.922,0.0,125.4058205,0.0769082823,0.0,4939.04651,3461.54238,2408.6084,0.0,0.0
1152.5,56.068115,4931.85352,-23.3898858,-23.3898858,-12.07999665,-12.07999665,-11.40571785,-11.40571785,2413.78353,139.661582,133.700544,35.3054463,33.7970971,38.2108949,36.5780774,0.8362265,3462.922,0.0,125.6752655,0.210237767,0.0,4931.85352,3461.57102,2413.78353,0.0,0.0
1153.0,57.99714,4925.383589999999,-24.040142,-24.040142,-12.39981965,-12.39981965,-11.7166423,-11.7166423,2421.60501,187.449281,140.456985,47.538552,35.6187748,51.4592543,38.5562689,0.83590895,3462.922,0.0,126.0824995,0.233854409,0.0,4925.383589999999,3463.44581,2421.60501,0.0,0.0
1153.5,70.1476245,4929.64877,-29.2162871,-29.2162871,-15.0819114,-15.0819114,-14.30698995,-14.30698995,2430.46141,235.236981,149.189576,59.8759336,37.9721537,64.8631271,41.1345282,0.83558475,3462.922,0.0,126.5436113,0.283410224,0.0,4929.64877,3470.3917,2430.46141,0.0,0.0
1154.0,83.776234,4927.05891,-34.576178,-34.576178,-17.8409822,-17.8409822,-16.960164,-16.960164,2441.17329,283.024677,157.979378,72.356941,40.3864787,78.440769,43.7819516,0.8352606,3468.35466,0.0,127.101332,0.334802041,0.0,4927.05891,3475.56859,2441.17329,0.0,0.0
1154.5,97.4048455,4973.64673,-39.9978591,-39.9978591,-20.834909,-20.834909,-19.8291024,-19.8291024,2453.63891,309.16965,167.308507,79.4394276,42.9901337,86.1883486,46.642674,0.834936505,3494.3477,0.0,127.7503658,0.387663524,0.0,4973.64673,3502.23274,2453.63891,0.0,0.0
1155.0,105.1326396,5008.961310000001,-43.4360831,-43.4360831,-22.7838086,-22.7838086,-21.6904368,-21.6904368,2467.7376,309.16965,172.9284,79.895887,44.6882062,86.7237035,48.5072241,0.834612478,3522.31175,0.0,128.48442,0.417847157,0.0,5008.961310000001,3525.15958,2467.7376,0.0,0.0
1155.5,105.158424,5046.0549,-43.2575884,-43.2575884,-22.8582299,-22.8582299,-21.7659153,-21.7659153,2482.08311,309.16965,172.258666,80.3603399,44.7739777,87.1852506,48.5765823,0.834288492,3550.27587,0.0,129.231327,0.412336421,0.0,5046.0549,3548.97066,2482.08311,0.0,0.0
1156.0,105.158424,5092.99695,-43.2452594,-43.2452594,-23.0643132,-23.0643132,-21.9681705,-21.9681705,2496.27186,309.16965,172.039953,80.8197165,44.972765,87.6473278,48.7720433,0.83396457,3578.23994,0.0,129.970075,0.408559039,0.0,5092.99695,3576.78832,2496.27186,0.0,0.0
1156.5,105.158424,5140.418619999999,-43.2440381,-43.2440381,-23.2784113,-23.2784113,-22.1782366,-22.1782366,2510.33358,309.16965,171.859094,81.2749817,45.1785581,88.105424,48.9754168,0.833640705,3606.20401,0.0,130.70221,0.404933661,0.0,5140.418619999999,3604.73138,2510.33358,0.0,0.0
1157.0,105.158424,5188.02049,-43.2430354,-43.2430354,-23.4934318,-23.4934318,-22.3888368,-22.3888368,2524.27063,309.16965,171.685057,81.7262109,45.3833805,88.5619465,49.1793322,0.833316914,3634.16808,0.0,131.427852,0.401340843,0.0,5188.02049,3632.67664,2524.27063,0.0,0.0
1157.5,105.158424,5235.52889,-43.2870248,-43.2870248,-23.7327769,-23.7327769,-22.6223828,-22.6223828,2538.08461,309.16965,171.593089,82.1734539,45.6073444,89.017179,49.4057,0.832993159,3661.85552,0.0,132.147086,0.398101647,0.0,5235.52889,3660.51107,2538.08461,0.0,0.0
1158.0,105.158424,5242.083629999999,-43.9089956,-43.9089956,-24.1038413,-24.1038413,-22.9774375,-22.9774375,2551.84971,300.288318,171.92279,80.2420601,45.9426089,86.9020936,49.7556087,0.832669465,3671.9507,0.0,132.863771,0.397227496,0.0,5242.083629999999,3671.27584,2551.84971,0.0,0.0
1158.5,105.158424,5221.09173,-43.8677638,-43.8677638,-23.9847649,-23.9847649,-22.8614476,-22.8614476,2565.4574,257.704303,170.673715,69.2279685,45.852054,74.9370045,49.6330096,0.832345844,3671.9507,0.0,133.572269,0.390109605,0.0,5221.09173,3670.48647,2565.4574,0.0,0.0
1159.0,105.158424,5202.31434,-43.8638342,-43.8638342,-23.896363,-23.896363,-22.7750111,-22.7750111,2578.82922,211.875399,169.549411,57.2126265,45.7874327,61.9019003,49.539875,0.832022278,3671.9507,0.0,134.268483,0.383496729,0.0,5202.31434,3670.48076,2578.82922,0.0,0.0
1159.5,106.1470753,4620.973550000001,-57.2572082,-57.2572082,-27.5143002,-27.5143002,-26.0559584,-26.0559584,2592.33034,166.046496,163.606592,45.0709586,44.4101032,48.7243324,48.0093209,0.831734034,3413.32428,0.0,134.971425,0.385710511,0.0,4620.973550000001,3436.46378,2592.33034,0.0,0.0
1160.0,109.3668185,2971.23065,-60.5913963,-60.5913963,-18.8400757,-18.8400757,-17.4390089,-17.4390089,2603.54706,120.2175929,120.2175929,32.7730094,32.7730094,35.3176915,35.3176915,0.831546211,2752.95209,0.0,135.555432,0.2523915,0.0,2971.23065,2756.54298,2603.54706,0.0,0.0
1160.5,112.669685,1362.84661,-61.7995348,-61.7995348,-8.80113402,-8.80113402,-7.56298025,-7.56298025,2609.98723,83.2772886,83.2772886,22.7605235,22.7605235,24.6118616,24.6118616,0.831394756,2088.07214,0.0,135.890747,0.13735965,0.0,1362.84661,2091.0428,2609.98723,0.0,0.0
1161.0,115.9725555,101.972690815,-54.6119064,-54.6119064,-0.662548916195,-0.662548916195,-0.39849543436,-0.39849543436,2614.3172,80.03724,80.03724,21.9118477,21.9118477,23.7154366,23.7154366,0.831191585,1584.50147,0.0,136.116187,0.1171535423,0.0,101.972690815,1568.91212,2614.3172,0.0,0.0
1161.5,119.2754215,56.2447961,-49.2390739,-49.2390739,-0.290833569,-0.290833569,-0.1161250472,-0.1161250472,2618.10555,80.03724,80.03724,21.9436005,21.9436005,23.7482761,23.7482761,0.83094189,1553.902,0.0,136.313431,0.1108827914,0.0,56.2447961,1552.09641,2618.10555,0.0,0.0
1162.0,122.578288,63.7087597,-51.027513,-51.027513,-0.340375818,-0.340375818,-0.137223884,-0.137223884,2622.04987,80.03724,80.03724,21.9766584,21.9766584,23.7824615,23.7824615,0.830692267,1553.902,0.0,136.51879,0.1169510292,0.0,63.7087597,1557.50525,2622.04987,0.0,0.0
1162.5,125.8811555,58.2031643,-52.4138666,-52.4138666,-0.319393445,-0.319393445,-0.127151758,-0.127151758,2626.18544,80.03724,80.03724,22.0113209,22.0113209,23.8182999,23.8182999,0.830441897,1553.902,0.0,136.734114,0.1222747518,0.0,58.2031643,1557.62905,2626.18544,0.0,0.0
1163.0,129.184019,52.1626313,-53.7898724,-53.7898724,-0.293751546,-0.293751546,-0.115349197,-0.115349197,2630.50375,80.03724,80.03724,22.0475156,22.0475156,23.8557178,23.8557178,0.830190593,1553.902,0.0,136.958951,0.127537475,0.0,52.1626313,1557.63701,2630.50375,0.0,0.0
1163.5,132.117871,44.991746,-55.0477874,-55.0477874,-0.259290233,-0.259290233,-0.1002318544,-0.1002318544,2635.00006,80.03724,80.03724,22.0852005,22.0852005,23.8946718,23.8946718,0.829938299,1553.902,0.0,137.193057,0.132123344,0.0,44.991746,1557.27848,2635.00006,0.0,0.0
1164.0,132.57457,34.4015428,-55.2172799,-55.2172799,-0.198924664,-0.198924664,-0.0751684069,-0.0751684069,2639.57465,80.03724,80.03724,22.1235424,22.1235424,23.9342967,23.9342967,0.829684779,1553.902,0.0,137.431235,0.131909842,0.0,34.4015428,1555.54288,2639.57465,0.0,0.0
1164.5,132.57457,27.6031806,-55.2023668,-55.2023668,-0.159567828,-0.159567828,-0.0594126724,-0.0594126724,2644.12355,80.904042,80.904042,22.4018551,22.4018551,24.2262753,24.2262753,0.829429709,1553.902,0.0,137.668075,0.133646346,0.0,27.6031806,1555.3701,2644.12355,0.0,0.0
1165.0,132.57457,20.4559614,-55.21006,-55.21006,-0.118267833,-0.118267833,-0.0433603182,-0.0433603182,2649.24042,104.6587405,89.4012236,29.0368607,24.8023751,31.3123189,26.7460384,0.829135926,1553.902,0.0,137.934489,0.159984865,0.0,20.4559614,1555.38382,2649.24042,0.0,0.0
1165.5,132.57457,12.7332328,-55.2091914,-55.2091914,-0.0736171417,-0.0736171417,-0.0265362188,-0.0265362188,2654.7359,138.4712236,89.1481045,38.4970516,24.7834547,41.5130276,26.7250709,0.828812934,1553.902,0.0,138.220618,0.157908976,0.0,12.7332328,1555.37908,2654.7359,0.0,0.0
1166.0,132.57457,5.13970732,-55.2085767,-55.2085767,-0.0297148881,-0.0297148881,-0.01054070135,-0.01054070135,2660.15918,172.283706,88.891884,47.9948548,24.7627082,51.7544005,26.7024319,0.828489986,1553.902,0.0,138.502976,0.155835069,0.0,5.13970732,1555.38597,2660.15918,0.0,0.0
1166.5,132.57457,0.890650393,-55.7624787,-55.7624787,-0.00523028429,-0.00523028429,-0.001835604807,-0.001835604807,2665.5101,206.101938,88.6652639,57.5311105,24.7492661,62.0364952,26.6874464,0.828167115,1553.902,0.0,138.78158,0.154835507,0.0,0.890650393,1556.74228,2665.5101,0.0,0.0
1167.0,132.57457,2.257612006,-58.7911619,-58.7911619,-0.01392799537,-0.01392799537,-0.00263465592,-0.00263465592,2670.79395,239.909037,88.4809583,67.1004656,24.7467796,72.3530084,26.6839398,0.827844297,1553.902,0.0,139.056685,0.155503654,0.0,2.257612006,1560.39625,2670.79395,0.0,0.0
1167.5,132.57457,2.68125564,-63.6923966,-63.6923966,-0.0177861914,-0.0177861914,0.0049426088,0.0049426088,2676.01544,272.995112,88.2753008,76.5032294,24.7375258,82.4899601,26.673355,0.827521529,1553.902,0.0,139.328546,0.139831403,0.0,2.68125564,1563.62134,2676.01544,0.0,0.0
1168.0,132.57457,0.154427064,-69.9396047,-50.6585469,-0.00126230193,-0.00514090582,0.0320746044,0.02105212783,2681.17462,283.6088,88.0665936,79.6293965,24.7266219,85.8590058,26.6610472,0.827198823,1553.902,0.0,139.597163,0.130849264,0.0,0.154427064,1565.58233,2681.17462,0.0,0.0
1168.5,132.57457,-3.74014381,-78.8358456,-67.1735386,0.03063712955,0.02473922765,0.093821566057,0.077036134157,2686.27029,283.6088,87.889771,79.7807375,24.7238689,86.019607,26.6572811,0.826876178,1551.15172,0.0,139.862476,0.164759281,0.0,-3.74014381,1566.93711,2686.27029,0.0,0.0
1169.0,132.57457,-2.8557114117,-92.862107,-58.7977514,0.028266612917,0.021068178747,0.0816560454,0.06120199725,2691.29606,283.6088,87.657716,79.9299978,24.7047253,86.1796508,26.6363638,0.826553603,1544.47613,0.0,140.124139,0.1546516045,0.0,-2.8557114117,1570.23962,2691.29606,0.0,0.0
1169.5,132.57457,-6.828163638,-110.7530891,-39.3380011,0.0796863505,0.02434362109,0.2239989135,0.06829340901,2696.25584,283.6088,87.3132407,80.0773,24.6529802,86.3408245,26.5812949,0.826231057,1539.89547,0.0,140.382376,0.1328806444,0.0,-6.828163638,1571.48258,2696.25584,0.0,0.0
1170.0,132.57457,-6.571702301,-130.7657666,-48.2018561,0.08768643864,0.02952476015,0.24473206365,0.08240472307,2701.14694,283.6088,87.0732501,80.2225641,24.6298513,86.4970291,26.5562264,0.825908578,1539.7561,0.0,140.637039,0.1344396784,0.0,-6.571702301,1574.44522,2701.14694,0.0,0.0
1170.5,132.57457,-4.796977973,-152.773092,-49.3811699,0.07625615664,0.02032118505,0.2103408343,0.0563626939,2705.97588,283.6088,86.9867254,80.3659786,24.6493418,86.6469391,26.575792,0.825586184,1539.7561,0.0,140.888458,0.139946214,0.0,-4.796977973,1578.00328,2705.97588,0.0,0.0
1171.0,132.57457,-3.211535643,-177.091184,-52.5422744,0.0616612774,0.0184234885,0.1730580007,0.0517077027,2710.75862,283.6088,86.8292784,80.5080295,24.6481948,86.7977305,26.5738339,0.825263824,1539.7561,0.0,141.137477,0.137293073,0.0,-3.211535643,1581.45563,2710.75862,0.0,0.0
1171.5,132.57457,-83.5622916,-197.264199,-57.1632717,1.784020864,0.508414837,4.05208254,1.158196415,2715.37671,283.6088,82.952541,80.64518,23.587575,87.0511645,25.4607575,0.824941516,1510.54091,0.0,141.377919,0.1272224755,0.0,-83.5622916,1550.71751,2715.37671,0.0,0.0
1172.0,132.57457,-615.715323,-262.534385,-62.5310517,17.4460596,4.04065357,23.6726343,5.52288972,2719.21518,283.6088,68.2681757,80.7591799,19.4392615,87.6302164,21.0894579,0.824619274,1216.01571,0.0,141.577775,0.088151552,0.0,-615.715323,1331.52598,2719.21518,0.0,0.0
1172.5,147.611203,-1197.034906,-300.0,-60.0588687,37.6059612,7.51027124,44.5908343,8.9090434,2721.4549,283.6088,56.7549563,80.8257006,16.174608,88.4352305,17.6967018,0.8242971,890.575527,0.0,141.694386,0.0635672167,0.0,-1197.034906,1090.94237,2721.4549,0.0,0.0
1173.0,298.709255,-158.23883163,-299.865345,-93.7984694,4.97079649025,1.20044018845,7.6923852304,1.9066846439,2728.50759,283.6088,80.2045712,81.0351615,22.9193639,87.5399826,24.7516232,0.823974965,832.1908,0.0,142.061589,0.41507959,0.0,-158.23883163,1527.31109,2728.50759,0.0,0.0
1173.5,428.72029,-15.95058253,-299.704702,-198.3028062,0.500125493,0.40545324883,1.381230174,1.1156590194,2748.64079,283.6088,85.0952815,81.6331054,24.4930875,88.0126265,26.4071106,0.8236529,829.01051,0.0,143.109838,0.727591432,0.0,-15.95058253,1598.27393,2748.64079,0.0,0.0
1174.0,433.6781,-13.298442666,-299.806655,-203.315296,0.4172254104,0.29274084605,1.173670603,0.8290442878,2772.35388,283.6088,84.2952165,82.337371,24.4727948,88.7649491,26.3831605,0.823330893,806.113578,0.0,144.344475,0.741148054,0.0,-13.298442666,1613.2234,2772.35388,0.0,0.0
1174.5,432.49721,-12.496249116,-299.860718,-189.458973,0.3919689067,0.2600997687,1.124570464,0.7560363026,2795.81004,271.007901,83.1167756,79.3369667,24.3344681,85.5352916,26.2354563,0.823008924,779.824703,0.0,145.565735,0.666955887,0.0,-12.496249116,1627.25308,2795.81004,0.0,0.0
1175.0,388.254708,-9.33996447,-299.854425,-152.0448501,0.293059837,0.1327186721,0.8281351867,0.3798210307,2817.78856,225.998911,82.3305833,66.6792479,24.2935982,71.884193,26.1899887,0.822687032,753.535841,0.0,146.710063,0.533055073,0.0,-9.33996447,1641.3995,2817.78856,0.0,0.0
1175.5,322.389792,-40.013183586,-300.0,-139.754694,1.2570512365,0.5398966557,3.1328530262,1.3474126048,2835.61103,179.436644,78.7190781,53.2765351,23.3730021,57.4842477,25.2187615,0.822365196,727.246966,0.0,147.638001,0.44399407,0.0,-40.013183586,1639.04258,2835.61103,0.0,0.0
1176.0,257.333736,-520.388721,-300.0,-114.2565317,16.34849403,6.08633758,26.1900352,9.82634548,2847.43247,132.9010371,51.1444195,39.6254691,15.2484525,43.5019429,16.7332622,0.822043403,700.958099,0.0,148.253491,0.237326512,0.0,-520.388721,1446.05721,2847.43247,0.0,0.0
1176.5,234.22319,-1221.03204,-300.0,-102.092951,38.3598531,13.0458111,47.9714615,16.3167632,2853.1713,86.32658,29.486075,25.7913184,8.80937085,29.9733574,10.2362644,0.821721695,674.669228,0.0,148.552287,0.1177416769,0.0,-1221.03204,1157.8652,2853.1713,0.0,0.0
1177.0,234.22319,-1695.25747,-300.0,-102.1424385,53.2580845,18.1375057,62.9532439,21.4385043,2856.3167,39.752121,13.5868834,11.88945507,4.06370241,14.94373556,5.10794628,0.821400023,649.836177,0.0,148.716052,0.065604479,0.0,-1695.25747,962.373085,2856.3167,0.0,0.0
1177.5,234.22319,-2282.72936,-290.740805,-104.5192614,69.2277061,25.0235851,78.8870661,28.4992541,2857.58487,-6.822339133,-8.680234735,-2.0415510333,-2.597492704,-1.2732928386,-1.985216188,0.821078413,644.032,0.0,148.782081,-0.00260932622,0.0,-2282.72936,718.66216,2857.58487,0.0,0.0
1178.0,234.22319,-3073.68149,-142.153973,-98.5097464,45.0915731,31.6885672,49.8415853,34.9314215,2855.09937,-53.3967992,-53.3967992,-15.96269505,-15.96269505,-14.5657578,-14.5657578,0.820774215,644.032,0.0,148.652673,-0.157113025,0.0,-3073.68149,388.089877,2855.09937,0.0,0.0
1178.5,234.22319,-2535.0985,-94.186418,-94.186418,24.974915,24.974915,27.9164607,27.9164607,2847.56567,-77.2199,-77.2199,-23.0266953,-23.0266953,-21.3317019,-21.3317019,0.820662773,644.032,0.0,148.260427,-0.239891921,0.0,-2535.0985,607.79938,2847.56567,0.0,0.0
1179.0,234.22319,-2431.47269,-97.3259861,-97.3259861,24.7814193,24.7814193,27.8793686,27.8793686,2839.4483,-77.2199,-77.2199,-22.9610545,-22.9610545,-21.2684491,-21.2684491,0.820610406,644.032,0.0,147.837787,-0.232435139,0.0,-2431.47269,646.179185,2839.4483,0.0,0.0
1179.5,234.22319,-2418.38626,-97.3966491,-97.3966491,24.6659753,24.6659753,27.7666687,27.7666687,2831.44977,-77.2199,-77.2199,-22.8963751,-22.8963751,-21.2061364,-21.2061364,0.820558297,644.032,0.0,147.42134,-0.230354717,0.0,-2418.38626,646.954238,2831.44977,0.0,0.0
1180.0,234.22319,-2407.24921,-97.3984872,-97.3984872,24.5528487,24.5528487,27.6526701,27.6526701,2823.51965,-77.2199,-77.2199,-22.8322484,-22.8322484,-21.1443695,-21.1443695,0.820506622,644.032,0.0,147.00845,-0.228416277,0.0,-2407.24921,646.958068,2823.51965,0.0,0.0
1180.5,234.22319,-2396.23966,-97.3990428,-97.3990428,24.440695,24.440695,27.5394796,27.5394796,2815.65606,-77.2199,-77.2199,-22.7686601,-22.7686601,-21.0831346,-21.0831346,0.820455394,644.032,0.0,146.599029,-0.226501676,0.0,-2396.23966,646.947776,2815.65606,0.0,0.0
1181.0,234.22319,-2385.32285,-97.399567,-97.399567,24.3294792,24.3294792,27.4271267,27.4271267,2807.85833,-77.2199,-77.2199,-22.7056043,-22.7056043,-21.0224251,-21.0224251,0.820404601,644.032,0.0,146.193038,-0.224608412,0.0,-2385.32285,646.9373,2807.85833,0.0,0.0
1181.5,234.22319,-2374.49715,-97.4000887,-97.4000887,24.21919,24.21919,27.3156054,27.3156054,2800.12566,-77.2199,-77.2199,-22.6430744,-22.6430744,-20.962235,-20.962235,0.820354233,644.032,0.0,145.790431,-0.222736144,0.0,-2374.49715,646.92691,2800.12566,0.0,0.0
1182.0,234.22319,-2363.76156,-97.4006034,-97.4006034,24.1098173,24.1098173,27.2049077,27.2049077,2792.45736,-77.2199,-77.2199,-22.5810651,-22.5810651,-20.9025585,-20.9025585,0.82030432,644.032,0.0,145.391178,-0.22088455,0.0,-2363.76156,646.916617,2792.45736,0.0,0.0
1182.5,234.22319,-2353.11509,-97.4011131,-97.4011131,24.0013517,24.0013517,27.0950256,27.0950256,2784.85273,-77.2199,-77.2199,-22.519571,-22.519571,-20.8433899,-20.8433899,0.820254825,644.032,0.0,144.995235,-0.219053348,0.0,-2353.11509,646.906402,2784.85273,0.0,0.0
1183.0,234.22319,-2342.55677,-97.401615,-97.401615,23.8937822,23.8937822,26.9859509,26.9859509,2777.31105,-77.2199,-77.2199,-22.4585852,-22.4585852,-20.7847228,-20.7847228,0.820205745,644.032,0.0,144.602572,-0.21724224,0.0,-2342.55677,646.896272,2777.31105,0.0,0.0
1183.5,234.22319,-2332.08559,-97.4021136,-97.4021136,23.7870995,23.7870995,26.8776771,26.8776771,2769.83168,-77.2199,-77.2199,-22.3981035,-22.3981035,-20.7265527,-20.7265527,0.82015708,644.032,0.0,144.213152,-0.215450937,0.0,-2332.08559,646.886212,2769.83168,0.0,0.0
1184.0,213.719814,-2363.27608,-89.4886349,-89.4886349,22.1371188,22.1371188,24.8353384,24.8353384,2761.99711,-77.2199,-77.2199,-22.3347499,-22.3347499,-20.6656327,-20.6656327,0.820113078,644.032,0.0,143.805243,-0.251223039,0.0,-2363.27608,629.333116,2761.99711,0.0,0.0
1184.5,171.915879,-2283.25168,-69.0083317,-69.0083317,16.5571589,16.5571589,18.3492784,18.3492784,2751.91055,-77.2199,-77.2199,-22.2531851,-22.2531851,-20.5872207,-20.5872207,0.820103016,687.499154,0.0,143.280076,-0.333159353,0.0,-2283.25168,656.742369,2751.91055,0.0,0.0
1185.0,130.11194,-1919.26103,-50.7678116,-50.7678116,10.25861625,10.25861625,11.39807055,11.39807055,2738.92866,-80.0047786,-80.0047786,-22.9461345,-22.9461345,-21.2442781,-21.2442781,0.820145364,827.565086,0.0,142.604166,-0.420489754,0.0,-1919.26103,800.621546,2738.92866,0.0,0.0
1185.5,88.3080047,-1550.73867,-33.3876455,-33.3876455,5.47758053,5.47758053,6.15857397,6.15857397,2722.65007,-86.751502,-86.751502,-24.7331211,-24.7331211,-22.9442806,-22.9442806,0.820234861,971.119681,0.0,141.756615,-0.521367172,0.0,-1550.73867,944.461464,2722.65007,0.0,0.0
1186.0,46.5040682,-1178.513796,-15.9656544,-15.9656544,2.0267706,2.0267706,2.41217154,2.41217154,2702.886,-93.5275994,-93.5275994,-26.4713123,-26.4713123,-24.5793149,-24.5793149,0.820360843,1114.6743,0.0,140.727581,-0.621837062,0.0,-1178.513796,1087.80686,2702.886,0.0,0.0
1186.5,22.1301637,-764.853136,-5.18922594,-5.18922594,0.415078822,0.415078822,0.703360157,0.703360157,2679.99942,-100.3036965,-100.3036965,-28.1487258,-28.1487258,-26.1413576,-26.1413576,0.820511504,1258.22888,0.0,139.535977,-0.688450821,0.0,-764.853136,1246.57083,2679.99942,0.0,0.0
1187.0,21.976637,-355.044056,-5.6987378,-5.6987378,0.21149951,0.21149951,0.469121368,0.469121368,2655.90915,-107.0797946,-107.0797946,-29.7802647,-29.7802647,-27.6601837,-27.6601837,0.820674459,1401.78347,0.0,138.281699,-0.704994796,0.0,-355.044056,1403.0293,2655.90915,0.0,0.0
1187.5,22.5387061,14.94248307,-6.70027396,-6.70027396,-0.02187938973,-0.02187938973,0.03949046406,0.03949046406,2631.24915,-113.8558916,-113.8558916,-31.3708221,-31.3708221,-29.1391101,-29.1391101,0.82084713,1538.02884,0.0,136.997762,-0.719701122,0.0,14.94248307,1542.58462,2631.24915,0.0,0.0
1188.0,37.0824811,155.881799,-15.2181788,-15.2181788,-0.251006474,-0.251006474,-0.1199803015,-0.1199803015,2606.55831,-120.6319864,-120.6319864,-32.9260596,-32.9260596,-30.567177,-30.567177,0.821028961,1571.218,0.0,135.712215,-0.703880064,0.0,155.881799,1586.81372,2606.55831,0.0,0.0
1188.5,57.5749772,189.21667,-23.7715834,-23.7715834,-0.473415345,-0.473415345,-0.247679069,-0.247679069,2582.76248,-123.841774,-123.841774,-33.4950191,-33.4950191,-31.0774968,-31.0774968,0.821217088,1571.218,0.0,134.473271,-0.66901492,0.0,189.21667,1586.79037,2582.76248,0.0,0.0
1189.0,78.0674754,220.496996,-32.3110863,-32.3110863,-0.748302792,-0.748302792,-0.413740606,-0.413740606,2560.4177,-123.841774,-123.841774,-33.2052385,-33.2052385,-30.7952282,-30.7952282,0.821405848,1571.218,0.0,133.309878,-0.623727418,0.0,220.496996,1586.75946,2560.4177,0.0,0.0
1189.5,98.5599737,249.596637,-40.8506473,-40.8506473,-1.069808735,-1.069808735,-0.612181108,-0.612181108,2539.63197,-123.841774,-123.841774,-32.9356759,-32.9356759,-30.5328627,-30.5328627,0.821594121,1571.218,0.0,132.227647,-0.578824539,0.0,249.596637,1586.7314,2539.63197,0.0,0.0
1190.0,113.6152594,264.214753,-47.4042231,-47.4042231,-1.31153742,-1.31153742,-0.755916201,-0.755916201,2520.30978,-123.8585502,-123.8585502,-32.6895042,-32.6895042,-30.2931457,-30.2931457,0.821782091,1571.218,0.0,131.221625,-0.544521166,0.0,264.214753,1581.53192,2520.30978,0.0,0.0
1190.5,114.3589,269.765625,-47.4726153,-47.4726153,-1.34106892,-1.34106892,-0.779314819,-0.779314819,2501.57004,-124.4278996,-124.4278996,-32.5954701,-32.5954701,-30.1927749,-30.1927749,0.821969418,1571.218,0.0,130.245929,-0.541349041,0.0,269.765625,1572.89975,2501.57004,0.0,0.0
1191.0,114.674598,295.548113,-47.5072266,-47.5072266,-1.47044437,-1.47044437,-0.887016115,-0.887016115,2482.87515,-125.264973,-125.264973,-32.56952,-32.56952,-30.1546369,-30.1546369,0.822156835,1571.218,0.0,129.272566,-0.539702996,0.0,295.548113,1572.71218,2482.87515,0.0,0.0
1191.5,122.8781909,349.183857,-50.0807512,-50.0807512,-1.83222947,-1.83222947,-1.16221532,-1.16221532,2464.44669,-126.102052,-126.102052,-32.5438136,-32.5438136,-30.1168631,-30.1168631,0.822344906,1578.90095,0.0,128.313075,-0.523977326,0.0,349.183857,1584.27019,2464.44669,0.0,0.0
1192.0,134.446197,586.064627,-53.2952687,-53.2952687,-3.28387564,-3.28387564,-2.414699,-2.414699,2446.67516,-126.939127,-126.939127,-32.5236118,-32.5236118,-30.0845917,-30.0845917,0.82253623,1665.05505,0.0,127.3877922,-0.503175312,0.0,586.064627,1672.46137,2446.67516,0.0,0.0
1192.5,146.014193,869.626146,-58.2354148,-58.2354148,-5.31498581,-5.31498581,-4.24895039,-4.24895039,2429.69224,-127.7762028,-127.7762028,-32.5108462,-32.5108462,-30.0596986,-30.0596986,0.822735649,1771.66882,0.0,126.503567,-0.479439422,0.0,869.626146,1780.53721,2429.69224,0.0,0.0
1193.0,157.5822,1148.22691,-63.058702,-63.058702,-7.59388207,-7.59388207,-6.33696121,-6.33696121,2413.52129,-128.61328,-128.61328,-32.5060375,-32.5060375,-30.0426762,-30.0426762,0.822944658,1878.2826,0.0,125.661612,-0.456109263,0.0,1148.22691,1887.02296,2413.52129,0.0,0.0
1193.5,169.150197,1425.6165,-67.8787239,-67.8787239,-10.1451564,-10.1451564,-8.69391993,-8.69391993,2398.15337,-129.450355,-129.450355,-32.5092821,-32.5092821,-30.0336003,-30.0336003,0.823164459,1984.89647,0.0,124.861473,-0.432973772,0.0,1425.6165,1993.47362,2398.15337,0.0,0.0
1194.0,180.7182,1701.8892,-72.6986365,-72.6986365,-12.96793515,-12.96793515,-11.31405235,-11.31405235,2383.5821,-130.287432,-130.287432,-32.5207007,-32.5207007,-30.0325763,-30.0325763,0.823396155,2091.51018,0.0,124.1028111,-0.410022732,0.0,1701.8892,2099.92471,2383.5821,0.0,0.0
1194.5,192.2862,1976.21266,-77.6745625,-77.6745625,-16.0877769,-16.0877769,-14.21491135,-14.21491135,2369.89352,-126.079154,-126.079154,-31.2918573,-31.2918573,-28.8936983,-28.8936983,0.823639997,2197.23774,0.0,123.3901056,-0.370047393,0.0,1976.21266,2206.08001,2369.89352,0.0,0.0
1195.0,202.91356,2091.06073,-84.638387,-84.638387,-18.5331879,-18.5331879,-16.3740777,-16.3740777,2359.58342,-86.9611096,-86.9611096,-21.4905817,-21.4905817,-19.7895413,-19.7895413,0.82387322,2237.2363,0.0,122.8532995,-0.21487762,0.0,2091.06073,2247.84917,2359.58342,0.0,0.0
1195.5,204.973,2075.00001,-85.35052,-85.35052,-18.5461209,-18.5461209,-16.3620415,-16.3620415,2354.84071,-41.2026322,-41.2026322,-10.1613512,-10.1613512,-9.01803483,-9.01803483,0.824059439,2237.2363,0.0,122.6063689,-0.06222568366,0.0,2075.00001,2238.39696,2354.84071,0.0,0.0
1196.0,204.973,2067.05044,-86.0107759,-86.0107759,-18.615806,-18.615806,-16.4068822,-16.4068822,2355.25179,4.55584238,4.55584238,1.124837024,1.124837024,1.831659186,1.831659186,0.824187538,2232.59388,0.0,122.627774,0.0868824132,0.0,2067.05044,2235.32909,2355.25179,0.0,0.0
1196.5,204.973,1690.77299,-90.8706344,-90.8706344,-16.0925282,-16.0925282,-13.7718909,-13.7718909,2360.96459,50.3135572,50.3135572,12.4428171,12.4428171,13.8071365,13.8071365,0.824239823,2075.59908,0.0,122.9252134,0.242217302,0.0,1690.77299,2082.09296,2360.96459,0.0,0.0
1197.0,204.973,1107.697894,-90.5751775,-90.5751775,-10.5065524,-10.5065524,-8.38300058,-8.38300058,2371.85131,96.0739019,96.0739019,23.868103,23.868103,25.8757955,25.8757955,0.82416239,1844.89045,0.0,123.4920365,0.387531319,0.0,1107.697894,1845.82776,2371.85131,0.0,0.0
1197.5,204.973,626.664507,-87.4354324,-87.4354324,-5.75519792,-5.75519792,-3.99436911,-3.99436911,2386.61338,140.7487486,113.1496861,35.1819099,28.2778248,38.0710993,30.6001679,0.823897804,1660.36131,0.0,124.2606341,0.434322701,0.0,626.664507,1654.28569,2386.61338,0.0,0.0
1198.0,212.170517,597.509924,-88.0592005,-88.0592005,-5.51103576,-5.51103576,-3.76005545,-3.76005545,2401.42928,154.71762,111.560429,38.9079361,28.0549942,42.0903316,30.3496887,0.823575745,1645.0059,0.0,125.0320331,0.435578129,0.0,597.509924,1650.80511,2401.42928,0.0,0.0
1198.5,227.611496,589.62401,-94.8251995,-94.8251995,-5.85382641,-5.85382641,-3.90945472,-3.90945472,2416.95576,154.71762,111.4079011,39.1594959,28.1975802,42.3483796,30.4938043,0.823253753,1645.0059,0.0,125.8404318,0.461619622,0.0,589.62401,1656.58955,2416.95576,0.0,0.0
1199.0,243.052475,570.501587,-100.5865594,-100.5865594,-6.00761347,-6.00761347,-3.90311724,-3.90311724,2433.31609,154.71762,110.6396375,39.4245654,28.192681,42.6219138,30.4791234,0.822931805,1649.00973,0.0,126.6922419,0.483725532,0.0,570.501587,1658.18519,2433.31609,0.0,0.0
1199.5,258.493453,1225.201092,-96.5078135,-96.5078135,-12.45569987,-12.45569987,-10.07889176,-10.07889176,2450.92608,154.71762,131.857856,39.7098821,33.8497851,42.9410338,36.6060943,0.822609905,1943.85434,0.0,127.6091206,0.559534762,0.0,1225.201092,1940.89289,2450.92608,0.0,0.0
1200.0,273.934437,2358.00987,-103.6036294,-103.6036294,-25.6451502,-25.6451502,-22.6231822,-22.6231822,2472.39481,154.71762,154.71762,40.0577199,40.0577199,43.3748739,43.3748739,0.82232641,2414.41809,0.0,128.726904,0.659293838,0.0,2358.00987,2424.79841,2472.39481,0.0,0.0
1200.5,289.375412,3455.8143,-110.07134,-110.07134,-39.89488,-39.89488,-36.3443691,-36.3443691,2495.60857,154.71762,154.71762,40.4338281,40.4338281,43.7563276,43.7563276,0.822195997,2884.98186,0.0,129.935545,0.683560668,0.0,3455.8143,2895.15729,2495.60857,0.0,0.0
1201.0,298.102175,4537.52268,-113.9318834,-113.9318834,-54.1353074,-54.1353074,-50.2223781,-50.2223781,2519.52766,154.71762,154.71762,40.8213652,40.8213652,44.1497072,44.1497072,0.822189855,3355.54563,0.0,131.180906,0.695273926,0.0,4537.52268,3359.23031,2519.52766,0.0,0.0
1201.5,298.1282,5622.155659999999,-113.7287784,-113.7287784,-66.9575016,-66.9575016,-62.971312,-62.971312,2543.46837,154.71762,154.71762,41.2092533,41.2092533,44.5458577,44.5458577,0.822271082,3826.1094,0.0,132.427398,0.689720723,0.0,5622.155659999999,3824.53289,2543.46837,0.0,0.0
1202.0,298.1282,6421.818310000001,-121.6601646,-121.6601646,-81.8455405,-81.8455405,-77.5238421,-77.5238421,2567.38772,154.71762,154.71762,41.5967936,41.5967936,44.94149,44.94149,0.822429526,4157.64474,0.0,133.672774,0.698236451,0.0,6421.818310000001,4171.24481,2567.38772,0.0,0.0
1202.5,298.1282,6383.90713,-124.3985158,-124.3985158,-83.163246,-83.163246,-78.7402129,-78.7402129,2591.59188,154.71762,154.71762,41.9889491,41.9889491,45.3414185,45.3414185,0.822631878,4169.944,0.0,134.932978,0.697615768,0.0,6383.90713,4169.60223,2591.59188,0.0,0.0
1203.0,298.1282,6346.089669999999,-124.2488014,-124.2488014,-82.5709065,-82.5709065,-78.1541229,-78.1541229,2615.60957,154.71762,154.71762,42.3780824,42.3780824,45.737851,45.737851,0.82282872,4169.944,0.0,136.183473,0.691958175,0.0,6346.089669999999,4167.88988,2615.60957,0.0,0.0
1203.5,298.1282,6313.83826,-124.2171555,-124.2171555,-82.130369,-82.130369,-77.7157435,-77.7157435,2638.46935,120.69418,120.69418,33.3305044,33.3305044,35.94563,35.94563,0.823033534,4169.944,0.0,137.373688,0.576695594,0.0,6313.83826,4167.81743,2638.46935,0.0,0.0
1204.0,298.1282,6294.418110000001,-124.1115008,-124.1115008,-81.8080972,-81.8080972,-77.3979484,-77.3979484,2652.16946,7.73943379,7.73943379,2.142303707,2.142303707,3.230964854,3.230964854,0.823341324,4169.944,0.0,138.086992,0.2079487873,0.0,6294.418110000001,4167.73615,2652.16946,0.0,0.0
1204.5,298.1282,6293.45544,-124.006645,-124.006645,-81.7264616,-81.7264616,-77.3200795,-77.3200795,2652.85174,-108.3141852,-108.3141852,-30.0845064,-30.0845064,-27.8759282,-27.8759282,0.823776317,4169.944,0.0,138.122511,-0.16786515162,0.0,6293.45544,4167.73392,2652.85174,0.0,0.0
1205.0,298.1282,6310.33662,-123.9134094,-123.9134094,-81.8840635,-81.8840635,-77.4803556,-77.4803556,2640.85104,-208.1845,-208.1845,-57.565464,-57.565464,-52.948365,-52.948365,0.824312019,4169.944,0.0,137.497688,-0.492986892,0.0,6310.33662,4167.75107,2640.85104,0.0,0.0
1205.5,298.1282,6336.1783,-123.9044544,-123.9044544,-82.213461,-82.213461,-77.8092088,-77.8092088,2622.61653,-221.0146,-221.0146,-60.6993966,-60.6993966,-55.6986148,-55.6986148,0.824892129,4169.944,0.0,136.548297,-0.532086503,0.0,6336.1783,4167.85705,2622.61653,0.0,0.0
1206.0,298.1282,6361.85874,-123.9065761,-123.9065761,-82.5480863,-82.5480863,-78.1430379,-78.1430379,2604.29308,-221.0146,-221.0146,-60.2753092,-60.2753092,-55.2823273,-55.2823273,0.825473538,4169.944,0.0,135.594273,-0.527949873,0.0,6361.85874,4167.84389,2604.29308,0.0,0.0
1206.5,298.1282,6387.313410000001,-123.907729,-123.907729,-82.8791435,-82.8791435,-78.473477,-78.473477,2586.11158,-221.0146,-221.0146,-59.8545055,-59.8545055,-54.869641,-54.869641,0.826054689,4169.944,0.0,134.647643,-0.523875633,0.0,6387.313410000001,4167.81958,2586.11158,0.0,0.0
1207.0,298.1282,6412.57161,-123.908847,-123.908847,-83.2076326,-83.2076326,-78.8014889,-78.8014889,2568.06994,-221.0146,-221.0146,-59.436938,-59.436938,-54.4605012,-54.4605012,0.826635597,4169.944,0.0,133.708291,-0.51986097,0.0,6412.57161,4167.79557,2568.06994,0.0,0.0
1207.5,298.1282,6255.78733,-134.231246,-134.231246,-87.560898,-87.560898,-82.7977227,-82.7977227,2550.27204,-221.0146,-221.0146,-59.025014,-59.025014,-54.0572502,-54.0572502,0.827218539,4064.63942,0.0,132.781633,-0.497245678,0.0,6255.78733,4092.16428,2550.27204,0.0,0.0
1208.0,298.1282,3738.50646,-153.666858,-153.666858,-60.2600982,-60.2600982,-55.1377457,-55.1377457,2533.98185,-221.0146,-221.0146,-58.6479831,-58.6479831,-53.6884744,-53.6884744,0.827782516,3018.05093,0.0,131.933474,-0.458463168,0.0,3738.50646,3035.19344,2533.98185,0.0,0.0
1208.5,298.1282,672.158241,-152.367059,-152.367059,-10.7277774,-10.7277774,-6.80728984,-6.80728984,2518.13262,-221.0146,-221.0146,-58.2811591,-58.2811591,-53.3297194,-53.3297194,0.828195166,1748.57709,0.0,131.10827,-0.457363,0.0,672.158241,1750.00901,2518.13262,0.0,0.0
1209.0,298.1282,-2098.96623,-163.269965,-146.295745,34.5445826,31.6429311,40.3088749,36.8131213,2502.22883,-221.0146,-221.0146,-57.9130725,-57.9130725,-52.9673248,-52.9673248,0.828404563,591.176474,0.0,130.280228,-0.465005287,0.0,-2098.96623,587.637593,2502.22883,0.0,0.0
1209.5,297.483634,-2672.37779,-120.649005,-120.649005,33.7401565,33.7401565,38.0569198,38.0569198,2485.15984,-221.0146,-221.0146,-57.5180178,-57.5180178,-52.5779809,-52.5779809,0.828489017,378.44418,0.0,129.391523,-0.508469325,0.0,-2672.37779,339.070353,2485.15984,0.0,0.0
1210.0,288.281262,-2565.58252,-119.8174446,-119.8174446,32.1920393,32.1920393,36.465603,36.465603,2467.52283,-221.0146,-221.0146,-57.1098176,-57.1098176,-52.1760854,-52.1760854,0.828588789,378.44418,0.0,128.473241,-0.517365397,0.0,-2565.58252,373.210586,2467.52283,0.0,0.0
1210.5,276.437594,-2540.4743,-114.879035,-114.879035,30.5632767,30.5632767,34.6463125,34.6463125,2449.30013,-221.0146,-221.0146,-56.6880593,-56.6880593,-51.7612718,-51.7612718,0.828696307,378.44418,0.0,127.524463,-0.536812359,0.0,-2540.4743,373.01817,2449.30013,0.0,0.0
1211.0,264.59393,-2514.03806,-109.9449106,-109.9449106,28.9462834,28.9462834,32.7506412,32.7506412,2430.40708,-221.0146,-221.0146,-56.2507876,-56.2507876,-51.3316645,-51.3316645,0.82881222,378.44418,0.0,126.5407845,-0.55613964,0.0,-2514.03806,372.986975,2430.40708,0.0,0.0
1211.5,252.750264,-2486.65515,-105.0113222,-105.0113222,27.3463365,27.3463365,30.8670127,30.8670127,2410.84776,-221.0146,-221.0146,-55.7980956,-55.7980956,-50.8874033,-50.8874033,0.828936477,378.44418,0.0,125.5224171,-0.575358107,0.0,-2486.65515,372.960663,2410.84776,0.0,0.0
1212.0,240.906597,-2458.34436,-100.0777716,-100.0777716,25.7649696,25.7649696,29.0121486,29.0121486,2390.62587,-221.0146,-221.0146,-55.3300673,-55.3300673,-50.4286239,-50.4286239,0.829068768,378.44418,0.0,124.4695474,-0.594472798,0.0,-2458.34436,372.933557,2390.62587,0.0,0.0
1212.5,229.062933,-2429.35418,-95.1513639,-95.1513639,24.2078512,24.2078512,27.192263,27.192263,2369.95271,-211.761647,-211.761647,-52.561113,-52.561113,-47.9569188,-47.9569188,0.829206482,378.44418,0.0,123.393186,-0.582369844,0.0,-2429.35418,372.925669,2369.95271,0.0,0.0
1213.0,217.219269,-2404.33145,-90.2653806,-90.2653806,22.7279959,22.7279959,25.4628349,25.4628349,2352.18146,-162.003686,-162.003686,-39.9117963,-39.9117963,-36.6990075,-36.6990075,0.829312962,378.44418,0.0,122.467911,-0.434371868,0.0,-2404.33145,372.961299,2352.18146,0.0,0.0
1213.5,205.375601,-2130.5951,-72.9141864,-72.9141864,16.8880707,16.8880707,18.8894486,18.8894486,2339.82337,-107.5125908,-107.5125908,-26.3480996,-26.3480996,-24.3044961,-24.3044961,0.829359604,519.046885,0.0,121.824485,-0.295040517,0.0,-2130.5951,479.649262,2339.82337,0.0,0.0
1214.0,194.715011,741.622704,-48.7734781,-48.7734781,-3.79926759,-3.79926759,-2.918296434,-2.918296434,2331.47942,-53.0230253,-53.0230253,-12.9484694,-12.9484694,-11.6945489,-11.6945489,0.829429428,1692.43262,0.0,121.3900501,-0.1713273494,0.0,741.622704,1669.92827,2331.47942,0.0,0.0
1214.5,192.93652,4098.98213,-50.9420909,-50.9420909,-22.1117109,-22.1117109,-20.8889452,-20.8889452,2328.58172,1.4711446,1.4711446,0.358819475,0.358819475,1.11246813,1.11246813,0.829539891,3061.06491,0.0,121.239179,0.007253958,0.0,4098.98213,3065.25838,2328.58172,0.0,0.0
1215.0,192.93652,5492.34263,-82.198454,-82.198454,-47.278099,-47.278099,-44.7897622,-44.7897622,2332.85338,55.9653164,55.9653164,13.6759694,13.6759694,15.0962024,15.0962024,0.829703618,3605.0286,0.0,121.4615832,0.237075656,0.0,5492.34263,3647.54016,2332.85338,0.0,0.0
1215.5,192.93652,5374.34353,-80.5070658,-80.5070658,-45.3094708,-45.3094708,-42.9090366,-42.9090366,2343.68721,110.4594865,97.6677278,27.1161519,23.9720042,29.3984087,25.9905363,0.829843706,3605.0286,0.0,122.0256545,0.366899647,0.0,5374.34353,3604.7657,2343.68721,0.0,0.0
1216.0,192.93652,5351.21269,-80.4259924,-80.4259924,-45.0689076,-45.0689076,-42.6746685,-42.6746685,2357.9603,164.955065,145.5425532,40.7400154,35.9568676,44.2945357,39.1107466,0.829926307,3605.0286,0.0,122.7687934,0.518744534,0.0,5351.21269,3603.4748,2357.9603,0.0,0.0
1216.5,192.93652,5320.965679999999,-80.4683655,-80.4683655,-44.8377977,-44.8377977,-42.4453366,-42.4453366,2379.42858,190.22342,190.22342,47.3985762,47.3985762,51.7162004,51.7162004,0.829879755,3605.0286,0.0,123.8865555,0.659008518,0.0,5320.965679999999,3603.42383,2379.42858,0.0,0.0
1217.0,192.93652,5289.08327,-80.46428,-80.46428,-44.5668727,-44.5668727,-42.1785165,-42.1785165,2402.13056,190.22342,190.22342,47.8508014,47.8508014,52.1758356,52.1758356,0.829801033,3605.0286,0.0,125.0685461,0.654317064,0.0,5289.08327,3603.41288,2402.13056,0.0,0.0
1217.5,192.93652,5258.63353,-80.23187,-80.23187,-44.1824121,-44.1824121,-41.8077044,-41.8077044,2424.66956,190.22342,190.22342,48.2997815,48.2997815,52.6315834,52.6315834,0.82971557,3606.36732,0.0,126.2420559,0.649218789,0.0,5258.63353,3603.90287,2424.66956,0.0,0.0
1218.0,192.93652,5461.49762,-76.5813461,-76.5813461,-43.7996488,-43.7996488,-41.5537487,-41.5537487,2446.91577,190.22342,190.22342,48.7429291,48.7429291,53.0808374,53.0808374,0.829619142,3708.01114,0.0,127.4003171,0.638191768,0.0,5461.49762,3701.3055,2446.91577,0.0,0.0
1218.5,192.93652,5833.35384,-76.8002521,-76.8002521,-46.9148961,-46.9148961,-44.6164943,-44.6164943,2468.9059,190.22342,190.22342,49.1809772,49.1809772,53.5243623,53.5243623,0.829535072,3870.91172,0.0,128.545248,0.633907382,0.0,5833.35384,3868.87753,2468.9059,0.0,0.0
1219.0,192.93652,6194.10024,-76.8119336,-76.8119336,-49.82365,-49.82365,-47.4923037,-47.4923037,2490.74099,190.22342,190.22342,49.6159342,49.6159342,53.9642089,53.9642089,0.829473492,4033.81229,0.0,129.682105,0.629254427,0.0,6194.10024,4031.73612,2490.74099,0.0,0.0
1219.5,192.93652,6413.95468,-80.0332029,-80.0332029,-53.7561671,-53.7561671,-51.2856271,-51.2856271,2512.49314,190.22342,190.22342,50.0492406,50.0492406,54.4021078,54.4021078,0.829436654,4132.356669999999,0.0,130.814651,0.630159465,0.0,6413.95468,4135.92008,2512.49314,0.0,0.0
1220.0,192.93652,6373.04936,-80.4899169,-80.4899169,-53.7177276,-53.7177276,-51.229461,-51.229461,2534.22839,190.22342,190.22342,50.4822096,50.4822096,54.842601,54.842601,0.829412448,4133.351,0.0,131.94631,0.626221859,0.0,6373.04936,4131.59013,2534.22839,0.0,0.0
1220.5,192.93652,6341.94281,-80.4557099,-80.4557099,-53.4327871,-53.4327871,-50.9466699,-50.9466699,2555.79452,190.22342,190.22342,50.9118098,50.9118098,55.2802545,55.2802545,0.829381888,4133.351,0.0,133.069163,0.621425234,0.0,6341.94281,4131.23878,2555.79452,0.0,0.0
1221.0,192.93652,6311.96303,-80.453741,-80.453741,-53.1788945,-53.1788945,-50.6936834,-50.6936834,2577.19621,190.22342,190.22342,51.3381348,51.3381348,55.714117,55.714117,0.829345688,4133.351,0.0,134.183456,0.616681158,0.0,6311.96303,4131.26024,2577.19621,0.0,0.0
1221.5,195.213309,6295.29227,-80.9436481,-80.9436481,-53.3622252,-53.3622252,-50.8573684,-50.8573684,2598.45239,190.22342,190.22342,51.7615629,51.7615629,56.1445831,56.1445831,0.829304298,4137.15552,0.0,135.290174,0.615435804,0.0,6295.29227,4136.73478,2598.45239,0.0,0.0
1222.0,209.868553,6330.8354,-86.9839494,-86.9839494,-57.6686429,-57.6686429,-54.9100366,-54.9100366,2620.07343,190.22342,190.22342,52.1922565,52.1922565,56.5819804,56.5819804,0.829275513,4155.65605,0.0,136.41589,0.638147649,0.0,6330.8354,4164.14881,2620.07343,0.0,0.0
1222.5,226.373167,6349.29535,-93.9321035,-93.9321035,-62.4560866,-62.4560866,-59.3955762,-59.3955762,2642.59025,190.22342,190.22342,52.6407956,52.6407956,57.0370101,57.0370101,0.829277954,4175.61124,0.0,137.588241,0.664353127,0.0,6349.29535,4184.97765,2642.59025,0.0,0.0
1223.0,242.877778,6364.450269999999,-100.8085381,-100.8085381,-67.1881056,-67.1881056,-63.814171,-63.814171,2666.00549,190.22342,190.22342,53.1072302,53.1072302,57.5096658,57.5096658,0.829308674,4195.5664,0.0,138.807374,0.690182974,0.0,6364.450269999999,4204.95552,2666.00549,0.0,0.0
1223.5,259.382386,6378.31794,-107.68337,-107.68337,-71.926376,-71.926376,-68.2189495,-68.2189495,2690.30921,190.22342,190.22342,53.5913642,53.5913642,57.9996891,57.9996891,0.829365742,4215.52154,0.0,140.072762,0.715756439,0.0,6378.31794,4224.9168,2690.30921,0.0,0.0
1224.0,275.887,6398.67637,-114.4259354,-114.4259354,-76.6751641,-76.6751641,-72.625932,-72.625932,2709.48365,32.351818,32.351818,9.15858675,9.15858675,11.06867193,11.06867193,0.829528351,4235.47668,0.0,141.071091,0.23167805095,0.0,6398.67637,4244.58402,2709.48365,0.0,0.0
1224.5,292.39161,6457.01572,-121.0502208,-121.0502208,-81.8559535,-81.8559535,-77.5506676,-77.5506676,2701.89768,-227.333169,-227.333169,-64.2976859,-64.2976859,-58.9184366,-58.9184366,0.83000404,4255.43189,0.0,140.676123,-0.584116906,0.0,6457.01572,4264.4301,2701.89768,0.0,0.0
1225.0,308.896222,6537.708769999999,-127.9014175,-127.9014175,-87.5695614,-87.5695614,-83.018401,-83.018401,2679.04211,-261.20377,-261.20377,-73.280357,-73.280357,-66.823734,-66.823734,0.830623431,4275.38701,0.0,139.486136,-0.66007683,0.0,6537.708769999999,4284.66182,2679.04211,0.0,0.0
1225.5,325.400833,6616.70984,-134.7821,-134.7821,-93.3951848,-93.3951848,-88.5980407,-88.5980407,2656.87316,-261.20377,-261.20377,-72.673966,-72.673966,-66.226638,-66.226638,0.831261436,4295.34219,0.0,138.331892,-0.622486585,0.0,6616.70984,4304.59043,2656.87316,0.0,0.0
1226.0,341.905446,6693.828810000001,-141.660199,-141.660199,-99.3049446,-99.3049446,-94.2631905,-94.2631905,2635.9978,-261.20377,-261.20377,-72.1029598,-72.1029598,-65.665059,-65.665059,0.831914088,4315.29735,0.0,137.245006,-0.585237663,0.0,6693.828810000001,4324.49123,2635.9978,0.0,0.0
1226.5,350.1143,6737.61666,-145.69527,-145.69527,-102.796987,-102.796987,-97.6123032,-97.6123032,2616.23526,-261.20377,-261.20377,-71.5623918,-71.5623918,-65.134014,-65.134014,0.83257945,4328.40285,0.0,136.21605,-0.563485211,0.0,6737.61666,4331.17241,2616.23526,0.0,0.0
1227.0,350.1143,6753.726339999999,-145.545359,-145.545359,-102.9367344,-102.9367344,-97.7577757,-97.7577757,2596.82637,-261.20377,-261.20377,-71.0314954,-71.0314954,-64.6130465,-64.6130465,0.833246953,4328.686,0.0,135.205515,-0.559390511,0.0,6753.726339999999,4326.54318,2596.82637,0.0,0.0
1227.5,350.1143,6780.274060000001,-145.531146,-145.531146,-103.3312814,-103.3312814,-98.1533574,-98.1533574,2577.56116,-261.20377,-261.20377,-70.5045315,-70.5045315,-64.0964906,-64.0964906,0.833913826,4328.686,0.0,134.202458,-0.555114749,0.0,6780.274060000001,4326.34105,2577.56116,0.0,0.0
1228.0,350.1143,6807.03079,-145.532025,-145.532025,-103.7396813,-103.7396813,-98.561815,-98.561815,2558.4434,-261.20377,-261.20377,-69.9815957,-69.9815957,-63.5844416,-63.5844416,0.834580402,4328.686,0.0,133.207079,-0.550876159,0.0,6807.03079,4326.31204,2558.4434,0.0,0.0
1228.5,350.1143,6833.592,-145.533178,-145.533178,-104.145302,-104.145302,-98.9676105,-98.9676105,2539.47108,-261.20377,-261.20377,-69.4626435,-69.4626435,-63.0768281,-63.0768281,0.835246674,4328.686,0.0,132.219271,-0.546700515,0.0,6833.592,4326.28643,2539.47108,0.0,0.0
1229.0,350.1143,6859.95255,-145.534322,-145.534322,-104.5478635,-104.5478635,-99.3705029,-99.3705029,2520.64199,-261.20377,-261.20377,-68.9476095,-68.9476095,-62.5733989,-62.5733989,0.83591266,4328.686,0.0,131.238927,-0.542587139,0.0,6859.95255,4326.26118,2520.64199,0.0,0.0
1229.5,343.247542,6869.92302,-143.318406,-143.318406,-103.1110703,-103.1110703,-98.0127476,-98.0127476,2501.88829,-261.20377,-261.20377,-68.4346354,-68.4346354,-62.0686606,-62.0686606,0.836577694,4328.686,0.0,130.262502,-0.550856359,0.0,6869.92302,4319.45962,2501.88829,0.0,0.0
1230.0,293.27254,6826.399770000001,-122.1069375,-122.1069375,-87.2874435,-87.2874435,-82.9514829,-82.9514829,2481.38915,-261.20377,-261.20377,-67.8739175,-67.8739175,-61.5159766,-61.5159766,0.837217874,4328.686,0.0,129.195197,-0.645484733,0.0,6826.399770000001,4289.38018,2481.38915,0.0,0.0
1230.5,235.794876,6853.1343,-97.911828,-97.911828,-70.2598006,-70.2598006,-66.9857243,-66.9857243,2457.19313,-261.20377,-261.20377,-67.2120803,-67.2120803,-60.8645594,-60.8645594,0.837807323,4328.686,0.0,127.9354146,-0.753883261,0.0,6853.1343,4286.37677,2457.19313,0.0,0.0
1231.0,178.317215,6892.07956,-73.9598399,-73.9598399,-53.370923,-53.370923,-51.1004109,-51.1004109,2429.27383,-261.20377,-261.20377,-66.4483958,-66.4483958,-60.1141621,-60.1141621,0.83834472,4328.686,0.0,126.481777,-0.861110609,0.0,6892.07956,4286.28011,2429.27383,0.0,0.0
1231.5,120.839551,6936.33723,-50.0132542,-50.0132542,-36.3185138,-36.3185138,-34.8602788,-34.8602788,2397.65986,-261.20377,-261.20377,-65.5836526,-65.5836526,-59.2660996,-59.2660996,0.838825974,4328.686,0.0,124.835777,-0.967630427,0.0,6936.33723,4286.23699,2397.65986,0.0,0.0
1232.0,77.7752775,7018.18411,-31.2955951,-31.2955951,-22.9937891,-22.9937891,-21.9927105,-21.9927105,2362.88304,-250.382199,-250.382199,-61.9650525,-61.9650525,-56.0612648,-56.0612648,0.83924644,4328.686,0.0,123.0250999,-1.0102162,0.0,7018.18411,4299.98815,2362.88304,0.0,0.0
1232.5,75.330795,7123.506729999999,-30.9900464,-30.9900464,-23.1178901,-23.1178901,-22.1211535,-22.1211535,2330.24188,-209.428648,-209.428648,-51.1163631,-51.1163631,-46.6011491,-46.6011491,0.839619975,4328.686,0.0,121.3256134,-0.869186656,0.0,7123.506729999999,4324.7547,2330.24188,0.0,0.0
1233.0,75.330795,7165.051700000001,-31.1434664,-31.1434664,-23.3676567,-23.3676567,-22.3640875,-22.3640875,2302.78597,-166.704257,-166.704257,-40.2094418,-40.2094418,-36.9021842,-36.9021842,0.839956863,4328.686,0.0,119.8961036,-0.719500935,0.0,7165.051700000001,4326.01059,2302.78597,0.0,0.0
1233.5,78.227521,7203.08402,-32.2152251,-32.2152251,-24.3018996,-24.3018996,-23.2706967,-23.2706967,2280.51919,-123.97986,-123.97986,-29.61553,-29.61553,-27.2817385,-27.2817385,0.840254479,4328.686,0.0,118.7367688,-0.565726353,0.0,7203.08402,4328.83467,2280.51919,0.0,0.0
1234.0,91.3873754,7241.90074,-37.8825867,-37.8825867,-28.7301663,-28.7301663,-27.5699174,-27.5699174,2263.93776,-81.2554644,-81.2554644,-19.2689706,-19.2689706,-17.68321135,-17.68321135,0.840521792,4328.686,0.0,117.8734462,-0.392328325,0.0,7241.90074,4335.30482,2263.93776,0.0,0.0
1234.5,105.4232541,7257.69008,-43.8051528,-43.8051528,-33.2934949,-33.2934949,-31.985246,-31.985246,2253.34859,-38.5310704,-38.5310704,-9.09500897,-9.09500897,-8.00369246,-8.00369246,0.840765614,4328.686,0.0,117.3221106,-0.221672807,0.0,7257.69008,4335.69212,2253.34859,0.0,0.0
1235.0,119.4591339,7264.41617,-49.6922958,-49.6922958,-37.8024532,-37.8024532,-36.328977,-36.328977,2248.55444,4.19332412,4.19332412,0.986681022,0.986681022,1.64212218,1.64212218,0.840984608,4328.686,0.0,117.0725032,-0.05591589821,0.0,7264.41617,4335.69172,2248.55444,0.0,0.0
1235.5,133.495014,5616.28658,-89.5294742,-89.5294742,-51.8476318,-51.8476318,-49.0256761,-49.0256761,2250.39269,46.9177192,46.9177192,11.0588625,11.0588625,12.3654095,12.3654095,0.841204076,3587.04654,0.0,117.1682139,0.1675892311,0.0,5616.28658,3650.96588,2250.39269,0.0,0.0
1236.0,147.530893,1709.72430887,-96.8324894,-96.8324894,-17.1681182151,-17.1681182151,-14.92836549205,-14.92836549205,2259.15279,89.6399176,89.2428297,21.2110754,21.1169038,23.0779075,22.9756593,0.841290954,2017.70312,0.0,117.6243119,0.331902569,0.0,1709.72430887,2030.53154,2259.15279,0.0,0.0
1236.5,161.566772,-1223.263158,-225.951924,-85.2625711,33.1473076,10.71924153,39.52085455,13.1232341,2269.47407,122.1887665,52.3627448,29.0398819,12.4404479,32.5660884,13.82803425,0.841045599,490.741364,0.0,118.1616965,0.206882021,0.0,-1223.263158,816.120326,2269.47407,0.0,0.0
1237.0,174.842321,-2132.04154,-300.0,-73.69654,66.98006,16.4519536,74.971986,18.4152841,2274.66489,124.23506,30.5228461,29.5930846,7.27058957,34.7165501,8.52923295,0.840720454,32.53075,0.0,118.4319606,0.130497222,0.0,-2132.04154,441.00181,2274.66489,0.0,0.0
1237.5,177.98077,-2120.70449,-300.0,-73.8739765,66.6238971,16.4058647,74.6258985,18.3763315,2279.2527,124.23506,30.5915804,29.6527717,7.30168843,34.7687248,8.5614369,0.840395367,32.53075,0.0,118.6708285,0.133784142,0.0,-2120.70449,448.398034,2279.2527,0.0,0.0
1238.0,177.98077,-2112.13881,-300.0,-73.9952832,66.3547985,16.366472,74.3624545,18.3415677,2283.87087,124.23506,30.6423074,29.7128536,7.32861089,34.824772,8.5894544,0.84007035,32.53075,0.0,118.9112771,0.133250064,0.0,-2112.13881,454.658806,2283.87087,0.0,0.0
1238.5,177.98077,-2108.64463,-300.0,-74.007506,66.2450238,16.3420967,74.2526429,18.3175101,2288.46273,124.23506,30.6474206,29.772593,7.34457051,34.8891528,8.6067697,0.839745394,32.53075,0.0,119.150358,0.132381846,0.0,-2108.64463,458.793944,2288.46273,0.0,0.0
1239.0,177.98077,-2105.66275,-300.0,-74.0089747,66.1513454,16.3193112,74.158361,18.2946142,2293.02396,124.23506,30.648037,29.8319328,7.35935686,34.953941,8.6229251,0.839420484,32.53075,0.0,119.3878365,0.131484609,0.0,-2105.66275,462.697944,2293.02396,0.0,0.0
1239.5,177.98077,-2102.74515,-300.0,-74.0093937,66.0596893,16.2967912,74.0660225,18.2719379,2297.5541,124.23506,30.6482117,29.8908697,7.37393823,35.0183551,8.63886505,0.83909565,32.53075,0.0,119.623703,0.13058847,0.0,-2102.74515,466.55706,2297.5541,0.0,0.0
1240.0,177.98077,-2099.84813,-300.0,-74.009705,65.9686748,16.2744068,73.974298,18.2493866,2302.05328,124.23506,30.6483428,29.9494039,7.38841006,35.0823202,8.65468215,0.838770861,32.53075,0.0,119.8579581,0.129696378,0.0,-2099.84813,470.389633,2302.05328,0.0,0.0
1240.5,177.98077,-2096.96707,-300.0,-74.0100041,65.8781655,16.2521436,73.8830596,18.226951,2306.52177,124.23506,30.6484693,30.0075383,7.40278205,35.1458337,8.6703861,0.838446137,32.53075,0.0,120.0906099,0.128808628,0.0,-2096.96707,474.197541,2306.52177,0.0,0.0
1241.0,177.98077,-2510.70832,-289.092084,-88.082771,75.1434631,23.6541139,83.7477754,26.3205066,2310.35756,32.47278883,-2.09380802,7.85238561,-0.50812841,10.621185521,0.499949801,0.838121485,32.53075,0.0,120.2903255,0.0466733532,0.0,-2510.70832,304.2764599,2310.35756,0.0,0.0
1241.5,177.98077,-3831.47126,-79.7435923,-71.0439973,32.1491484,28.6329824,34.540488,30.7131379,2304.85577,-111.037033,-111.037033,-26.799332,-26.799332,-24.7178563,-24.7178563,0.837895105,32.53075,0.0,120.0038705,-0.336066563,0.0,-3831.47126,-248.5152195,2304.85577,0.0,0.0
1242.0,177.98077,-3166.37655,-72.7208975,-72.7208975,24.107943,24.107943,26.0994002,26.0994002,2292.89112,-112.89897,-112.89897,-27.1082853,-27.1082853,-24.997392,-24.997392,0.837884519,32.53075,0.0,119.380921,-0.336426859,0.0,-3166.37655,21.24954256,2292.89112,0.0,0.0
1242.5,177.98077,-3116.47965,-73.942471,-73.942471,24.1316288,24.1316288,26.1708854,26.1708854,2281.3581,-112.89897,-112.89897,-26.9719326,-26.9719326,-24.8640524,-24.8640524,0.837875126,32.53075,0.0,118.7804468,-0.331936406,0.0,-3116.47965,35.2779623,2281.3581,0.0,0.0
1243.0,179.638318,-3020.88204,-73.09834,-73.09834,23.1218727,23.1218727,25.1182665,25.1182665,2269.90694,-112.89897,-112.89897,-26.8365485,-26.8365485,-24.7317351,-24.7317351,0.837868231,66.256723,0.0,118.1842348,-0.329206262,0.0,-3020.88204,68.3706005,2269.90694,0.0,0.0
1243.5,184.582998,-2837.45303,-75.2321109,-75.2321109,22.3510379,22.3510379,24.4228131,24.4228131,2258.72899,-112.89897,-112.89897,-26.7043947,-26.7043947,-24.6026479,-24.6026479,0.83786767,131.9970025,0.0,117.6022479,-0.317159344,0.0,-2837.45303,138.170043,2258.72899,0.0,0.0
1244.0,189.616657,-2664.2085,-77.344795,-77.344795,21.5757027,21.5757027,23.7257029,23.7257029,2247.97269,-112.89897,-112.89897,-26.5772258,-26.5772258,-24.4784979,-24.4784979,0.837871019,197.737282,0.0,117.0422146,-0.305134293,0.0,-2664.2085,203.97785,2247.97269,0.0,0.0
1244.5,194.650319,-2491.94404,-79.4429196,-79.4429196,20.7279717,20.7279717,22.9585355,22.9585355,2237.62961,-112.89897,-112.89897,-26.4549416,-26.4549416,-24.3591799,-24.3591799,0.837878843,263.477566,0.0,116.5036921,-0.293279843,0.0,-2491.94404,269.619059,2237.62961,0.0,0.0
1245.0,199.683978,-2320.25169,-81.540655,-81.540655,19.8093308,19.8093308,22.1202534,22.1202534,2227.68956,-112.89897,-112.89897,-26.3374227,-26.3374227,-24.2445706,-24.2445706,0.837891601,329.21784,0.0,115.9861589,-0.28180641,0.0,-2320.25169,335.257635,2227.68956,0.0,0.0
1245.5,204.717639,-2149.11052,-83.6383492,-83.6383492,18.8200769,18.8200769,21.2190788,21.2190788,2218.14348,-112.89897,-112.89897,-26.2245622,-26.2245622,-24.1345572,-24.1345572,0.837909778,394.958124,0.0,115.4891355,-0.270460314,0.0,-2149.11052,400.896809,2218.14348,0.0,0.0
1246.0,209.389291,-1979.34668,-85.6311445,-85.6311445,17.747026,17.747026,20.2231626,20.2231626,2208.98577,-112.89897,-112.89897,-26.1162922,-26.1162922,-24.029069,-24.029069,0.837933772,460.698394,0.0,115.0123325,-0.25979966,0.0,-1979.34668,466.189712,2208.98577,0.0,0.0
1246.5,210.35638,-1815.71273,-86.0207599,-86.0207599,16.3562093,16.3562093,18.8472402,18.8472402,2200.08459,-112.89897,-112.89897,-26.0110561,-26.0110561,-23.9265825,-23.9265825,0.837965103,526.438676,0.0,114.5488882,-0.256300001,0.0,-1815.71273,529.081691,2200.08459,0.0,0.0
1247.0,210.35638,-1646.50117,-85.9897809,-85.9897809,14.8264639,14.8264639,17.2986692,17.2986692,2191.25147,-112.89897,-112.89897,-25.9066243,-25.9066243,-23.824925,-23.824925,0.838005935,592.178955,0.0,114.0889846,-0.254680009,0.0,-1646.50117,594.334267,2191.25147,0.0,0.0
1247.5,210.35638,-1539.03546,-87.3453151,-87.3453151,14.0769801,14.0769801,16.6146628,16.6146628,2182.51317,-111.6871156,-111.6871156,-25.5268323,-25.5268323,-23.4688733,-23.4688733,0.838054475,629.55623,0.0,113.6340189,-0.246773953,0.0,-1539.03546,633.949316,2182.51317,0.0,0.0
1248.0,210.35638,-1313.352183,-120.2102984,-80.0692755,15.34983765,11.14278929,18.6104722,13.35073505,2180.2386,64.5018122,27.2830103,14.74601637,6.23821197,16.8423619,7.5122731,0.837988424,629.6918,0.0,113.515593,0.1905357499,0.0,-1313.352183,726.529676,2180.2386,0.0,0.0
1248.5,210.35638,-480.71981,-290.795895,-83.8925539,14.4533171,4.19558705,22.7724338,6.59302662,2191.171,281.192579,80.9984907,64.5271957,18.5867865,70.4330481,20.2883824,0.837677488,629.6918,0.0,114.0847969,0.369012665,0.0,-480.71981,1079.37751,2191.171,0.0,0.0
1249.0,210.35638,-346.932706,-300.0,-87.2174966,10.8992123,3.16857508,19.3833512,5.63510632,2204.29371,290.39386,84.4094461,67.0325124,19.4845447,73.0703665,21.2395819,0.837352951,629.6918,0.0,114.7680362,0.383345215,0.0,-346.932706,1142.70955,2204.29371,0.0,0.0
1249.5,210.35638,-331.803192,-300.0,-87.359341,10.4239046,3.03541677,18.7925504,5.47234762,2217.52135,290.39386,84.5540169,67.4347631,19.6349909,73.4815076,21.3956223,0.837028485,629.6918,0.0,115.4567476,0.381535572,0.0,-331.803192,1156.7286,2217.52135,0.0,0.0
1250.0,210.35638,-320.7842,-300.0,-87.3608675,10.07773285,2.93466597,18.3560666,5.34534077,2230.66858,290.39386,84.5558012,67.8345724,19.7518168,73.8930909,21.5159141,0.836704064,629.6918,0.0,116.141264,0.379020301,0.0,-320.7842,1168.99024,2230.66858,0.0,0.0
1250.5,210.35638,-309.27604,-300.0,-87.3576896,9.7161934,2.82928034,17.9279645,5.22048496,2243.72786,290.39386,84.5524538,68.2317046,19.8666675,74.301773,21.6340581,0.836379717,629.6918,0.0,116.8212035,0.37648236,0.0,-309.27604,1181.40408,2243.72786,0.0,0.0
1251.0,210.35638,-297.867735,-300.0,-87.3613608,9.3577908,2.72503082,17.4956437,5.09481041,2256.70017,290.39386,84.5558936,68.6261915,19.9823417,74.7073179,21.7530233,0.836055411,629.6918,0.0,117.4966175,0.373980501,0.0,-297.867735,1193.72562,2256.70017,0.0,0.0
1251.5,210.35638,-286.824851,-300.0,-87.3652046,9.0108683,2.62412071,17.0661085,4.96994648,2269.5861,290.39386,84.5595126,69.0180529,20.0973024,75.109896,21.8711808,0.835731185,629.6918,0.0,118.1675334,0.371481921,0.0,-286.824851,1205.84467,2269.5861,0.0,0.0
1252.0,210.35638,-276.139637,-300.0,-87.368894,8.67518265,2.52647009,16.639701,4.84597377,2282.38574,290.39386,84.5629806,69.4072881,20.2114722,75.5095276,21.9884504,0.83540701,629.6918,0.0,118.8339515,0.368985269,0.0,-276.139637,1217.76445,2282.38574,0.0,0.0
1252.5,210.35638,-265.795634,-300.0,-87.3724331,8.3502161,2.43192866,16.2164132,4.72289115,2295.09906,290.39386,84.5662945,69.7938981,20.3248502,75.9062149,22.1048328,0.835082889,629.6918,0.0,119.4958774,0.366490802,0.0,-265.795634,1229.49184,2295.09906,0.0,0.0
1253.0,210.35638,-255.777101,-300.0,-87.3758295,8.03547466,2.34035388,15.7962279,4.6006946,2307.72616,290.39386,84.5694664,70.177889,20.4374393,76.2999686,22.2203319,0.834758828,629.6918,0.0,120.1533166,0.363998842,0.0,-255.777101,1241.03353,2307.72616,0.0,0.0
1253.5,210.35638,-246.067891,-300.0,-87.3789796,7.73045079,2.25159601,15.3790636,4.47935579,2320.26716,290.39386,84.572376,70.5592611,20.5492105,76.690995,22.3349763,0.834434811,629.6918,0.0,120.8062725,0.361509095,0.0,-246.067891,1252.3962,2320.26716,0.0,0.0
1254.0,210.35638,-236.606039,-300.0,-87.3814589,7.43319788,2.16507863,14.9627362,4.35821861,2332.72208,290.39386,84.5745789,70.938015,20.660055,77.0819554,22.4494216,0.834110871,670.37724,0.0,121.4547482,0.359019658,0.0,-236.606039,1263.60566,2332.72208,0.0,0.0
1254.5,206.869617,-245.462819,-300.0,-86.6320315,7.71144191,2.22494909,15.2954973,4.41448491,2345.04004,290.39386,83.8989807,71.3126054,20.6029678,77.4859486,22.3864669,0.833786989,942.900624,0.0,122.0960929,0.348982884,0.0,-245.462819,1267.1127,2345.04004,0.0,0.0
1255.0,190.581023,-308.235807,-274.541651,-78.387166,8.92296757,2.54076601,15.9949877,4.55727838,2356.42033,290.39386,82.928079,71.6586801,20.4642405,77.8676434,22.2369881,0.833463161,1252.01785,0.0,122.6886172,0.310198882,0.0,-308.235807,1247.63728,2356.42033,0.0,0.0
1255.5,173.125916,-44.49407521,-165.0080274,-77.4826112,1.0160781429,0.3266740581,2.3052189853,0.7553209328,2367.18652,290.39386,96.9660033,71.986078,24.0380374,78.0076864,26.0485274,0.833139398,1561.13512,0.0,123.2491596,0.327052394,0.0,-44.49407521,1363.66842,2367.18652,0.0,0.0
1256.0,155.670808,832.0187378,-51.0952216,-51.0952216,-4.502534856,-4.502534856,-3.700468952,-3.700468952,2377.94257,290.39386,112.9598271,72.3131695,28.1316879,78.2863232,30.4548045,0.832815671,1870.25235,0.0,123.809182,0.314809042,0.0,832.0187378,1734.67225,2377.94257,0.0,0.0
1256.5,138.215703,1746.56528,-54.1917599,-54.1917599,-9.9274178,-9.9274178,-8.83211547,-8.83211547,2389.73202,290.39386,131.368443,72.6716881,32.8762435,78.685342,35.5968564,0.83249203,2128.1196,0.0,124.42301,0.356996356,0.0,1746.56528,2122.1056,2389.73202,0.0,0.0
1257.0,120.7605958,1788.00982,-50.5278219,-50.5278219,-9.46306235,-9.46306235,-8.45923469,-8.45923469,2401.66746,290.39386,129.4325281,73.0346416,32.5519823,79.048344,35.2323991,0.832168424,2155.7764,0.0,125.0444351,0.321564939,0.0,1788.00982,2146.31997,2401.66746,0.0,0.0
1257.5,103.3054898,1768.2576,-43.0652049,-43.0652049,-7.97529204,-7.97529204,-7.15525261,-7.15525261,2411.8644,290.39386,124.1497241,73.3447299,31.3560753,79.3439625,33.9208971,0.83184489,2155.7764,0.0,125.575346,0.269032929,0.0,1768.2576,2144.05482,2411.8644,0.0,0.0
1258.0,85.8503845,1756.35476,-35.7837438,-35.7837438,-6.58219135,-6.58219135,-5.918583,-5.918583,2420.28669,290.449246,119.234663,73.614909,30.2199276,79.6014102,32.6775143,0.831521414,2155.7764,0.0,126.0138605,0.218368379,0.0,1756.35476,2144.01971,2420.28669,0.0,0.0
1258.5,68.3952772,1746.99569,-28.5065888,-28.5065888,-5.21564914,-5.21564914,-4.68596648,-4.68596648,2426.97085,291.375589,114.4291346,74.0536899,29.0821284,80.0531945,31.4382343,0.83119799,2155.7764,0.0,126.3618731,0.168424077,0.0,1746.99569,2144.02816,2426.97085,0.0,0.0
1259.0,54.6085661,1748.56624,-22.5368408,-22.5368408,-4.12635436,-4.12635436,-3.68899368,-3.68899368,2432.00231,292.601903,110.5223249,74.519514,28.1476202,80.566081,30.4315354,0.830874619,2155.7764,0.0,126.6238394,0.1282729754,0.0,1748.56624,2147.61948,2432.00231,0.0,0.0
1259.5,53.5616,1761.79455,-22.2791798,-22.2791798,-4.1103889,-4.1103889,-3.67528922,-3.67528922,2436.33476,293.828219,110.253925,74.9651379,28.129341,81.0416437,30.4094433,0.830551324,2155.7764,0.0,126.8494126,0.1248222425,0.0,1761.79455,2155.65362,2436.33476,0.0,0.0
1260.0,53.5616,1756.96323,-22.3207836,-22.3207836,-4.10677327,-4.10677327,-3.6714644,-3.6714644,2440.62491,295.054527,110.031378,75.4105686,28.1219917,81.5167553,30.3991034,0.830228072,2155.7764,0.0,127.0727821,0.1232718386,0.0,1756.96323,2156.1482,2440.62491,0.0,0.0
1260.5,53.5616,1751.061,-22.3211488,-22.3211488,-4.09304428,-4.09304428,-3.65814734,-3.65814734,2444.85697,296.280838,109.7770121,75.8552946,28.105631,81.9913348,30.3791355,0.82990489,2155.7764,0.0,127.2931263,0.1215572696,0.0,1751.061,2156.16334,2444.85697,0.0,0.0
1261.0,53.5616,1745.21915,-22.3206933,-22.3206933,-4.07930591,-4.07930591,-3.64483429,-3.64483429,2449.03006,297.507152,109.5260305,76.299274,28.0892374,82.4651292,30.3591708,0.829581753,2155.7764,0.0,127.5104004,0.1198631501,0.0,1745.21915,2156.16911,2449.03006,0.0,0.0
1261.5,53.5616,1739.4583,-22.3202293,-22.3202293,-4.0657558,-4.0657558,-3.63171065,-3.63171065,2453.14492,298.733469,109.2790555,76.7425035,28.0729869,82.9381377,30.339399,0.829258672,2155.7764,0.0,127.7246461,0.1181927768,0.0,1739.4583,2156.17465,2453.14492,0.0,0.0
1262.0,53.5616,1733.7777,-22.3197717,-22.3197717,-4.05239506,-4.05239506,-3.61877701,-3.61877701,2457.20254,299.959784,109.0360122,77.184988,28.0568816,83.4103671,30.3198195,0.828935657,2155.7764,0.0,127.9359086,0.116545841,0.0,1733.7777,2156.18013,2457.20254,0.0,0.0
1262.5,54.8120603,1730.52063,-22.5807254,-22.5807254,-4.09239578,-4.09239578,-3.65569403,-3.65569403,2461.20905,301.1861,108.9677487,77.6269035,28.0850657,83.8809635,30.3477538,0.828612709,2155.7764,0.0,128.144504,0.1173802728,0.0,1730.52063,2157.16415,2461.20905,0.0,0.0
1263.0,91.5304435,1791.18938,-37.5950412,-37.5950412,-7.06047601,-7.06047601,-6.34872774,-6.34872774,2466.57095,301.76544,118.3436254,77.9456235,30.5689197,84.1975901,33.0208912,0.828289796,2155.7764,0.0,128.423679,0.215452928,0.0,1791.18938,2185.53963,2466.57095,0.0,0.0
1263.5,144.391345,1839.19034,-57.769729,-57.769729,-11.1428622,-11.1428622,-9.9346768,-9.9346768,2476.43113,301.76544,130.611182,78.2572133,33.8726945,84.5572879,36.5996644,0.827966965,2181.08059,0.0,128.937054,0.349734452,0.0,1839.19034,2211.27056,2476.43113,0.0,0.0
1264.0,197.252246,2391.51554,-75.6210226,-75.6210226,-19.07255955,-19.07255955,-17.2060147,-17.2060147,2491.1818,301.76544,155.234174,78.723346,40.5021785,85.2089346,43.8416758,0.827644163,2416.6476,0.0,129.705056,0.518873852,0.0,2391.51554,2449.70987,2491.1818,0.0,0.0
1264.5,250.113148,3047.56659,-97.9540889,-97.9540889,-31.3837023,-31.3837023,-28.4901579,-28.4901579,2512.81306,301.76544,192.524878,79.4069117,50.6701244,86.3561895,55.1102781,0.827321447,2698.94873,0.0,130.831304,0.735297349,0.0,3047.56659,2735.32796,2512.81306,0.0,0.0
1265.0,302.974052,3684.09116,-120.0226633,-120.0226633,-46.4246019,-46.4246019,-42.4203841,-42.4203841,2542.25215,301.76544,236.566131,80.337215,62.9934872,88.0135255,69.0226511,0.826998774,2981.24984,0.0,132.364077,0.97135096,0.0,3684.09116,3017.37978,2542.25215,0.0,0.0
1265.5,336.64763,4267.42439,-134.832643,-134.832643,-60.2594916,-60.2594916,-55.6404134,-55.6404134,2579.54837,301.76544,275.945854,81.5158009,74.5482917,89.9470635,82.26068,0.826676165,3263.5509,0.0,134.305921,1.15554383,0.0,4267.42439,3281.886,2579.54837,0.0,0.0
1266.0,337.15875,4843.08139,-134.374377,-134.374377,-68.1492293,-68.1492293,-63.4749511,-63.4749511,2620.48335,301.76544,295.771003,82.8093788,81.1710503,91.6564264,89.8444034,0.826354246,3545.85205,0.0,136.437231,1.21030357,0.0,4843.08139,3545.32281,2620.48335,0.0,0.0
1266.5,337.15875,5455.94543,-134.94805,-134.94805,-77.1176869,-77.1176869,-72.3720468,-72.3720468,2662.66563,301.76544,301.76544,84.1423735,84.1423735,93.1260364,93.1260364,0.826085113,3824.17441,0.0,138.633481,1.22107914,0.0,5455.94543,3824.97,2662.66563,0.0,0.0
1267.0,337.15875,5643.09289,-141.060496,-141.060496,-83.3593609,-83.3593609,-78.3857201,-78.3857201,2704.91557,301.76544,301.76544,85.4775075,85.4775075,94.4714461,94.4714461,0.825923261,3921.18,0.0,140.833252,1.22192773,0.0,5643.09289,3927.51287,2704.91557,0.0,0.0
1267.5,337.15875,5565.59547,-140.650694,-140.650694,-81.9751684,-81.9751684,-77.0214204,-77.0214204,2746.97353,301.76544,301.76544,86.806571,86.806571,95.8195574,95.8195574,0.825761907,3921.18,0.0,143.023028,1.21132013,0.0,5565.59547,3919.82288,2746.97353,0.0,0.0
1268.0,337.15875,5506.681610000001,-140.628541,-140.628541,-81.0946249,-81.0946249,-76.1470016,-76.1470016,2788.67781,301.76544,301.76544,88.1244604,88.1244604,97.1561964,97.1561964,0.82556993,3921.18,0.0,145.194392,1.20131914,0.0,5506.681610000001,3919.6593,2788.67781,0.0,0.0
1268.5,337.15875,5448.95513,-140.619737,-140.619737,-80.2394995,-80.2394995,-75.2954645,-75.2954645,2829.8758,294.076336,294.076336,87.1376204,87.1376204,95.807331,95.807331,0.825352882,3921.18,0.0,147.339387,1.16645823,0.0,5448.95513,3919.694,2829.8758,0.0,0.0
1269.0,337.15875,5395.812370000001,-140.576395,-140.576395,-79.432451,-79.432451,-74.4920417,-74.4920417,2867.74509,249.809493,249.809493,75.0053652,75.0053652,81.68162,81.68162,0.825219695,3921.18,0.0,149.311085,1.013867276,0.0,5395.812370000001,3919.69256,2867.74509,0.0,0.0
1269.5,337.15875,5350.76637,-140.529789,-140.529789,-78.7432044,-78.7432044,-73.806923,-73.806923,2899.91476,200.874214,200.874214,60.9887672,60.9887672,65.8305596,65.8305596,0.825219703,3921.18,0.0,150.986014,0.847453684,0.0,5350.76637,3919.73219,2899.91476,0.0,0.0
1270.0,337.15875,5313.75123,-140.483912,-140.483912,-78.172949,-78.172949,-73.2408126,-73.2408126,2926.35505,151.94671,151.94671,46.5536689,46.5536689,49.9461069,49.9461069,0.825321176,3921.18,0.0,152.362645,0.682428372,0.0,5313.75123,3919.76822,2926.35505,0.0,0.0
1270.5,337.15875,5284.689899999999,-140.438425,-140.438425,-77.720241,-77.720241,-72.7919974,-72.7919974,2947.11421,103.0207429,103.0207429,31.786793,31.786793,34.0889531,34.0889531,0.825507487,3921.18,0.0,153.443489,0.518795148,0.0,5284.689899999999,3919.79674,2947.11421,0.0,0.0
1271.0,337.15875,5263.51379,-140.393341,-140.393341,-77.3839564,-77.3839564,-72.4591386,-72.4591386,2962.24118,54.1048509,54.1048509,16.7783941,16.7783941,18.3584557,18.3584557,0.825767418,3921.18,0.0,154.231081,0.356602838,0.0,5263.51379,3919.8177,2962.24118,0.0,0.0
1271.5,337.15875,5212.7688,-142.226028,-142.226028,-77.624978,-77.624978,-72.6406824,-72.6406824,2971.80547,5.17829288,5.17829288,1.608619676,1.608619676,2.48392294,2.48392294,0.826095616,3900.49665,0.0,154.729057,0.199045138,0.0,5212.7688,3904.28688,2971.80547,0.0,0.0
1272.0,337.15875,4769.17457,-145.267091,-145.267091,-72.5531089,-72.5531089,-67.5083354,-67.5083354,2976.05799,-43.7476738,-43.7476738,-13.6347081,-13.6347081,-12.2821769,-12.2821769,0.826479548,3720.62656,0.0,154.950463,0.0449516383,0.0,4769.17457,3722.1871,2976.05799,0.0,0.0
1272.5,337.15875,4254.32745,-145.025691,-145.025691,-64.6109677,-64.6109677,-59.6444789,-59.6444789,2974.86605,-92.6736389,-92.6736389,-28.8687049,-28.8687049,-26.8898805,-26.8898805,0.826891121,3507.99076,0.0,154.888403,-0.1134556524,0.0,4254.32745,3507.25937,2974.86605,0.0,0.0
1273.0,337.15875,3752.35216,-144.992969,-144.992969,-56.9743207,-56.9743207,-52.1052819,-52.1052819,2968.86979,-122.2327994,-122.2327994,-38.0019944,-38.0019944,-35.4941468,-35.4941468,0.827321438,3295.35493,0.0,154.57621,-0.207639066,0.0,3752.35216,3294.88265,2968.86979,0.0,0.0
1273.5,337.15875,3252.15738,-144.994576,-144.994576,-49.3800929,-49.3800929,-44.6256477,-44.6256477,2961.6912,-122.52723,-122.52723,-38.0015239,-38.0015239,-35.4899525,-35.4899525,0.827735881,3082.71911,0.0,154.202451,-0.206754952,0.0,3252.15738,3082.55638,2961.6912,0.0,0.0
1274.0,342.86701,2765.17324,-146.967326,-146.967326,-42.5276229,-42.5276229,-37.8379344,-37.8379344,2954.64086,-122.52723,-122.52723,-37.9110605,-37.9110605,-35.4019181,-35.4019181,0.828122254,2870.08327,0.0,153.835365,-0.194878952,0.0,2765.17324,2875.80197,2954.64086,0.0,0.0
1274.5,372.322879,2300.24232,-159.536675,-159.536675,-38.3712261,-38.3712261,-33.4338685,-33.4338685,2948.83408,-122.52723,-122.52723,-37.8365546,-37.8365546,-35.3294256,-35.3294256,0.828487558,2657.54366,0.0,153.533038,-0.1372143146,0.0,2300.24232,2678.95026,2948.83408,0.0,0.0
1275.0,404.38585,2063.03167,-168.055929,-168.055929,-36.3116741,-36.3116741,-31.2000602,-31.2000602,2945.01917,-121.983576,-121.983576,-37.6199997,-37.6199997,-35.125598,-35.125598,0.82883641,2562.7234,0.0,153.334404,-0.0823056215,0.0,2063.03167,2578.01767,2945.01917,0.0,0.0
1275.5,435.485945,2080.31794,-181.359764,-181.359764,-39.5085629,-39.5085629,-33.9832289,-33.9832289,2943.60994,-113.8042305,-113.8042305,-35.0806077,-35.0806077,-32.7508152,-32.7508152,0.829184867,2562.7234,0.0,153.261036,0.0038946534,0.0,2080.31794,2584.38779,2943.60994,0.0,0.0
1276.0,433.755815,2012.04877,-181.627621,-181.627621,-38.2889681,-38.2889681,-32.7958393,-32.7958393,2944.67556,-103.1722054,-103.1722054,-31.8146405,-31.8146405,-29.6737977,-29.6737977,0.829526857,2562.7234,0.0,153.316521,0.0364982748,0.0,2012.04877,2556.60267,2944.67556,0.0,0.0
1276.5,370.462399,1918.30504,-154.390992,-154.390992,-31.0199764,-31.0199764,-26.3997321,-26.3997321,2944.60553,-92.5401775,-92.5401775,-28.5356984,-28.5356984,-26.5861104,-26.5861104,0.829837839,2562.7234,0.0,153.312873,-0.05020637902,0.0,1918.30504,2517.5543,2944.60553,0.0,0.0
1277.0,300.268331,1916.09427,-124.9079244,-124.9079244,-25.061443,-25.061443,-21.3299286,-21.3299286,2941.17214,-81.9081515,-81.9081515,-25.2280845,-25.2280845,-23.4383836,-23.4383836,0.830110006,2562.7234,0.0,153.134108,-0.1480181684,0.0,1916.09427,2514.62967,2941.17214,0.0,0.0
1277.5,230.074266,1925.46232,-95.6677043,-95.6677043,-19.2868684,-19.2868684,-16.7077639,-16.7077639,2934.38297,-71.2761259,-71.2761259,-21.9030651,-21.9030651,-20.2742167,-20.2742167,0.830345478,2562.7234,0.0,152.780628,-0.244557965,0.0,1925.46232,2514.56362,2934.38297,0.0,0.0
1278.0,159.880197,1939.89684,-66.4280047,-66.4280047,-13.49017595,-13.49017595,-12.0016095,-12.0016095,2924.05389,-66.3036,-66.3036,-20.3025733,-20.3025733,-18.7577774,-18.7577774,0.830545985,2562.7234,0.0,152.24284,-0.358510378,0.0,1939.89684,2514.53887,2924.05389,0.0,0.0
1278.5,89.6861334,1929.16612,-40.6773656,-40.6773656,-8.2025063,-8.2025063,-7.41892565,-7.41892565,2909.42588,-66.3036,-66.3036,-20.201007,-20.201007,-18.6607909,-18.6607909,0.830718964,2537.67969,0.0,151.481219,-0.483076648,0.0,1929.16612,2501.53254,2909.42588,0.0,0.0
1279.0,43.1717329,368.6831891,-40.4655544,-40.4655544,-1.6796017135,-1.6796017135,-1.0504015876,-1.0504015876,2891.56232,-66.3036,-66.3036,-20.0769748,-20.0769748,-18.5419375,-18.5419375,0.83086631,1843.03913,0.0,150.551139,-0.535369465,0.0,368.6831891,1841.7737,2891.56232,0.0,0.0
1279.5,42.072243,-1945.93405,-35.9701544,-35.9701544,7.03054394,7.03054394,7.79604821,7.79604821,2873.01078,-66.3036,-66.3036,-19.9481664,-19.9481664,-18.4182985,-18.4182985,0.830962231,877.63167,0.0,149.585245,-0.540229502,0.0,-1945.93405,867.812306,2873.01078,0.0,0.0
1280.0,42.072243,-2654.42594,-15.8664443,-15.8664443,4.40540641,4.40540641,4.85574324,4.85574324,2853.67944,-66.3036,-66.3036,-19.8139425,-19.8139425,-18.2895262,-18.2895262,0.831041428,582.7958,0.0,148.578742,-0.571867447,0.0,-2654.42594,561.71613,2853.67944,0.0,0.0
1280.5,42.072243,-2570.46331,-17.2942625,-17.2942625,4.65518904,4.65518904,5.10717302,5.10717302,2834.05236,-66.3036,-66.3036,-19.6776663,-19.6776663,-18.1588512,-18.1588512,0.831129683,582.7958,0.0,147.556849,-0.56446416,0.0,-2570.46331,585.193526,2834.05236,0.0,0.0
1281.0,60.7102935,-2499.61445,-24.1718773,-24.1718773,6.29517672,6.29517672,6.85839146,6.85839146,2814.90691,-66.3036,-66.3036,-19.5447338,-19.5447338,-18.0314467,-18.0314467,0.831214342,582.7958,0.0,146.560024,-0.524748581,0.0,-2499.61445,603.495341,2814.90691,0.0,0.0
1281.5,127.623934,-2407.86942,-52.8723171,-52.8723171,13.3243043,13.3243043,14.56768245,14.56768245,2799.05195,-66.3036,-66.3036,-19.4346475,-19.4346475,-17.9259871,-17.9259871,0.831265774,582.7958,0.0,145.734527,-0.389098955,0.0,-2407.86942,632.41352,2799.05195,0.0,0.0
1282.0,196.948529,-2388.91972,-81.8784469,-81.8784469,20.4801613,20.4801613,22.8314745,22.8314745,2787.92858,-66.3036,-66.3036,-19.3574151,-19.3574151,-17.8520267,-17.8520267,0.831259227,582.7958,0.0,145.155381,-0.254939731,0.0,-2388.91972,633.803773,2787.92858,0.0,0.0
1282.5,266.273126,-2379.73341,-110.7641839,-110.7641839,27.601522,27.601522,31.4129711,31.4129711,2781.41099,-66.3036,-66.3036,-19.3121611,-19.3121611,-17.8087004,-17.8087004,0.831181899,582.7958,0.0,144.816039,-0.1223433942,0.0,-2379.73341,633.820685,2781.41099,0.0,0.0
1283.0,334.323787,-2379.1761,-139.410129,-139.410129,34.7361806,34.7361806,39.7013678,39.7013678,2779.4546,-66.3036,-66.3036,-19.2985778,-19.2985778,-17.7956969,-17.7956969,0.831014439,582.7958,0.0,144.714181,0.00725889046,0.0,-2379.1761,632.910298,2779.4546,0.0,0.0
1283.5,356.9579,-2469.21883,-149.321093,-149.321093,38.609315,38.609315,43.9373408,43.9373408,2780.81552,-66.3036,-66.3036,-19.3080267,-19.3080267,-17.804742,-17.804742,0.830740526,582.7958,0.0,144.78503,0.0505711134,0.0,-2469.21883,596.237448,2780.81552,0.0,0.0
1284.0,356.9579,-2496.25448,-148.567457,-148.567457,38.8365943,38.8365943,44.1388437,44.1388437,2782.52392,-66.3036,-66.3036,-19.3198888,-19.3198888,-17.8160981,-17.8160981,0.830431405,582.7958,0.0,144.873986,0.0488493893,0.0,-2496.25448,585.985259,2782.52392,0.0,0.0
1284.5,348.75335,-2518.55221,-145.869421,-145.869421,38.4612711,38.4612711,43.6664971,43.6664971,2784.12673,-66.3036,-66.3036,-19.3310178,-19.3310178,-17.8267533,-17.8267533,0.830122104,582.7958,0.0,144.957439,0.03422292964,0.0,-2518.55221,577.642915,2784.12673,0.0,0.0
1285.0,292.104038,-1668.035216,-103.5099226,-103.5099226,18.6477669,18.6477669,22.0270476,22.0270476,2783.10829,-66.3036,-66.3036,-19.3239458,-19.3239458,-17.8199823,-17.8199823,0.82993504,999.021716,0.0,144.904405,-0.1052106037,0.0,-1668.035216,930.954589,2783.10829,0.0,0.0
1285.5,264.71625,393.67888,-91.1848644,-91.1848644,-3.80173962,-3.80173962,-1.914074698,-1.914074698,2778.17741,-66.3036,-66.3036,-19.2897101,-19.2897101,-17.7872083,-17.7872083,0.829989606,1799.64617,0.0,144.647679,-0.157411402,0.0,393.67888,1785.96995,2778.17741,0.0,0.0
1286.0,266.877336,2362.93895,-92.8901242,-92.8901242,-23.0379469,-23.0379469,-20.50418335,-20.50418335,2772.85934,-62.4486177,-62.4486177,-18.1341781,-18.1341781,-16.6772442,-16.6772442,0.83016465,2600.27069,0.0,144.370792,-0.1382006724,0.0,2362.93895,2602.28847,2772.85934,0.0,0.0
1286.5,280.203276,3455.12925,-116.101723,-116.101723,-42.0042712,-42.0042712,-38.1915317,-38.1915317,2772.47073,14.36390852,14.36390852,4.175572768,4.175572768,5.282025042,5.282025042,0.830388556,3018.416,0.0,144.350557,0.1662604813,0.0,3455.12925,3056.52999,2772.47073,0.0,0.0
1287.0,295.089771,3374.88948,-123.0455676,-123.0455676,-43.4847313,-43.4847313,-39.4229114,-39.4229114,2784.07262,118.6854315,109.4410974,34.6178002,31.9238436,37.2755125,34.3724976,0.830508092,3018.416,0.0,144.954617,0.500538773,0.0,3374.88948,3029.9158,2784.07262,0.0,0.0
1287.5,309.976259,3338.40563,-129.220056,-129.220056,-45.1727237,-45.1727237,-40.9155682,-40.9155682,2807.83132,223.000356,204.380896,65.5961729,60.1045132,70.9845025,65.0363191,0.830381096,3018.416,0.0,146.191633,0.830066332,0.0,3338.40563,3028.60719,2807.83132,0.0,0.0
1288.0,324.862731,3296.12227,-135.424087,-135.424087,-46.7419191,-46.7419191,-42.291738,-42.291738,2837.78859,325.24184,214.456181,96.677617,63.7309936,104.6859942,69.0108334,0.830064879,3018.416,0.0,147.751377,0.883532069,0.0,3296.12227,3028.50461,2837.78859,0.0,0.0
1288.5,339.749209,3252.69796,-141.625055,-141.625055,-48.238213,-48.238213,-43.5977297,-43.5977297,2868.79112,358.60275,216.227314,107.731117,64.9592554,116.6057781,70.3104414,0.829741724,3018.416,0.0,149.365545,0.909761108,0.0,3252.69796,3028.53758,2868.79112,0.0,0.0
1289.0,354.635679,3208.05511,-147.826335,-147.826335,-49.6593533,-49.6593533,-44.8273241,-44.8273241,2900.67753,358.60275,217.677558,108.9285416,66.121705,117.8442637,71.5337044,0.829418597,3018.416,0.0,151.025728,0.934648325,0.0,3208.05511,3028.57961,2900.67753,0.0,0.0
1289.5,369.522156,3162.24198,-154.027245,-154.027245,-51.0035131,-51.0035131,-45.9764808,-45.9764808,2933.40014,358.60275,218.793956,110.1573651,67.2104875,119.1161438,72.6765064,0.829095561,3018.416,0.0,152.729454,0.958155353,0.0,3162.24198,3028.62286,2933.40014,0.0,0.0
1290.0,384.408628,3115.32155,-160.2278,-160.2278,-52.2694894,-52.2694894,-47.0502205,-47.0502205,2966.91366,358.60275,219.617498,111.4158929,68.2341426,120.4124855,73.7438919,0.828772573,3018.416,0.0,154.47436,0.980419325,0.0,3115.32155,3028.66728,2966.91366,0.0,0.0
1290.5,397.401875,3062.89092,-165.809117,-165.809117,-53.1805526,-53.1805526,-47.7937574,-47.7937574,3001.14645,358.60275,219.455078,112.70143,68.9694256,121.7149105,74.485464,0.828449658,3018.416,0.0,156.256711,0.995931243,0.0,3062.89092,3026.83877,3001.14645,0.0,0.0
1291.0,399.23026,2996.57019,-166.455605,-166.455605,-52.2338768,-52.2338768,-46.8477737,-46.8477737,3035.26956,358.60275,214.529356,113.9828486,68.1873039,122.9233286,73.5359075,0.828126785,3018.416,0.0,158.03335,0.974365524,0.0,2996.57019,3019.1665,3035.26956,0.0,0.0
1291.5,399.23026,2809.3913,-181.305057,-181.305057,-52.3019509,-52.3019509,-46.5304891,-46.5304891,3068.6665,358.60275,211.720794,115.2369951,68.0369255,124.149762,73.3029779,0.827803963,2909.66798,0.0,159.772192,0.982317465,0.0,2809.3913,2960.78021,3068.6665,0.0,0.0
1292.0,399.23026,62.742645548,-296.425603,-157.159518,-1.7179658576,-1.99716248293,-0.2785103823,-1.0272506227,3096.02439,358.60275,80.578052,116.2643625,26.120107,125.0864535,28.0910995,0.827481211,1161.30816,0.0,161.196598,0.501126976,0.0,62.742645548,1833.85348,3096.02439,0.0,0.0
1292.5,397.745219,-14.6371229,-299.307279,-122.485641,0.4584514925,0.1333642863,1.3325933946,0.4176969666,3113.57006,358.60275,75.4802836,116.9232491,24.6103874,125.8772744,26.4950162,0.827158507,1038.3812,0.0,162.110123,0.432235397,0.0,-14.6371229,1811.89996,3113.57006,0.0,0.0
1293.0,338.162843,-13.800452295,-299.729974,-121.5480779,0.4325954496,0.23191173452,1.198961373,0.6363556049,3129.25337,358.60275,75.2321505,117.5122025,24.6531283,126.5024554,26.5391898,0.826835877,1038.3812,0.0,162.926686,0.397662827,0.0,-13.800452295,1821.40546,3129.25337,0.0,0.0
1293.5,248.75915,-9.731682347,-299.922881,-66.3756718,0.3055573551,0.05608598925,0.8523099545,0.15627814895,3139.47536,358.60275,74.860057,117.8960665,24.6113191,126.9191854,26.4949055,0.826513298,1038.3812,0.0,163.458901,0.199252244,0.0,-9.731682347,1829.06705,3139.47536,0.0,0.0
1294.0,159.355452,-27.11807934,-300.0,-65.2310613,0.8519395795,0.17125873535,2.067702446,0.417831887,3143.78154,358.60275,73.9819309,118.0577726,24.356024,127.1268256,26.2267372,0.826190776,1038.3812,0.0,163.683101,0.034375092877,0.0,-27.11807934,1824.34675,3143.78154,0.0,0.0
1294.5,74.8466777,-1001.76015,-291.861886,-47.6317282,29.9976672,4.65213226,36.2196887,5.66933051,3142.02546,358.60275,58.6577373,117.9918287,19.3011125,128.249435,20.9686313,0.825868305,1038.3812,0.0,163.591671,-0.1430590358,0.0,-1001.76015,1417.76567,3142.02546,0.0,0.0
1295.0,54.976868,-2299.0309,-175.28288,-26.6014392,41.701079,6.34435101,45.5747372,6.93379398,3135.35819,358.60275,55.0166334,117.741456,18.0631854,128.415341,19.6975536,0.825545901,1038.3812,0.0,163.244537,-0.212799035,0.0,-2299.0309,874.068741,3135.35819,0.0,0.0
1295.5,54.976868,-2052.74014,-98.6662089,-17.4369607,21.2653769,3.75215952,23.6884907,4.18030152,3128.18764,358.60275,63.3505411,117.4721816,20.7523141,127.0534251,22.4444346,0.825223548,1060.63347,0.0396883633,162.871199,-0.204975447,0.0,-2052.74014,972.365356,3128.18764,-0.9739393,0.12748957
1296.0,51.6823591,-1640.87345,-101.443101,-20.8337508,17.4226826,3.57538384,19.6529412,4.03274916,3116.92764,312.98908,64.0137148,102.178349,20.8944744,110.4452573,22.5853789,0.824901263,1142.405,2.572072035,162.28494,-0.531344394,0.0,-1640.87345,1137.17149,3116.92764,-64.1486098,8.36907011
1296.5,36.4984134,-1631.05158,-41.6967254,-13.3698874,7.24703993,2.31054376,8.38221479,2.69045007,3089.37559,200.438193,68.5072214,64.8813667,22.160492,70.0470249,23.9210719,0.824579019,1227.38715,6.48941292,160.850423,-1.05751683,0.0,-1631.05158,1125.17102,3089.37559,-162.100516,20.9651867
1297.0,20.580564,-1227.62348,-6.53905623,-4.75275982,0.882418103,0.627924536,1.26844977,0.915981915,3047.95084,87.2985073,65.665094,27.9068236,20.972743,30.1864608,22.7118143,0.824264288,1312.36929,7.9140677,158.693616,-1.27818395,0.0,-1227.62348,1268.85279,3047.95084,-197.8517,25.2601736
1297.5,15.353396,-858.888464,-3.72645396,-3.72645396,0.332357603,0.332357603,0.580747464,0.580747464,3000.90348,20.1771805,20.1771805,6.34201823,6.34201823,7.76116038,7.76116038,0.824113486,1397.35145,7.9140677,156.244059,-1.42097376,0.0,-858.888464,1394.81552,3000.90348,-197.8517,24.8702644
1298.0,23.8067457,-557.512034,-7.29984103,-7.29984103,0.402674246,0.402674246,0.694584815,0.694584815,2952.10717,19.633347,19.633347,6.06952993,6.06952993,7.46023598,7.46023598,0.824048069,1482.33361,7.9140677,153.703451,-1.39414292,0.0,-557.512034,1491.72873,2952.10717,-197.8517,24.4658609
1298.5,44.6239817,-270.840151,-16.2734421,-16.2734421,0.441007026,0.441007026,0.779280099,0.779280099,2904.80481,19.633347,19.633347,5.97227633,5.97227633,7.34539718,7.34539718,0.823982233,1567.31574,7.9140677,151.240618,-1.34231976,0.0,-270.840151,1583.39548,2904.80481,-197.8517,24.0738382
1299.0,65.5481648,-2.6055903,-25.0141858,-25.0141858,-0.0132558781,-0.0132558781,0.1478372774,0.1478372774,2859.28103,19.633347,19.633347,5.87867934,5.87867934,7.23569283,7.23569283,0.823919601,1652.2979,7.9140677,148.870392,-1.29140821,0.0,-2.6055903,1668.42885,2859.28103,-197.8517,23.6965553
1299.5,86.472349,262.646425,-33.735249,-33.735249,-0.947755517,-0.947755517,-0.574877673,-0.574877673,2815.50578,19.633347,19.633347,5.78867771,5.78867771,7.13022329,7.13022329,0.823864263,1737.28004,7.9140677,146.591208,-1.24113458,0.0,262.646425,1753.2422,2815.50578,-197.8517,23.3337646
1300.0,101.635344,512.476166,-40.3386143,-40.3386143,-2.16816001,-2.16816001,-1.56705868,-1.56705868,2773.37295,19.633347,19.633347,5.7020524,5.7020524,7.02856186,7.02856186,0.823816992,1822.26221,7.9140677,144.397531,-1.20181179,0.0,512.476166,1832.59709,2773.37295,-197.8517,22.9845838
1300.5,102.30489,686.156718,-41.9656564,-41.9656564,-3.01688756,-3.01688756,-2.35880239,-2.35880239,2732.06724,19.633347,19.633347,5.617128,5.617128,6.92875466,6.92875466,0.823778367,1876.29464,7.9140677,142.246921,-1.18838673,0.0,686.156718,1880.74878,2732.06724,-197.8517,22.6422598
1301.0,102.30489,738.003606,-42.2629909,-42.2629909,-3.26620499,-3.26620499,-2.58487356,-2.58487356,2691.16845,19.633347,19.633347,5.53304022,5.53304022,6.83038712,6.83038712,0.823744411,1877.1049,7.9140677,140.117501,-1.17829675,0.0,738.003606,1878.44215,2691.16845,-197.8517,22.3033074
1301.5,102.30489,794.24111,-42.24531,-42.24531,-3.51365854,-3.51365854,-2.81805821,-2.81805821,2650.59428,19.633347,19.633347,5.44961964,5.44961964,6.73335537,6.73335537,0.823712969,1877.1049,7.9140677,138.004977,-1.1689743,0.0,794.24111,1878.15202,2650.59428,-197.8517,21.9670446
1302.0,102.30489,850.586544,-42.2474442,-42.2474442,-3.76311686,-3.76311686,-3.05811707,-3.05811707,2610.33957,19.633347,19.633347,5.36685583,5.36685583,6.63691782,6.63691782,0.8236842,1877.1049,7.9140677,135.909088,-1.15983141,0.0,850.586544,1878.09332,2610.33957,-197.8517,21.63343
1302.5,102.30489,906.505265,-42.2499204,-42.2499204,-4.01074426,-4.01074426,-3.30164891,-3.30164891,2570.39731,19.633347,19.633347,5.28473468,5.28473468,6.54106142,6.54106142,0.823658115,1877.1049,7.9140677,133.829464,-1.15089708,0.0,906.505265,1878.03952,2570.39731,-197.8517,21.302405
1303.0,102.30489,961.996743,-42.2523462,-42.2523462,-4.25650515,-4.25650515,-3.54694127,-3.54694127,2530.76033,19.633347,19.633347,5.20324115,5.20324115,6.44578389,6.44578389,0.823634723,1877.1049,7.9140677,131.765743,-1.14216726,0.0,961.996743,1877.98623,2530.76033,-197.8517,20.9739101
1303.5,102.30489,1017.070553,-42.2547165,-42.2547165,-4.50044039,-4.50044039,-3.78006085,-3.78006085,2491.42168,19.633347,19.633347,5.12236095,5.12236095,6.35195021,6.35195021,0.823613934,1877.1049,7.9140677,129.717551,-1.13363725,0.0,1017.070553,1877.93334,2491.42168,-197.8517,20.647888
1304.0,102.30489,1071.73622,-42.2570335,-42.2570335,-4.74259066,-4.74259066,-4.01079461,-4.01079461,2452.37469,19.633347,19.633347,5.04208038,5.04208038,6.25916895,6.25916895,0.823595653,1877.1049,7.9140677,127.6845399,-1.1253026,0.0,1071.73622,1877.88083,2452.37469,-197.8517,20.3242816
1304.5,102.30489,1246.40257,-39.9284185,-39.9284185,-5.2106759,-5.2106759,-4.50900477,-4.50900477,2413.54511,19.633347,19.633347,4.96224659,4.96224659,6.16670484,6.16670484,0.82358011,1930.52445,7.9140677,125.6628513,-1.12119916,0.0,1246.40257,1927.88842,2413.54511,-197.8517,20.0024774
1305.0,102.30489,1415.80028,-42.4446979,-42.4446979,-6.29284539,-6.29284539,-5.51921807,-5.51921807,2374.99723,19.633347,19.633347,4.88299229,4.88299229,6.07471432,6.07471432,0.82357268,1972.1791,7.9140677,123.6558284,-1.10885661,0.0,1415.80028,1975.86825,2374.99723,-197.8517,19.6830083
1305.5,102.30489,1461.93587,-42.2711606,-42.2711606,-6.47143284,-6.47143284,-5.69660046,-5.69660046,2336.79013,19.633347,19.633347,4.80443857,4.80443857,5.9833551,5.9833551,0.823569465,1972.1791,7.9140677,121.666553,-1.10138961,0.0,1461.93587,1972.7568,2336.79013,-197.8517,19.3663641
1306.0,102.30489,1514.85935,-42.2659306,-42.2659306,-6.70488621,-6.70488621,-5.92595277,-5.92595277,2298.84473,19.633347,19.633347,4.72642288,4.72642288,5.89342396,5.89342396,0.823568524,1972.1791,7.9140677,119.6909005,-1.09380798,0.0,1514.85935,1972.62263,2298.84473,-197.8517,19.0518884
1306.5,102.30489,1567.60906,-42.2684196,-42.2684196,-6.93877089,-6.93877089,-6.15723599,-6.15723599,2261.16742,19.633347,19.633347,4.6489583,4.6489583,5.80452254,5.80452254,0.823569935,1972.1791,7.8743711,117.7292047,-1.08127593,0.0,1567.60906,1972.57266,2261.16742,-196.881525,18.6484264
1307.0,151.6229425,1721.71309,-60.8588282,-60.8588282,-11.12280744,-11.12280744,-9.78974099,-9.78974099,2229.08341,19.3738773,19.3738773,4.52265805,4.52265805,5.66088652,5.66088652,0.823579745,1972.1791,5.34199577,116.0587308,-0.652706399,0.0,1721.71309,2017.96287,2229.08341,-133.7407386,12.49533725
1307.5,293.42746,1862.56744,-121.9193551,-121.9193551,-23.788193,-23.788193,-20.2202107,-20.2202107,2218.46495,-24.44326761,-24.44326761,-5.678599675,-5.678599675,-4.842008744,-4.842008744,0.823665649,1972.1791,1.424582992744,115.5058731,-0.0035031206,0.0,1862.56744,2070.37339,2218.46495,-35.78506422,3.3254320638
1308.0,368.4947,1719.47835,-155.506269,-155.506269,-28.0077218,-28.0077218,-23.4396671,-23.4396671,2222.12439,-99.8649375,-99.8649375,-23.2405676,-23.2405676,-21.3505021,-21.3505021,0.823877172,1972.1791,0.0,115.6964052,0.08686161441,0.0,1719.47835,2012.96965,2222.12439,0.0,0.0
1308.5,368.4947,1626.53567,-153.390575,-153.390575,-26.1270915,-26.1270915,-21.6823494,-21.6823494,2220.84402,-173.428071,-173.428071,-40.3304633,-40.3304633,-36.8638877,-36.8638877,0.824160894,1972.1791,0.0,115.6297384,-0.1545860545,0.0,1626.53567,1973.54792,2220.84402,0.0,0.0
1309.0,368.4947,1634.14914,-153.270488,-153.270488,-26.2288258,-26.2288258,-21.7812607,-21.7812607,2213.62864,-196.1626,-196.1626,-45.4725813,-45.4725813,-41.4067187,-41.4067187,0.824489655,1972.1791,0.0,115.2540687,-0.227010706,0.0,1634.14914,1972.50298,2213.62864,0.0,0.0
1309.5,368.4947,1645.1022,-153.270664,-153.270664,-26.404657,-26.404657,-21.9482417,-21.9482417,2205.80636,-196.1626,-196.1626,-45.311894,-45.311894,-41.249305,-41.249305,0.824823506,1972.1791,0.0,114.846795,-0.225518559,0.0,1645.1022,1972.49323,2205.80636,0.0,0.0
1310.0,368.4947,1655.9818,-153.271082,-153.271082,-26.5793522,-26.5793522,-22.1144152,-22.1144152,2198.0354,-196.1626,-196.1626,-45.1522622,-45.1522622,-41.0930019,-41.0930019,0.825157368,1972.1791,0.0,114.4421953,-0.224041002,0.0,1655.9818,1972.4829,2198.0354,0.0,0.0
1310.5,368.4947,1666.78997,-153.271488,-153.271488,-26.7529005,-26.7529005,-22.2797701,-22.2797701,2190.31526,-196.1626,-196.1626,-44.9936744,-44.9936744,-40.9377973,-40.9377973,0.825491275,1972.1791,0.0,114.0402405,-0.222578285,0.0,1666.78997,1972.47254,2190.31526,0.0,0.0
1311.0,368.4947,1677.52773,-153.27189,-153.27189,-26.9253173,-26.9253173,-22.4443175,-22.4443175,2182.64543,-196.1626,-196.1626,-44.8361206,-44.8361206,-40.7836801,-40.7836801,0.82582521,1972.1791,0.0,113.640906,-0.221130199,0.0,1677.52773,1972.46222,2182.64543,0.0,0.0
1311.5,368.4947,1688.1957,-153.272288,-153.272288,-27.096616,-27.096616,-22.608063,-22.608063,2175.02551,-196.1626,-196.1626,-44.6795891,-44.6795891,-40.6306387,-40.6306387,0.826159197,1972.1791,0.0,113.2441646,-0.219696549,0.0,1688.1957,1972.45199,2175.02551,0.0,0.0
1312.0,368.4947,1698.7947,-153.272683,-153.272683,-27.266806,-27.266806,-22.7710112,-22.7710112,2167.45471,-196.1626,-196.1626,-44.524071,-44.524071,-40.4786623,-40.4786623,0.826493212,1972.1791,0.0,112.8499926,-0.218277141,0.0,1698.7947,1972.44183,2167.45471,0.0,0.0
1312.5,368.4947,1709.32526,-153.273074,-153.273074,-27.435899,-27.435899,-22.9331676,-22.9331676,2159.93296,-196.1626,-196.1626,-44.369556,-44.369556,-40.3277394,-40.3277394,0.826827289,1972.1791,0.0,112.4583606,-0.216871792,0.0,1709.32526,1972.43174,2159.93296,0.0,0.0
1313.0,368.4947,1719.78818,-153.273459,-153.273459,-27.6039059,-27.6039059,-23.0945383,-23.0945383,2152.45935,-196.1626,-196.1626,-44.2160348,-44.2160348,-40.1778574,-40.1778574,0.827161381,1972.1791,0.0,112.0692479,-0.21548031,0.0,1719.78818,1972.42168,2152.45935,0.0,0.0
1313.5,368.4947,1730.36322,-153.091064,-153.091064,-27.7404729,-27.7404729,-23.2300485,-23.2300485,2145.03273,-196.1626,-196.1626,-44.0634755,-44.0634755,-40.0289875,-40.0289875,0.827495523,1973.0737,0.003990783818,111.6825736,-0.214930552,0.0,1730.36322,1972.48568,2145.03273,-0.09749866,0.008746717
1314.0,368.4947,2325.15088,-142.622626,-142.622626,-34.7195104,-34.7195104,-30.3048076,-30.3048076,2136.87338,-196.1626,-196.1626,-43.8958637,-43.8958637,-39.8655122,-39.8655122,0.827837653,2230.94184,0.258483086,111.2577492,-0.265141446,0.0,2325.15088,2215.21699,2136.87338,-6.44289802,0.576382667
1314.5,368.4947,3465.45527,-143.035506,-143.035506,-51.9091126,-51.9091126,-47.1712305,-47.1712305,2126.83848,-196.1626,-196.1626,-43.6897283,-43.6897283,-39.663885,-39.663885,0.828231614,2685.15401,0.652169928,110.735279,-0.314578927,0.0,3465.45527,2683.8468,2126.83848,-16.28705655,1.45064067
1315.0,368.4947,4572.70055,-143.076515,-143.076515,-68.5125305,-68.5125305,-63.570847,-63.570847,2115.52974,-196.1626,-196.1626,-43.4574227,-43.4574227,-39.4347863,-39.4347863,0.828685542,3139.36615,0.79533255,110.1464825,-0.331443599,0.0,4572.70055,3137.97667,2115.52974,-19.883314,1.76196194
1315.5,368.4947,5669.75547,-144.362999,-144.362999,-85.7690764,-85.7690764,-80.6784929,-80.6784929,2104.11327,-196.1626,-196.1626,-43.2229043,-43.2229043,-39.2035771,-39.2035771,0.829195197,3585.14588,0.791339244,109.5520755,-0.326617224,0.0,5669.75547,3587.8033,2104.11327,-19.7858153,1.74388097
1316.0,368.4947,6057.58572,-153.947071,-153.947071,-97.6568047,-97.6568047,-92.2009938,-92.2009938,2093.61819,-196.1626,-196.1626,-43.0073142,-43.0073142,-38.9912038,-38.9912038,0.829757185,3733.101,0.536849485,109.0056424,-0.274533462,0.0,6057.58572,3743.05436,2093.61819,-13.4404161,1.179013828
1316.5,363.74811,6030.72296,-151.541862,-151.541862,-95.7051675,-95.7051675,-90.335942,-90.335942,2084.96213,-196.1626,-196.1626,-42.8294998,-42.8294998,-38.8161697,-38.8161697,0.830328895,3733.101,0.143178286387,108.5549572,-0.230682279,0.0,6030.72296,3726.82237,2084.96213,-3.5962577487,0.31433656558
1317.0,349.806043,6029.17972,-145.373938,-145.373938,-91.7845571,-91.7845571,-86.633953,-86.633953,2077.00176,-196.1626,-196.1626,-42.6659783,-42.6659783,-38.6553086,-38.6553086,0.8308906,3733.101,0.0,108.1404999,-0.237222775,0.0,6029.17972,3721.53215,2077.00176,0.0,0.0
1317.5,347.506375,6061.84601,-144.334553,-144.334553,-91.6231554,-91.6231554,-86.5077745,-86.5077745,2068.67245,-196.1626,-196.1626,-42.4948744,-42.4948744,-38.4870927,-38.4870927,0.831445014,3733.101,0.0,107.706824,-0.240226013,0.0,6061.84601,3730.26142,2068.67245,0.0,0.0
1318.0,357.694506,6093.45846,-148.671098,-148.671098,-94.8688854,-94.8688854,-89.5984842,-89.5984842,2060.6701,-196.1626,-196.1626,-42.330491,-42.330491,-38.3255815,-38.3255815,0.832003822,3733.101,0.0,107.2901774,-0.219388343,0.0,6093.45846,3738.74311,2060.6701,0.0,0.0
1318.5,371.01457,6106.23298,-154.33487,-154.33487,-98.6887743,-98.6887743,-93.2171184,-93.2171184,2053.85598,-184.572371,-184.572371,-39.6993798,-39.6993798,-36.0136895,-36.0136895,0.832571905,3733.101,0.0,106.9353965,-0.1553277916,0.0,6106.23298,3740.08001,2053.85598,0.0,0.0
1319.0,384.334631,6110.01068,-159.927224,-159.927224,-102.3276226,-102.3276226,-96.65756,-96.65756,2051.27628,-141.2188974,-141.2188974,-30.3349669,-30.3349669,-27.7095352,-27.7095352,0.83313307,3733.101,0.0,106.8010804,0.01063363944,0.0,6110.01068,3740.1456,2051.27628,0.0,0.0
1319.5,397.654696,6105.36279,-165.517493,-165.517493,-105.8235346,-105.8235346,-99.9554504,-99.9554504,2054.59995,-96.0586207,-96.0586207,-20.6652559,-20.6652559,-18.9038031,-18.9038031,0.833677317,3733.101,0.0,106.9741292,0.181400359,0.0,6105.36279,3740.15228,2054.59995,0.0,0.0
1320.0,410.974762,6092.468849999999,-171.10725,-171.10725,-109.1659231,-109.1659231,-103.1002041,-103.1002041,2063.80908,-50.8983418,-50.8983418,-10.99549341,-10.99549341,-9.8450303,-9.8450303,0.834203105,3733.101,0.0,107.4536128,0.351118119,0.0,6092.468849999999,3740.16415,2063.80908,0.0,0.0
1320.5,424.294825,6071.385899999999,-176.69671,-176.69671,-112.3414996,-112.3414996,-106.078661,-106.078661,2078.86746,-5.73806319,-5.73806319,-1.242156065,-1.242156065,-0.640705507,-0.640705507,0.834708799,3733.101,0.0,108.2376356,0.519779794,0.0,6071.385899999999,3740.18394,2078.86746,0.0,0.0
1321.0,437.614891,6042.16558,-182.285873,-182.285873,-115.3368799,-115.3368799,-108.877649,-108.877649,2099.7383,39.4222148,39.4222148,8.67758985,8.67758985,9.89381637,9.89381637,0.835191017,3733.101,0.0,109.3242904,0.687369265,0.0,6042.16558,3740.21142,2099.7383,0.0,0.0
1321.5,450.934957,6004.86024,-187.874725,-187.874725,-118.1387956,-118.1387956,-111.4842004,-111.4842004,2126.38412,84.582496,84.582496,18.845876,18.845876,20.5912275,20.5912275,0.835645664,3733.101,0.0,110.711622,0.853861968,0.0,6004.86024,3740.24663,2126.38412,0.0,0.0
1322.0,463.833288,5959.57344,-193.346168,-193.346168,-120.662277,-120.662277,-113.8178835,-113.8178835,2158.04171,129.7427731,109.099117,29.333364,24.6548913,31.9300144,26.8380311,0.836075373,3733.101,0.0,112.3598954,0.951906534,0.0,5959.57344,3739.88713,2158.04171,0.0,0.0
1322.5,467.51126,5896.012049999999,-194.923621,-194.923621,-120.3516648,-120.3516648,-113.4583015,-113.4583015,2190.94932,158.36578,107.6211499,36.3354104,24.6917092,39.5216436,26.8569612,0.836501411,3733.101,0.0,114.0732534,0.947986062,0.0,5896.012049999999,3732.65325,2190.94932,0.0,0.0
1323.0,467.51126,5846.5766,-194.79843,-194.79843,-119.2657494,-119.2657494,-112.3831299,-112.3831299,2223.52776,158.78632,106.1606693,36.9729632,24.7188226,40.1841025,26.8657003,0.836923642,3733.101,0.0,115.769472,0.936836758,0.0,5846.5766,3731.10512,2223.52776,0.0,0.0
1323.5,467.51126,5801.41171,-194.792346,-194.792346,-118.3407194,-118.3407194,-111.4637486,-111.4637486,2255.72897,158.78632,104.758277,37.5084072,24.7455565,40.7351495,26.8743688,0.837342285,3733.101,0.0,117.446051,0.926064573,0.0,5801.41171,3731.11378,2255.72897,0.0,0.0
1324.0,467.51126,5756.84593,-194.789341,-194.789341,-117.4298262,-117.4298262,-110.554696,-110.554696,2287.56079,158.78632,103.4105462,38.0377084,24.7719252,41.2792187,26.8829686,0.837757517,3733.101,0.0,119.1033921,0.91545803,0.0,5756.84593,3731.15594,2287.56079,0.0,0.0
1324.5,467.51126,5704.64228,-195.408946,-195.408946,-116.7324851,-116.7324851,-109.8381345,-109.8381345,2319.03307,158.78632,102.1132005,38.561031,24.7976993,41.8169181,26.8915036,0.838169471,3727.74606,0.0,120.7420175,0.906081091,0.0,5704.64228,3727.81006,2319.03307,0.0,0.0
1325.0,467.51126,5463.44369,-197.330077,-197.330077,-112.899527,-112.899527,-105.9591412,-105.9591412,2350.25142,158.78632,100.850352,39.0801324,24.8207285,42.3537714,26.8999115,0.838575041,3645.39716,0.0,122.3674264,0.899047507,0.0,5463.44369,3645.67373,2350.25142,0.0,0.0
1325.5,467.51126,5157.52505,-197.190793,-197.190793,-106.5017597,-106.5017597,-99.5980034,-99.5980034,2381.1494,158.78632,99.6290176,39.593905,24.8425137,42.8856423,26.9078727,0.838958914,3537.9294,0.0,123.976144,0.888545026,0.0,5157.52505,3536.41984,2381.1494,0.0,0.0
1326.0,467.51126,4862.64058,-196.659748,-196.659748,-100.14723,-100.14723,-93.3029904,-93.3029904,2411.68873,158.78632,98.4508515,40.1017156,24.8636018,43.410859,26.9153297,0.83931832,3434.64887,0.0,125.5662,0.877494306,0.0,4862.64058,3431.54791,2411.68873,0.0,0.0
1326.5,467.51126,4752.41394,-194.624697,-194.624697,-96.8591136,-96.8591136,-90.1012614,-90.1012614,2441.77722,158.78632,97.3174559,40.6020296,24.8840121,43.9278516,26.9223426,0.839656297,3406.8054,0.0,127.1327773,0.863984418,0.0,4752.41394,3403.25022,2441.77722,0.0,0.0
1327.0,467.51126,4716.11388,-194.767473,-194.767473,-96.1898631,-96.1898631,-89.431935,-89.431935,2471.48224,158.78632,96.225286,41.0959662,24.9040831,44.4377947,26.9292385,0.839988634,3406.8054,0.0,128.6793905,0.85440104,0.0,4716.11388,3405.4901,2471.48224,0.0,0.0
1327.5,458.159716,4659.7257,-193.108017,-193.108017,-94.2539316,-94.2539316,-87.562845,-87.562845,2500.8267,158.78632,95.1717005,41.5839082,24.9238735,44.9411004,26.9360647,0.840317499,3406.8054,0.0,130.207231,0.830950618,0.0,4659.7257,3399.16055,2500.8267,0.0,0.0
1328.0,166.300291,4118.18571,-68.9643454,-68.9643454,-29.8904723,-29.8904723,-27.855408,-27.855408,2523.07714,158.78632,139.55385,41.9538889,36.8786198,45.3458032,39.8628334,0.840442385,3406.8054,0.0,131.36571,0.413736288,0.0,4118.18571,3186.81359,2523.07714,0.0,0.0
1328.5,112.20056,4576.88289,-45.0405622,-45.0405622,-21.5952883,-21.5952883,-20.5000297,-20.5000297,2535.53591,158.78632,158.701592,42.1610538,42.1386078,45.6018884,45.5776094,0.840159667,3406.8054,0.0,132.014384,0.368203465,0.0,4576.88289,3384.95546,2535.53591,0.0,0.0
1329.0,112.20056,4607.72665,-46.7536231,-46.7536231,-22.5595446,-22.5595446,-21.4167788,-21.4167788,2548.30433,158.78632,158.78632,42.3733681,42.3733681,45.8190935,45.8190935,0.839895116,3406.8054,0.0,132.679182,0.368660422,0.0,4607.72665,3405.24516,2548.30433,0.0,0.0
1329.5,112.20056,4590.85175,-46.7903708,-46.7903708,-22.4946038,-22.4946038,-21.3524442,-21.3524442,2561.05237,161.708213,161.239516,43.3702951,43.2443207,46.8962299,46.7599652,0.839626842,3406.8054,0.0,133.342916,0.373845659,0.0,4590.85175,3405.66685,2561.05237,0.0,0.0
1330.0,112.20056,4572.38786,-46.7945868,-46.7945868,-22.4061529,-22.4061529,-21.265667,-21.265667,2574.25051,182.932464,165.273425,49.3167967,44.5534374,53.3323641,48.181383,0.839315117,3406.8054,0.0,134.03009,0.383984809,0.0,4572.38786,3405.69022,2574.25051,0.0,0.0
1330.5,112.20056,4553.94807,-46.7924164,-46.7924164,-22.3147577,-22.3147577,-21.1761412,-21.1761412,2587.41275,207.335607,164.171123,56.1810027,44.4825719,60.7307218,48.0851133,0.8389903,3406.8054,0.0,134.71539,0.377482853,0.0,4553.94807,3405.70257,2587.41275,0.0,0.0
1331.0,112.20056,4535.83245,-46.7906349,-46.7906349,-22.2251426,-22.2251426,-21.0883749,-21.0883749,2600.35245,231.738752,163.098027,63.1070832,44.412824,68.1905804,47.9906077,0.83866553,3406.8054,0.0,135.3891,0.371111064,0.0,4535.83245,3405.71987,2600.35245,0.0,0.0
1331.5,112.20056,4518.02233,-46.7888972,-46.7888972,-22.1370533,-22.1370533,-21.002089,-21.002089,2613.07393,256.141894,162.052309,70.0934456,44.3439558,75.7103425,47.8975872,0.838340812,3406.8054,0.0,136.051455,0.364862666,0.0,4518.02233,3405.73704,2613.07393,0.0,0.0
1332.0,112.20056,4500.51195,-46.7871934,-46.7871934,-22.0504539,-22.0504539,-20.9169524,-20.9169524,2625.58147,280.545037,161.032007,77.1385429,44.2756824,83.2884475,47.805719,0.838016166,3406.8054,0.0,136.70267,0.358731084,0.0,4500.51195,3405.7539,2625.58147,0.0,0.0
1332.5,110.137274,4479.21121,-45.9849872,-45.9849872,-21.5701659,-21.5701659,-20.4602054,-20.4602054,2637.79297,304.948179,158.820774,84.2380575,43.8705324,90.9094474,47.3451928,0.837691566,3406.8054,0.0,137.338469,0.345006646,0.0,4479.21121,3404.02066,2637.79297,0.0,0.0
1333.0,106.1362,4460.63399,-44.2563918,-44.2563918,-20.6731211,-20.6731211,-19.6089063,-19.6089063,2649.34416,329.35132,155.354038,91.3771509,43.1008964,98.5555454,46.4870187,0.83736705,3406.8054,0.0,137.939886,0.323485637,0.0,4460.63399,3403.03517,2649.34416,0.0,0.0
1333.5,102.1480525,4445.4222,-42.5841837,-42.5841837,-19.8241495,-19.8241495,-18.801998,-18.801998,2660.16998,353.754466,152.097052,98.5484202,42.3697438,106.2316731,45.6732495,0.837042574,3406.8054,0.0,138.503543,0.30291133,0.0,4445.4222,3403.02662,2660.16998,0.0,0.0
1334.0,100.463905,4435.71962,-41.8285018,-41.8285018,-19.4296427,-19.4296427,-18.4267129,-18.4267129,2670.39614,378.157611,150.295751,105.7513391,42.0291481,113.951592,45.2882706,0.836718155,3406.8054,0.0,139.035977,0.291451035,0.0,4435.71962,3404.96028,2670.39614,0.0,0.0
1334.5,100.463905,4423.71552,-41.8817288,-41.8817288,-19.4017275,-19.4017275,-18.3984684,-18.3984684,2680.40105,386.821978,149.660924,108.5751554,42.0084034,116.9627124,45.2535367,0.836393801,3406.8054,0.0,139.556886,0.28717964,0.0,4423.71552,3405.80707,2680.40105,0.0,0.0
1335.0,100.463905,3930.09556,-50.9197553,-50.9197553,-20.94566,-20.94566,-19.7479314,-19.7479314,2690.92054,198.880195,153.499799,56.0257215,43.2535965,60.3695926,46.6022839,0.836069615,3193.49609,0.0,140.104591,0.312884374,0.0,3930.09556,3206.55036,2690.92054,0.0,0.0
1335.5,100.463905,2949.15576,-50.6388281,-50.6388281,-15.6403103,-15.6403103,-14.5341986,-14.5341986,2700.72784,153.05191,136.062238,43.2860752,38.4797873,46.564808,41.3948164,0.835745453,2803.76407,0.0,140.615217,0.253705567,0.0,2949.15576,2804.10053,2700.72784,0.0,0.0
1336.0,100.463905,2001.69252,-50.5802611,-50.5802611,-10.60261605,-10.60261605,-9.58101155,-9.58101155,2708.53255,153.05191,119.4877001,43.4111654,33.8901456,46.6701602,36.4345245,0.835421259,2414.03202,0.0,141.021571,0.198157483,0.0,2001.69252,2414.41123,2708.53255,0.0,0.0
1336.5,100.463905,1058.043459,-50.5643368,-50.5643368,-5.60255152,-5.60255152,-4.69587551,-4.69587551,2714.44054,153.05191,103.1437794,43.5058564,29.3184987,46.8067405,31.5424176,0.835097138,2024.30002,0.0,141.329176,0.1438695724,0.0,1058.043459,2025.20147,2714.44054,0.0,0.0
1337.0,100.463905,179.760104224,-58.7818256,-48.6236703,-0.9398653219,-0.9532401938,-0.5392319282,-0.5754462435,2718.5193,153.05191,89.3578561,43.5712281,25.4383917,46.9433202,27.4067847,0.834773082,1634.56799,0.0,141.541537,0.0947457197,0.0,179.760104224,1662.12286,2718.5193,0.0,0.0
1337.5,100.463905,-635.36153,-112.3332629,-52.1910493,7.72515812,3.454292507,10.10507704,4.55548574,2720.98014,153.05191,72.128131,43.6106692,20.5519423,47.2411782,22.2591444,0.834449073,1244.83594,0.02861227228,141.669665,0.0411295791,0.0,-635.36153,1324.38156,2720.98014,-0.70083656,0.07989305
1338.0,100.463905,-1627.09095,-140.294968,-50.0800489,24.1737087,8.5255124,27.2545939,9.624555,2718.19053,153.05191,55.090214,43.5659597,15.6824843,47.7521929,17.1833836,0.834125118,855.103903,1.855420406,141.524422,-0.257588467,0.0,-1627.09095,910.086825,2718.19053,-46.2576432,5.26466411
1338.5,100.463905,-2468.05426,-186.791515,-49.4142894,48.6858145,12.766248,52.9411547,13.8907796,2702.0005,153.05191,40.9238306,43.3064727,11.58222635,48.3076436,12.9104701,0.83380123,465.371893,4.68125111,140.681472,-0.674051582,0.0,-2468.05426,550.702567,2702.0005,-116.919129,13.2276016
1339.0,101.179655,-3149.51414,-208.418764,-46.6378605,68.5495206,15.3639862,73.4112418,16.4520165,2674.76552,142.959608,32.0095609,40.0512267,8.9666293,46.1895538,10.3425478,0.833477391,240.82371,5.708986,139.263473,-0.836957307,0.0,-3149.51414,251.239789,2674.76552,-142.72464,15.9909148
1339.5,118.5442476,-3252.34393,-166.612951,-47.4996942,56.7683753,16.1624476,60.6959887,17.2825434,2646.06998,103.2953239,29.2983655,28.6328356,8.11969637,33.5021987,9.5053379,0.833153623,239.69087,5.68031477,137.769415,-0.81371655,0.0,-3252.34393,191.696387,2646.06998,-142.023804,15.7420499
1340.0,142.713568,-3037.54269,-178.336509,-58.3254258,56.7007464,18.539516,61.118644,19.9850483,2621.52103,61.7200092,20.1357824,16.9505168,5.52975234,20.8236247,6.79615316,0.832829929,239.69087,3.85356539,136.49126,-0.550203365,0.0,-3037.54269,266.742835,2621.52103,-96.467005,10.59773158
1340.5,166.882889,-3032.92789,-194.132047,-70.3895269,61.6577483,22.366307,66.8662835,24.2569787,2609.21465,20.14469568,7.1597944,5.506298384,1.956995178,7.083322115,2.517545754,0.832506266,239.69087,1.027712190004,135.850519,-0.1670040104,0.0,-3032.92789,261.477509,2609.21465,-25.80551642,2.8217467721
1341.0,191.052211,-3304.30049,-152.0350091,-84.1493311,52.1323461,29.1816634,56.6303179,31.6921468,2606.37524,-21.43061886,-21.43061886,-5.848378685,-5.848378685,-4.96080808,-4.96080808,0.832182647,239.69087,0.0,135.702685,-0.0703712911,0.0,-3304.30049,146.8994657,2606.37524,0.0,0.0
1341.5,215.221532,-3240.81696,-84.5360199,-84.5360199,28.5986631,28.5986631,31.1254227,31.1254227,2602.10613,-63.0059326,-63.0059326,-17.1664257,-17.1664257,-15.73252475,-15.73252475,0.831944226,239.69087,0.0,135.480413,-0.175085732,0.0,-3240.81696,170.8227315,2602.10613,0.0,0.0
1342.0,227.63335,-3046.96683,-94.790817,-94.790817,30.2456357,30.2456357,33.2583345,33.2583345,2594.4876,-104.5812455,-104.5812455,-28.4106875,-28.4106875,-26.349341,-26.349341,0.831848402,239.69087,0.0,135.083747,-0.275579031,0.0,-3046.96683,247.036763,2594.4876,0.0,0.0
1342.5,227.63335,-3040.26987,-94.6184976,-94.6184976,30.1243013,30.1243013,33.1273714,33.1273714,2582.65553,-146.155507,-146.155507,-39.5234102,-39.5234102,-36.616497,-36.616497,0.831834097,239.69087,0.0,134.467706,-0.409579938,0.0,-3040.26987,242.914776,2582.65553,0.0,0.0
1343.0,223.186473,-3028.38354,-93.2220251,-93.2220251,29.5611985,29.5611985,32.4922317,32.4922317,2566.50569,-174.537998,-174.537998,-46.9088352,-46.9088352,-43.3119129,-43.3119129,0.831887568,239.69087,0.0,133.626849,-0.509443176,0.0,-3028.38354,238.430961,2566.50569,0.0,0.0
1343.5,187.411823,-3052.74409,-77.5421719,-77.5421719,24.7940116,24.7940116,26.9868842,26.9868842,2547.68982,-175.39713,-175.39713,-46.794803,-46.794803,-43.1825408,-43.1825408,0.831976051,239.69087,0.0,132.647189,-0.579988814,0.0,-3052.74409,217.307913,2547.68982,0.0,0.0
1344.0,180.81395,-2969.23546,-74.8578939,-74.8578939,23.2758423,23.2758423,25.3412267,25.3412267,2527.32814,-175.39713,-175.39713,-46.42081,-46.42081,-42.8171692,-42.8171692,0.832088272,239.69087,0.0,131.587047,-0.588406916,0.0,-2969.23546,240.167474,2527.32814,0.0,0.0
1344.5,180.81395,-2934.80725,-75.073647,-75.073647,23.0725489,23.0725489,25.1430164,25.1430164,2507.1191,-170.802905,-170.802905,-44.847266,-44.847266,-41.3670181,-41.3670181,0.832200934,239.69087,0.0,130.534849,-0.568175636,0.0,-2934.80725,242.693397,2507.1191,0.0,0.0
1345.0,180.81395,-2913.10123,-75.1655204,-75.1655204,22.9299228,22.9299228,25.0014964,25.0014964,2491.9671,-76.5652555,-76.5652555,-19.9899775,-19.9899775,-18.32219228,-18.32219228,0.832244117,239.69087,0.0,129.745949,-0.251875314,0.0,-2913.10123,242.878286,2491.9671,0.0,0.0
1345.5,180.81395,-2544.25928,-136.394536,-67.7223704,34.7113953,18.0776714,38.2141864,19.8303081,2489.42098,50.967942,21.16804855,13.289009,5.5188816,15.77369063,6.63762624,0.832035621,239.69087,0.0,129.613381,0.0526084298,0.0,-2544.25928,394.869466,2489.42098,0.0,0.0
1346.0,180.81395,-2106.27967,-293.897283,-75.534059,64.8391267,16.6607461,72.776061,18.700218,2492.06044,100.09644,25.7879901,26.1219651,6.72977436,31.2843839,8.05794092,0.831712491,239.69087,0.0,129.750806,0.0806211855,0.0,-2106.27967,578.657206,2492.06044,0.0,0.0
1346.5,180.81395,-2135.12604,-300.0,-75.2858091,67.076961,16.8331351,75.1674035,18.863454,2494.77316,100.09644,25.1195926,26.1504005,6.5625434,31.4322284,7.88803813,0.831389033,239.69087,0.0,129.89205,0.0774367482,0.0,-2135.12604,568.237943,2494.77316,0.0,0.0
1347.0,180.81395,-2136.48793,-300.0,-75.2148396,67.1197479,16.8280041,75.2060676,18.8553746,2497.43562,100.09644,25.0956528,26.1783082,6.56328717,31.4678498,7.88945339,0.831065644,239.69087,0.0,130.03067,0.076662163,0.0,-2136.48793,569.225813,2497.43562,0.0,0.0
1347.5,180.81395,-2134.94808,-300.0,-75.2084442,67.0713715,16.8144449,75.157077,18.8414901,2500.07457,100.09644,25.0934967,26.2059702,6.56965795,31.4993693,7.89667718,0.830742307,239.69087,0.004936228009,130.168069,0.0754383358,0.0,-2134.94808,571.407465,2500.07457,-0.12077327,0.012653656
1348.0,180.81395,-2219.982,-299.8122,-79.8751614,69.6927927,18.646033,78.0764864,20.8869905,2502.06055,71.11248015,18.18741455,18.63196316,4.76524414,22.688662516,5.827561516,0.830419016,233.18575,0.320057532,130.27147,0.0193237887,0.0,-2219.982,537.183806,2502.06055,-7.97818041,0.836197011
1348.5,180.81395,-3639.2307,-133.0343366,-82.414264,47.3792722,30.9626279,51.6975403,33.5598617,2495.94701,-123.6809409,-123.6809409,-32.2938144,-32.2938144,-29.64875895,-29.64875895,0.830150302,206.880423,0.846661587,129.953158,-0.5087066086,0.0,-3639.2307,-56.9457697,2495.94701,-21.1265979,2.20769801
1349.0,180.81395,-3111.98785,-72.0642313,-72.0642313,23.4535425,23.4535425,25.416894,25.416894,2460.25806,-331.241687,-331.241687,-85.2669767,-85.2669767,-75.7948648,-75.7948648,0.83028736,179.212864,3.51919492,128.094994,-1.56767374,0.0,-3111.98785,141.6053995,2460.25806,-87.8184662,9.03166407
1349.5,180.81395,-2989.54776,-75.1660316,-75.1660316,23.5317884,23.5317884,25.6124454,25.6124454,2393.33823,-377.26276,-377.26276,-94.5532874,-94.5532874,-82.982158,-82.982158,0.830593225,151.545307,7.37914039,124.610765,-2.2129558,0.0,-2989.54776,153.479625,2393.33823,-184.336859,18.4557312
1350.0,180.81395,-2940.36365,-75.1891386,-75.1891386,23.1517921,23.1517921,25.2278225,25.2278225,2312.50477,-377.26276,-377.26276,-91.3598129,-91.3598129,-79.8697581,-79.8697581,0.83089692,123.8777535,8.782954,120.4021185,-2.38270393,0.0,-2940.36365,126.7474444,2312.50477,-219.57385,21.2692346
1350.5,180.81395,-2892.79517,-75.219016,-75.219016,22.7862885,22.7862885,24.8589568,24.8589568,2231.29888,-354.348766,-354.348766,-82.8287489,-82.8287489,-72.5529144,-72.5529144,0.83118247,96.2101935,8.782954,116.1740834,-2.28956803,0.0,-2892.79517,99.1255565,2231.29888,-219.57385,20.5223449
1351.0,180.81395,-2848.55482,-75.0457856,-75.0457856,22.3865856,22.3865856,24.451018,24.451018,2155.05857,-308.673424,-308.673424,-69.6895003,-69.6895003,-61.586898,-61.586898,0.83142475,70.7823086,8.782954,112.2045801,-2.1215899,0.0,-2848.55482,73.0181364,2155.05857,-219.57385,19.8211254
1351.5,180.81395,-951.81554,-15.9239012,-15.9239012,10.32570939,10.32570939,11.46372076,11.46372076,2083.52791,-262.998095,-262.998095,-57.4108639,-57.4108639,-51.1847431,-51.1847431,0.831638443,948.88327,8.782954,108.480286,-2.06169687,0.0,-951.81554,820.499096,2083.52791,-219.57385,19.1632229
1352.0,180.81395,4451.76057,-70.19338575,-70.19338575,-32.928852617,-32.928852617,-30.91238788,-30.91238788,2015.70565,-217.32276,-217.32276,-45.8977259,-45.8977259,-41.2657735,-41.2657735,0.831938975,2903.6858,8.782954,104.9490725,-1.79761906,0.0,4451.76057,3029.36612,2015.70565,-219.57385,18.5394286
1352.5,180.81395,4245.44477,-75.3660156,-75.3660156,-33.5061024,-33.5061024,-31.4481183,-31.4481183,1956.85361,-171.647422,-171.647422,-35.1963625,-35.1963625,-31.8864916,-31.8864916,0.832297791,2903.6858,8.782954,101.8849039,-1.62425934,0.0,4245.44477,2909.15329,1956.85361,-219.57385,17.9981378
1353.0,180.722779,4304.25572,-74.8212345,-74.8212345,-33.7249096,-33.7249096,-31.6812747,-31.6812747,1903.49168,-125.9720884,-125.9720884,-25.1303684,-25.1303684,-22.87134,-22.87134,0.832613306,2903.6858,8.782954,99.106579,-1.46261352,0.0,4304.25572,2902.46733,1903.49168,-219.57385,17.5073417
1353.5,178.647469,4368.34417,-73.9804995,-73.9804995,-33.8418178,-33.8418178,-31.8240926,-31.8240926,1854.74682,-103.74007,-103.74007,-20.1492919,-20.1492919,-18.3215336,-18.3215336,0.832898194,2903.6858,8.782954,96.5686452,-1.38397793,0.0,4368.34417,2900.67323,1854.74682,-219.57385,17.0590115
1354.0,175.78196,4434.38829,-72.7607894,-72.7607894,-33.7870968,-33.7870968,-31.8101344,-31.8101344,1806.93606,-103.74007,-103.74007,-19.6298931,-19.6298931,-17.8161275,-17.8161275,0.833175072,2903.6858,8.782954,94.0793441,-1.38195917,0.0,4434.38829,2900.23838,1806.93606,-219.57385,16.6192729
1354.5,172.91645,4501.21317,-71.5681745,-71.5681745,-33.7341114,-33.7341114,-31.7963215,-31.7963215,1759.18968,-103.74007,-103.74007,-19.1111938,-19.1111938,-17.313082,-17.313082,0.833449685,2903.6858,8.782954,91.5933945,-1.38024481,0.0,4501.21317,2900.16588,1759.18968,-219.57385,16.1801262
1355.0,170.050943,4567.97957,-70.3762181,-70.3762181,-33.6643193,-33.6643193,-31.763799,-31.763799,1711.49893,-103.74007,-103.74007,-18.5930989,-18.5930989,-16.8075974,-16.8075974,0.833721935,2903.6858,8.782954,89.1103454,-1.37873776,0.0,4567.97957,2900.1016,1711.49893,-219.57385,15.74149045
1355.5,167.185435,4634.688929999999,-69.184427,-69.184427,-33.5775247,-33.5775247,-31.7137882,-31.7137882,1663.85162,-104.2650151,-104.2650151,-18.1662744,-18.1662744,-16.383698,-16.383698,0.833991827,2903.6858,8.7388633,86.6295549,-1.37350824,0.0,4634.688929999999,2900.03891,1663.85162,-218.49416,15.2289723
1356.0,164.319929,4694.99979,-68.0894989,-68.0894989,-33.4763954,-33.4763954,-31.6468109,-31.6468109,1621.10886,-106.1616064,-106.1616064,-18.0216267,-18.0216267,-16.2194321,-16.2194321,0.83426016,2903.6858,5.92849403,84.4041259,-1.00913349,0.0,4694.99979,2900.17758,1621.10886,-148.394137,10.0899158
1356.5,161.454421,4730.17572,-67.0587971,-67.0587971,-33.2169037,-33.2169037,-31.4217464,-31.4217464,1596.0819,-108.1282096,-108.1282096,-18.0724304,-18.0724304,-16.2452183,-16.2452183,0.834527576,2903.6858,1.6633063089,83.1010806,-0.454065471,0.0,4730.17572,2900.2015,1596.0819,-41.702414286,2.793113829
1357.0,158.588913,4756.39457,-65.7409661,-65.7409661,-32.7442298,-32.7442298,-30.9941073,-30.9941073,1576.38053,-110.0948125,-110.0948125,-18.1736965,-18.1736965,-16.3203688,-16.3203688,0.834793837,2903.6858,5.32855759,82.0753156,-0.94513957,0.0,4756.39457,2899.60781,1576.38053,-132.8745832,8.75072962
1357.5,155.723404,4828.04467,-64.2338836,-64.2338836,-32.4748525,-32.4748525,-30.7707324,-30.7707324,1524.88878,-112.061417,-112.061417,-17.8934439,-17.8934439,-16.022351,-16.022351,0.835058053,2903.6858,13.44423745,79.3943624,-2.02294906,0.0,4828.04467,2899.35635,1524.88878,-335.803598,21.4023698
1358.0,153.039633,4940.88761,-62.9763558,-62.9763558,-32.5835532,-32.5835532,-30.9106907,-30.9106907,1445.21437,-114.0280196,-114.0280196,-17.2558659,-17.2558659,-15.3729361,-15.3729361,0.835319822,2903.6858,16.395561,75.2460624,-2.41638925,0.0,4940.88761,2899.78983,1445.21437,-409.88904,24.8134529
1358.5,152.45259,5061.85311,-62.7469094,-62.7469094,-33.2607001,-33.2607001,-31.5832511,-31.5832511,1361.72423,-115.9946205,-115.9946205,-16.5393503,-16.5393503,-14.6506091,-14.6506091,0.835580205,2903.6858,16.3135145,70.8990876,-2.40340386,0.0,5061.85311,2901.37516,1361.72423,-407.873531,23.2681694
1359.0,152.45259,5166.95063,-62.9519611,-62.9519611,-34.0623958,-34.0623958,-32.3676293,-32.3676293,1287.70407,-117.9612251,-117.9612251,-15.90583735,-15.90583735,-13.9997582,-13.9997582,0.83584089,2903.6858,11.06700435,67.0451817,-1.71018672,0.0,5166.95063,2901.88719,1287.70407,-277.014465,14.9838126
1359.5,152.45259,5223.85803,-63.2604157,-63.2604157,-34.6061278,-34.6061278,-32.8942335,-32.8942335,1247.26498,-119.8312199,-119.8312199,-15.65125085,-15.65125085,-13.7227985,-13.7227985,0.836102492,2903.6858,2.95142498827,64.9396929,-0.639637466,0.0,5223.85803,2901.95468,1247.26498,-74.085449386,3.8854360173
1360.0,152.45259,5220.61505,-65.6311482,-65.6311482,-35.8594476,-35.8594476,-34.0589062,-34.0589062,1234.84851,-120.29411,-120.29411,-15.55559685,-15.55559685,-13.623061,-13.623061,0.836365309,2887.66346,0.0,64.2932202,-0.244090919,0.0,5220.61505,2893.35537,1234.84851,0.0,0.0
1360.5,152.45259,4162.88999,-78.8690695,-78.8690695,-34.4104196,-34.4104196,-32.2199335,-32.2199335,1226.90743,-120.29411,-120.29411,-15.4555613,-15.4555613,-13.5261512,-13.5261512,0.836635014,2434.20046,0.0,63.8797623,-0.219269293,0.0,4162.88999,2448.59146,1226.90743,0.0,0.0
1361.0,152.45259,2578.57357,-77.933487,-77.933487,-21.0457713,-21.0457713,-19.0815967,-19.0815967,1219.30176,-120.29411,-120.29411,-15.3597516,-15.3597516,-13.433449,-13.433449,0.836861181,1785.24423,0.0,63.4837674,-0.220160997,0.0,2578.57357,1784.90478,1219.30176,0.0,0.0
1361.5,152.45259,1076.83196,-74.2515999,-74.2515999,-8.54054224,-8.54054224,-6.98200175,-6.98200175,1211.67559,-120.29411,-120.29411,-15.26368355,-15.26368355,-13.340608,-13.340608,0.837023268,1167.08137,0.0,63.086707,-0.226023972,0.0,1076.83196,1155.566149,1211.67559,0.0,0.0
1362.0,152.486231,713.537038,-62.5160766,-62.5160766,-4.67325471,-4.67325471,-3.55165213,-3.55165213,1203.4139,-120.29411,-120.29411,-15.1596097,-15.1596097,-13.2401559,-13.2401559,0.837137508,1011.7978,0.0,62.6565557,-0.24638079,0.0,713.537038,999.572519,1203.4139,0.0,0.0
1362.5,152.830809,755.278411,-63.4972629,-63.4972629,-5.02219531,-5.02219531,-3.85203187,-3.85203187,1194.95827,-120.29411,-120.29411,-15.0530926,-15.0530926,-13.1374798,-13.1374798,0.837248027,1011.7978,0.0,62.2163076,-0.24331027,0.0,755.278411,1012.00422,1194.95827,0.0,0.0
1363.0,153.250982,767.800221,-63.700753,-63.700753,-5.12180363,-5.12180363,-3.94037429,-3.94037429,1186.56943,-121.034307,-121.034307,-15.03912915,-15.03912915,-13.11364285,-13.11364285,0.837358856,1011.7978,0.0,61.7795374,-0.244059652,0.0,767.800221,1012.316473,1186.56943,0.0,0.0
1363.5,153.671152,780.470862,-63.8634831,-63.8634831,-5.2196273,-5.2196273,-4.02831327,-4.02831327,1177.48924,-135.156447,-135.156447,-16.6640021,-16.6640021,-14.474559,-14.474559,0.83747347,1011.7978,0.0,61.3067716,-0.289891304,0.0,780.470862,1012.286958,1177.48924,0.0,0.0
1364.0,154.091324,796.000294,-64.0206411,-64.0206411,-5.33658891,-5.33658891,-4.13481936,-4.13481936,1166.38905,-154.225702,-154.225702,-18.8357338,-18.8357338,-16.2592045,-16.2592045,0.83759847,1011.7978,0.0,60.7288318,-0.352209399,0.0,796.000294,1012.267539,1166.38905,0.0,0.0
1364.5,154.476326,814.470187,-64.1676424,-64.1676424,-5.47294848,-5.47294848,-4.26061453,-4.26061453,1153.13768,-173.294957,-173.294957,-20.9240963,-20.9240963,-17.9222988,-17.9222988,0.837733821,1011.7978,0.0,60.0388896,-0.414384899,0.0,814.470187,1012.215634,1153.13768,0.0,0.0
1365.0,154.54962,835.494103,-64.1790849,-64.1790849,-5.61519896,-5.61519896,-4.39611271,-4.39611271,1137.73026,-192.364212,-192.364212,-22.9161007,-22.9161007,-19.4497595,-19.4497595,0.837878734,1011.7978,0.0,59.2366932,-0.476987342,0.0,835.494103,1011.967567,1137.73026,0.0,0.0
1365.5,154.54962,860.025797,-64.1593124,-64.1593124,-5.77829197,-5.77829197,-4.55378924,-4.55378924,1120.15768,-211.433467,-211.433467,-24.7986308,-24.7986308,-20.8329112,-20.8329112,0.838032377,1011.7978,0.0,58.3217656,-0.539546341,0.0,860.025797,1011.914892,1120.15768,0.0,0.0
1366.0,154.54962,761.856143,-66.6364439,-66.6364439,-5.31477645,-5.31477645,-4.0673026,-4.0673026,1100.4989,-230.502722,-230.502722,-26.5606492,-26.5606492,-22.0641907,-22.0641907,0.838192969,955.43313,0.0,57.2982175,-0.597412532,0.0,761.856143,959.587161,1100.4989,0.0,0.0
1366.5,154.54962,517.661639,-66.6149496,-66.6149496,-3.61128415,-3.61128415,-2.47021076,-2.47021076,1078.77315,-249.57198,-249.57198,-28.1901045,-28.1901045,-23.1352073,-23.1352073,0.838353338,844.839777,0.0,56.1670519,-0.659642977,0.0,517.661639,845.290515,1078.77315,0.0,0.0
1367.0,154.54962,285.27861,-66.5835163,-66.5835163,-1.98917248,-1.98917248,-1.130869254,-1.130869254,1054.89381,-268.641231,-268.641231,-29.6722085,-29.6722085,-24.0347705,-24.0347705,0.838511,734.246424,0.0,54.9237579,-0.721736737,0.0,285.27861,734.651249,1054.89381,0.0,0.0
1367.5,154.54962,56.28309913,-66.5657096,-66.5657096,-0.39237233484,-0.39237233484,-0.0627112276,-0.0627112276,1028.866104,-287.710492,-287.710492,-30.9942103,-30.9942103,-24.7558625,-24.7558625,0.838666742,623.653066,0.022024633656,53.5686077,-0.786507194,0.0,56.28309913,624.167139,1028.866104,-0.53929243,0.022962615
1368.0,156.956876,-161.249602,-67.366179,-67.366179,1.142684111,1.142684111,2.37769251,2.37769251,998.514708,-298.686155,-298.686155,-31.2317986,-31.2317986,-24.671602,-24.671602,0.838815814,513.059716,1.425768864,51.9883407,-1.001358792,0.0,-161.249602,515.928207,998.514708,-35.5534191,1.480480377
1368.5,167.210892,-359.998142,-71.6751658,-71.6751658,2.70996114,2.70996114,4.52800246,4.52800246,959.274241,-298.74033,-298.74033,-30.0099493,-30.0099493,-23.5191,-23.5191,0.838947515,402.466359,3.59723732,49.9452597,-1.26478446,0.0,-359.998142,410.315272,959.274241,-89.8513896,3.60256402
1369.0,178.060694,-560.255292,-76.1903752,-76.1903752,4.47790292,4.47790292,6.5307147,6.5307147,913.387475,-298.74033,-298.74033,-28.5744273,-28.5744273,-22.1372561,-22.1372561,0.839060022,291.873002,4.386981,47.5561353,-1.34448673,0.0,-560.255292,300.193847,913.387475,-109.67453,4.19613487
1369.5,188.910498,-761.117181,-80.7148002,-80.7148002,6.44116655,6.44116655,8.65852115,8.65852115,867.337543,-298.74033,-298.74033,-27.1338011,-27.1338011,-20.7733167,-20.7733167,0.839152367,181.279649,4.386981,45.1585141,-1.31959038,0.0,-761.117181,189.725516,867.337543,-109.67453,3.98457976
1370.0,199.760302,-961.228448,-84.9381214,-84.9381214,8.55502869,8.55502869,10.9491768,10.9491768,822.14277,-298.74033,-298.74033,-25.7199268,-25.7199268,-19.4602978,-19.4602978,0.839222443,72.6199205,4.386981,42.8054178,-1.29548205,0.0,-961.228448,80.0688432,822.14277,-109.67453,3.77695335
1370.5,210.610104,-991.209882,-87.1141175,-87.1141175,9.0390144,9.0390144,11.52137365,11.52137365,777.69615,-298.74033,-298.74033,-24.3294577,-24.3294577,-18.185364,-18.185364,0.83927394,36.117085,4.386981,40.4912741,-1.27530983,0.0,-991.209882,41.641287,777.69615,-109.67453,3.57276397
1371.0,221.459908,-923.076397,-91.7961519,-91.7961519,8.8710119,8.8710119,11.5956122,11.5956122,734.03204,-298.74033,-298.74033,-22.9634696,-22.9634696,-16.890343,-16.890343,0.839316085,36.117085,4.386981,38.2178733,-1.25081825,0.0,-923.076397,44.4969926,734.03204,-109.67453,3.3721695
1371.5,232.309711,-862.924121,-96.3246439,-96.3246439,8.7020753,8.7020753,11.6831678,11.6831678,691.204859,-298.74033,-298.74033,-21.6236623,-21.6236623,-15.6373859,-15.6373859,0.839348861,36.117085,4.386981,35.9880462,-1.22681914,0.0,-862.924121,44.5203137,691.204859,-109.67453,3.17541982
1372.0,242.514726,-805.336326,-100.6589635,-100.6589635,8.487363,8.487363,11.7034736,11.7034736,648.998458,-304.419786,-304.419786,-20.6843936,-20.6843936,-14.6459135,-14.6459135,0.839373221,36.117085,4.386981,33.7905423,-1.22326979,0.0,-805.336326,43.8390156,648.998458,-109.67453,2.98152222
1372.5,244.80765,-759.579504,-101.5924285,-101.5924285,8.08107281,8.08107281,11.3355061,11.3355061,606.085289,-317.994403,-317.994403,-20.1776831,-20.1776831,-13.8948157,-13.8948157,0.839392787,36.117085,4.386981,31.556239,-1.26219618,0.0,-759.579504,37.8220918,606.085289,-109.67453,2.7843775
1373.0,244.80765,-699.685989,-101.5050342,-101.5050342,7.43737958,7.43737958,10.647412,10.647412,561.690486,-331.619209,-331.619209,-19.5005573,-19.5005573,-12.97350575,-12.97350575,0.839410562,36.117085,4.386981,29.2447935,-1.30601324,0.0,-699.685989,36.8224201,561.690486,-109.67453,2.58042625
1373.5,244.80765,-635.462361,-101.4911092,-101.4911092,6.75377967,6.75377967,9.9382033,9.9382033,515.782544,-345.244022,-345.244022,-18.6420421,-18.6420421,-11.87027005,-11.87027005,0.839426117,36.117085,4.386981,26.8545657,-1.34979979,0.0,-635.462361,36.7410409,515.782544,-109.67453,2.3695235
1374.0,245.680345,-567.270298,-101.6888265,-101.6888265,6.03995126,6.03995126,9.3403347,9.3403347,468.363009,-358.868829,-358.868829,-17.5957199,-17.5957199,-10.68775565,-10.68775565,0.839438115,36.117085,4.386981,24.3856358,-1.39226727,0.0,-567.270298,37.4283418,468.363009,-109.67453,2.15167644
1374.5,263.712396,-467.227781,-109.1208436,-109.1208436,5.33071036,5.33071036,9.10220105,9.10220105,419.962818,-372.493801,-372.493801,-16.3759845,-16.3759845,-9.45670075,-9.45670075,0.839444781,36.117085,4.36504124,21.8656471,-1.39813222,0.0,-467.227781,50.7962592,419.962818,-109.1349075,1.92032297
1375.0,288.321264,-396.088331,-119.6301409,-119.6301409,4.95677351,4.95677351,9.1523298,9.1523298,374.164919,-384.171082,-384.171082,-15.0505461,-15.0505461,-8.20151151,-8.20151151,0.839442509,36.117085,2.96121225,19.4811486,-1.20210195,0.0,-396.088331,53.6568582,374.164919,-74.1178092,1.16953176
1375.5,312.930133,-345.650206,-129.970764,-129.970764,4.70072124,4.70072124,9.1041277,9.1041277,338.326459,-385.6291,-385.6291,-13.66263175,-13.66263175,-7.02948809,-7.02948809,0.839431004,36.117085,0.78973955316,17.6151952,-0.870532546,0.0,-345.650206,53.7187217,338.326459,-19.820167966,0.28628624361
1376.0,337.539008,-308.570924,-140.255687,-140.255687,4.5290985,4.5290985,9.09344905,9.09344905,311.676615,-385.6291,-385.6291,-12.5864315,-12.5864315,-6.19550196,-6.19550196,0.839412065,36.117085,0.0,16.2276529,-0.716567754,0.0,-308.570924,53.5870346,311.676615,0.0,0.0
1376.5,356.618109,-287.885008,-148.529027,-148.529027,4.477759,4.477759,9.1730815,9.1730815,287.675581,-385.6291,-385.6291,-11.617198,-11.617198,-5.48587912,-5.48587912,0.839387266,36.117085,0.0,14.9780231,-0.677809673,0.0,-287.885008,48.1805685,287.675581,0.0,0.0
1377.0,357.93954,-281.809273,-148.809779,-148.809779,4.39156548,4.39156548,9.0496515,9.0496515,264.327705,-385.6291,-385.6291,-10.6743408,-10.6743408,-4.83296473,-4.83296473,0.839356238,36.117085,0.0,13.76240005,-0.675138991,0.0,-281.809273,37.0760769,264.327705,0.0,0.0
1377.5,357.93954,-250.678777,-148.754861,-148.754861,3.90496786,3.90496786,8.30201087,8.30201087,240.99332,-385.6291,-385.6291,-9.7320291,-9.7320291,-4.21710893,-4.21710893,0.83932424,36.117085,0.0,12.54747945,-0.674729722,0.0,-250.678777,36.4049278,240.99332,0.0,0.0
1378.0,357.93954,-206.692196,-146.879099,-146.879099,3.20066492,3.20066492,7.07034709,7.07034709,217.668202,-385.6291,-385.6291,-8.79009115,-8.79009115,-3.63814663,-3.63814663,0.839293978,47.8723922,0.0,11.3330419,-0.677655975,0.0,-206.692196,41.0887085,217.668202,0.0,0.0
1378.5,357.93954,1387.983268,-123.8091486,-123.8091486,-18.04536095,-18.04536095,-14.866164586,-14.866164586,193.453524,-385.6291,-385.6291,-7.81223064,-7.81223064,-3.08806739,-3.08806739,0.839323371,721.702593,0.0,10.07228825,-0.719014584,0.0,1387.983268,690.506188,193.453524,0.0,0.0
1379.0,349.71377,3186.70227,-141.6275205,-141.6275205,-47.3631598,-47.3631598,-42.734544,-42.734544,169.012485,-385.6291,-385.6291,-6.82522827,-6.82522827,-2.63256184,-2.63256184,0.839521435,1399.81631,0.0,8.7997487,-0.696339648,0.0,3186.70227,1424.69547,169.012485,0.0,0.0
1379.5,313.118606,3133.71237,-130.432645,-130.432645,-42.802203,-42.802203,-38.5499757,-38.5499757,144.043177,-385.6291,-385.6291,-5.81689327,-5.81689327,-2.19656987,-2.19656987,0.839771666,1412.6425,0.0,7.49970521,-0.760664758,0.0,3133.71237,1388.06666,144.043177,0.0,0.0
1380.0,274.212919,3162.71667,-113.8763,-113.8763,-37.7101076,-37.7101076,-34.0432809,-34.0432809,116.4107899,-385.6291,-385.6291,-4.70101504,-4.70101504,-1.7332,-1.7332,0.839994358,1412.6425,0.0,6.0610064,-0.837542165,0.0,3162.71667,1384.00116,116.4107899,0.0,0.0
1380.5,235.307228,3204.91436,-97.6591858,-97.6591858,-32.7699718,-32.7699718,-29.8737456,-29.8737456,86.1360311,-385.6291,-385.6291,-3.47842995,-3.47842995,-1.2485706,-1.2485706,0.840193799,1412.6425,0.0,4.48473055,-0.9138507,0.0,3204.91436,1383.8827,86.1360311,0.0,0.0
1381.0,205.407363,3271.66943,-84.6785654,-84.6785654,-29.0075376,-29.0075376,-26.6826494,-26.6826494,53.3485575,-385.6291,-385.6291,-2.15437391,-2.15437391,-0.750868854,-0.750868854,0.840370333,1412.6425,0.0,2.77762859,-0.973449488,0.0,3271.66943,1392.51561,53.3485575,0.0,0.0
1381.5,203.43115,3360.54404,-84.2926886,-84.2926886,-29.6640208,-29.6640208,-27.3423807,-27.3423807,19.58829668,-385.6291,-385.6291,-0.791033856,-0.791033856,-0.267787069,-0.267787069,0.840538957,1412.6425,0.0,1.01987788,-0.973690473,0.0,3360.54404,1409.78463,19.58829668,0.0,0.0
1382.0,203.43115,3406.50006,-84.4231885,-84.4231885,-30.1161187,-30.1161187,-27.7831079,-27.7831079,-11.43523275,-385.6291,-385.6291,0.4617887953,0.4617887953,1.3872420695,1.3872420695,0.84070657,1412.6425,0.0,-0.5953831006,-0.807617637,0.0,3406.50006,1410.79287,-11.43523275,0.0,0.0
1382.5,203.43115,3444.54127,-84.4309811,-84.4309811,-30.4552276,-30.4552276,-28.1175672,-28.1175672,-38.7044801,-385.6291,-385.6291,1.56300237,1.56300237,4.5477526,4.5477526,0.840862054,1412.6425,0.0,-2.01517484,-0.786751047,0.0,3444.54127,1410.6998,-38.7044801,0.0,0.0
1383.0,202.811495,3481.16505,-84.244626,-84.244626,-30.7108976,-30.7108976,-28.3773875,-28.3773875,-65.9065101,-385.6291,-385.6291,2.66150148,2.66150148,7.55395363,7.55395363,0.841002457,1412.6425,0.0,-3.4314668,-0.787673362,0.0,3481.16505,1410.05616,-65.9065101,0.0,0.0
1383.5,196.697037,3509.70227,-81.673875,-81.673875,-30.0170861,-30.0170861,-27.7883864,-27.7883864,-93.144687,-377.379309,-377.379309,3.67358023,3.67358023,10.1163588,10.1163588,0.841125944,1412.6425,0.0,-4.84964085,-0.772410233,0.0,3509.70227,1406.02654,-93.144687,0.0,0.0
1384.0,190.013064,3544.321,-78.8207134,-78.8207134,-29.2545023,-29.2545023,-27.139025,-27.139025,-117.4135821,-325.300933,-325.300933,3.98897807,3.98897807,10.30871545,10.30871545,0.841236906,1412.6425,0.0,-6.11321731,-0.616471264,0.0,3544.321,1406.26121,-117.4135821,0.0,0.0
1384.5,188.87563,4104.54104,-67.1771264,-67.1771264,-28.7784466,-28.7784466,-27.0409589,-27.0409589,-135.807462,-266.862843,-266.862843,3.78737982,3.78737982,9.0522799,9.0522799,0.841346329,1650.36922,0.0,-7.07090684,-0.448780066,0.0,4104.54104,1628.63288,-135.807462,0.0,0.0
1385.0,188.87563,5467.5182,-66.273312,-66.273312,-37.9492603,-37.9492603,-36.1041659,-36.1041659,-148.124407,-208.424728,-208.424728,3.22843422,3.22843422,7.11312956,7.11312956,0.841491482,2192.72637,0.0,-7.71219716,-0.261136754,0.0,5467.5182,2188.58597,-148.124407,0.0,0.0
1385.5,188.87563,6781.564909999999,-66.4184906,-66.4184906,-47.1686692,-47.1686692,-45.1879551,-45.1879551,-153.875562,-149.9866186,-149.9866186,2.41560454,2.41560454,4.95097364,4.95097364,0.841696255,2735.82433,0.0,-8.01163495,-0.0717412584,0.0,6781.564909999999,2732.01237,-153.875562,0.0,0.0
1386.0,188.87563,8083.92206,-66.4733563,-66.4733563,-56.2733856,-56.2733856,-54.010885,-54.010885,-153.068759,-91.5485155,-91.5485155,1.46954175,1.46954175,2.90077291,2.90077291,0.841953846,3278.92224,0.0,-7.96962815,0.1193628341,0.0,8083.92206,3274.4039,-153.068759,0.0,0.0
1386.5,188.87563,9377.3125,-66.5162867,-66.5162867,-65.3184695,-65.3184695,-62.6517711,-62.6517711,-145.943047,-47.6127841,-47.6127841,0.72864956,0.72864956,1.52564103,1.52564103,0.842258058,3822.02018,0.0,-7.59862307,0.267043943,0.0,9377.3125,3816.75381,-145.943047,0.0,0.0
1387.0,188.87563,10587.39265,-70.9892026,-70.9892026,-78.8323055,-78.8323055,-75.6552988,-75.6552988,-136.39715,-45.062374,-45.062374,0.643647345,0.643647345,1.38635947,1.38635947,0.84260381,4319.08292,0.0,-7.10160975,0.283626862,0.0,10587.39265,4325.85103,-136.39715,0.0,0.0
1387.5,184.763564,10776.1959,-77.8098858,-77.8098858,-87.8131169,-87.8131169,-84.3746919,-84.3746919,-126.287229,-45.062374,-45.062374,0.595939414,0.595939414,1.31156341,1.31156341,0.843008734,4412.9595,0.0,-6.57522966,0.290885989,0.0,10776.1959,4410.31652,-126.287229,0.0,0.0
1388.0,164.259259,10719.9647,-68.4970549,-68.4970549,-76.8958134,-76.8958134,-73.7555216,-73.7555216,-116.9151679,-45.062374,-45.062374,0.551713417,0.551713417,1.23930108,1.23930108,0.843400577,4412.9595,0.0,-6.08726705,0.249047809,0.0,10719.9647,4392.39061,-116.9151679,0.0,0.0
1388.5,142.055586,10708.8007,-59.1213816,-59.1213816,-66.3002602,-66.3002602,-63.4683871,-63.4683871,-110.6862654,-104.67352,-104.67352,1.212797791,1.212797791,2.74384778,2.74384778,0.843749574,4412.9595,0.0,-5.76295502,0.00929133582,0.0,10708.8007,4391.38223,-110.6862654,0.0,0.0
1389.0,119.851924,10725.497599999999,-49.6734069,-49.6734069,-55.7888957,-55.7888957,-53.2767556,-53.2767556,-122.941023,-309.637313,-309.637313,4.018195,4.018195,10.25460805,10.25460805,0.844035462,4412.9595,0.0,-6.40100724,-0.698054987,0.0,10725.497599999999,4391.17436,-122.941023,0.0,0.0
1389.5,97.6482572,10766.2685,-40.3851074,-40.3851074,-45.5284111,-45.5284111,-43.3244312,-43.3244312,-151.612978,-352.29453,-352.29453,5.59333563,5.59333563,14.25061395,14.25061395,0.844244901,4412.9595,0.0,-7.89383203,-0.877849924,0.0,10766.2685,4391.39808,-151.612978,0.0,0.0
1390.0,75.4445914,10809.02555,-31.1540496,-31.1540496,-35.2605374,-35.2605374,-33.310298,-33.310298,-182.022895,-331.946861,-331.946861,6.31417997,6.31417997,15.22963335,15.22963335,0.844390692,4412.9595,0.0,-9.4771445,-0.853544113,0.0,10809.02555,4391.4335,-182.022895,0.0,0.0
1390.5,53.2409252,10847.2636,-21.9533568,-21.9533568,-24.9345425,-24.9345425,-23.1752655,-23.1752655,-209.265738,-278.237417,-278.237417,6.08570097,6.08570097,13.17310265,13.17310265,0.844483115,4412.9595,0.0,-10.8955617,-0.72119756,0.0,10847.2636,4391.43763,-209.265738,0.0,0.0
1391.0,31.0372586,10878.93485,-12.7518086,-12.7518086,-14.5251026,-14.5251026,-12.88714915,-12.88714915,-231.88552,-224.082394,-224.082394,5.43189115,5.43189115,10.5676935,10.5676935,0.844525916,4412.9595,0.0,-12.073276,-0.587436573,0.0,10878.93485,4391.4088,-231.88552,0.0,0.0
1391.5,12.2175079,10912.155900000002,-4.69858454,-4.69858454,-5.3673585,-5.3673585,-3.9851341,-3.9851341,-249.845305,-169.916064,-169.916064,4.43837801,4.43837801,7.88167598,7.88167598,0.84451598,4412.9595,0.0,-13.00836415,-0.447756868,0.0,10912.155900000002,4394.74596,-249.845305,0.0,0.0
1392.0,10.032718,10956.46845,-4.02032064,-4.02032064,-4.61280387,-4.61280387,-3.29483033,-3.29483033,-262.410007,-115.7628509,-115.7628509,3.17664298,3.17664298,5.27475084,5.27475084,0.844490576,4412.9595,0.0,-13.6625538,-0.276005621,0.0,10956.46845,4405.8482,-262.410007,0.0,0.0
1392.5,10.032718,10967.22035,-4.38334059,-4.38334059,-5.03408999,-5.03408999,-3.65603755,-3.65603755,-269.127978,-71.279882,-71.279882,2.00812808,2.00812808,3.27356339,3.27356339,0.844484912,4411.66635,0.0,-14.0123293,-0.1312827665,0.0,10967.22035,4406.3994,-269.127978,0.0,0.0
1393.0,10.032718,10653.495700000001,-9.65383845,-9.65383845,-10.7704973,-10.7704973,-9.1929793,-9.1929793,-273.074341,-66.895515,-66.895515,1.91296271,1.91296271,3.10785704,3.10785704,0.844509129,4272.11444,0.0,-14.2177996,-0.1078229494,0.0,10653.495700000001,4273.55207,-273.074341,0.0,0.0
1393.5,10.032718,10083.0153,-9.3695967,-9.3695967,-9.8935916,-9.8935916,-8.3785594,-8.3785594,-276.808941,-66.895515,-66.895515,1.93912463,1.93912463,3.13514053,3.13514053,0.844548962,4039.54452,0.0,-14.4122442,-0.1082283065,0.0,10083.0153,4033.9903,-276.808941,0.0,0.0
1394.0,10.032718,9529.5199,-9.3489696,-9.3489696,-9.32961395,-9.32961395,-7.97085714,-7.97085714,-280.549973,-66.895515,-66.895515,1.96533161,1.96533161,3.1622081,3.1622081,0.844584447,3806.97459,0.0,-14.6070236,-0.1081742311,0.0,9529.5199,3801.49259,-280.549973,0.0,0.0
1394.5,10.032718,8976.5753,-9.3485985,-9.3485985,-8.7879141,-8.7879141,-7.6037551,-7.6037551,-284.288188,-66.895515,-66.895515,1.99151885,1.99151885,3.18899599,3.18899599,0.844617182,3574.40476,0.0,-14.8016559,-0.1080837578,0.0,8976.5753,3569.22548,-284.288188,0.0,0.0
1395.0,10.032718,8423.63625,-9.3486168,-9.3486168,-8.24661235,-8.24661235,-7.22724034,-7.22724034,-288.023233,-66.895515,-66.895515,2.0176839,2.0176839,3.21550622,3.21550622,0.844647212,3341.83488,0.0,-14.996124,-0.1079914795,0.0,8423.63625,3336.96265,-288.023233,0.0,0.0
1395.5,10.032718,7870.69328,-9.3486427,-9.3486427,-7.70531063,-7.70531063,-6.82902397,-6.82902397,-291.755068,-66.895515,-66.895515,2.04382647,2.04382647,3.24174267,3.24174267,0.844674377,3109.26503,0.0,-15.1904244,-0.1078980666,0.0,7870.69328,3104.69991,-291.755068,0.0,0.0
1396.0,10.032718,7317.745510000001,-9.3486689,-9.3486689,-7.16400185,-7.16400185,-6.39426857,-6.39426857,-295.483658,-66.895515,-66.895515,2.06994624,2.06994624,3.26770922,3.26770922,0.844698479,2876.69513,0.0,-15.384556,-0.1078035305,0.0,7317.745510000001,2872.43723,-295.483658,0.0,0.0
1396.5,10.032718,6764.793119999999,-9.3486955,-9.3486955,-6.62268569,-6.62268569,-5.91792335,-5.91792335,-299.208954,-66.895515,-66.895515,2.09604307,2.09604307,3.29340974,3.29340974,0.844719182,2644.12524,0.0,-15.57851595,-0.1077078812,0.0,6764.793119999999,2640.17453,-299.208954,0.0,0.0
1397.0,10.032718,6257.771180000001,-7.14888935,-7.14888935,-4.70686898,-4.70686898,-4.1032601,-4.1032601,-302.956675,-66.895515,-66.895515,2.1222968,2.1222968,3.31902256,3.31902256,0.8447344,2436.60004,0.0,-15.7736435,-0.111434186,0.0,6257.771180000001,2427.01069,-302.956675,0.0,0.0
1397.5,10.032718,6191.22274,-3.94447494,-3.94447494,-2.55751339,-2.55751339,-2.04417455,-2.04417455,-306.553537,-54.7997033,-54.7997033,1.75848957,1.75848957,2.79802936,2.79802936,0.844730045,2403.5022,0.0,-15.9609165,-0.0778010159,0.0,6191.22274,2397.21916,-306.553537,0.0,0.0
1398.0,10.032718,6198.87338,-4.17610836,-4.17610836,-2.71089758,-2.71089758,-2.17731574,-2.17731574,-307.496349,-23.5489284,-23.5489284,0.758521044,0.758521044,1.465937066,1.465937066,0.84473,2403.5022,0.0,-16.0100045,0.02373417331,0.0,6198.87338,2399.85212,-307.496349,0.0,0.0
1398.5,10.032718,6195.398,-4.20873513,-4.20873513,-2.73054427,-2.73054427,-2.19461881,-2.19461881,-304.921261,5.9950585287,5.9950585287,-0.19061573903,-0.19061573903,-0.021432846074,-0.021432846074,0.844741113,2403.5022,0.0,-15.8759307,0.1208960184,0.0,6195.398,2399.90962,-304.921261,0.0,0.0
1399.0,10.032718,6188.62302,-4.21487913,-4.21487913,-2.73154133,-2.73154133,-2.19566492,-2.19566492,-300.145302,12.538799,12.538799,-0.39410877,-0.39410877,-0.164030781,-0.164030781,0.844758022,2403.5022,0.0,-15.62726765,0.142831442,0.0,6188.62302,2399.87914,-300.145302,0.0,0.0
1399.5,19.2131979,6200.40593,-6.35800178,-6.35800178,-4.15007502,-4.15007502,-3.57964341,-3.57964341,-295.16965,12.538799,12.538799,-0.38757545,-0.38757545,-0.159762977,-0.159762977,0.844775624,2403.5022,0.0,-15.36820675,0.157701551,0.0,6200.40593,2407.6873,-295.16965,0.0,0.0
1400.0,223.578079,6546.0898,-92.8901463,-92.8901463,-63.7742859,-63.7742859,-60.6446853,-60.6446853,-283.839738,12.538799,12.538799,-0.372698597,-0.372698597,-0.150272198,-0.150272198,0.84492551,2403.5022,0.0,-14.7783071,0.562026723,0.0,6546.0898,2558.14436,-283.839738,0.0,0.0
1400.5,286.29858,6193.798769999999,-121.339638,-121.339638,-78.7151908,-78.7151908,-74.4088494,-74.4088494,-260.839807,12.538799,12.538799,-0.342498301,-0.342498301,-0.131785673,-0.131785673,0.845301362,2403.5022,0.0,-13.5808001,0.689184247,0.0,6193.798769999999,2424.98301,-260.839807,0.0,0.0
1401.0,286.29858,6101.61915,-119.3678793,-119.3678793,-76.2713561,-76.2713561,-72.0395299,-72.0395299,-237.114497,12.538799,12.538799,-0.311345554,-0.311345554,-0.1138701494,-0.1138701494,0.845673621,2403.5022,0.0,-12.34552615,0.685101458,0.0,6101.61915,2400.47935,-237.114497,0.0,0.0
1401.5,286.29858,6067.24334,-119.322098,-119.322098,-75.8125161,-75.8125161,-71.583412,-71.583412,-213.439681,12.538799,12.538799,-0.280259094,-0.280259094,-0.097176614,-0.097176614,0.846042137,2403.5022,0.0,-11.11288065,0.684558177,0.0,6067.24334,2399.99885,-213.439681,0.0,0.0
1402.0,286.29858,6034.098019999999,-119.3211341,-119.3211341,-75.397744,-75.397744,-71.1699799,-71.1699799,-189.780643,12.538799,12.538799,-0.249193366,-0.249193366,-0.0826644355,-0.0826644355,0.846408935,2403.5022,0.0,-9.8810571,0.684144798,0.0,6034.098019999999,2400.02122,-189.780643,0.0,0.0
1402.5,286.29858,6000.99381,-119.3210168,-119.3210168,-74.9840224,-74.9840224,-70.7578074,-70.7578074,-166.135025,12.538799,12.538799,-0.218145249,-0.218145249,-0.0721164394,-0.0721164394,0.846774031,2403.5022,0.0,-8.649932,0.683781402,0.0,6000.99381,2400.05285,-166.135025,0.0,0.0
1403.0,286.29858,6031.61832,-117.7174646,-117.7174646,-74.3509077,-74.3509077,-70.1803138,-70.1803138,-142.538301,12.538799,12.538799,-0.187161341,-0.187161341,-0.0618734971,-0.0618734971,0.84713685,2433.07207,0.0,-7.42135278,0.680563636,0.0,6031.61832,2426.57387,-142.538301,0.0,0.0
1403.5,286.29858,6214.83286,-117.3096289,-117.3096289,-76.3470741,-76.3470741,-72.1824979,-72.1824979,-119.0406312,12.538799,12.538799,-0.156307486,-0.156307486,-0.0516735495,-0.0516735495,0.847502134,2520.35408,0.0,-6.19793072,0.679559196,0.0,6214.83286,2516.53089,-119.0406312,0.0,0.0
1404.0,286.29858,6395.645,-117.3330905,-117.3330905,-78.5838859,-78.5838859,-74.411999,-74.411999,-95.5499015,12.538799,12.538799,-0.125462749,-0.125462749,-0.0414766167,-0.0414766167,0.847876265,2609.12025,0.0,-4.97487012,0.679384206,0.0,6395.645,2605.48424,-95.5499015,0.0,0.0
1404.5,286.29858,6575.69635,-117.3366114,-117.3366114,-80.7986307,-80.7986307,-76.6229809,-76.6229809,-71.9640646,16.3631996,16.3631996,-0.1207376945,-0.1207376945,-0.041086815,-0.041086815,0.84825892,2697.88637,0.0,-3.74685755,0.692095534,0.0,6575.69635,2694.17651,-71.9640646,0.0,0.0
1405.0,286.29858,6754.071830000001,-117.3514644,-117.3514644,-83.0009244,-83.0009244,-78.825086,-78.825086,-47.1766163,31.8045712,31.8045712,-0.15351642,-0.15351642,-0.0555261193,-0.0555261193,0.848650127,2786.65253,0.0,-2.4562823,0.74400667,0.0,6754.071830000001,2782.87308,-47.1766163,0.0,0.0
1405.5,286.29858,6929.77987,-117.3667305,-117.3667305,-85.1712806,-85.1712806,-80.9976029,-80.9976029,-20.51024856,48.0426219,48.0426219,-0.0993138044,-0.0993138044,-0.0350637407,-0.0350637407,0.849049618,2875.41867,0.0,-1.06787994,0.798654801,0.0,6929.77987,2871.55682,-20.51024856,0.0,0.0
1406.0,286.29858,7105.29366,-117.3440534,-117.3440534,-87.3114794,-87.3114794,-83.1451665,-83.1451665,6.164898306,64.2806733,64.2806733,0.04490140403,0.04490140403,0.1419492554,0.1419492554,0.849456972,2964.18485,0.0,0.3209795944,0.712580158,0.0,7105.29366,2960.16482,6.164898306,0.0,0.0
1406.5,286.29858,7284.493799999999,-117.344299,-117.344299,-89.5138229,-89.5138229,-85.3553999,-85.3553999,30.4438058,80.3291825,80.3291825,0.259371264,0.259371264,0.704517059,0.704517059,0.849871007,3052.95097,0.0,1.58507729,0.72067577,0.0,7284.493799999999,3048.90756,30.4438058,0.0,0.0
1407.0,286.29858,7448.403810000001,-118.0938892,-118.0938892,-92.1151455,-92.1151455,-87.9400916,-87.9400916,55.8273281,86.06624,86.06624,0.503162492,0.503162492,1.26855453,1.26855453,0.850291282,3133.96086,0.0,2.90668744,0.740453638,0.0,7448.403810000001,3131.93295,55.8273281,0.0,0.0
1407.5,286.29858,7356.97751,-122.3294006,-122.3294006,-94.2218686,-94.2218686,-89.8915391,-89.8915391,81.5294929,86.06624,86.06624,0.734811882,0.734811882,1.72375592,1.72375592,0.850719457,3105.35522,0.0,4.244888,0.747668203,0.0,7356.97751,3108.89715,81.5294929,0.0,0.0
1408.0,286.29858,6832.258899999999,-124.1486885,-124.1486885,-88.8265164,-88.8265164,-84.410844,-84.410844,107.468221,86.06624,86.06624,0.968593368,0.968593368,2.12243465,2.12243465,0.851141113,2908.17455,0.0,5.59540529,0.75062217,0.0,6832.258899999999,2905.70325,107.468221,0.0,0.0
1408.5,286.29858,6288.56814,-124.0438789,-124.0438789,-81.6875585,-81.6875585,-77.2816626,-77.2816626,133.4092625,86.06624,86.06624,1.20239569,1.20239569,2.47149597,2.47149597,0.851535128,2698.03297,0.0,6.94604317,0.750170098,0.0,6288.56814,2694.61635,133.4092625,0.0,0.0
1409.0,286.29858,5747.866599999999,-124.0415168,-124.0415168,-74.6624726,-74.6624726,-70.284088,-70.284088,159.338309,86.06624,86.06624,1.43608992,1.43608992,2.77948826,2.77948826,0.85190067,2487.89135,0.0,8.29605643,0.749838437,0.0,5747.866599999999,2484.76619,159.338309,0.0,0.0
1409.5,286.29858,5207.24221,-124.0413665,-124.0413665,-67.639897,-67.639897,-63.2939291,-63.2939291,185.254993,86.06624,86.06624,1.66967269,1.66967269,3.05411283,3.05411283,0.852236928,2277.74976,0.0,9.6454261,0.74945281,0.0,5207.24221,2274.94094,185.254993,0.0,0.0
1410.0,252.548569,4591.75988,-111.5476398,-111.5476398,-53.8975359,-53.8975359,-50.1557309,-50.1557309,210.628468,86.06624,86.06624,1.89835961,1.89835961,3.32981991,3.32981991,0.852536039,2067.6082,0.0,10.9665133,0.687989154,0.0,4591.75988,2033.64961,210.628468,0.0,0.0
1410.5,144.216516,3954.30897,-65.0129871,-65.0129871,-27.1406541,-27.1406541,-25.4550392,-25.4550392,230.905445,86.06624,86.06624,2.08111272,2.08111272,3.54977295,3.54977295,0.852736057,1857.46668,0.0,12.02224765,0.480428026,0.0,3954.30897,1780.24116,230.905445,0.0,0.0
1411.0,51.01865,3469.21388,-24.6737118,-24.6737118,-9.0385114,-9.0385114,-8.4440838,-8.4440838,244.069795,86.06624,86.06624,2.19976076,2.19976076,3.6861234,3.6861234,0.852816555,1647.32508,0.0,12.70765835,0.301364285,0.0,3469.21388,1586.07608,244.069795,0.0,0.0
1411.5,40.68391,3130.46931,-19.1877276,-19.1877276,-6.30405988,-6.30405988,-5.82317746,-5.82317746,253.885802,86.06624,86.06624,2.28823083,2.28823083,3.78456285,3.78456285,0.852837301,1462.50227,0.0,13.2187354,0.279552542,0.0,3130.46931,1450.85344,253.885802,0.0,0.0
1412.0,40.68391,3070.35367,-16.8239796,-16.8239796,-5.40938546,-5.40938546,-4.96661402,-4.96661402,263.441665,86.06624,86.06624,2.37435634,2.37435634,3.87795884,3.87795884,0.85284704,1435.2856,0.0,13.71626805,0.275226119,0.0,3070.35367,1431.41845,263.441665,0.0,0.0
1412.5,40.68391,3059.97655,-17.0535101,-17.0535101,-5.46459296,-5.46459296,-5.02150351,-5.02150351,274.929231,149.448918,149.448918,4.32695872,4.32695872,7.39194542,7.39194542,0.852848069,1435.2856,0.0,14.3143755,0.480335166,0.0,3059.97655,1433.80796,274.929231,0.0,0.0
1413.0,40.68391,3029.42175,-17.1247356,-17.1247356,-5.43265967,-5.43265967,-4.99133946,-4.99133946,296.720517,214.02126,214.02126,6.65017546,6.65017546,11.5376329,11.5376329,0.852807498,1435.2856,0.0,15.4489534,0.688923544,0.0,3029.42175,1433.81762,296.720517,0.0,0.0
1413.5,40.68391,2995.95061,-17.120316,-17.120316,-5.3712461,-5.3712461,-4.93223966,-4.93223966,320.526753,214.02126,214.02126,7.18372696,7.18372696,12.0423103,12.0423103,0.852753763,1435.2856,0.0,16.6884415,0.688281752,0.0,2995.95061,1433.79037,320.526753,0.0,0.0
1414.0,40.68391,2962.65052,-17.1200039,-17.1200039,-5.31144774,-5.31144774,-4.87478483,-4.87478483,344.310144,214.02126,214.02126,7.71676642,7.71676642,12.51354315,12.51354315,0.852695408,1435.2856,0.0,17.9267393,0.687598884,0.0,2962.65052,1433.82092,344.310144,0.0,0.0
1414.5,40.68391,2929.38783,-17.1197988,-17.1197988,-5.25175141,-5.25175141,-4.81748605,-4.81748605,368.06911,214.02126,214.02126,8.24925815,8.24925815,12.95452035,12.95452035,0.852632669,1435.2856,0.0,19.1637661,0.686868137,0.0,2929.38783,1433.85275,368.06911,0.0,0.0
1415.0,40.68391,2896.16173,-17.1195821,-17.1195821,-5.19211864,-5.19211864,-4.76012985,-4.76012985,391.801979,214.02126,214.02126,8.78116545,8.78116545,13.4174128,13.4174128,0.852565582,1435.2856,0.0,20.3994343,0.686089526,0.0,2896.16173,1433.88458,391.801979,0.0,0.0
1415.5,40.68391,2862.97454,-17.1193524,-17.1193524,-5.1325531,-5.1325531,-4.70241656,-4.70241656,415.507099,214.02126,214.02126,9.31245065,9.31245065,14.0015645,14.0015645,0.852493303,1435.2856,0.0,21.6336571,0.68526329,0.0,2862.97454,1433.91638,415.507099,0.0,0.0
1416.0,40.7926,2832.2459,-17.0115981,-17.0115981,-5.04557552,-5.04557552,-4.61767203,-4.61767203,439.181525,214.02126,214.02126,9.8430479,9.8430479,14.57618645,14.57618645,0.852415206,1436.56976,0.0,22.8662825,0.684326882,0.0,2832.2459,1434.95327,439.181525,0.0,0.0
1416.5,94.2326384,2927.34128,-37.8008303,-37.8008303,-11.63765566,-11.63765566,-10.8142451,-10.8142451,463.992133,214.02126,214.02126,10.39910935,10.39910935,15.15986505,15.15986505,0.852348791,1445.90079,0.0,24.1580631,0.781757845,0.0,2927.34128,1489.0099,463.992133,0.0,0.0
1417.0,143.312,2867.58929,-61.0179906,-61.0179906,-18.3263398,-18.3263398,-16.9205561,-16.9205561,493.233051,214.02126,214.02126,11.0544644,11.0544644,15.824895,15.824895,0.852345031,1456.62997,0.0,25.680511,0.878165934,0.0,2867.58929,1481.22022,493.233051,0.0,0.0
1417.5,143.312,2790.48621,-59.7006299,-59.7006299,-17.4457015,-17.4457015,-16.087935,-16.087935,523.520808,214.02126,214.02126,11.7332808,11.7332808,16.4891765,16.4891765,0.852346623,1467.35914,0.0,27.2574633,0.874546035,0.0,2790.48621,1466.82184,523.520808,0.0,0.0
1418.0,143.312,2772.22342,-59.6369952,-59.6369952,-17.3130116,-17.3130116,-15.9588009,-15.9588009,553.728353,214.02126,214.02126,12.41030045,12.41030045,17.1278948,17.1278948,0.852340739,1478.0883,0.0,28.8302395,0.873031024,0.0,2772.22342,1476.86055,553.728353,0.0,0.0
1418.5,143.312,2755.57835,-59.6585933,-59.6585933,-17.2152726,-17.2152726,-15.86188085,-15.86188085,583.885151,214.02126,214.02126,13.086182,13.086182,17.7659727,17.7659727,0.852329293,1488.67112,0.0,30.4003732,0.871588016,0.0,2755.57835,1487.54274,583.885151,0.0,0.0
1419.0,143.312,2722.83738,-59.8913237,-59.8913237,-17.0771142,-17.0771142,-15.71960195,-15.71960195,613.998478,214.02126,214.02126,13.7610896,13.7610896,18.4758213,18.4758213,0.852311922,1492.3772,0.0,31.9682444,0.870436304,0.0,2722.83738,1491.50191,613.998478,0.0,0.0
1419.5,143.312,2680.03671,-59.8754232,-59.8754232,-16.8042056,-16.8042056,-15.4518368,-15.4518368,644.06234,214.02126,214.02126,14.4348884,14.4348884,19.1789422,19.1789422,0.852287302,1492.3772,0.0,33.53354,0.86877651,0.0,2680.03671,1491.24631,644.06234,0.0,0.0
1420.0,144.576791,2640.70859,-60.1947352,-60.1947352,-16.6457135,-16.6457135,-15.28798865,-15.28798865,674.074513,214.02126,214.02126,15.10752845,15.10752845,19.8664136,19.8664136,0.852255202,1492.3772,0.0,35.0961429,0.869095384,0.0,2640.70859,1492.40545,674.074513,0.0,0.0
1420.5,166.136534,2636.18691,-69.1224923,-69.1224923,-19.0799667,-19.0799667,-17.4259651,-17.4259651,704.130743,178.9195474,178.9195474,13.1563176,13.1563176,16.9773707,16.9773707,0.852227495,1492.3772,0.0,36.6610418,0.794499579,0.0,2636.18691,1508.07357,704.130743,0.0,0.0
1421.0,194.765096,2625.80946,-80.9736474,-80.9736474,-22.2669141,-22.2669141,-20.175159,-20.175159,715.819833,-151.9168501,-151.9168501,-11.36336339,-11.36336339,-8.552428165,-8.552428165,0.852315214,1492.3772,0.0,37.2696417,-0.2312587122,0.0,2625.80946,1510.58059,715.819833,0.0,0.0
1421.5,223.393654,2650.94304,-92.790013,-92.790013,-25.7619815,-25.7619815,-23.1728821,-23.1728821,698.712827,-268.806,-268.806,-19.6682761,-19.6682761,-14.55551405,-14.55551405,0.852521364,1492.3772,0.0,36.3789547,-0.564375379,0.0,2650.94304,1511.05023,698.712827,0.0,0.0
1422.0,252.022213,2677.1395,-104.7271806,-104.7271806,-29.3627318,-29.3627318,-26.2183585,-26.2183585,680.195496,-268.806,-268.806,-19.1470261,-19.1470261,-14.0705508,-14.0705508,0.852747785,1492.3772,0.0,35.4148365,-0.506920662,0.0,2677.1395,1511.13863,680.195496,0.0,0.0
1422.5,280.650773,2700.29278,-116.6558815,-116.6558815,-32.9894927,-32.9894927,-29.2918044,-29.2918044,663.66157,-268.806,-268.806,-18.6816082,-18.6816082,-13.6420965,-13.6420965,0.852986494,1492.3772,0.0,34.5539876,-0.449624366,0.0,2700.29278,1511.11888,663.66157,0.0,0.0
1423.0,309.27933,2720.67039,-128.584333,-128.584333,-36.6366545,-36.6366545,-32.5393723,-32.5393723,649.106144,-268.806,-268.806,-18.2718826,-18.2718826,-13.2684739,-13.2684739,0.853238091,1492.3772,0.0,33.7961486,-0.392462804,0.0,2720.67039,1511.0993,649.106144,0.0,0.0
1423.5,337.620655,2737.82628,-140.464511,-140.464511,-40.2732065,-40.2732065,-35.7924521,-35.7924521,636.523952,-268.806,-268.806,-17.9177029,-17.9177029,-12.9481917,-12.9481917,0.853503006,1492.3772,0.0,33.1410483,-0.335862529,0.0,2737.82628,1510.89136,636.523952,0.0,0.0
1424.0,347.92795,2718.01197,-145.041372,-145.041372,-41.2832372,-41.2832372,-36.6624243,-36.6624243,625.442284,-268.806,-268.806,-17.6057611,-17.6057611,-12.6681876,-12.6681876,0.853777253,1492.3772,0.0,32.564074,-0.314453767,0.0,2718.01197,1496.17594,625.442284,0.0,0.0
1424.5,347.92795,2721.59143,-144.698233,-144.698233,-41.239628,-41.239628,-36.6286421,-36.6286421,614.56585,-268.806,-268.806,-17.2995969,-17.2995969,-12.39526,-12.39526,0.854050501,1492.3772,0.0,31.9977845,-0.3144935,0.0,2721.59143,1491.31474,614.56585,0.0,0.0
1425.0,347.92795,2677.35114,-148.073844,-148.073844,-41.4761479,-41.4761479,-36.7725876,-36.7725876,603.737213,-268.806,-268.806,-16.9947788,-16.9947788,-12.1253805,-12.1253805,0.854323373,1457.99305,0.0,31.4339849,-0.307814838,0.0,2677.35114,1466.58331,603.737213,0.0,0.0
1425.5,347.92795,1883.17145,-152.21438,-152.21438,-30.0986886,-30.0986886,-25.5589829,-25.5589829,593.365328,-268.806,-268.806,-16.7028178,-16.7028178,-11.86861255,-11.86861255,0.854574892,1132.24935,0.0,30.893966,-0.299772396,0.0,1883.17145,1130.063187,593.365328,0.0,0.0
1426.0,347.92795,1637.6191,-144.136786,-144.136786,-24.7190391,-24.7190391,-20.532847,-20.532847,582.691797,-268.806,-268.806,-16.4023653,-16.4023653,-11.6046961,-11.6046961,0.854773717,1030.337,0.0,30.338241,-0.313863963,0.0,1637.6191,1021.654818,582.691797,0.0,0.0
1426.5,347.92795,1673.29301,-144.344969,-144.344969,-25.292391,-25.292391,-21.0753592,-21.0753592,571.872907,-268.806,-268.806,-16.097821,-16.097821,-11.3178123,-11.3178123,0.854967495,1032.23088,0.0,29.7749486,-0.312946519,0.0,1673.29301,1030.18195,571.872907,0.0,0.0
1427.0,347.92795,2018.67507,-139.227505,-139.227505,-29.4336621,-29.4336621,-25.2229676,-25.2229676,560.89183,-268.806,-268.806,-15.7887117,-15.7887117,-11.0223075,-11.0223075,0.855167418,1175.35964,0.0,29.2032113,-0.321678224,0.0,2018.67507,1167.48619,560.89183,0.0,0.0
1427.5,347.92795,2600.83335,-139.538168,-139.538168,-38.0047153,-38.0047153,-33.5955723,-33.5955723,549.791118,-268.806,-268.806,-15.4762339,-15.4762339,-10.72668615,-10.72668615,0.855399959,1404.60313,0.0,28.6252449,-0.320583905,0.0,2600.83335,1403.24492,549.791118,0.0,0.0
1428.0,347.92795,3165.00961,-139.597426,-139.597426,-46.2686052,-46.2686052,-41.712511,-41.712511,540.320531,-220.476946,-220.476946,-12.48098195,-12.48098195,-8.88497667,-8.88497667,0.855667196,1633.84661,0.0,28.1321522,-0.1583114618,0.0,3165.00961,1632.47303,540.320531,0.0,0.0
1428.5,347.92795,3712.80667,-139.720219,-139.720219,-54.3243632,-54.3243632,-49.6407204,-49.6407204,542.198096,-89.8000113,-89.8000113,-5.08816938,-5.08816938,-3.85179772,-3.85179772,0.855953976,1863.09008,0.0,28.2299095,0.26825985,0.0,3712.80667,1861.51173,542.198096,0.0,0.0
1429.0,347.92795,4239.6929,-139.838927,-139.838927,-62.0861585,-62.0861585,-57.2995258,-57.2995258,558.843787,42.1021366,42.1021366,2.491262201,2.491262201,3.396156069,3.396156069,0.856248924,2092.33356,0.0,29.0965777,0.694424369,0.0,4239.6929,2090.47229,558.843787,0.0,0.0
1429.5,348.470804,4747.116169999999,-140.093625,-140.093625,-69.6464069,-69.6464069,-64.7838747,-64.7838747,590.21241,174.0042845,174.0042845,10.79880202,10.79880202,14.3274642,14.3274642,0.856536881,2321.57705,0.0,30.7298065,1.120690575,0.0,4747.116169999999,2319.93078,590.21241,0.0,0.0
1430.0,357.951281,5249.74258,-144.125568,-144.125568,-79.2569136,-79.2569136,-74.203626,-74.203626,635.979013,303.937509,279.970096,20.2962973,18.6626674,28.324828,26.0464329,0.856807459,2550.82051,0.0,33.1126758,1.47920523,0.0,5249.74258,2555.80007,635.979013,0.0,0.0
1430.5,370.587955,5729.2733,-149.740918,-149.740918,-89.866767,-89.866767,-84.5825033,-84.5825033,687.868048,348.8227,278.26707,25.1268764,20.0387857,34.309297,27.3647872,0.857093791,2778.71765,0.0,35.8143137,1.49525698,0.0,5729.2733,2785.63403,687.868048,0.0,0.0
1431.0,383.224627,5891.03145,-160.18079,-160.18079,-98.8115666,-98.8115666,-93.1475086,-93.1475086,739.3924,348.8227,266.1741,27.0089904,20.6045376,35.88109,27.3753989,0.857423626,2869.7598,0.0,38.496965,1.48584743,0.0,5891.03145,2883.02742,739.3924,0.0,0.0
1431.5,395.861299,5802.322999999999,-165.149712,-165.149712,-100.3446419,-100.3446419,-94.513794,-94.513794,790.480612,348.8227,254.995495,28.8751726,21.1032979,37.4697511,27.3865676,0.857770362,2869.7598,0.0,41.1569062,1.46967903,0.0,5802.322999999999,2875.94521,790.480612,0.0,0.0
1432.0,408.497967,5731.01207,-170.383833,-170.383833,-102.2526895,-102.2526895,-96.2399838,-96.2399838,841.027891,348.8227,244.221406,30.7215952,21.5046841,39.1383424,27.39795,0.858123488,2869.7598,0.0,43.7886838,1.45509403,0.0,5731.01207,2875.78641,841.027891,0.0,0.0
1432.5,421.134638,5660.86445,-175.638522,-175.638522,-104.1161047,-104.1161047,-97.921902,-97.921902,891.128463,348.8227,234.500561,32.5516996,21.8793172,40.7773578,27.4095575,0.858483418,2869.7598,0.0,46.3972043,1.44376599,0.0,5660.86445,2875.85086,891.128463,0.0,0.0
1433.0,433.771311,5591.205980000001,-180.89435,-180.89435,-105.9122462,-105.9122462,-99.5385371,-99.5385371,940.886608,347.399024,225.694506,34.2266298,22.2339498,42.2109807,27.4213827,0.858849862,2869.7598,0.0,48.9878947,1.43521022,0.0,5591.205980000001,2875.91879,940.886608,0.0,0.0
1433.5,443.922811,5516.11255,-185.27693,-185.27693,-107.0230382,-107.0230382,-100.5033693,-100.5033693,990.3505,338.113979,217.406332,35.0610918,22.5435466,42.6658156,27.433402,0.859222066,2869.7598,0.0,51.5632659,1.42372947,0.0,5516.11255,2873.55352,990.3505,0.0,0.0
1434.0,444.79337,5433.59667,-185.503413,-185.503413,-105.5524236,-105.5524236,-99.0310388,-99.0310388,1039.09988,327.632154,209.567617,35.6466893,22.8008466,42.9077952,27.4453828,0.859592775,2869.7598,0.0,54.1014364,1.39551042,0.0,5433.59667,2867.6824,1039.09988,0.0,0.0
1434.5,444.79337,5365.80133,-185.46275,-185.46275,-104.2125253,-104.2125253,-97.6967687,-97.6967687,1086.86446,317.150327,202.472881,36.0925565,23.0419292,43.0085346,27.4571814,0.859957615,2869.7598,0.0,56.5883326,1.36810418,0.0,5365.80133,2867.36176,1086.86446,0.0,0.0
1435.0,444.79337,5300.19061,-185.455027,-185.455027,-102.933972,-102.933972,-96.424409,-96.424409,1133.71801,306.668491,196.019057,36.4042987,23.2694345,42.9741937,27.4688193,0.860317296,2869.7598,0.0,59.0277924,1.34272102,0.0,5300.19061,2867.41805,1133.71801,0.0,0.0
1435.5,444.79337,5235.7892,-185.448328,-185.448328,-101.6795724,-101.6795724,-95.177833,-95.177833,1179.71969,296.186672,189.993076,36.5867596,23.4693936,42.8395183,27.4803007,0.860671893,2869.7598,0.0,61.4229005,1.31862136,0.0,5235.7892,2867.48015,1179.71969,0.0,0.0
1436.0,444.79337,5172.53563,-185.441873,-185.441873,-100.4476845,-100.4476845,-93.9550064,-93.9550064,1224.90165,285.704841,184.280204,36.6437051,23.6357605,42.6218049,27.4916266,0.861021483,2869.7598,0.0,63.7753308,1.29543881,0.0,5172.53563,2867.5413,1224.90165,0.0,0.0
1436.5,444.79337,5110.37056,-185.435814,-185.435814,-99.2372318,-99.2372318,-92.750542,-92.750542,1269.30634,275.223017,179.019528,36.579054,23.7936126,42.2815702,27.502799,0.861366128,2869.7598,0.0,66.0872895,1.2736289,0.0,5110.37056,2867.60154,1269.30634,0.0,0.0
1437.0,444.79337,5049.23115,-185.430089,-185.430089,-98.0469513,-98.0469513,-91.5664069,-91.5664069,1312.9783,264.741182,174.158648,36.3966044,23.9441519,41.8229739,27.5138186,0.86170587,2869.7598,0.0,68.3611009,1.25302586,0.0,5049.23115,2867.66065,1312.9783,0.0,0.0
1437.5,444.345163,4988.61327,-185.380749,-185.380749,-96.8442275,-96.8442275,-90.3730231,-90.3730231,1355.95581,254.632233,169.630813,36.1534086,24.0851587,41.3165046,27.5246869,0.86204077,2869.7598,0.0,70.5987526,1.23282153,0.0,4988.61327,2867.53139,1355.95581,0.0,0.0
1438.0,394.120245,4831.92674,-165.446984,-165.446984,-83.7715244,-83.7715244,-78.0177453,-78.0177453,1397.10209,251.83362,165.417685,36.844314,24.1999952,41.9213083,27.5348618,0.862353744,2869.7598,0.0,72.7410615,1.1211335,0.0,4831.92674,2826.35801,1397.10209,0.0,0.0
1438.5,310.136516,4742.51974,-129.3488119,-129.3488119,-64.2540329,-64.2540329,-59.7659808,-59.7659808,1432.78936,251.83362,161.902285,37.7854571,24.2911491,42.8428408,27.5425286,0.862589153,2869.7598,0.0,74.5991424,0.944744872,0.0,4742.51974,2809.99263,1432.78936,0.0,0.0
1439.0,226.152783,4698.40878,-94.3589527,-94.3589527,-46.4394054,-46.4394054,-43.4766087,-43.4766087,1463.80073,251.83362,205.772666,38.6032868,31.5812017,44.2928467,36.3482867,0.862722415,2869.7598,0.0,76.21377,0.924073227,0.0,4698.40878,2809.745,1463.80073,0.0,0.0
1439.5,142.996603,4653.32414,-59.5520059,-59.5520059,-29.0305362,-29.0305362,-27.4796176,-27.4796176,1496.81854,251.83362,251.83362,39.4740321,39.4740321,45.8120926,45.8120926,0.862649013,2869.7598,0.0,77.9328651,0.911425952,0.0,4653.32414,2810.26384,1496.81854,0.0,0.0
1440.0,112.65189,4210.49315,-66.9969001,-66.9969001,-28.1893825,-28.1893825,-26.3529318,-26.3529318,1527.07547,251.83362,251.83362,40.2719667,40.2719667,46.6091758,46.6091758,0.86242759,2607.18435,0.0,79.508213,0.885026794,0.0,4210.49315,2643.66542,1527.07547,0.0,0.0
1440.5,112.65189,588.5652322,-88.906864,-70.2776214,-5.72369136,-5.877385448,-4.1991613,-4.558632044,1555.18553,251.83362,174.682296,41.0132843,28.42561,46.2959941,32.1615,0.862175199,1141.114435,0.0,80.9717822,0.637433544,0.0,588.5652322,1152.967674,1555.18553,0.0,0.0
1441.0,112.65189,-94.8676779,-81.7364451,-46.6110279,0.811784543,0.462962583,1.87970297,1.07198336,1573.3039,251.83362,143.527797,41.4911009,23.6469928,46.40307,26.4464754,0.861844465,883.7479,0.0,81.9151275,0.492988888,0.0,-94.8676779,879.165396,1573.3039,0.0,0.0
1441.5,112.65189,-99.997604,-83.4911309,-46.9852065,0.874589161,0.492032554,2.00565182,1.12842085,1590.24334,251.83362,141.820786,41.9378265,23.6170505,46.8428042,26.3793137,0.861513856,883.7479,0.0,82.7970898,0.485805341,0.0,-99.997604,886.921609,1590.24334,0.0,0.0
1442.0,112.65189,-122.87952,-84.9649265,-47.0096718,1.093604905,0.604915733,2.3998616,1.32753745,1606.86508,251.83362,139.420658,42.3761746,23.4600529,47.2701704,26.1694817,0.861183362,883.7479,0.0,83.6625129,0.475789549,0.0,-122.87952,887.10557,1606.86508,0.0,0.0
1442.5,112.65189,-145.892239,-86.3498287,-47.0068666,1.31950259,0.718160934,2.77544032,1.5106598,1623.14645,251.83362,137.159564,42.8055468,23.3134619,47.6934904,25.9756534,0.860852959,883.7479,0.0,84.5102131,0.466199761,0.0,-145.892239,887.036406,1623.14645,0.0,0.0
1443.0,112.65189,-168.441138,-87.682762,-47.0041898,1.5468986,0.829111793,3.12652614,1.67584596,1639.10569,251.83362,135.055173,43.2264212,23.1815038,48.1086264,25.7997714,0.86052269,883.7479,0.0,85.341142,0.457139873,0.0,-168.441138,886.972106,1639.10569,0.0,0.0
1443.5,112.65189,-190.545197,-88.9681922,-47.0016373,1.77549648,0.937862984,3.45602416,1.82563953,1654.75991,251.83362,133.088206,43.639255,23.0620749,48.515936,25.6392908,0.860192508,883.7479,0.0,86.1561909,0.448546399,0.0,-190.545197,886.914826,1654.75991,0.0,0.0
1444.0,112.65189,-212.226868,-90.2103631,-46.9992181,2.00509296,1.04452642,3.76643983,1.9621528,1670.12435,251.83362,131.242516,44.0444459,22.9534261,48.9157527,25.4921,0.859862448,883.7479,0.0,86.9561484,0.440366168,0.0,-212.226868,886.864109,1670.12435,0.0,0.0
1444.5,112.65189,-233.507001,-91.4129986,-46.9969181,2.23551911,1.14920565,4.05988761,2.08712617,1685.21246,251.83362,129.504624,44.4423486,22.8541154,49.3083789,25.356459,0.859532479,883.7479,0.0,87.7417243,0.432554741,0.0,-233.507001,886.819122,1685.21246,0.0,0.0
1445.0,112.65189,-254.404354,-92.579369,-46.9947275,2.46662746,1.25199368,4.33815866,2.20200342,1700.03637,251.83362,127.8631978,44.8332839,22.762949,49.6940893,25.2309231,0.859202649,883.7479,0.0,88.5135391,0.42507472,0.0,-254.404354,886.779157,1700.03637,0.0,0.0
1445.5,112.65189,-274.93577,-93.7123155,-46.9926326,2.69828708,1.35297423,4.60278062,2.30799273,1714.6069,251.83362,126.3086049,45.2175377,22.6789273,50.0731396,25.114285,0.858872894,883.7479,0.0,89.2721635,0.417894332,0.0,-274.93577,886.743529,1714.6069,0.0,0.0
1446.0,112.65189,-363.972572,-83.2569605,-48.404198,3.11171646,1.84610092,4.87106507,2.87299002,1728.89416,210.941718,122.5399536,38.1784259,22.1849566,42.2311847,24.5386479,0.858543266,883.7479,0.0,90.0160391,0.406036533,0.0,-363.972572,858.036867,1728.89416,0.0,0.0
1446.5,112.65189,-433.451357,-48.6493038,-45.8661428,2.22070462,2.08476765,3.26791935,3.07069014,1742.09214,104.828564,97.8335125,19.1135405,17.8407527,21.1508966,19.7441881,0.858232947,883.7479,0.0,90.7032021,0.319751672,0.0,-433.451357,836.832432,1742.09214,0.0,0.0
1447.0,112.65189,-333.605743,-46.6158752,-46.6158752,1.62836471,1.62836471,2.57393665,2.57393665,1747.83669,-2.0944698,-2.0944698,-0.383258116,-0.383258116,0.444286463,0.444286463,0.858105395,883.7479,0.0,91.0022937,-0.0030859373,0.0,-333.605743,881.733125,1747.83669,0.0,0.0
1447.5,112.65189,-317.925719,-46.7718592,-46.7718592,1.55719301,1.55719301,2.49794629,2.49794629,1741.70609,-109.0277071,-109.0277071,-19.874381,-19.874381,-17.9389516,-17.9389516,0.858147113,883.7479,0.0,90.6831011,-0.353679915,0.0,-317.925719,884.678085,1741.70609,0.0,0.0
1448.0,112.65189,-292.017969,-46.6777679,-46.6777679,1.4274374,1.4274374,2.37304759,2.37304759,1723.2972,-215.059868,-215.059868,-38.7888015,-38.7888015,-34.3280905,-34.3280905,0.858295319,883.7479,0.0,89.7246286,-0.708210858,0.0,-292.017969,884.709667,1723.2972,0.0,0.0
1448.5,112.65189,-252.877561,-46.6388385,-46.6388385,1.23505283,1.23505283,2.17446744,2.17446744,1695.55087,-255.22281,-255.22281,-45.3167678,-45.3167678,-39.6097808,-39.6097808,0.858506953,883.7479,0.0,88.2799975,-0.839538753,0.0,-252.877561,884.795415,1695.55087,0.0,0.0
1449.0,112.65189,-212.242377,-46.6430029,-46.6430029,1.036685457,1.036685457,1.94487989,1.94487989,1666.59965,-255.22281,-255.22281,-44.542993,-44.542993,-38.85143,-38.85143,0.858724587,883.7479,0.0,86.7726361,-0.835330923,0.0,-212.242377,884.799618,1666.59965,0.0,0.0
1449.5,112.360076,-172.51156,-46.5740283,-46.5740283,0.841479776,0.841479776,1.68660041,1.68660041,1637.79083,-255.22281,-255.22281,-43.7730225,-43.7730225,-38.0996366,-38.0996366,0.858939722,883.7479,0.0,85.2726824,-0.831701274,0.0,-172.51156,884.510636,1637.79083,0.0,0.0
1450.0,106.33477,-24.5364584,-39.9981731,-39.9981731,0.1634705664,0.1634705664,0.6708042672,0.6708042672,1608.87498,-255.22281,-255.22281,-43.0001929,-43.0001929,-37.3478939,-37.3478939,0.859153282,942.42808,0.0,83.767164,-0.846865246,0.0,-24.5364584,929.200425,1608.87498,0.0,0.0
1450.5,98.1126068,713.968588,-33.5711501,-33.5711501,-2.48998138,-2.48998138,-1.97843294,-1.97843294,1579.23242,-255.22281,-255.22281,-42.2079403,-42.2079403,-36.5802099,-36.5802099,0.859373178,1226.42022,0.0,82.2237992,-0.86440486,0.0,713.968588,1219.18974,1579.23242,0.0,0.0
1451.0,89.8904455,1495.42269,-30.3078645,-30.3078645,-4.72329956,-4.72329956,-4.18353511,-4.18353511,1549.14659,-255.22281,-255.22281,-41.4038398,-41.4038398,-35.8018914,-35.8018914,0.859601149,1532.51022,0.0,80.6573619,-0.876228995,0.0,1495.42269,1526.79169,1549.14659,0.0,0.0
1451.5,81.6682851,2272.83818,-26.8867562,-26.8867562,-6.3763392,-6.3763392,-5.83968145,-5.83968145,1518.6442,-255.22281,-255.22281,-40.5886054,-40.5886054,-35.0013921,-35.0013921,0.859834592,1838.60027,0.0,79.0692321,-0.888362605,0.0,2272.83818,1832.46987,1518.6442,0.0,0.0
1452.0,73.4461215,3050.74747,-23.4621385,-23.4621385,-7.47250731,-7.47250731,-6.93862939,-6.93862939,1487.72171,-255.22281,-255.22281,-39.7621448,-39.7621448,-34.1911248,-34.1911248,0.860070741,2144.69025,0.0,77.4592333,-0.900528962,0.0,3050.74747,2138.10825,1487.72171,0.0,0.0
1452.5,67.320134,3833.60012,-20.8062913,-20.8062913,-8.34741806,-8.34741806,-7.79386427,-7.79386427,1456.73118,-245.99391,-245.99391,-37.5318005,-37.5318005,-32.2873069,-32.2873069,0.860305698,2450.78027,0.0,75.8456916,-0.877760787,0.0,3833.60012,2445.76389,1456.73118,0.0,0.0
1453.0,66.98517,4617.29867,-20.7860311,-20.7860311,-10.0509955,-10.0509955,-9.4370099,-9.4370099,1427.73903,-223.43769,-223.43769,-33.4121297,-33.4121297,-28.8986691,-28.8986691,0.860533038,2756.87028,0.0,74.3361943,-0.798616154,0.0,4617.29867,2754.93837,1427.73903,0.0,0.0
1453.5,66.98517,5389.07402,-20.8238399,-20.8238399,-11.7519316,-11.7519316,-11.0723512,-11.0723512,1401.50759,-200.7737,-200.7737,-29.4715259,-29.4715259,-25.6303614,-25.6303614,0.86075235,3062.96033,0.0,72.9704386,-0.719000771,0.0,5389.07402,3060.76339,1401.50759,0.0,0.0
1454.0,66.98517,6156.57898,-20.8461661,-20.8461661,-13.4399908,-13.4399908,-12.6900214,-12.6900214,1378.02111,-178.109711,-178.109711,-25.7066371,-25.7066371,-22.4748692,-22.4748692,0.860963903,3369.0503,0.0,71.747597,-0.639799005,0.0,6156.57898,3366.41437,1378.02111,0.0,0.0
1454.5,66.98517,6920.25138,-20.8680839,-20.8680839,-15.12297385,-15.12297385,-14.3031032,-14.3031032,1357.26641,-155.445722,-155.445722,-22.0977028,-22.0977028,-19.412592,-19.412592,0.861168108,3675.14035,0.0,70.6669895,-0.560965292,0.0,6920.25138,3672.06557,1357.26641,0.0,0.0
1455.0,66.98517,7321.919749999999,-27.8715392,-27.8715392,-21.3705101,-21.3705101,-20.4043923,-20.4043923,1339.4397,-132.7817355,-132.7817355,-18.6279125,-18.6279125,-16.4241498,-16.4241498,0.861376448,3821.1052,0.0,69.73883,-0.469865152,0.0,7321.919749999999,3828.79381,1339.4397,0.0,0.0
1455.5,66.98517,7317.408,-27.8020754,-27.8020754,-21.3040833,-21.3040833,-20.3390915,-20.3390915,1324.5538,-110.1177451,-110.1177451,-15.2767495,-15.2767495,-13.4957562,-13.4957562,0.86158556,3821.1052,0.0,68.9637855,-0.391933674,0.0,7317.408,3818.22464,1324.5538,0.0,0.0
1456.0,66.98517,7333.47155,-27.7864242,-27.7864242,-21.3388467,-21.3388467,-20.3724001,-20.3724001,1312.34793,-87.4537569,-87.4537569,-12.0207877,-12.0207877,-10.6057825,-10.6057825,0.861779551,3821.1052,0.0,68.3282772,-0.314229079,0.0,7333.47155,3817.78193,1312.34793,0.0,0.0
1456.5,66.98517,7346.784320000001,-27.8072314,-27.8072314,-21.3935918,-21.3935918,-20.4253169,-20.4253169,1302.82472,-64.7897676,-64.7897676,-8.840967,-8.840967,-7.73552731,-7.73552731,0.861959091,3821.1052,0.0,67.8324465,-0.236772626,0.0,7346.784320000001,3817.76094,1302.82472,0.0,0.0
1457.0,66.98517,7356.387,-27.8280337,-27.8280337,-21.4375787,-21.4375787,-20.4678791,-20.4678791,1295.96143,-43.1841081,-43.1841081,-5.8614933,-5.8614933,-5.00794447,-5.00794447,0.862123921,3821.1052,0.0,67.4751054,-0.163245921,0.0,7356.387,3817.74926,1295.96143,0.0,0.0
1457.5,66.98517,7363.524460000001,-27.8333031,-27.8333031,-21.4624398,-21.4624398,-20.4918702,-20.4918702,1290.81518,-37.721146,-37.721146,-5.09891225,-5.09891225,-4.31277073,-4.31277073,0.862279146,3821.1052,0.0,67.2071616,-0.144379366,0.0,7363.524460000001,3817.71434,1290.81518,0.0,0.0
1458.0,66.98517,7370.48681,-27.8330568,-27.8330568,-21.4825429,-21.4825429,-20.5112237,-20.5112237,1285.83332,-37.721146,-37.721146,-5.07923301,-5.07923301,-4.29417587,-4.29417587,0.862433521,3821.1052,0.0,66.9477775,-0.143825846,0.0,7370.48681,3817.70256,1285.83332,0.0,0.0
1458.5,104.4913644,7464.959870000001,-40.9886355,-40.9886355,-32.1988437,-32.1988437,-30.8616832,-30.8616832,1281.32777,-37.721146,-37.721146,-5.06143569,-5.06143569,-4.27737166,-4.27737166,0.862597298,3821.1052,0.0,66.7131955,-0.0767777806,0.0,7464.959870000001,3854.38277,1281.32777,0.0,0.0
1459.0,241.17575,7581.038490000001,-102.4232509,-102.4232509,-81.2643371,-81.2643371,-77.7372211,-77.7372211,1283.66479,-37.721146,-37.721146,-5.07066718,-5.07066718,-4.28608733,-4.28608733,0.86291347,3821.1052,0.0,66.8348717,0.189122856,0.0,7581.038490000001,3904.04848,1283.66479,0.0,0.0
1459.5,251.79213,7373.535709999999,-105.6058596,-105.6058596,-81.5437962,-81.5437962,-77.9034674,-77.9034674,1290.79728,-37.721146,-37.721146,-5.09884156,-5.09884156,-4.31270464,-4.31270464,0.863326957,3818.94015,0.0,67.2062291,0.206259636,0.0,7373.535709999999,3821.86962,1290.79728,0.0,0.0
1460.0,251.79213,7138.6749,-108.1279285,-108.1279285,-80.8333186,-80.8333186,-77.0848036,-77.0848036,1297.99356,-37.721146,-37.721146,-5.12726801,-5.12726801,-4.33959167,-4.33959167,0.863735286,3727.6964,0.0,67.5809106,0.209843278,0.0,7138.6749,3728.3442,1297.99356,0.0,0.0
1460.5,251.79213,6789.0796,-107.9198825,-107.9198825,-76.7258125,-76.7258125,-72.9952835,-72.9952835,1305.22622,-37.721146,-37.721146,-5.155838,-5.155838,-4.36664596,-4.36664596,0.864133048,3590.05749,0.0,67.9574846,0.208668917,0.0,6789.0796,3587.09812,1305.22622,0.0,0.0
1461.0,251.79213,6448.41158,-107.9103053,-107.9103053,-72.8692521,-72.8692521,-69.1502909,-69.1502909,1312.42575,-37.721146,-37.721146,-5.18427728,-5.18427728,-4.39360827,-4.39360827,0.864515858,3452.41833,0.0,68.3323305,0.207838972,0.0,6448.41158,3449.54739,1312.42575,0.0,0.0
1461.5,251.79213,6108.0333,-107.9099025,-107.9099025,-69.022602,-69.022602,-65.3176008,-65.3176008,1319.59698,-37.721146,-37.721146,-5.21260471,-5.21260471,-4.42049593,-4.42049593,0.864883794,3314.77919,0.0,68.7057085,0.207023745,0.0,6108.0333,3312.1007,1319.59698,0.0,0.0
1462.0,251.79213,5767.69913,-107.9096716,-107.9096716,-65.1765799,-65.1765799,-61.4853934,-61.4853934,1326.74007,-37.721146,-37.721146,-5.24082099,-5.24082099,-4.4473091,-4.4473091,0.865236557,3177.14001,0.0,69.0776145,0.206207608,0.0,5767.69913,3174.65581,1326.74007,0.0,0.0
1462.5,251.79213,5427.40437,-107.9094426,-107.9094426,-61.3310295,-61.3310295,-57.6535927,-57.6535927,1333.85487,-37.721146,-37.721146,-5.26892546,-5.26892546,-4.4740468,-4.4740468,0.865573861,3039.50085,0.0,69.4480548,0.205390323,0.0,5427.40437,3037.21102,1333.85487,0.0,0.0
1463.0,251.79213,5087.14932,-107.9092163,-107.9092163,-57.4859413,-57.4859413,-53.8310949,-53.8310949,1340.94139,-37.721146,-37.721146,-5.29691834,-5.29691834,-4.50070937,-4.50070937,0.865895413,2901.8617,0.0,69.8170197,0.20457194,0.0,5087.14932,2899.76615,1340.94139,0.0,0.0
1463.5,251.79213,4755.67935,-107.178463,-107.178463,-53.3840301,-53.3840301,-49.7967374,-49.7967374,1347.99476,-37.721146,-37.721146,-5.32478011,-5.32478011,-4.52727692,-4.52727692,0.866200778,2770.22559,0.0,70.1842534,0.202483559,0.0,4755.67935,2765.95748,1347.99476,0.0,0.0
1464.0,251.79213,4663.06818,-104.640097,-104.640097,-51.097408,-51.097408,-47.6484913,-47.6484913,1354.88612,-37.721146,-37.721146,-5.35200205,-5.35200205,-4.5531746,-4.5531746,0.866490699,2736.059,0.0,70.5430584,0.197263236,0.0,4663.06818,2731.44511,1354.88612,0.0,0.0
1464.5,251.79213,4660.000559999999,-104.8213273,-104.8213273,-51.1521884,-51.1521884,-47.6944577,-47.6944577,1361.69968,-37.721146,-37.721146,-5.37891663,-5.37891663,-4.57828437,-4.57828437,0.866778104,2736.059,0.0,70.8978109,0.196779807,0.0,4660.000559999999,2734.14701,1361.69968,0.0,0.0
1465.0,251.79213,4650.65321,-104.8269291,-104.8269291,-51.0523154,-51.0523154,-47.5954039,-47.5954039,1368.48912,-37.721146,-37.721146,-5.40573602,-5.40573602,-4.6032425,-4.6032425,0.867065376,2736.059,0.0,71.2513081,0.19598964,0.0,4650.65321,2734.22183,1368.48912,0.0,0.0
1465.5,251.79213,4641.18972,-104.8268155,-104.8268155,-50.9483744,-50.9483744,-47.4926104,-47.4926104,1375.25096,-37.721146,-37.721146,-5.43244626,-5.43244626,-4.62812019,-4.62812019,0.867352321,2736.059,0.0,71.6033681,0.195188817,0.0,4641.18972,2734.23218,1375.25096,0.0,0.0
1466.0,251.79213,4631.7603,-104.8267564,-104.8267564,-50.844835,-50.844835,-47.3902358,-47.3902358,1381.98742,-37.089089,-37.089089,-5.36738262,-5.36738262,-4.55975071,-4.55975071,0.867638916,2736.059,0.0,71.9541056,0.196426236,0.0,4631.7603,2734.24186,1381.98742,0.0,0.0
1466.5,247.602449,4609.58617,-103.3596685,-103.3596685,-49.8955202,-49.8955202,-46.5174759,-46.5174759,1391.13532,22.05891731,22.05891731,3.224562742,3.224562742,4.030440026,4.030440026,0.867910112,2736.059,0.0,72.430398,0.379213189,0.0,4609.58617,2730.35646,1391.13532,0.0,0.0
1467.0,231.629562,4567.20546,-96.5994909,-96.5994909,-46.2033785,-46.2033785,-43.1663866,-43.1663866,1409.14438,119.257996,119.257996,17.61753235,17.61753235,19.890993,19.890993,0.868106331,2736.059,0.0,73.3680542,0.661139175,0.0,4567.20546,2723.23695,1409.14438,0.0,0.0
1467.5,214.950377,4516.035330000001,-91.2846735,-91.2846735,-43.1627142,-43.1627142,-40.3860174,-40.3860174,1434.77188,201.705047,162.744853,30.3153728,24.4516519,34.3735139,27.7261289,0.868212492,2724.53358,0.0,74.702363,0.770064562,0.0,4516.035330000001,2716.90835,1434.77188,0.0,0.0
1468.0,198.271189,3705.0461,-93.9501201,-93.9501201,-36.5413966,-36.5413966,-33.7462084,-33.7462084,1462.31627,211.31018,196.24437,32.3586479,30.0679115,36.9855274,34.3922928,0.868266952,2396.68951,0.0,76.1364831,0.860205524,0.0,3705.0461,2395.53274,1462.31627,0.0,0.0
1468.5,181.592004,2508.094,-86.339007,-86.339007,-22.7479219,-22.7479219,-20.4574826,-20.4574826,1492.81795,211.31018,211.31018,33.0335995,33.0335995,37.8285451,37.8285451,0.868179043,1927.11898,0.0,77.7245725,0.872383624,0.0,2508.094,1915.28181,1492.81795,0.0,0.0
1469.0,164.912818,1339.322215,-79.3533746,-79.3533746,-11.19994599,-11.19994599,-9.3990485,-9.3990485,1522.10881,211.31018,200.472705,33.6817577,31.9453125,38.3523426,36.3833275,0.867937175,1457.5484,0.0,79.24962,0.801932608,0.0,1339.322215,1446.04995,1522.10881,0.0,0.0
1469.5,148.233633,234.48188909,-79.7832352,-70.4853175,-1.7905656303,-1.83327030817,-0.950077407,-1.0541871929,1546.7754,211.31018,158.119036,34.227589,25.6058032,38.4618859,28.7778785,0.867606943,987.97784,0.0,80.5339047,0.626526889,0.0,234.48188909,1000.7204,1546.7754,0.0,0.0
1470.0,131.554446,-783.179552,-124.973403,-66.2069599,10.5786556,5.34138443,13.6051043,6.94464736,1565.50049,211.31018,113.5547954,34.6419436,18.6101771,38.6220607,20.7508134,0.867274443,518.407289,0.0,81.5088382,0.453214451,0.0,-783.179552,588.197374,1565.50049,0.0,0.0
1470.5,122.352919,-1879.13498,-154.880723,-58.6127363,30.604874,11.4751353,34.2577061,12.85803845,1578.58938,211.31018,80.354659,34.9315794,13.2814988,38.999581,14.8265392,0.86694203,93.2101711,0.0,82.1903226,0.320078947,0.0,-1879.13498,139.80475983,1578.58938,0.0,0.0
1471.0,136.859124,-2153.5187,-154.050453,-54.9280419,34.6651786,12.3677349,38.2434478,13.6432349,1589.20807,211.31018,75.4521105,35.1665524,12.5564856,39.2948742,14.0304698,0.866609726,18.899147,0.0,82.743188,0.313239813,0.0,-2153.5187,31.83183015,1589.20807,0.0,0.0
1471.5,166.313971,-1919.33617,-218.687871,-67.6700143,43.8414117,13.5830168,49.3775392,15.2933191,1600.50605,211.31018,65.8736871,35.4165594,11.0394549,39.6874026,12.36952225,0.86627754,18.899147,0.0,83.331423,0.337189703,0.0,-1919.33617,135.873701,1600.50605,0.0,0.0
1472.0,195.768814,-1767.2409,-293.833655,-79.1357679,54.3305136,14.62851245,62.4054426,16.8032062,1612.48136,211.31018,56.9313305,35.681553,9.6133673,40.2680155,10.8487817,0.86594544,18.899147,0.0,83.9549308,0.360856863,0.0,-1767.2409,206.153977,1612.48136,0.0,0.0
1472.5,225.223659,-1388.44236,-300.0,-89.5580845,43.6192026,12.9737233,52.4443884,15.6108012,1626.07036,211.31018,63.0272434,35.9822552,10.73352335,40.333252,12.03034275,0.8656135,18.899147,0.0,84.6624475,0.431126475,0.0,-1388.44236,371.709368,1626.07036,0.0,0.0
1473.0,254.678505,-982.69531,-300.0,-102.459252,30.8722834,10.5030647,40.4978429,13.7935449,1642.42125,211.31018,72.1016655,36.344074,12.4024521,40.5486548,13.8367643,0.865281636,18.899147,0.0,85.5137717,0.514947431,0.0,-982.69531,550.090892,1642.42125,0.0,0.0
1473.5,284.133345,-657.678132,-300.0,-115.443587,20.6615677,7.91971358,31.0080034,11.9030832,1661.67539,211.31018,81.2367963,36.7701353,14.1376345,40.8776368,15.716402,0.864949886,18.899147,0.0,86.5162496,0.598663763,0.0,-657.678132,696.575265,1661.67539,0.0,0.0
1474.0,313.588193,-407.400661,-300.0,-128.484443,12.7988693,5.45840588,23.2792107,9.9436136,1683.80947,211.31018,90.3989505,37.2599272,15.941785,41.2883941,17.6650565,0.864618256,18.899147,0.0,87.6686759,0.682113671,0.0,-407.400661,813.6415,1683.80947,0.0,0.0
1474.5,329.26627,-293.666407,-300.0,-136.597523,9.2258022,4.20053878,18.7920734,8.5562143,1708.45661,211.31018,96.185947,37.8053274,17.2086826,41.8321568,19.0416509,0.864286741,18.899147,0.0,88.9519474,0.72962641,0.0,-293.666407,875.358442,1708.45661,0.0,0.0
1475.0,329.26627,-279.14599,-300.0,-136.76705,8.7696298,3.99798767,18.1216382,8.26147605,1733.63887,211.31018,96.3188922,38.3625684,17.4863329,42.3976497,19.3255934,0.863955314,18.899147,0.0,90.2630766,0.726612225,0.0,-279.14599,896.104224,1733.63887,0.0,0.0
1475.5,329.26627,-266.67785,-300.0,-136.76964,8.3779319,3.81948862,17.5291799,7.9915313,1758.69403,211.31018,96.3202804,38.9169985,17.7393072,42.9655877,19.5847526,0.863623999,18.899147,0.0,91.567592,0.722845231,0.0,-266.67785,915.921846,1758.69403,0.0,0.0
1476.0,329.087719,-239.746893,-300.0,-135.838744,7.53187082,3.41387396,16.1539982,7.32029563,1783.63389,217.540144,98.2647934,40.6385215,18.356002,44.8208936,20.245212,0.8632928,18.899147,0.0,92.8660983,0.723490763,0.0,-239.746893,941.690188,1783.63389,0.0,0.0
1476.5,325.625979,-50.217720291,-300.0,-134.045152,1.5776362105,0.70259602007,3.9805257032,1.772735094,1809.68837,286.618445,123.3644576,54.337401,23.3847443,59.9080918,25.7819872,0.862961722,18.899147,0.0,94.2226434,0.789189002,0.0,-50.217720291,1035.767709,1809.68837,0.0,0.0
1477.0,323.74432,-6.47410965,-299.974527,-104.2938406,0.2033745063,0.055623744,0.569161315,0.15602980415,1837.5602,371.651686,129.301343,71.5366451,24.8806268,78.818673,27.4141554,0.862630743,18.899147,0.0,95.6738111,0.86204299,0.0,-6.47410965,1070.24391,1837.5602,0.0,0.0
1477.5,323.74432,-12.355654212,-299.925385,-103.800973,0.3879512045,0.14164689533,1.080135391,0.3922976076,1865.24895,407.47507,126.9752256,79.5914556,24.8009863,87.5747171,27.2887413,0.862299887,81.1710634,0.0,97.1154435,0.775423725,0.0,-12.355654212,1083.96383,1865.24895,0.0,0.0
1478.0,323.74432,-4.36350921,-246.095294,-116.550175,0.1769063707,0.0562095042,0.6040566205,0.2652702984,1892.55528,407.47507,125.7923047,80.7566372,24.9304345,88.7467445,27.3970946,0.861969106,969.523035,0.0,98.5371661,0.789101019,0.0,-4.36350921,1103.23336,1892.55528,0.0,0.0
1478.5,323.74432,1939.722296,-108.3444555,-108.3444555,-23.12190556,-23.12190556,-20.14126363,-20.14126363,1921.67744,407.47507,210.705265,81.999298,42.4552583,91.5528378,47.5363891,0.861638459,2049.79485,0.0,100.0534321,1.011102228,0.0,1939.722296,1929.186,1921.67744,0.0,0.0
1479.0,323.74432,2819.36764,-136.165287,-136.165287,-40.2060017,-40.2060017,-35.8444106,-35.8444106,1962.87587,407.47507,272.486893,83.7572634,56.0035849,94.7487886,63.3554844,0.861307906,2303.1714,0.0,102.1984555,1.2525284,0.0,2819.36764,2319.26846,1962.87587,0.0,0.0
1479.5,323.74432,2721.1575,-135.083659,-135.083659,-38.4933652,-38.4933652,-34.1890226,-34.1890226,2005.27845,407.47507,261.056538,85.5666095,54.8169333,96.2822006,61.6823856,0.860977486,2303.1714,0.0,104.4061736,1.20640374,0.0,2721.1575,2303.16103,2005.27845,0.0,0.0
1480.0,323.74432,2662.60166,-135.039466,-135.039466,-37.6526537,-37.6526537,-33.3679518,-33.3679518,2046.42323,407.47507,253.384684,87.3222866,54.2979955,97.8587154,60.8502367,0.860647165,2303.1714,0.0,106.5484065,1.1743119,0.0,2662.60166,2302.81962,2046.42323,0.0,0.0
1480.5,314.310674,2584.46181,-131.7821549,-131.7821549,-35.6829868,-35.6829868,-31.5257628,-31.5257628,2086.30633,407.47507,242.192305,89.024127,52.9060159,99.2898995,59.0104954,0.86031694,2303.1714,0.0,108.6249451,1.11434445,0.0,2584.46181,2293.59249,2086.30633,0.0,0.0
1481.0,264.338365,2470.96012,-110.4185708,-110.4185708,-28.5837405,-28.5837405,-25.2203354,-25.2203354,2121.65583,407.47507,214.436721,90.5325139,47.636538,100.1448424,52.6978787,0.859986832,2303.1714,0.0,110.465441,0.922744399,0.0,2470.96012,2267.00387,2121.65583,0.0,0.0
1481.5,209.734364,2426.12762,-87.480824,-87.480824,-22.2327812,-22.2327812,-19.8971237,-19.8971237,2150.34975,407.47507,191.297486,91.7569029,43.0722535,100.8902256,47.3619812,0.859656845,2303.1714,0.0,111.959409,0.739062903,0.0,2426.12762,2265.10291,2150.34975,0.0,0.0
1482.0,165.692789,2419.15478,-68.4116834,-68.4116834,-17.3279845,-17.3279845,-15.7213035,-15.7213035,2173.01847,407.47507,173.229345,92.7241924,39.4184177,101.5334933,43.1638115,0.859326949,2303.1714,0.0,113.139671,0.591869221,0.0,2419.15478,2275.43759,2173.01847,0.0,0.0
1482.5,161.81361,2453.13039,-67.3431169,-67.3431169,-17.299807,-17.299807,-15.72735075,-15.72735075,2193.0623,407.47507,171.757929,93.5794769,39.4451529,102.3771125,43.1535165,0.858997179,2303.1714,0.0,114.1832679,0.576942317,0.0,2453.13039,2301.27857,2193.0623,0.0,0.0
1483.0,161.81361,2429.53151,-67.4864815,-67.4864815,-17.1699053,-17.1699053,-15.59506145,-15.59506145,2212.84795,407.47507,169.82705,94.4237445,39.3534759,103.2002275,43.0113398,0.858667521,2303.1714,0.0,115.2134194,0.567183301,0.0,2429.53151,2303.01155,2212.84795,0.0,0.0
1483.5,161.81361,2402.41418,-67.4865177,-67.4865177,-16.978274,-16.978274,-15.4065805,-15.4065805,2232.27435,407.47507,167.734452,95.2526824,39.2098036,104.0039825,42.812229,0.85833793,2303.1714,0.0,116.2248684,0.556686609,0.0,2402.41418,2303.07084,2232.27435,0.0,0.0
1484.0,161.81361,2375.72137,-67.4837205,-67.4837205,-16.788935,-16.788935,-15.22075665,-15.22075665,2251.34189,326.545628,165.705236,76.9541592,39.0663352,83.9495458,42.6157688,0.858008482,2303.1714,0.0,117.2176333,0.546427282,0.0,2375.72137,2303.09712,2251.34189,0.0,0.0
1484.5,161.81361,2351.05852,-67.4426071,-67.4426071,-16.604545,-16.604545,-15.0411916,-15.0411916,2268.7838,123.675459,114.469512,29.35971578,27.17833378,32.0512172,29.6728737,0.857722808,2303.1714,0.0,118.1257553,0.377275122,0.0,2351.05852,2303.01889,2268.7838,0.0,0.0
1485.0,161.81361,2347.07904,-67.2615215,-67.2615215,-16.5318897,-16.5318897,-14.9752274,-14.9752274,2271.29922,-80.4287415,-80.4287415,-19.11436786,-19.11436786,-17.35289794,-17.35289794,0.857756652,2303.1714,0.0,118.256723,-0.2565731963,0.0,2347.07904,2302.83177,2271.29922,0.0,0.0
1485.5,161.81361,2373.32285,-67.1262376,-67.1262376,-16.6831307,-16.6831307,-15.12737645,-15.12737645,2252.75372,-218.587829,-218.587829,-51.5622348,-51.5622348,-46.7925594,-46.7925594,0.858033676,2303.1714,0.04033284122,117.2911411,-0.719499809,0.0,2373.32285,2302.92341,2252.75372,-0.9880326,0.09276367
1486.0,161.81361,2599.8155,-62.8105096,-62.8105096,-17.0802277,-17.0802277,-15.6424624,-15.6424624,2223.01007,-222.51437,-222.51437,-51.7998021,-51.7998021,-46.9216612,-46.9216612,0.858364207,2387.73301,2.611090394,115.7425155,-1.073444865,0.0,2599.8155,2379.80152,2223.01007,-65.1149311,6.05042984
1486.5,161.81361,3190.38238,-62.0695877,-62.0695877,-20.7371968,-20.7371968,-19.2663767,-19.2663767,2176.83992,-222.51437,-222.51437,-50.7239631,-50.7239631,-45.8684455,-45.8684455,0.858700276,2599.89373,6.54761001,113.3386384,-1.58604633,0.0,3190.38238,2598.58245,2176.83992,-163.565419,14.8974375
1487.0,140.9130021,3735.94455,-54.3383027,-54.3383027,-21.1650332,-21.1650332,-19.8754089,-19.8754089,2121.50317,-222.51437,-222.51437,-49.4345239,-49.4345239,-44.6070493,-44.6070493,0.859043877,2813.33055,5.42303395,110.4574924,-1.46831556,0.0,3735.94455,2793.28416,2121.50317,-135.7381754,12.08000936
1487.5,79.1782749,4253.31714,-27.9602664,-27.9602664,-12.32746631,-12.32746631,-11.617975,-11.617975,2077.96156,-222.51437,-222.51437,-48.4199336,-48.4199336,-43.6081539,-43.6081539,0.859364747,3026.76735,1.446215526406,108.1904698,-1.057861724,0.0,4253.31714,2983.14308,2077.96156,-36.299655315,3.1715747406
1488.0,22.171428,4823.86657,-3.560168285,-3.560168285,-1.703725794,-1.703725794,-1.372090573,-1.372090573,2044.15548,-222.51437,-222.51437,-47.6321945,-47.6321945,-42.8343219,-42.8343219,0.859640048,3240.20412,0.0,106.430332,-0.97339611,0.0,4823.86657,3200.81378,2044.15548,0.0,0.0
1488.5,12.007258,5464.78418,0.393344635,0.393344635,0.2198428836,0.2198428836,0.2785231226,0.2785231226,2010.03712,-222.51437,-222.51437,-46.8371822,-46.8371822,-42.0555178,-42.0555178,0.859881831,3453.64094,0.0,104.6539379,-0.986933073,0.0,5464.78418,3447.58293,2010.03712,0.0,0.0
1489.0,14.1392302,6038.99559,-0.5020553247,-0.5020553247,-0.3321265521,-0.3321265521,-0.2501168808,-0.2501168808,1976.04652,-222.51437,-222.51437,-46.0451436,-46.0451436,-41.281782,-41.281782,0.860120613,3667.07779,0.0,102.8841925,-0.976882221,0.0,6038.99559,3666.66966,1976.04652,0.0,0.0
1489.5,47.1719024,6654.225659999999,-14.26032932,-14.26032932,-10.03336781,-10.03336781,-9.30421888,-9.30421888,1943.29465,-222.51437,-222.51437,-45.2819723,-45.2819723,-40.53793,-40.53793,0.860373379,3880.51457,0.0,101.178947,-0.906359684,0.0,6654.225659999999,3903.54787,1943.29465,0.0,0.0
1490.0,90.3381645,7217.561049999999,-32.8053111,-32.8053111,-24.886038,-24.886038,-23.8296193,-23.8296193,1913.53234,-222.504199,-222.504199,-44.5864365,-44.5864365,-39.8546414,-39.8546414,0.860678894,4092.76124,0.0,99.6293515,-0.815417443,0.0,7217.561049999999,4120.57779,1913.53234,0.0,0.0
1490.5,133.5044265,7471.7842,-55.671666,-55.671666,-43.5579692,-43.5579692,-41.8504735,-41.8504735,1888.86033,-177.963364,-177.963364,-35.2150241,-35.2150241,-31.7434952,-31.7434952,0.861039759,4178.0967,0.0,98.3447867,-0.567593183,0.0,7471.7842,4211.95608,1888.86033,0.0,0.0
1491.0,176.670687,7474.58753,-73.4747373,-73.4747373,-57.5127126,-57.5127126,-55.1616206,-55.1616206,1875.43768,-97.1464686,-97.1464686,-19.0841919,-19.0841919,-17.3333967,-17.3333967,0.861413186,4178.0967,0.0,97.645927,-0.210745891,0.0,7474.58753,4205.28524,1875.43768,0.0,0.0
1491.5,219.836947,7475.88309,-91.5134575,-91.5134575,-71.6423656,-71.6423656,-68.5850553,-68.5850553,1874.13473,-16.32957102,-16.32957102,-3.201587882,-3.201587882,-2.43105403,-2.43105403,0.861781752,4178.0967,0.0,97.5780881,0.1339856653,0.0,7475.88309,4205.06363,1874.13473,0.0,0.0
1492.0,240.98546,7416.87435,-101.045812,-101.045812,-78.4824937,-78.4824937,-75.0386335,-75.0386335,1884.21949,64.4873258,64.4873258,12.73482156,12.73482156,14.17406625,14.17406625,0.862132297,4178.0967,0.0,98.1031575,0.435061262,0.0,7416.87435,4186.39798,1884.21949,0.0,0.0
1492.5,240.98546,6939.441219999999,-114.077756,-114.077756,-82.4298488,-82.4298488,-78.4390683,-78.4390683,1903.33479,145.304223,123.012516,28.9772735,24.520815,31.8239261,26.9300098,0.862429261,3971.42173,0.0,99.0984101,0.643981139,0.0,6939.441219999999,3998.89587,1903.33479,0.0,0.0
1493.0,240.98546,4639.05306,-122.8663293,-122.8663293,-59.7156803,-59.7156803,-55.4786678,-55.4786678,1927.23001,226.118893,174.9730605,45.6542563,35.3585794,50.6820143,39.3826152,0.862655541,3051.2811,0.0,100.3425285,0.823429244,0.0,4639.05306,3055.63965,1927.23001,0.0,0.0
1493.5,240.98546,2229.67418,-122.4608435,-122.4608435,-28.5967045,-28.5967045,-24.8645707,-24.8645707,1961.26158,306.940927,226.883694,63.0642641,46.5630455,70.4548533,52.1270479,0.862499133,2072.96855,0.0,102.1144066,0.985005324,0.0,2229.67418,2072.95002,1961.26158,0.0,0.0
1494.0,240.98546,222.26206359,-134.761022,-134.761022,-2.8457756221,-2.8457756221,-1.8093063546,-1.8093063546,1988.78012,365.173039,128.966399,76.0550154,26.851834,83.3204274,29.4226123,0.86216864,1221.65301,0.0,103.5471762,0.645815263,0.0,222.26206359,1253.71893,1988.78012,0.0,0.0
1494.5,240.98546,-5.693910096,-175.721354,-97.0867356,0.10546870648,0.05120446574,0.304349407,0.15265008669,2009.54473,367.61697,119.1396035,77.3609586,25.071257,84.6076393,27.4198114,0.861837932,1104.0719,0.0,104.628301,0.593810058,0.0,-5.693910096,1170.98906,2009.54473,0.0,0.0
1495.0,240.98546,-7.54700339,-220.920653,-78.54871445,0.1684076463,0.05326433226,0.4701516927,0.1483029655,2029.78015,367.61697,117.938038,78.1399569,25.0685604,85.3943719,27.3959108,0.861507321,1104.0719,0.0,105.681873,0.608261536,0.0,-7.54700339,1182.03331,2029.78015,0.0,0.0
1495.5,240.98546,-8.030940805,-273.818006,-64.9459947,0.2209646379,0.04416018777,0.6088794934,0.1213230512,2049.77071,367.61697,116.7864618,78.9095284,25.0684794,86.1712674,27.3754381,0.861176831,1104.0719,0.0,106.7226926,0.604699116,0.0,-8.030940805,1193.50425,2049.77071,0.0,0.0
1496.0,240.98546,-5.092257775,-299.756231,-95.680318,0.1590653121,0.03353286744,0.4311227329,0.0919072251,2069.51696,367.61697,115.8343848,79.6696965,25.1035918,86.9390795,27.3941434,0.860846435,1104.0719,0.0,107.750795,0.574536695,0.0,-5.092257775,1206.25677,2069.51696,0.0,0.0
1496.5,240.98546,-4.292872746,-299.79942,-101.345288,0.1342236286,0.04331350647,0.3687569092,0.1190306342,2089.05736,367.61697,114.6710966,80.4219375,25.0857155,87.7011995,27.3563239,0.860516146,1104.0719,0.0,108.768177,0.556504152,0.0,-4.292872746,1217.99886,2089.05736,0.0,0.0
1497.0,240.98546,-6.146177505,-299.593824,-96.6299528,0.1919339903,0.06136070795,0.527873087,0.1687661995,2108.33013,367.61697,113.4369074,81.1638765,25.0450618,88.4582722,27.2959054,0.860185985,1104.0719,0.0,109.7716282,0.540370035,0.0,-6.146177505,1228.48093,2108.33013,0.0,0.0
1497.5,240.98546,-2.888836182,-299.99542,-91.0794898,0.0907550277,0.02895534475,0.2561524304,0.0817071849,2127.38201,367.61697,112.8006986,81.8973145,25.129502,89.2065544,27.3722856,0.859855912,1104.0719,0.0,110.7635789,0.535704114,0.0,-2.888836182,1240.96059,2127.38201,0.0,0.0
1498.0,240.98546,-2.632477805,-299.981113,-100.2739678,0.0826769134,0.02696825696,0.2328925381,0.0759785981,2146.20839,367.61697,111.8438754,82.6220658,25.1367897,89.953647,27.3673428,0.85952598,1104.0719,0.0,111.743785,0.533781204,0.0,-2.632477805,1252.05982,2146.20839,0.0,0.0
1498.5,240.98546,-3.611418655,-299.761145,-97.215995,0.1128191367,0.03667116265,0.3127481311,0.1016663544,2164.81035,367.61697,110.7844207,83.3381831,25.1144265,90.693508,27.3309973,0.859196129,1104.0719,0.0,112.7123095,0.528460743,0.0,-3.611418655,1262.51407,2164.81035,0.0,0.0
1499.0,240.98546,-1.929171228,-299.99255,-96.0065459,0.0606055297,0.01921673932,0.1710887342,0.0542449806,2183.18911,367.61697,110.0485754,84.045703,25.1594564,91.4225874,27.3677671,0.858866386,1104.0719,0.0,113.6692121,0.522638484,0.0,-1.929171228,1273.94524,2183.18911,0.0,0.0
1499.5,229.780584,-5.004101614,-299.952146,-87.4316477,0.1571377215,0.04729075739,0.4400491199,0.1324033994,2201.21959,367.61697,108.8378666,84.7398194,25.0881167,92.1398505,27.27898,0.85853676,1104.0719,0.0,114.607981,0.511882608,0.0,-5.004101614,1283.19363,2201.21959,0.0,0.0
1500.0,150.746945,-386.3890657,-281.146415,-70.3971024,10.82173497,2.603048998,16.61489735,4.03164144,2215.63063,367.61697,92.5672545,85.2945971,21.4753849,92.8200517,23.3691513,0.858207244,1104.0719,0.0,115.3583015,0.30888426,0.0,-386.3890657,1132.91099,2215.63063,0.0,0.0
1500.5,60.4507545,-1152.07329,-118.070824,-28.85569686,13.4381416,3.303676695,15.98028535,3.92928088,2222.89479,367.61697,92.6343546,85.5742441,21.5643032,93.104667,23.4608909,0.857877824,1104.0719,0.0,115.7365161,0.13022369,0.0,-1152.07329,818.545641,2222.89479,0.0,0.0
1501.0,21.032915,-772.517626,-4.527567368,-1.380607058,0.2570147252,0.0491485002,0.5988672713,0.2091491893,2226.21312,291.037899,107.2464789,67.8455995,25.0021359,73.7281649,27.1700389,0.857548522,1104.0719,0.0,115.9092873,0.083107752,0.0,-772.517626,978.419157,2226.21312,0.0,0.0
1501.5,21.032915,-486.97388,-12.9854965,-9.1597589,0.654615112,0.466860723,1.089805104,0.775068792,2229.16671,144.221669,100.9550611,33.6631225,23.5662694,36.5946367,25.6215041,0.857220952,1104.0719,0.0,116.0630674,0.075738127852,0.0,-486.97388,1098.96058,2229.16671,0.0,0.0
1502.0,21.032915,-477.718646,-8.403838,-8.403838,0.420193295,0.420193295,0.731758354,0.731758354,2227.14687,-0.8113625,-0.8113625,-0.17874632,-0.17874632,0.86141775,0.86141775,0.857044059,1104.0719,0.0,115.9579016,-0.255970076,0.0,-477.718646,1101.63236,2227.14687,0.0,0.0
1502.5,21.032915,-450.302286,-8.6227562,-8.6227562,0.406604219,0.406604219,0.715824932,0.715824932,2214.10331,-52.403767,-52.403767,-12.1503557,-12.1503557,-10.9465726,-10.9465726,0.857090553,1104.0719,0.0,115.278782,-0.423827077,0.0,-450.302286,1105.42446,2214.10331,0.0,0.0
1503.0,21.032915,-420.878869,-7.24457888,-7.24457888,0.329357346,0.329357346,0.610560883,0.610560883,2199.49464,-52.403767,-52.403767,-12.0701875,-12.0701875,-10.87045,-10.87045,0.857159974,1112.83909,0.0,114.5181685,-0.423534023,0.0,-420.878869,1109.13786,2199.49464,0.0,0.0
1503.5,21.032915,557.7201182,6.35931907,6.35931907,0.3506997448,0.3506997448,0.5899620527,0.5899620527,2184.42886,-52.403767,-52.403767,-11.987511,-11.987511,-10.7920004,-10.7920004,0.857230494,1524.40112,0.0,113.7337604,-0.445327147,0.0,557.7201182,1507.54333,2184.42886,0.0,0.0
1504.0,21.032915,2126.572,5.455277,5.455277,1.212991605,1.212991605,1.58737776,1.58737776,2169.1181,-52.403767,-52.403767,-11.9034902,-11.9034902,-10.71233135,-10.71233135,0.85729628,2151.88997,0.0,112.9365965,-0.440813936,0.0,2126.572,2151.41436,2169.1181,0.0,0.0
1504.5,22.2006249,3634.25329,2.60870195,2.60870195,0.84941911,0.84941911,1.30816091,1.30816091,2153.96563,-52.403767,-52.403767,-11.8203378,-11.8203378,-10.6335414,-10.6335414,0.857356413,2761.77494,0.0,112.1476716,-0.431419818,0.0,3634.25329,2769.9243,2153.96563,0.0,0.0
1505.0,25.0315536,4106.29383,-11.2280577,-11.2280577,-4.82874444,-4.82874444,-4.38120171,-4.38120171,2139.66385,-52.403767,-52.403767,-11.74185365,-11.74185365,-10.5592261,-10.5592261,0.8574403,2942.355,0.0,111.4030395,-0.40027319,0.0,4106.29383,2957.99308,2139.66385,0.0,0.0
1505.5,27.8749039,4091.0025,-11.5229659,-11.5229659,-4.93669082,-4.93669082,-4.48413107,-4.48413107,2125.92866,-52.403767,-52.403767,-11.6664792,-11.6664792,-10.48768695,-10.48768695,0.857538454,2942.355,0.0,110.687909,-0.393761445,0.0,4091.0025,2943.61043,2125.92866,0.0,0.0
1506.0,30.7182547,4108.97538,-12.67549835,-12.67549835,-5.45434176,-5.45434176,-4.97926288,-4.97926288,2112.45372,-52.403767,-52.403767,-11.59253205,-11.59253205,-10.41698885,-10.41698885,0.857638347,2942.355,0.0,109.986325,-0.385759999,0.0,4108.97538,2943.22105,2112.45372,0.0,0.0
1506.5,33.5616048,4127.43574,-13.8602399,-13.8602399,-5.99091652,-5.99091652,-5.49719035,-5.49719035,2099.25574,-52.403767,-52.403767,-11.5201053,-11.5201053,-10.34776755,-10.34776755,0.857740882,2942.355,0.0,109.299165,-0.377766039,0.0,4127.43574,2943.19644,2099.25574,0.0,0.0
1507.0,36.4049554,4145.52712,-15.045572,-15.045572,-6.53174587,-6.53174587,-6.02404482,-6.02404482,2086.33301,-52.403767,-52.403767,-11.44918975,-11.44918975,-10.28004075,-10.28004075,0.857846069,2942.355,0.0,108.6263334,-0.369835595,0.0,4145.52712,2943.17888,2086.33301,0.0,0.0
1507.5,39.1735505,4163.09051,-16.2143865,-16.2143865,-7.06894868,-7.06894868,-6.55207514,-6.55207514,2073.68306,-52.403767,-52.403767,-11.3797704,-11.3797704,-10.21379175,-10.21379175,0.857953986,2942.355,0.0,107.9677085,-0.362088796,0.0,4163.09051,2943.10092,2073.68306,0.0,0.0
1508.0,40.011868,4176.81532,-16.5782765,-16.5782765,-7.25124696,-7.25124696,-6.73171552,-6.73171552,2061.24731,-52.403767,-52.403767,-11.31152665,-11.31152665,-10.1487106,-10.1487106,0.858063847,2942.355,0.0,107.3202292,-0.358192866,0.0,4176.81532,2941.55082,2061.24731,0.0,0.0
1508.5,40.011868,4193.21365,-16.551007,-16.551007,-7.26775039,-7.26775039,-6.74714124,-6.74714124,2048.90068,-52.403767,-52.403767,-11.2437716,-11.2437716,-10.0841417,-10.0841417,0.858173604,2942.355,0.0,106.6773949,-0.356052513,0.0,4193.21365,2941.16509,2048.90068,0.0,0.0
1509.0,40.011868,4210.37457,-16.5508806,-16.5508806,-7.29743888,-7.29743888,-6.77547642,-6.77547642,2036.62878,-52.403767,-52.403767,-11.1764272,-11.1764272,-10.0200095,-10.0200095,0.858283169,2942.355,0.0,106.0384501,-0.353889267,0.0,4210.37457,2941.14041,2036.62878,0.0,0.0
1509.5,40.011868,4227.45053,-16.5514611,-16.5514611,-7.32729229,-7.32729229,-6.8039635,-6.8039635,2024.43129,-52.403767,-52.403767,-11.1094906,-11.1094906,-9.9563099,-9.9563099,0.858392506,2942.355,0.0,105.403381,-0.35175074,0.0,4227.45053,2941.12391,2024.43129,0.0,0.0
1510.0,40.011868,4244.42426,-16.5520489,-16.5520489,-7.35697309,-7.35697309,-6.83229184,-6.83229184,2012.30729,-52.403767,-52.403767,-11.0429579,-11.0429579,-9.8930386,-9.8930386,0.858501636,2942.355,0.0,104.7721361,-0.349637801,0.0,4244.42426,2941.1076,2012.30729,0.0,0.0
1510.5,40.011868,4261.2961,-16.5526289,-16.5526289,-7.38647648,-7.38647648,-6.8604571,-6.8604571,2000.25586,-52.403767,-52.403767,-10.9768231,-10.9768231,-9.8301895,-9.8301895,0.858610563,2942.355,0.0,104.1446705,-0.347550092,0.0,4261.2961,2941.09143,2000.25586,0.0,0.0
1511.0,40.011868,4345.23273,-14.3099342,-14.3099342,-6.49801,-6.49801,-5.98807183,-5.98807183,1988.23707,-52.403767,-52.403767,-10.9108675,-10.9108675,-9.7675541,-9.7675541,0.858717757,2975.36571,0.0,103.5189034,-0.349542099,0.0,4345.23273,2969.0004,1988.23707,0.0,0.0
1511.5,40.011868,4740.72393,-12.7832595,-12.7832595,-6.34715276,-6.34715276,-5.82075677,-5.82075677,1976.10743,-52.6068477,-52.6068477,-10.8862126,-10.8862126,-9.74405585,-9.74405585,0.858818938,3129.06201,0.0,102.8873656,-0.350914746,0.0,4740.72393,3126.48481,1976.10743,0.0,0.0
1512.0,40.011868,5156.327429999999,-12.84816015,-12.84816015,-6.93750714,-6.93750714,-6.37557481,-6.37557481,1963.10423,-74.051742,-74.051742,-15.2187618,-15.2187618,-13.8208724,-13.8208724,0.858931386,3293.67348,0.0,102.210345,-0.420803207,0.0,5156.327429999999,3291.82796,1963.10423,0.0,0.0
1512.5,40.011868,5574.619479999999,-12.8162992,-12.8162992,-7.48168825,-7.48168825,-6.88414474,-6.88414474,1946.52421,-109.7193155,-109.7193155,-22.359401,-22.359401,-20.4000859,-20.4000859,0.859079855,3458.28493,0.0,101.3470963,-0.538210981,0.0,5574.619479999999,3456.20146,1946.52421,0.0,0.0
1513.0,40.011868,5989.82828,-13.56794235,-13.56794235,-8.52145906,-8.52145906,-7.87842852,-7.87842852,1925.90163,-145.386894,-145.386894,-29.3146511,-29.3146511,-26.6458228,-26.6458228,0.859265179,3616.66941,0.0,100.2733672,-0.653552868,0.0,5989.82828,3616.93147,1925.90163,0.0,0.0
1513.5,40.5125874,6130.734829999999,-16.8608493,-16.8608493,-10.8248119,-10.8248119,-10.1412162,-10.1412162,1901.42702,-181.054466,-181.054466,-36.042888,-36.042888,-32.5131432,-32.5131432,0.859490683,3659.7537,0.0,98.9990803,-0.763085682,0.0,6130.734829999999,3661.27325,1901.42702,0.0,0.0
1514.0,41.632925,6163.02729,-17.0867738,-17.0867738,-11.0277944,-11.0277944,-10.3415972,-10.3415972,1873.07442,-216.722047,-216.722047,-42.5002319,-42.5002319,-37.9572463,-37.9572463,0.859747414,3659.7537,0.0,97.5228809,-0.876846996,0.0,6163.02729,3658.15546,1873.07442,0.0,0.0
1514.5,42.753664,6208.02223,-17.5151353,-17.5151353,-11.3868138,-11.3868138,-10.69478175,-10.69478175,1840.80741,-252.389623,-252.389623,-48.6423264,-48.6423264,-42.9393936,-42.9393936,0.860029041,3659.7537,0.0,95.8428771,-0.989688055,0.0,6208.02223,3658.0377,1840.80741,0.0,0.0
1515.0,43.874403,6258.641610000001,-17.95014,-17.95014,-11.7647835,-11.7647835,-11.0589382,-11.0589382,1804.6487,-288.057202,-288.057202,-54.4259913,-54.4259913,-47.4215471,-47.4215471,0.860332874,3659.7537,0.0,93.9602509,-1.10200022,0.0,6258.641610000001,3657.988,1804.6487,0.0,0.0
1515.5,44.995142,6314.65152,-18.3870056,-18.3870056,-12.15897685,-12.15897685,-11.4387003,-11.4387003,1764.651,-321.245494,-321.245494,-59.3553604,-59.3553604,-51.029771,-51.029771,0.860655988,3659.7537,0.0,91.877743,-1.2054946,0.0,6314.65152,3657.93981,1764.651,0.0,0.0
1516.0,46.115881,6373.79878,-18.8493893,-18.8493893,-12.5815034,-12.5815034,-11.84633515,-11.84633515,1722.47831,-328.22684,-328.22684,-59.2047401,-59.2047401,-50.6195138,-50.6195138,0.860987963,3659.7537,0.0,89.6819945,-1.22048265,0.0,6373.79878,3657.92712,1722.47831,0.0,0.0
1516.5,47.23662,6432.68184,-19.3185792,-19.3185792,-13.0137904,-13.0137904,-12.26401645,-12.26401645,1680.42969,-328.22684,-328.22684,-57.7594525,-57.7594525,-49.2054455,-49.2054455,0.861316634,3659.7537,0.0,87.4927034,-1.2120987,0.0,6432.68184,3657.87694,1680.42969,0.0,0.0
1517.0,48.3573571,6491.14888,-19.7872153,-19.7872153,-13.4506254,-13.4506254,-12.6865305,-12.6865305,1638.66754,-328.22684,-328.22684,-56.3240108,-56.3240108,-47.8098471,-47.8098471,0.861641243,3659.7537,0.0,85.3183304,-1.20390886,0.0,6491.14888,3657.82093,1638.66754,0.0,0.0
1517.5,49.4780963,6549.22389,-20.2557867,-20.2557867,-13.89232395,-13.89232395,-13.1142774,-13.1142774,1597.18529,-328.22684,-328.22684,-54.8981896,-54.8981896,-46.4323177,-46.4323177,0.861961822,3659.7537,0.0,83.1585286,-1.19590824,0.0,6549.22389,3657.76515,1597.18529,0.0,0.0
1518.0,50.18999,6606.034140000001,-20.5698354,-20.5698354,-14.2298594,-14.2298594,-13.440921,-13.440921,1555.96899,-328.22684,-328.22684,-53.4815086,-53.4815086,-45.0703415,-45.0703415,0.862278348,3659.7537,0.0,81.0125724,-1.18886735,0.0,6606.034140000001,3657.33837,1555.96899,0.0,0.0
1518.5,50.2006,6662.50227,-20.5611612,-20.5611612,-14.3454307,-14.3454307,-13.5510539,-13.5510539,1514.96256,-328.22684,-328.22684,-52.0720429,-52.0720429,-43.6972889,-43.6972889,0.862589934,3659.7537,0.0,78.8775471,-1.18343613,0.0,6662.50227,3656.89182,1514.96256,0.0,0.0
1519.0,50.2006,6719.61863,-20.5613804,-20.5613804,-14.4685674,-14.4685674,-13.6685619,-13.6685619,1474.14067,-328.22684,-328.22684,-50.6689211,-50.6689211,-42.3318481,-42.3318481,0.862896149,3659.7537,0.0,76.7521284,-1.17817034,0.0,6719.61863,3656.8228,1474.14067,0.0,0.0
1519.5,50.2006,6776.517419999999,-20.5627742,-20.5627742,-14.5920704,-14.5920704,-13.78671645,-13.78671645,1433.49807,-328.22684,-328.22684,-49.2719582,-49.2719582,-40.9827465,-40.9827465,0.863197047,3659.7537,0.0,74.6360422,-1.17306844,0.0,6776.517419999999,3656.76788,1433.49807,0.0,0.0
1520.0,50.2006,6833.17403,-20.5641467,-20.5641467,-14.7150526,-14.7150526,-13.9057308,-13.9057308,1393.02893,-328.22684,-328.22684,-47.8809607,-47.8809607,-39.6496598,-39.6496598,0.86349267,3659.7537,0.0,72.52899,-1.16812999,0.0,6833.17403,3656.71347,1393.02893,0.0,0.0
1520.5,50.2006,6889.48208,-20.5692288,-20.5692288,-14.8399846,-14.8399846,-14.0268907,-14.0268907,1352.82811,-323.152526,-323.152526,-45.7871777,-45.7871777,-37.8207027,-37.8207027,0.863782671,3659.7537,0.0,70.4359085,-1.14627715,0.0,6889.48208,3656.67074,1352.82811,0.0,0.0
1521.0,50.2006,6724.09216,-25.4097425,-25.4097425,-17.8747875,-17.8747875,-17.0025156,-17.0025156,1315.20019,-289.237371,-289.237371,-39.8476144,-39.8476144,-33.2151117,-33.2151117,0.86406456,3560.53833,0.0,68.4767842,-1.018948422,0.0,6724.09216,3565.88006,1315.20019,0.0,0.0
1521.5,50.2006,6188.45817,-25.9513498,-25.9513498,-16.8183222,-16.8183222,-15.989487,-15.989487,1282.31877,-250.782924,-250.782924,-33.6863233,-33.6863233,-28.4092661,-28.4092661,0.864330838,3325.98046,0.0,66.7647931,-0.884745029,0.0,6188.45817,3323.79961,1282.31877,0.0,0.0
1522.0,50.2006,5662.240339999999,-25.9430073,-25.9430073,-15.38276395,-15.38276395,-14.6031306,-14.6031306,1253.9613,-216.084986,-216.084986,-28.3802279,-28.3802279,-24.1882266,-24.1882266,0.864568891,3090.68156,0.0,65.2883405,-0.764765201,0.0,5662.240339999999,3088.27875,1253.9613,0.0,0.0
1522.5,50.2006,5133.55097,-25.9480392,-25.9480392,-13.94925895,-13.94925895,-13.2161484,-13.2161484,1228.13125,-210.18343,-210.18343,-27.0316086,-27.0316086,-23.0276527,-23.0276527,0.864787313,2855.38264,0.0,63.943481,-0.742094705,0.0,5133.55097,2853.20527,1228.13125,0.0,0.0
1523.0,50.2006,4604.67279,-25.9483344,-25.9483344,-12.51228885,-12.51228885,-11.8233651,-11.8233651,1202.52243,-210.18343,-210.18343,-26.4679488,-26.4679488,-22.4846294,-22.4846294,0.864995699,2620.0837,0.0,62.6101406,-0.739408161,0.0,4604.67279,2618.18229,1202.52243,0.0,0.0
1523.5,50.2006,4075.67895,-25.9490532,-25.9490532,-11.07515915,-11.07515915,-10.4279588,-10.4279588,1177.00535,-210.18343,-210.18343,-25.9063084,-25.9063084,-21.9462144,-21.9462144,0.865194433,2384.78484,0.0,61.281577,-0.736786776,0.0,4075.67895,2383.16488,1177.00535,0.0,0.0
1524.0,50.2006,3546.5935,-25.9491129,-25.9491129,-9.6374639,-9.6374639,-9.0295462,-9.0295462,1151.55135,-210.945522,-210.945522,-25.437552,-25.437552,-21.4746476,-21.4746476,0.865383525,2149.48593,0.0,59.9562978,-0.736795034,0.0,3546.5935,2148.14611,1151.55135,0.0,0.0
1524.5,50.2006,3017.62621,-25.9479826,-25.9479826,-8.19969929,-8.19969929,-7.62916575,-7.62916575,1126.01315,-212.834521,-212.834521,-25.096137,-25.096137,-21.0907447,-21.0907447,0.865563267,1914.18701,0.0,58.6266323,-0.740650216,0.0,3017.62621,1913.12731,1126.01315,0.0,0.0
1525.0,50.2006,2488.85152,-25.9468851,-25.9468851,-6.76259157,-6.76259157,-6.22768431,-6.22768431,1100.33972,-214.733809,-214.733809,-24.7427762,-24.7427762,-20.6982255,-20.6982255,0.865733704,1678.88813,0.0,57.2899281,-0.744583568,0.0,2488.85152,1678.10971,1100.33972,0.0,0.0
1525.5,50.2006,1972.7085,-24.8280141,-24.8280141,-5.14776546,-5.14776546,-4.66277156,-4.66277156,1074.5223,-216.633094,-216.633094,-24.3759346,-24.3759346,-20.2961587,-20.2961587,0.865894528,1452.46057,0.0,55.9457272,-0.750582105,0.0,1972.7085,1448.26422,1074.5223,0.0,0.0
1526.0,50.2006,1858.24098,-20.3456141,-20.3456141,-3.95963239,-3.95963239,-3.54534347,-3.54534347,1048.33259,-218.53238,-218.53238,-23.9903003,-23.9903003,-19.879125,-19.879125,0.86604446,1390.8058,0.0,54.5821436,-0.762701304,0.0,1858.24098,1385.34147,1048.33259,0.0,0.0
1526.5,50.2006,1906.96004,-20.6649372,-20.6649372,-4.12672458,-4.12672458,-3.70566634,-3.70566634,1021.908948,-220.431671,-220.431671,-23.5888524,-23.5888524,-19.4506477,-19.4506477,0.866190695,1390.8058,0.0,53.2063785,-0.766160133,0.0,1906.96004,1390.18524,1021.908948,0.0,0.0
1527.0,50.2006,1944.43178,-20.6745407,-20.6745407,-4.20975844,-4.20975844,-3.78665092,-3.78665092,995.351453,-222.330958,-222.330958,-23.1737771,-23.1737771,-19.013295,-19.013295,0.866335106,1390.8058,0.0,51.8236443,-0.770228762,0.0,1944.43178,1390.27079,995.351453,0.0,0.0
1527.5,50.1311572,1981.67225,-20.6567071,-20.6567071,-4.28665768,-4.28665768,-3.86078454,-3.86078454,968.651623,-224.230244,-224.230244,-22.7447945,-22.7447945,-18.5637452,-18.5637452,0.866477536,1390.8058,0.0,50.433499,-0.774480146,0.0,1981.67225,1390.17699,968.651623,0.0,0.0
1528.0,48.7698153,1983.86896,-21.8981027,-21.8981027,-4.54068382,-4.54068382,-4.09781922,-4.09781922,941.78645,-226.129531,-226.129531,-22.3012772,-22.3012772,-18.0824153,-18.0824153,0.86661783,1371.95667,0.0,49.0347461,-0.778067836,0.0,1983.86896,1375.40468,941.78645,0.0,0.0
1528.5,46.9247263,1585.9093,-24.350557,-24.350557,-4.05001305,-4.05001305,-3.60048962,-3.60048962,914.919375,-227.24226,-227.24226,-21.7721019,-21.7721019,-17.5392023,-17.5392023,0.866756129,1192.86911,0.0,47.6358943,-0.777460089,0.0,1585.9093,1194.12322,914.919375,0.0,0.0
1529.0,45.0796377,1099.685168,-23.3678737,-23.3678737,-2.69427578,-2.69427578,-2.29294528,-2.29294528,888.004203,-227.24983,-227.24983,-21.1323222,-21.1323222,-16.9223274,-16.9223274,0.866884826,977.420621,0.0,46.2345373,-0.77941023,0.0,1099.685168,976.086222,888.004203,0.0,0.0
1529.5,43.2345493,620.219826,-22.5940701,-22.5940701,-1.470650673,-1.470650673,-1.12531533,-1.12531533,861.030994,-227.24983,-227.24983,-20.4904263,-20.4904263,-16.309765,-16.309765,0.867003026,761.972152,0.0,44.8301597,-0.781014471,0.0,620.219826,760.82771,861.030994,0.0,0.0
1530.0,41.5713323,141.412891,-21.8830215,-21.8830215,-0.3261720356,-0.3261720356,-0.1443884545,-0.1443884545,834.00318,-227.24983,-227.24983,-19.8472299,-19.8472299,-15.70215555,-15.70215555,0.867111411,546.52369,0.0,43.4229372,-0.782343533,0.0,141.412891,545.811256,834.00318,0.0,0.0
1530.5,41.290615,-335.454429,-21.7756603,-21.7756603,0.765070448,0.765070448,1.186252646,1.186252646,806.973729,-227.24983,-227.24983,-19.2039951,-19.2039951,-15.1007079,-15.1007079,0.867209631,331.075223,0.0,42.0156311,-0.780965033,0.0,-335.454429,331.600937,806.973729,0.0,0.0
1531.0,41.290615,-814.509126,-21.7854053,-21.7854053,1.85819517,1.85819517,2.30056711,2.30056711,780.00702,-227.24983,-227.24983,-18.5622543,-18.5622543,-14.5051106,-14.5051106,0.867296623,115.6267479,0.0,40.6115921,-0.779100676,0.0,-814.509126,116.5170848,780.00702,0.0,0.0
1531.5,41.290615,-1030.414391,-16.8007658,-16.8007658,1.81327869,1.81327869,2.1901302,2.1901302,752.949531,-227.24983,-227.24983,-17.9183519,-17.9183519,-13.884204,-13.884204,0.867376211,17.499937,0.0,39.2028248,-0.786337014,0.0,-1030.414391,10.87864305,752.949531,0.0,0.0
1532.0,41.290615,-974.78531,-16.9387141,-16.9387141,1.72906434,1.72906434,2.10073076,2.10073076,725.794544,-227.24983,-227.24983,-17.2721298,-17.2721298,-13.2590725,-13.2590725,0.867453307,17.499937,0.0,37.7889814,-0.784355509,0.0,-974.78531,18.1707059,725.794544,0.0,0.0
1532.5,41.290615,-936.211133,-16.9638419,-16.9638419,1.66313015,1.66313015,2.03630544,2.03630544,698.717705,-226.212991,-226.212991,-16.5531243,-16.5531243,-12.5965831,-12.5965831,0.86752687,17.499937,0.0,36.3792089,-0.77915784,0.0,-936.211133,18.4117408,698.717705,0.0,0.0
1533.0,41.290615,-900.140116,-16.9890961,-16.9890961,1.60142304,1.60142304,1.97680182,1.97680182,673.038987,-199.798477,-199.798477,-14.0895253,-14.0895253,-10.8039152,-10.8039152,0.867593694,17.499937,0.0,35.0422287,-0.688633611,0.0,-900.140116,18.4275438,673.038987,0.0,0.0
1533.5,41.290615,-869.843838,-17.0250151,-17.0250151,1.5507975,1.5507975,1.92731825,1.92731825,651.416815,-162.686552,-162.686552,-11.10409255,-11.10409255,-8.64310338,-8.64310338,0.867647334,17.499937,0.0,33.9164549,-0.562320208,0.0,-869.843838,18.4090173,651.416815,0.0,0.0
1534.0,43.3462391,-840.822147,-17.7348334,-17.7348334,1.56040033,1.56040033,1.94683299,1.94683299,634.177289,-125.5746291,-125.5746291,-8.34432844,-8.34432844,-6.57881476,-6.57881476,0.867687245,17.499937,0.0,33.0188676,-0.432574843,0.0,-840.822147,20.4191347,634.177289,0.0,0.0
1534.5,57.2569167,-803.925817,-23.6827203,-23.6827203,1.99263574,1.99263574,2.46899956,2.46899956,621.827235,-88.4627021,-88.4627021,-5.76357325,-5.76357325,-4.56328135,-4.56328135,0.867711472,17.499937,0.0,32.3758547,-0.279247152,0.0,-803.925817,28.5608667,621.827235,0.0,0.0
1535.0,73.0636526,-792.389587,-30.3669991,-30.3669991,2.5194722,2.5194722,3.11575004,3.11575004,614.882943,-51.3513107,-51.3513107,-3.30789129,-3.30789129,-2.5493041,-2.5493041,0.867717048,17.499937,0.0,32.0142959,-0.122884927,0.0,-792.389587,29.3064639,614.882943,0.0,0.0
1535.5,88.8703916,-789.510219,-36.9758375,-36.9758375,3.05702469,3.05702469,3.7953457,3.7953457,612.799246,-28.6127069,-28.6127069,-1.836149,-1.836149,-1.26453912,-1.26453912,0.867704288,17.499937,0.0,31.905806,-0.01781436582,0.0,-789.510219,29.2879254,612.799246,0.0,0.0
1536.0,101.8258981,-796.148987,-42.5734276,-42.5734276,3.54991176,3.54991176,4.42622402,4.42622402,612.694907,-28.354195,-28.354195,-1.81924087,-1.81924087,-1.24950584,-1.24950584,0.867682548,17.499937,0.0,31.9003735,0.00786719193,0.0,-796.148987,26.4645636,612.694907,0.0,0.0
1536.5,103.086426,-814.936717,-42.9444732,-42.9444732,3.66487345,3.66487345,4.55148824,4.55148824,613.036443,-28.354195,-28.354195,-1.82025495,-1.82025495,-1.25036161,-1.25036161,0.86765781,17.499937,0.0,31.9181544,0.00996590695,0.0,-814.936717,18.8462592,613.036443,0.0,0.0
1537.0,103.086426,-816.704553,-42.8987181,-42.8987181,3.66891707,3.66891707,4.55437015,4.55437015,613.378552,-28.354195,-28.354195,-1.82127084,-1.82127084,-1.25121912,-1.25121912,0.86763282,17.499937,0.0,31.9359679,0.00986815435,0.0,-816.704553,18.3104238,613.378552,0.0,0.0
1537.5,103.086426,-817.20681,-42.8977778,-42.8977778,3.67109301,3.67109301,4.5565282,4.5565282,613.71937,-28.354195,-28.354195,-1.82228274,-1.82228274,-1.25207343,-1.25207343,0.867607844,17.499937,0.0,31.9537127,0.00984847045,0.0,-817.20681,18.3004193,613.71937,0.0,0.0
1538.0,103.086426,-793.923337,-40.3804669,-40.3804669,3.3861037,3.3861037,4.21203163,4.21203163,614.046209,-28.354195,-28.354195,-1.82325322,-1.82325322,-1.25289293,-1.25289293,0.867583038,35.9589356,0.0,31.9707306,0.00545643783,0.0,-793.923337,28.1796939,614.046209,0.0,0.0
1538.5,103.086426,354.9220245,-26.4819701,-26.4819701,-1.017344035,-1.017344035,-0.628939009,-0.628939009,613.742059,-28.354195,-28.354195,-1.82235013,-1.82235013,-1.25213036,-1.25213036,0.867576774,522.380684,0.0,31.9548941,-0.0187069075,0.0,354.9220245,506.045137,613.742059,0.0,0.0
1539.0,103.086426,2044.64764,-27.4661937,-27.4661937,-5.88263428,-5.88263428,-5.35153803,-5.35153803,613.135738,-28.354195,-28.354195,-1.82054983,-1.82054983,-1.2506105,-1.2506105,0.867606769,1210.02361,0.0,31.9233257,-0.016962503,0.0,2044.64764,1208.79841,613.135738,0.0,0.0
1539.5,103.086426,3696.80872,-27.5030397,-27.5030397,-10.64725385,-10.64725385,-9.99943713,-9.99943713,612.55156,-28.354195,-28.354195,-1.81881523,-1.81881523,-1.2491467,-1.2491467,0.867667752,1897.66659,0.0,31.8929095,-0.0168674599,0.0,3696.80872,1895.93369,612.55156,0.0,0.0
1540.0,103.086426,5347.98583,-27.5037419,-27.5037419,-15.4031903,-15.4031903,-14.6208513,-14.6208513,611.968991,-28.354195,-28.354195,-1.81708541,-1.81708541,-1.24768747,-1.24768747,0.867757684,2585.30945,0.0,31.8625772,-0.0168354518,0.0,5347.98583,2582.66058,611.968991,0.0,0.0
1540.5,103.086426,6999.14338,-27.5037632,-27.5037632,-20.1588441,-20.1588441,-19.2216613,-19.2216613,611.387479,-28.354195,-28.354195,-1.81535882,-1.81535882,-1.24623142,-1.24623142,0.867874878,3272.95241,0.0,31.8323018,-0.0168047161,0.0,6999.14338,3269.37983,611.387479,0.0,0.0
1541.0,103.086426,8650.29898,-27.5037721,-27.5037721,-24.9144896,-24.9144896,-23.631145,-23.631145,610.807037,-28.354195,-28.354195,-1.81363536,-1.81363536,-1.24477857,-1.24477857,0.868017624,3960.59535,0.0,31.8020803,-0.0167740871,0.0,8650.29898,3956.09902,610.807037,0.0,0.0
1541.5,103.086426,10014.3705,-36.9471911,-36.9471911,-38.8827915,-38.8827915,-36.9185723,-36.9185723,610.388515,-28.354195,-28.354195,-1.81239264,-1.81239264,-1.24373122,-1.24373122,0.868196378,4507.669449999999,0.0,31.7802893,-0.00033005956,0.0,10014.3705,4523.45475,610.388515,0.0,0.0
1542.0,117.2188274,10110.0118,-48.3996003,-48.3996003,-51.2525207,-51.2525207,-48.925475,-48.925475,611.498694,-12.143770885,-12.143770885,-0.7767933592,-0.7767933592,-0.471380282,-0.471380282,0.868449426,4551.4854,0.0,31.8380916,0.0884134822,0.0,10110.0118,4563.90019,611.498694,0.0,0.0
1542.5,169.762834,10146.8764,-70.6251546,-70.6251546,-75.0436143,-75.0436143,-72.0136427,-72.0136427,618.052992,20.81109886,20.81109886,1.349843567,1.349843567,2.027293617,2.027293617,0.868765863,4551.4854,0.0,32.1793451,0.294568999,0.0,10146.8764,4583.0669,618.052992,0.0,0.0
1543.0,224.453734,10130.1695,-93.535064,-93.535064,-99.2199185,-99.2199185,-95.600887,-95.600887,631.861439,53.765968,53.765968,3.56256834,3.56256834,4.57918349,4.57918349,0.869167538,4551.4854,0.0,32.8982908,0.504026574,0.0,10130.1695,4584.17745,631.861439,0.0,0.0
1543.5,279.144633,10099.67895,-117.097311,-117.097311,-123.8363284,-123.8363284,-119.7487977,-119.7487977,652.900344,86.7208384,86.7208384,5.93625779,5.93625779,7.43230629,7.43230629,0.869644857,4547.83183,0.0,33.9936959,0.714187235,0.0,10099.67895,4583.77463,652.900344,0.0,0.0
1544.0,333.835534,8365.055100000001,-169.672067,-169.672067,-147.918069,-147.918069,-141.974189,-141.974189,682.101257,119.6757076,119.6757076,8.55797789,8.55797789,10.682635,10.682635,0.870208049,3801.26578,0.0,35.5140621,0.974310555,0.0,8365.055100000001,3879.03502,682.101257,0.0,0.0
1544.5,388.526431,5097.15277,-191.149518,-191.149518,-101.4156115,-101.4156115,-94.769018,-94.769018,718.839677,138.079818,138.079818,10.3942517,10.3942517,12.9239552,12.9239552,0.870704351,2503.65902,0.0,37.4268717,1.13274732,0.0,5097.15277,2540.68802,718.839677,0.0,0.0
1545.0,443.085663,1922.02948,-213.802359,-213.802359,-42.40893055,-42.40893055,-36.2319156,-36.2319156,759.741583,138.11081,138.11081,10.98808995,10.98808995,13.5046185,13.5046185,0.870988459,1206.052318,0.0,39.5564576,1.23322309,0.0,1922.02948,1243.37817,759.741583,0.0,0.0
1545.5,466.51154,-364.957369,-240.957658,-202.438148,9.35661258,7.47209008,16.95664011,13.69362821,802.025811,138.11081,116.550793,11.5996436,9.7765396,14.0351398,11.8351678,0.870891087,268.395429,0.0,41.7580145,1.16819231,0.0,-364.957369,316.435493,802.025811,0.0,0.0
1546.0,466.51154,-274.666141,-219.894979,-181.482857,7.77708843,5.79689341,14.88458449,11.52817919,841.043717,138.11081,117.0340946,12.16395705,10.32451055,14.6271089,12.4188482,0.870567244,458.893187,0.0,43.7895087,1.13051302,0.0,-274.666141,376.788608,841.043717,0.0,0.0
1546.5,466.51154,2765.63039,-159.783487,-159.783487,-46.6105704,-46.6105704,-41.5775296,-41.5775296,880.768599,138.11081,138.11081,12.73849485,12.73849485,15.2897672,15.2897672,0.870501303,1716.06331,0.0,45.8578106,1.15800953,0.0,2765.63039,1665.073537,880.768599,0.0,0.0
1547.0,466.51154,6135.77111,-164.07781,-164.07781,-105.5252385,-105.5252385,-99.7370785,-99.7370785,920.912674,138.11081,138.11081,13.3190964,13.3190964,15.8709965,15.8709965,0.870794275,3092.27624,0.0,47.9479394,1.16235218,0.0,6135.77111,3090.85379,920.912674,0.0,0.0
1547.5,465.188172,7612.74634,-195.466913,-195.466913,-155.827488,-155.827488,-148.932935,-148.932935,961.988697,137.65445,137.65445,13.86635615,13.86635615,16.4022435,16.4022435,0.871310442,3687.1677,0.0,50.0865914,1.21060292,0.0,7612.74634,3729.41803,961.988697,0.0,0.0
1548.0,456.266357,7433.351390000001,-190.357462,-190.357462,-148.180806,-148.180806,-141.450121,-141.450121,1002.855538,123.156641,123.156641,12.9265636,12.9265636,15.1515194,15.1515194,0.87188028,3687.1677,0.0,52.2143496,1.14096457,0.0,7433.351390000001,3678.63236,1002.855538,0.0,0.0
1548.5,446.135114,7375.327520000001,-185.935547,-185.935547,-143.607805,-143.607805,-137.027559,-137.027559,1040.72089,102.036019,102.036019,11.11367475,11.11367475,12.9273716,12.9273716,0.872437531,3687.1677,0.0,54.185834,1.04979549,0.0,7375.327520000001,3676.5975,1040.72089,0.0,0.0
1549.0,436.00387,7326.617630000001,-181.691084,-181.691084,-139.402659,-139.402659,-132.967513,-132.967513,1075.44532,80.915397,80.915397,9.1066713,9.1066713,10.5651514,10.5651514,0.872988812,3687.1677,0.0,55.9937843,0.959103391,0.0,7326.617630000001,3676.60424,1075.44532,0.0,0.0
1549.5,425.87262,7282.38658,-177.450178,-177.450178,-135.326771,-135.326771,-129.0378351,-129.0378351,1107.03784,59.7947725,59.7947725,6.92645273,6.92645273,8.09076442,8.09076442,0.873535034,3687.1677,0.0,57.6386702,0.868613016,0.0,7282.38658,3676.64602,1107.03784,0.0,0.0
1550.0,415.741368,7242.53177,-173.209399,-173.209399,-131.36965,-131.36965,-125.2279171,-125.2279171,1135.50569,38.6741504,38.6741504,4.59382856,4.59382856,5.54675702,5.54675702,0.874076923,3687.1677,0.0,59.1208695,0.778343283,0.0,7242.53177,3676.68433,1135.50569,0.0,0.0
1550.5,405.610124,7157.34528,-171.680507,-171.680507,-128.657295,-128.657295,-122.5645243,-122.5645243,1160.88476,17.5535272,17.5535272,2.12957441,2.12957441,2.88758506,2.88758506,0.874615675,3658.82245,0.0,60.4422477,0.693028388,0.0,7157.34528,3656.0563,1160.88476,0.0,0.0
1551.0,395.933504,6473.63248,-172.410124,-172.410124,-116.9127669,-116.9127669,-110.783687,-110.783687,1183.49609,-3.567095098,-3.567095098,-0.445949687,-0.445949687,-0.2109364294,-0.2109364294,0.875146373,3390.02285,0.0,61.619521,0.612402616,0.0,6473.63248,3384.76089,1183.49609,0.0,0.0
1551.5,393.44836,5673.195040000001,-171.024121,-171.024121,-101.6033462,-101.6033462,-95.57222,-95.57222,1203.30852,-24.5299855,-24.5299855,-3.09427843,-3.09427843,-2.39866972,-2.39866972,0.87563427,3066.76328,0.0,62.6510684,0.53722898,0.0,5673.195040000001,3063.26126,1203.30852,0.0,0.0
1552.0,393.44836,4874.45208,-171.093477,-171.093477,-87.3347632,-87.3347632,-81.3805029,-81.3805029,1221.36489,-27.0895001,-27.0895001,-3.46214344,-3.46214344,-2.72673789,-2.72673789,0.87607716,2743.50375,0.0,63.5911856,0.527159851,0.0,4874.45208,2741.44149,1221.36489,0.0,0.0
1552.5,393.44836,4071.81647,-171.112996,-171.112996,-72.9623966,-72.9623966,-67.1420072,-67.1420072,1240.5962,-7.99974836,-7.99974836,-1.0358374855,-1.0358374855,-0.731754035,-0.731754035,0.876462227,2420.24419,0.0,64.5924783,0.586909763,0.0,4071.81647,2418.68783,1240.5962,0.0,0.0
1553.0,393.44836,3266.10708,-171.129922,-171.129922,-58.5307629,-58.5307629,-52.9181479,-52.9181479,1261.94422,11.14124151,11.14124151,1.475596576,1.475596576,2.04640396,2.04640396,0.876780355,2096.98466,0.0,65.7039776,0.646563658,0.0,3266.10708,2095.89117,1261.94422,0.0,0.0
1553.5,393.44836,2458.32523,-171.134584,-171.134584,-44.0560811,-44.0560811,-38.702197,-38.702197,1284.73257,16.870846,16.870846,2.26975104,2.26975104,3.09150003,3.09150003,0.877025314,1773.7251,0.0,66.890469,0.662613716,0.0,2458.32523,1773.07311,1284.73257,0.0,0.0
1554.0,393.44836,1650.48024,-171.133458,-171.133458,-29.5783507,-29.5783507,-24.6040211,-24.6040211,1307.59607,16.870846,16.870846,2.31014421,2.31014421,3.13652943,3.13652943,0.877198759,1450.46554,0.0,68.0808712,0.660054044,0.0,1650.48024,1450.27273,1307.59607,0.0,0.0
1554.5,393.44836,842.772773,-171.132727,-171.132727,-15.1033166,-15.1033166,-10.89911847,-10.89911847,1330.37049,16.870846,16.870846,2.35038006,2.35038006,3.18110013,3.18110013,0.87729371,1127.20598,0.0,69.2666369,0.65746017,0.0,842.772773,1127.477507,1330.37049,0.0,0.0
1555.0,393.44836,264.26868,-165.322929,-165.322929,-4.58977974,-4.58977974,-2.21340596,-2.21340596,1352.92639,16.870846,16.870846,2.39022979,2.39022979,3.22517281,3.22517281,0.877310008,910.415674,0.0,70.4410255,0.644744907,0.0,264.26868,899.927891,1352.92639,0.0,0.0
1555.5,393.44836,243.75261,-163.799869,-163.799869,-4.18106458,-4.18106458,-1.95254179,-1.95254179,1374.99217,16.870846,16.870846,2.42921366,2.42921366,3.26981265,3.26981265,0.877300647,904.70703,0.3964559672,71.5898944,0.588207736,0.0,243.75261,904.275047,1374.99217,-9.7276955,0.56400366
1556.0,393.44836,274.426292,-162.994607,-162.994607,-4.68239079,-4.68239079,-2.26733759,-2.26733759,1351.76982,16.870846,16.870846,2.38818652,2.38818652,3.22365062,3.22365062,0.877291131,904.70703,25.7153525,70.3808076,-2.745500686,0.0,274.426292,903.479224,1351.76982,-641.255571,35.9851253
1556.5,393.44836,531.967453,-161.513134,-161.513134,-8.99279186,-8.99279186,-5.55430095,-5.55430095,1166.87817,16.870846,16.870846,2.06153638,2.06153638,2.85719691,2.85719691,0.877294511,904.70703,64.8800107,60.7542991,-7.89987604,0.0,531.967453,902.687137,1166.87817,-1620.33397,78.314972
1557.0,393.44836,983.497887,-160.959596,-160.959596,-16.57798385,-16.57798385,-12.4050127,-12.4050127,847.406171,16.870846,16.870846,1.49712167,1.49712167,2.22836818,2.22836818,0.877337676,904.70703,79.12416,44.1207733,-9.7640274,0.0,983.497887,904.034936,847.406171,-1978.104,70.2149136
1557.5,393.114214,1456.44632,-160.95134,-160.95134,-24.5469107,-24.5469107,-19.9785977,-19.9785977,510.218442,16.870846,16.870846,0.901408482,0.901408482,1.57525388,1.57525388,0.877431635,904.70703,79.12416,26.564868,-9.7446713,0.0,1456.44632,903.950856,510.218442,-1978.104,42.2760009
1558.0,371.53411,1886.92068,-152.298995,-152.298995,-30.0374737,-30.0374737,-25.4856955,-25.4856955,173.0145637,16.870846,16.870846,0.3056667072,0.3056667072,0.773371376,0.773371376,0.877569176,904.70703,79.12416,9.00811993,-9.774915,0.0,1886.92068,886.183544,173.0145637,-1978.104,14.33574968
1558.5,337.762021,2125.91277,-140.516951,-140.516951,-31.2848025,-31.2848025,-26.9874584,-26.9874584,0.0377805359,16.870846,16.870846,6.6747286e-05,6.6747286e-05,0.000201900549,0.000201900549,0.877732663,904.70703,79.12416,0.00196706911,0.002082578,0.0,2125.91277,884.630063,0.0377805359,-112.3610215,0.000194963021
1559.0,303.989928,2115.52884,-126.5117324,-126.5117324,-28.0273049,-28.0273049,-24.1613602,-24.1613602,0.0242330608,16.870846,16.870846,4.2812813e-05,4.2812813e-05,0.00016799247,0.00016799247,0.877891078,904.70703,79.12416,0.00126171065,-0.214214619,0.0,2115.52884,880.301291,0.0242330608,-15.0424707,0.00052938387
1559.5,277.738428,2132.44689,-115.123633,-115.123633,-25.7064864,-25.7064864,-22.1942806,-22.1942806,0.0321034228,16.870846,16.870846,5.6717466e-05,5.6717466e-05,0.000171562167,0.000171562167,0.878035341,904.70703,79.12416,0.001671486336,0.0283466131,0.0,2132.44689,887.345624,0.0321034228,-74.7924104,0.000122233783
1560.0,275.89572,2169.05055,-114.7237772,-114.7237772,-26.0586564,-26.0586564,-22.5439307,-22.5439307,0.0359611798,16.870846,16.870846,6.3533007e-05,6.3533007e-05,0.000192177888,0.000192177888,0.878176227,904.70703,79.12416,0.00187234304,0.015573561,0.0,2169.05055,902.578955,0.0359611798,-106.7754655,0.000183399948
1560.5,275.89572,2173.16307,-114.7096626,-114.7096626,-26.1048073,-26.1048073,-22.5899521,-22.5899521,0.0358069725,16.870846,16.870846,6.326057e-05,6.326057e-05,0.00019135237,0.00019135237,0.878318363,905.764223,79.12416,0.00186431417,-0.0236010745,0.0,2173.16307,904.29012,0.0358069725,-101.74295486,0.000402512244
1561.0,275.89572,2192.54372,-114.5899154,-114.5899154,-26.3101511,-26.3101511,-22.7976293,-22.7976293,0.0368007281,16.870846,16.870846,6.5016246e-05,6.5016246e-05,0.000196664537,0.000196664537,0.878461054,913.680934,79.12416,0.00191605474,0.0991139674,0.0,2192.54372,912.355117,0.0368007281,-103.7469679,0.000171451574
1561.5,275.89572,2214.7332,-114.5976014,-114.5976014,-26.5781995,-26.5781995,-23.0617542,-23.0617542,0.0320535973,16.870846,16.870846,5.6629439e-05,5.6629439e-05,0.000171296011,0.000171296011,0.87860514,922.826961,79.12416,0.00166889213,-0.082049351,0.0,2214.7332,921.585536,0.0320535973,-62.9846789,9.9777789e-05
1562.0,275.89572,2236.69028,-114.597483,-114.597483,-26.8416705,-26.8416705,-23.3223588,-23.3223588,0.0322511843,16.870846,16.870846,5.6978519e-05,5.6978519e-05,0.000172350248,0.000172350248,0.878750665,931.972976,79.12416,0.001679179666,0.0215380823,0.0,2236.69028,930.722162,0.0322511843,-86.3833127,0.000367521438
1562.5,275.89572,2258.63859,-114.5970649,-114.5970649,-27.1049655,-27.1049655,-23.5824324,-23.5824324,0.03028589224,16.870846,16.870846,5.3506416e-05,5.3506416e-05,0.000173944644,0.000173944644,0.878897624,941.118989,78.7277265,0.00157685538,-0.005623688,0.0,2258.63859,939.853882,0.03028589224,-70.8943383,0.000287461632
1563.0,275.89572,2280.57374,-114.5978828,-114.5978828,-27.3683952,-27.3683952,-23.8377354,-23.8377354,0.0465521624,24.7239706,24.7239706,0.000123164401,0.000123164401,0.00037253188,0.00037253188,0.879045978,950.264997,53.4088098,0.00242376971,0.0478213655,0.0,2280.57374,948.990769,0.0465521624,-122.979052,0.000241142185
1563.5,275.89572,2301.85538,-114.6265985,-114.6265985,-27.6307294,-27.6307294,-24.0904685,-24.0904685,0.688911627,47.9702554,47.9702554,0.004081438752,0.004081438752,0.012224139574,0.012224139574,0.87919573,959.411007,14.2439129326,0.0358686484,0.1617810333,0.0,2301.85538,958.221258,0.688911627,-97.24745213,0.000501050359
1564.0,275.89572,2297.91364,-114.9212945,-114.9212945,-27.6542379,-27.6542379,-24.1015858,-24.1015858,16.74288506,71.6319654,71.6319654,0.1303718026,0.1303718026,0.3688109275,0.3688109275,0.879345616,966.736245,0.0,0.871729598,0.676820718,0.0,2297.91364,965.954882,16.74288506,0.0,0.0
1564.5,275.89572,2263.85116,-115.0166905,-115.0166905,-27.2669982,-27.2669982,-23.7232101,-23.7232101,41.4483735,95.289835,95.289835,0.418921983,0.418921983,1.101061463,1.101061463,0.879491295,967.3516,0.0,2.15803751,0.752867409,0.0,2263.85116,966.206583,41.4483735,0.0,0.0
1565.0,275.89572,2225.41454,-115.032873,-115.032873,-26.8078135,-26.8078135,-23.2702931,-23.2702931,68.7981575,118.9477035,118.9477035,0.862821925,0.862821925,2.11138928,2.11138928,0.879629795,967.3516,0.0,3.58202239,0.829306596,0.0,2225.41454,966.182157,68.7981575,0.0,0.0
1565.5,275.89572,2183.58535,-115.0498366,-115.0498366,-26.3078132,-26.3078132,-22.7764627,-22.7764627,98.6547556,137.231873,137.231873,1.41931093,1.41931093,3.24893806,3.24893806,0.879759362,967.3516,0.0,5.13652637,0.888285218,0.0,2183.58535,966.209766,98.6547556,0.0,0.0
1566.0,275.89572,2140.36934,-115.0503042,-115.0503042,-25.7872549,-25.7872549,-22.2651963,-22.2651963,129.4839121,138.47754,138.47754,1.87768937,1.87768937,4.00204956,4.00204956,0.879880712,967.3516,0.0,6.74166724,0.892016759,0.0,2140.36934,966.228193,129.4839121,0.0,0.0
1566.5,275.89572,2132.74349,-114.0058733,-114.0058733,-25.4607869,-25.4607869,-21.9907907,-21.9907907,160.296085,138.47754,138.47754,2.32450696,2.32450696,4.63105364,4.63105364,0.879995369,984.33863,0.0,8.34592358,0.889815198,0.0,2132.74349,981.046015,160.296085,0.0,0.0
1567.0,263.351794,2220.63799,-108.8002221,-108.8002221,-25.2947903,-25.2947903,-22.0575448,-22.0575448,190.809621,138.47754,138.47754,2.76699398,2.76699398,5.18374613,5.18374613,0.880107743,1048.33822,0.0,9.93463155,0.86568974,0.0,2220.63799,1035.436179,190.809621,0.0,0.0
1567.5,228.4783,2311.09815,-93.8415188,-93.8415188,-22.6962055,-22.6962055,-20.1207427,-20.1207427,219.589315,138.47754,138.47754,3.18433791,3.18433791,5.70056824,5.70056824,0.880210175,1115.06698,0.0,11.43306585,0.798524759,0.0,2311.09815,1089.88156,219.589315,0.0,0.0
1568.0,193.2144,2433.11715,-79.108888,-79.108888,-20.1407536,-20.1407536,-18.1432568,-18.1432568,246.032211,138.47754,138.47754,3.56779518,3.56779518,6.14866099,6.14866099,0.880298174,1181.79574,0.0,12.809833,0.731274012,0.0,2433.11715,1156.09438,246.032211,0.0,0.0
1568.5,158.631102,2560.65693,-64.5454931,-64.5454931,-17.2917957,-17.2917957,-15.8006099,-15.8006099,270.153868,138.47754,138.47754,3.91759138,3.91759138,6.52910696,6.52910696,0.880370189,1248.5245,0.0,14.0657431,0.665102745,0.0,2560.65693,1223.24909,270.153868,0.0,0.0
1569.0,147.24799,2734.3389,-59.5670212,-59.5670212,-17.0579289,-17.0579289,-15.7097062,-15.7097062,292.576645,138.47754,138.47754,4.24275156,4.24275156,6.86077564,6.86077564,0.880430152,1315.25325,0.0,15.2332001,0.642623694,0.0,2734.3389,1308.61192,292.576645,0.0,0.0
1569.5,147.24799,2875.74979,-59.9459165,-59.9459165,-18.0526196,-18.0526196,-16.6808686,-16.6808686,314.799784,138.47754,138.47754,4.56501669,4.56501669,7.17051324,7.17051324,0.880493108,1381.98202,0.0,16.3902624,0.642700564,0.0,2875.74979,1380.43,314.799784,0.0,0.0
1570.0,142.490503,2994.49036,-58.1982715,-58.1982715,-18.2451605,-18.2451605,-16.9147736,-16.9147736,336.935227,138.47754,138.47754,4.88601014,4.88601014,7.46188974,7.46188974,0.880558714,1448.71079,0.0,17.5427602,0.633498413,0.0,2994.49036,1442.76357,336.935227,0.0,0.0
1570.5,126.8568965,3109.35427,-51.4857654,-51.4857654,-16.7567962,-16.7567962,-15.6124888,-15.6124888,358.321071,138.47754,138.47754,5.19613339,5.19613339,7.72848003,7.72848003,0.880618321,1515.43954,0.0,18.6562281,0.602964185,0.0,3109.35427,1503.04629,358.321071,0.0,0.0
1571.0,110.807745,3228.13866,-45.3718799,-45.3718799,-15.3347714,-15.3347714,-14.3452541,-14.3452541,378.636633,138.47754,138.47754,5.490736,5.490736,7.96933712,7.96933712,0.880667558,1575.45405,0.0,19.7139712,0.572980895,0.0,3228.13866,1564.33545,378.636633,0.0,0.0
1571.5,97.421738,3229.32725,-40.5545004,-40.5545004,-13.7149192,-13.7149192,-12.8416584,-12.8416584,397.981095,138.47754,138.47754,5.77125672,5.77125672,8.24210135,8.24210135,0.880706139,1585.422,0.0,20.721154,0.548351636,0.0,3229.32725,1576.12512,397.981095,0.0,0.0
1572.0,95.98734,3220.00475,-40.0422888,-40.0422888,-13.5021557,-13.5021557,-12.6416656,-12.6416656,416.845027,138.47754,138.47754,6.04480883,6.04480883,8.5420853,8.5420853,0.880736342,1585.422,0.0,21.7033174,0.545123509,0.0,3220.00475,1583.26048,416.845027,0.0,0.0
1572.5,95.98734,3195.03037,-40.0913565,-40.0913565,-13.4138773,-13.4138773,-12.5537033,-12.5537033,435.681214,138.47754,138.47754,6.31795858,6.31795858,8.83540175,8.83540175,0.880764112,1585.422,0.0,22.6840358,0.544515922,0.0,3195.03037,1583.86677,435.681214,0.0,0.0
1573.0,95.98734,3169.30195,-40.0769183,-40.0769183,-13.3010803,-13.3010803,-12.4428243,-12.4428243,454.007021,118.6696755,118.6696755,5.63237698,5.63237698,7.74448747,7.74448747,0.880791245,1585.422,0.0,23.6381816,0.479738549,0.0,3169.30195,1583.86131,454.007021,0.0,0.0
1573.5,95.98734,3152.30224,-39.9973585,-39.9973585,-13.2034678,-13.2034678,-12.3481687,-12.3481687,465.996457,32.69781776,32.69781776,1.5901511474,1.5901511474,2.3269671974,2.3269671974,0.880841142,1585.422,0.0,24.2624194,0.200990958,0.0,3152.30224,1583.78816,465.996457,0.0,0.0
1574.0,95.98734,3147.99747,-39.9471707,-39.9471707,-13.16888555,-13.16888555,-12.3150457,-12.3150457,469.190092,-19.3298815,-19.3298815,-0.94975509,-0.94975509,-0.540740202,-0.540740202,0.88092089,1585.422,0.0,24.4286987,0.0323996903,0.0,3147.99747,1583.86162,469.190092,0.0,0.0
1574.5,95.98734,3146.6076,-39.9496768,-39.9496768,-13.16389715,-13.16389715,-12.31009015,-12.31009015,470.2861,-19.54008,-19.54008,-0.962314625,-0.962314625,-0.54961741,-0.54961741,0.881006642,1585.422,0.0,24.485763,0.0316743228,0.0,3146.6076,1583.92324,470.2861,0.0,0.0
1575.0,95.98734,3145.08021,-39.9498318,-39.9498318,-13.15755775,-13.15755775,-12.3038479,-12.3038479,471.380376,-19.54008,-19.54008,-0.964553769,-0.964553769,-0.551364333,-0.551364333,0.881092383,1585.422,0.0,24.5427366,0.0316301234,0.0,3145.08021,1583.92657,471.380376,0.0,0.0
1575.5,95.98734,3143.55037,-39.9498219,-39.9498219,-13.1511551,-13.1511551,-12.29754675,-12.29754675,472.473111,-19.54008,-19.54008,-0.96678976,-0.96678976,-0.553110992,-0.553110992,0.881178087,1585.422,0.0,24.599631,0.0315855984,0.0,3143.55037,1583.9281,472.473111,0.0,0.0
1576.0,95.98734,3142.02272,-39.9498092,-39.9498092,-13.14475985,-13.14475985,-12.29125365,-12.29125365,473.564308,-19.54008,-19.54008,-0.969022615,-0.969022615,-0.554857336,-0.554857336,0.881263748,1585.422,0.0,24.6564447,0.0315410286,0.0,3142.02272,1583.92956,473.564308,0.0,0.0
1576.5,95.98734,3138.34408,-39.9880855,-39.9880855,-13.1419429,-13.1419429,-12.2877845,-12.2877845,476.338014,26.44923458,26.44923458,1.324452441,1.324452441,2.01186657,2.01186657,0.88134453,1585.422,0.0,24.8008601,0.1802312297,0.0,3138.34408,1584.01839,476.338014,0.0,0.0
1577.0,95.98734,3122.32466,-40.0762966,-40.0762966,-13.1036924,-13.1036924,-12.2485581,-12.2485581,487.875233,121.3776855,121.3776855,6.21501756,6.21501756,8.41995699,8.41995699,0.8813939,1585.422,0.0,25.4015529,0.487031228,0.0,3122.32466,1584.0891,487.875233,0.0,0.0
1577.5,95.98734,3091.34036,-40.1615529,-40.1615529,-13.0012463,-13.0012463,-12.14632525,-12.14632525,510.009266,216.274363,216.274363,11.5732868,11.5732868,16.472575,16.472575,0.881392685,1585.422,0.0,26.5539757,0.793237901,0.0,3091.34036,1584.12018,510.009266,0.0,0.0
1578.0,95.98734,3045.54108,-40.2465557,-40.2465557,-12.835727,-12.835727,-11.9823187,-11.9823187,542.72265,311.205715,311.205715,17.7181612,17.7181612,26.596797,26.596797,0.881316352,1585.422,0.0,28.2572209,1.09903524,0.0,3045.54108,1584.16384,542.72265,0.0,0.0
1578.5,95.98734,2574.36964,-51.0901481,-51.0901481,-13.5824316,-13.5824316,-12.4900852,-12.4900852,585.732141,385.844149,385.661467,23.6772621,23.6656475,36.5323084,36.5145349,0.881129232,1393.15731,0.0,30.4965389,1.35671293,0.0,2574.36964,1413.21891,585.732141,0.0,0.0
1579.0,95.98734,1027.034984,-52.6889694,-52.6889694,-5.77372943,-5.77372943,-4.82528172,-4.82528172,631.315356,391.3877,341.483962,25.8751067,22.5454405,37.8139596,33.000965,0.880824217,799.937896,0.0,32.8698598,1.21410907,0.0,1027.034984,795.97721,631.315356,0.0,0.0
1579.5,95.98734,446.830383,-39.2989575,-39.2989575,-1.83954912,-1.83954912,-1.27439707,-1.27439707,669.787419,391.3877,300.286585,27.4519234,21.0596319,38.3311199,29.4068385,0.880487235,593.8369,0.0,34.8729329,1.05546848,0.0,446.830383,577.013352,669.787419,0.0,0.0
1580.0,52.3850754,343.327114,-23.13021789,-23.13021789,-0.924244469,-0.924244469,-0.607815439,-0.607815439,704.742835,391.3877,285.611866,28.8846064,21.0723402,39.3808375,28.7345542,0.880150379,593.8369,0.0,36.6929095,0.927009915,0.0,343.327114,554.355072,704.742835,0.0,0.0
1580.5,19.002869,363.733181,-7.08913282,-7.08913282,-0.271808449,-0.271808449,-0.1322481044,-0.1322481044,734.270285,391.3877,274.478574,30.0948202,21.1039495,40.2734785,28.2424301,0.87981364,593.8369,0.0,38.2302784,0.822330594,0.0,363.733181,580.087054,734.270285,0.0,0.0
1581.0,29.5799001,378.32335,-12.1994991,-12.1994991,-0.483102514,-0.483102514,-0.291498675,-0.291498675,762.630154,391.3877,269.346064,31.2571785,21.5096261,41.2546015,28.3898157,0.879477006,593.8369,0.0,39.7068529,0.825101804,0.0,378.32335,602.717251,762.630154,0.0,0.0
1581.5,50.2467247,351.103142,-21.1301973,-21.1301973,-0.773927163,-0.773927163,-0.502349601,-0.502349601,791.547632,391.3877,264.390964,32.4423907,21.9141171,42.3244919,28.5897938,0.8791405,593.8369,0.0,41.2124609,0.846748018,0.0,351.103142,608.275429,791.547632,0.0,0.0
1582.0,70.9135475,310.028703,-29.7477712,-29.7477712,-0.96268498,-0.96268498,-0.61054332,-0.61054332,821.136717,391.3877,258.49398,33.6551298,22.2261065,43.437562,28.6871121,0.878804098,593.8369,0.0,42.7530367,0.864682975,0.0,310.028703,608.460908,821.136717,0.0,0.0
1582.5,91.5803731,267.781626,-38.3521806,-38.3521806,-1.07230284,-1.07230284,-0.633424054,-0.633424054,851.316757,391.3877,252.1644,34.8920896,22.4786775,44.5464813,28.6990277,0.878467807,593.8369,0.0,44.3243805,0.881076609,0.0,267.781626,608.503487,851.316757,0.0,0.0
1583.0,112.2471954,224.755518,-46.9561506,-46.9561506,-1.10194978,-1.10194978,-0.59856426,-0.59856426,882.049219,391.3877,245.64393,36.1516908,22.6878738,45.6558694,28.6531361,0.878131639,593.8369,0.0,45.9244881,0.89673133,0.0,224.755518,608.544465,882.049219,0.0,0.0
1583.5,122.79045,160.476776,-51.6522453,-51.6522453,-0.868366321,-0.868366321,-0.422302807,-0.422302807,913.082476,391.3877,238.363409,37.4236209,22.7897087,46.7441165,28.4664196,0.877795584,593.8369,0.0,47.5402548,0.891235503,0.0,160.476776,599.917687,913.082476,0.0,0.0
1584.0,122.79045,104.7373959,-51.3486222,-51.3486222,-0.563214373,-0.563214373,-0.246974883,-0.246974883,943.444423,391.3877,231.549546,38.668037,22.8748644,47.8029022,28.2793884,0.877459635,593.8369,0.0,49.1210697,0.866230512,0.0,104.7373959,594.452252,943.444423,0.0,0.0
1584.5,122.79045,62.9750028,-51.3289899,-51.3289899,-0.338503087,-0.338503087,-0.1368374596,-0.1368374596,973.011815,391.3877,225.582134,39.8798858,22.9838825,48.8567524,28.1579765,0.877123801,593.8369,0.0,50.6605156,0.844444827,0.0,62.9750028,594.338774,973.011815,0.0,0.0
1585.0,122.79045,22.6086474,-51.3229241,-51.3229241,-0.1215126504,-0.1215126504,-0.0453896964,-0.0453896964,1001.840752,391.3877,219.892457,41.0614701,23.0681295,49.9379404,28.0552872,0.876788084,593.8369,0.0,52.1615151,0.823569656,0.0,22.6086474,594.375046,1001.840752,0.0,0.0
1585.5,122.79045,2.49086015,-54.788816,-54.788816,-0.01443826172,-0.01443826172,-0.004827741,-0.004827741,1029.971293,391.3877,214.896302,42.2144285,23.1772697,51.0026893,28.0026507,0.876452476,593.8369,0.0,53.6261488,0.803353306,0.0,2.49086015,602.429085,1029.971293,0.0,0.0
1586.0,122.79045,0.56196556,-67.8549326,-63.5270141,-0.00374743976,-0.00471074016,0.020315729954,0.017577494654,1057.48227,391.3877,210.41388,43.3419953,23.3000986,52.0468925,27.9800093,0.876116997,593.8369,0.0,55.0585272,0.79276138,0.0,0.56196556,617.689934,1057.48227,0.0,0.0
1586.5,122.79045,-2.732745114,-89.463294,-49.5103679,0.0261266248,0.01221187145,0.07541998203,0.03604998852,1084.41684,391.3877,206.095002,44.445935,23.4031142,53.0621175,27.9402693,0.875781619,593.8369,0.0,56.4608938,0.760158666,0.0,-2.732745114,632.045872,1084.41684,0.0,0.0
1587.0,122.79045,-78.6985848,-104.2466432,-51.7622679,0.857976441,0.4244777725,2.00988179,0.994741285,1110.56427,391.3877,195.836959,45.5176147,22.7728429,53.9047473,26.9702117,0.875446364,598.571377,0.0,57.822277,0.736606379,0.0,-78.6985848,615.703208,1110.56427,0.0,0.0
1587.5,122.79045,-20.73021341,-83.7344641,-53.2320495,0.20955430516,0.10503326435,0.53036966853,0.27038682413,1135.83563,391.3877,197.134062,46.5533881,23.448795,54.9624442,27.6844056,0.875111204,696.337916,0.0,59.1380476,0.734905385,0.0,-20.73021341,654.58005,1135.83563,0.0,0.0
1588.0,122.79045,254.8279674,-46.5426197,-46.5426197,-1.2412609758,-1.2412609758,-0.779947026,-0.779947026,1161.25027,384.770835,200.436423,46.7834927,24.3762353,55.1132156,28.7165438,0.874776176,829.752433,0.0,60.4612776,0.737430636,0.0,254.8279674,784.081252,1161.25027,0.0,0.0
1588.5,122.79045,645.994044,-48.189785,-48.189785,-3.26103215,-3.26103215,-2.48284183,-2.48284183,1187.18358,285.519416,207.638344,35.4669095,25.8151391,41.7798683,30.409195,0.87444124,963.166945,0.0,61.8115126,0.760964735,0.0,645.994044,961.990618,1187.18358,0.0,0.0
1589.0,122.79045,934.958574,-48.2750573,-48.2750573,-4.72626736,-4.72626736,-3.88543813,-3.88543813,1211.80436,156.5777724,156.1546884,19.8468491,19.7936072,23.005143,22.9424584,0.874155739,1096.58145,0.0,63.093411,0.592073604,0.0,934.958574,1096.60678,1211.80436,0.0,0.0
1589.5,122.79045,1236.01103,-48.1707538,-48.1707538,-6.23480518,-6.23480518,-5.35263287,-5.35263287,1225.43872,45.9912644,45.9912644,5.89792507,5.89792507,6.9887362,6.9887362,0.874071747,1229.99597,0.0,63.8032933,0.234007593,0.0,1236.01103,1229.83793,1225.43872,0.0,0.0
1590.0,122.79045,1547.07387,-48.1600591,-48.1600591,-7.80238046,-7.80238046,-6.88516135,-6.88516135,1232.20064,32.111,32.111,4.14346701,4.14346701,5.1088445,5.1088445,0.874076898,1363.41049,0.0,64.1553572,0.18832215,0.0,1547.07387,1363.22172,1232.20064,0.0,0.0
1590.5,122.79045,1858.19961,-48.1608854,-48.1608854,-9.37163615,-9.37163615,-8.424155,-8.424155,1238.69936,32.111,32.111,4.16532001,4.16532001,5.13234079,5.13234079,0.874095054,1496.82502,0.0,64.4937139,0.18763064,0.0,1858.19961,1496.47794,1238.69936,0.0,0.0
1591.0,122.79045,2169.33044,-48.1607141,-48.1607141,-10.9407531,-10.9407531,-9.96560015,-9.96560015,1245.17403,32.111,32.111,4.18709212,4.18709212,5.15571934,5.15571934,0.874123783,1630.23951,0.0,64.830825,0.186936325,0.0,2169.33044,1629.72233,1245.17403,0.0,0.0
1591.5,122.79045,2480.49427,-48.1605207,-48.1605207,-12.51002005,-12.51002005,-11.5086063,-11.5086063,1251.6247,32.111,32.111,4.20878347,4.20878347,5.17897991,5.17897991,0.874162824,1763.65405,0.0,65.1666846,0.186240948,0.0,2480.49427,1762.96644,1251.6247,0.0,0.0
1592.0,122.79045,2643.59659,-51.1369487,-51.1369487,-14.15647295,-14.15647295,-13.0629927,-13.0629927,1258.13426,32.111,32.111,4.23067279,4.23067279,5.20242142,5.20242142,0.874212761,1830.5889,0.0,65.5056083,0.190712036,0.0,2643.59659,1834.63535,1258.13426,0.0,0.0
1592.5,122.79045,2623.30168,-51.1650037,-51.1650037,-14.0556208,-14.0556208,-12.96367625,-12.96367625,1264.72193,32.111,32.111,4.25282501,4.25282501,5.22611228,5.22611228,0.874266715,1830.5889,0.0,65.8486006,0.190044757,0.0,2623.30168,1830.03701,1264.72193,0.0,0.0
1593.0,122.6750915,2613.65218,-51.1123692,-51.1123692,-13.9895223,-13.9895223,-12.9000928,-12.9000928,1271.05705,21.46378286,21.46378286,2.855067463,2.855067463,3.614342722,3.614342722,0.874321772,1830.5889,0.0,66.1784415,0.1547055221,0.0,2613.65218,1829.72078,1271.05705,0.0,0.0
1593.5,119.822829,2605.37674,-49.8841156,-49.8841156,-13.61012355,-13.61012355,-12.5542996,-12.5542996,1273.12741,-40.341846,-40.341846,-5.3773974,-5.3773974,-4.54509233,-4.54509233,0.874408254,1830.5889,0.0,66.286237,-0.0509541522,0.0,2605.37674,1827.48619,1273.12741,0.0,0.0
1594.0,115.8381159,2611.42745,-48.1414441,-48.1414441,-13.16499395,-13.16499395,-12.1543053,-12.1543053,1268.02202,-86.4616381,-86.4616381,-11.48069495,-11.48069495,-10.09546495,-10.09546495,0.874537636,1830.5889,0.0,66.0204209,-0.209793517,0.0,2611.42745,1827.02291,1268.02202,0.0,0.0
1594.5,111.8534025,2621.28683,-46.4929015,-46.4929015,-12.76220245,-12.76220245,-11.7932119,-11.7932119,1261.0971,-74.9974443,-74.9974443,-9.905248,-9.905248,-8.67772388,-8.67772388,0.874674274,1830.5889,0.0,65.6598714,-0.178259745,0.0,2621.28683,1827.08211,1261.0971,0.0,0.0
1595.0,107.8686905,2628.65791,-44.8499291,-44.8499291,-12.34586135,-12.34586135,-11.4173394,-11.4173394,1255.8433,-57.1142387,-57.1142387,-7.51185838,-7.51185838,-6.50683064,-6.50683064,0.874797517,1830.5889,0.0,65.386327,-0.1260629585,0.0,2628.65791,1827.08155,1255.8433,0.0,0.0
1595.5,103.8839781,2633.52881,-43.2059612,-43.2059612,-11.9153958,-11.9153958,-11.0251936,-11.0251936,1252.36339,-39.2310343,-39.2310343,-5.14544197,-5.14544197,-4.32846358,-4.32846358,0.874905944,1830.5889,0.0,65.2051431,-0.0753163401,0.0,2633.52881,1827.07651,1252.36339,0.0,0.0
1596.0,99.8992651,2635.9495,-41.5619406,-41.5619406,-11.4725742,-11.4725742,-10.62051275,-10.62051275,1250.63413,-21.3478289,-21.3478289,-2.79597411,-2.79597411,-2.12886845,-2.12886845,0.874998847,1830.5889,0.0,65.1151069,-0.02477402887,0.0,2635.9495,1827.07409,1250.63413,0.0,0.0
1596.5,95.9145524,2635.92859,-39.9178684,-39.9178684,-11.01869845,-11.01869845,-10.2046627,-10.2046627,1250.6489,-3.46462404,-3.46462404,-0.453616959,-0.453616959,-0.24431077,-0.24431077,0.875076888,1830.5889,0.0,65.1158775,0.02557978543,0.0,2635.92859,1827.07401,1250.6489,0.0,0.0
1597.0,91.9298396,2633.47511,-38.2737445,-38.2737445,-10.5550656,-10.5550656,-9.77835375,-9.77835375,1252.40123,14.41858096,14.41858096,1.891418185,1.891418185,2.58574833,2.58574833,0.875137835,1830.5889,0.0,65.2071145,0.0757458005,0.0,2633.47511,1827.07628,1252.40123,0.0,0.0
1597.5,87.9451271,2628.59814,-36.6295681,-36.6295681,-10.08296645,-10.08296645,-9.3404338,-9.3404338,1255.88469,32.3017862,32.3017862,4.24887127,4.24887127,5.20430428,5.20430428,0.875177138,1830.5889,0.0,65.3884816,0.125723932,0.0,2628.59814,1827.08087,1255.88469,0.0,0.0
1598.0,84.9409456,2623.54404,-35.3394978,-35.3394978,-9.7090727,-9.7090727,-8.9930787,-8.9930787,1261.10633,50.1849917,50.1849917,6.62851359,6.62851359,7.71161774,7.71161774,0.875196488,1830.5889,0.0,65.6603517,0.177269425,0.0,2623.54404,1828.0267,1261.10633,0.0,0.0
1598.5,84.763466,2617.75321,-35.3276983,-35.3276983,-9.68439495,-9.68439495,-8.9691608,-8.9691608,1268.2135,68.042323,68.042323,9.03773767,9.03773767,10.33559765,10.33559765,0.875196134,1830.5889,0.0,66.0303902,0.234042303,0.0,2617.75321,1829.76696,1268.2135,0.0,0.0
1599.0,84.763466,2605.78134,-35.3429223,-35.3429223,-9.6442629,-9.6442629,-8.92981355,-8.92981355,1276.89106,75.85095,75.85095,10.1424643,10.1424643,11.56084065,11.56084065,0.875179585,1830.5889,0.0,66.4821944,0.258389588,0.0,2605.78134,1829.85214,1276.89106,0.0,0.0
1599.5,84.763466,2593.28295,-35.342268,-35.342268,-9.5978274,-9.5978274,-8.88455275,-8.88455275,1285.80696,75.85095,75.85095,10.21328425,10.21328425,11.6331456,11.6331456,0.87515937,1830.5889,0.0,66.9464072,0.257402438,0.0,2593.28295,1829.85737,1285.80696,0.0,0.0
1600.0,84.763466,2580.8481,-35.3419759,-35.3419759,-9.5517267,-9.5517267,-8.8395607,-8.8395607,1294.68872,75.85095,75.85095,10.2838327,10.2838327,11.7050696,11.7050696,0.875138271,1830.5889,0.0,67.4088405,0.256412874,0.0,2580.8481,1829.86915,1294.68872,0.0,0.0
1600.5,84.763466,2568.46165,-35.3417004,-35.3417004,-9.50581015,-9.50581015,-8.7942927,-8.7942927,1303.53621,75.85095,75.85095,10.354109,10.354109,11.7766134,11.7766134,0.875116271,1830.5889,0.0,67.869489,0.25542038,0.0,2568.46165,1829.88099,1303.53621,0.0,0.0
1601.0,84.763466,2886.78775,-26.13685,-26.13685,-7.74103213,-7.74103213,-7.16597228,-7.16597228,1312.16411,75.85095,75.85095,10.4226416,10.4226416,11.8462833,11.8462833,0.875088542,1986.82377,0.0,68.3187099,0.238438499,0.0,2886.78775,1967.37663,1312.16411,0.0,0.0
1601.5,84.763466,4239.10346,-22.3643991,-22.3643991,-9.93538485,-9.93538485,-9.3288207,-9.3288207,1320.18012,75.85095,75.85095,10.4863133,10.4863133,11.9109245,11.9109245,0.875057104,2538.79597,0.0,68.7360685,0.23096286,0.0,4239.10346,2534.7657,1320.18012,0.0,0.0
1602.0,84.763466,5603.03182,-22.5626233,-22.5626233,-13.2387247,-13.2387247,-12.51547245,-12.51547245,1328.15402,75.649214,75.649214,10.52153985,10.52153985,11.9439237,11.9439237,0.875049621,3109.40105,0.0,69.1512359,0.229744423,0.0,5603.03182,3106.96219,1328.15402,0.0,0.0
1602.5,84.763466,6961.5793,-22.5654139,-22.5654139,-16.450508,-16.450508,-15.6013789,-15.6013789,1336.02006,74.467095,74.467095,10.4184311,10.4184311,11.8233381,11.8233381,0.875065108,3680.00622,0.0,69.5607831,0.2250207,0.0,6961.5793,3676.85675,1336.02006,0.0,0.0
1603.0,84.763466,8296.7245,-24.7965302,-24.7965302,-21.6492848,-21.6492848,-20.512678,-20.512678,1343.72384,73.15756,73.15756,10.2942375,10.2942375,11.67948625,11.67948625,0.875103749,4233.35889,0.0,69.961889,0.223770975,0.0,8296.7245,4236.918739999999,1343.72384,0.0,0.0
1603.5,84.763466,8681.6642,-36.1692326,-36.1692326,-32.8845787,-32.8845787,-31.414171,-31.414171,1351.7824,71.848025,71.848025,10.1705926,10.1705926,11.5360222,11.5360222,0.87520491,4392.8447,0.0,70.3814638,0.238381717,0.0,8681.6642,4401.80039,1351.7824,0.0,0.0
1604.0,84.763466,8639.753,-35.3643579,-35.3643579,-31.9960141,-31.9960141,-30.5573949,-30.5573949,1359.90095,70.5384883,70.5384883,10.045189,10.045189,11.3916903,11.3916903,0.875329103,4392.8447,0.0,70.8041594,0.231794555,0.0,8639.753,4389.10128,1359.90095,0.0,0.0
1604.5,84.763466,8627.88255,-35.3342315,-35.3342315,-31.9248237,-31.9248237,-30.4906616,-30.4906616,1367.82366,69.2289513,69.2289513,9.9161391,9.9161391,11.2441057,11.2441057,0.875452321,4392.8447,0.0,71.2166629,0.226572704,0.0,8627.88255,4388.78776,1367.82366,0.0,0.0
1605.0,84.763466,8617.0232,-35.3323819,-35.3323819,-31.8829714,-31.8829714,-30.4522799,-30.4522799,1375.57076,68.092964,68.092964,9.8087116,9.8087116,11.1206455,11.1206455,0.875576097,4392.8447,0.0,71.620017,0.221976584,0.0,8617.0232,4388.79252,1375.57076,0.0,0.0
1605.5,84.763466,8606.317500000001,-35.3696239,-35.3696239,-31.8769058,-31.8769058,-30.448724,-30.448724,1383.21466,67.93913,67.93913,9.84097675,9.84097675,11.15251735,11.15251735,0.875699916,4392.60349,0.0,72.0180011,0.22062946,0.0,8606.317500000001,4388.80103,1383.21466,0.0,0.0
1606.0,84.763466,8020.4012,-46.046294,-46.046294,-38.6617197,-38.6617197,-37.1188799,-37.1188799,1391.14626,67.93913,67.93913,9.8974069,9.8974069,11.21105015,11.21105015,0.875844204,4137.23596,0.0,72.430968,0.238252714,0.0,8020.4012,4149.62813,1391.14626,0.0,0.0
1606.5,84.763466,6866.780860000001,-45.687766,-45.687766,-32.8550533,-32.8550533,-31.5306888,-31.5306888,1399.36233,67.93913,67.93913,9.9558609,9.9558609,11.2716231,11.2716231,0.875989522,3676.87831,0.0,72.8587429,0.236641705,0.0,6866.780860000001,3674.39552,1399.36233,0.0,0.0
1607.0,86.0613322,5751.93153,-45.971309,-45.971309,-27.6748045,-27.6748045,-26.4456874,-26.4456874,1407.53083,67.93913,67.93913,10.013976,10.013976,11.3317851,11.3317851,0.876103411,3216.5207,0.0,73.2840404,0.237654824,0.0,5751.93153,3215.26804,1407.53083,0.0,0.0
1607.5,107.446048,4672.00753,-54.8565611,-54.8565611,-26.7208866,-26.7208866,-25.3373518,-25.3373518,1416.29876,67.93913,67.93913,10.0763563,10.0763563,11.396295,11.396295,0.876197388,2756.16309,0.0,73.7405525,0.276953405,0.0,4672.00753,2771.02322,1416.29876,0.0,0.0
1608.0,135.686599,3559.34713,-66.8471224,-66.8471224,-24.8021426,-24.8021426,-23.1323179,-23.1323179,1426.78497,67.93913,67.93913,10.1509607,10.1509607,11.4733554,11.4733554,0.876284469,2295.80549,0.0,74.2865171,0.329432776,0.0,3559.34713,2314.15976,1426.78497,0.0,0.0
1608.5,163.927149,2437.43394,-78.6180735,-78.6180735,-19.9528817,-19.9528817,-17.9814826,-17.9814826,1439.0716,67.93913,67.93913,10.23837495,10.23837495,11.5635227,11.5635227,0.876347685,1835.44789,0.0,74.9262315,0.381296929,0.0,2437.43394,1854.49754,1439.0716,0.0,0.0
1609.0,192.167704,1312.872651,-90.3833856,-90.3833856,-12.3118034,-12.3118034,-10.1361416,-10.1361416,1453.14695,67.93913,67.93913,10.3385148,10.3385148,11.6666514,11.6666514,0.876366257,1375.09028,0.0,75.6590738,0.432913952,0.0,1312.872651,1394.77777,1453.14695,0.0,0.0
1609.5,220.408253,185.8211864,-102.1508901,-102.1508901,-1.873018934,-1.873018934,-0.0983048795,-0.0983048795,1469.00263,67.93913,67.93913,10.451321,10.451321,11.78261365,11.78261365,0.876315681,914.732664,0.0,76.4846081,0.484292324,0.0,185.8211864,935.061337,1469.00263,0.0,0.0
1610.0,248.648806,-900.50752,-119.5002076,-111.7433651,11.5482577,10.5679501,15.6394628,14.3932785,1486.54571,67.93913,64.1664992,10.57613295,9.9863114,11.9461582,11.2755984,0.876127885,454.375076,0.0,77.3980059,0.519460186,0.0,-900.50752,493.275255,1486.54571,0.0,0.0
1610.5,276.889362,-1419.958,-239.733892,-116.9867615,35.953025,17.4071301,44.3397312,21.4957756,1503.59455,67.881276,34.6136129,10.68827535,5.4468195,12.7933393,6.48100252,0.875802473,58.1517832,0.0,78.285664,0.463692129,0.0,-1419.958,287.082756,1503.59455,0.0,0.0
1611.0,305.129911,-1401.67073,-300.0,-125.5978538,44.0347857,18.4212331,54.5268155,22.8135252,1519.69609,61.9446424,25.9071806,9.8565913,4.12268041,12.3168958,5.15211579,0.875467218,7.196693,0.0,79.1240005,0.48128046,0.0,-1401.67073,304.093786,1519.69609,0.0,0.0
1611.5,333.370459,-1272.85036,-300.0,-137.546449,39.9877732,18.3219666,50.4077116,23.0995881,1537.11546,52.097472,23.8614486,8.38439268,3.84050648,10.59795755,4.85492578,0.875132066,7.196693,0.0,80.0309519,0.52605724,0.0,-1272.85036,367.867934,1537.11546,0.0,0.0
1612.0,359.467619,-1175.75488,-300.0,-149.00961,36.9374294,18.3413475,47.4247174,23.5504348,1556.02254,42.2503003,20.9719186,6.8828652,3.41669976,8.8485339,4.39296263,0.874797006,7.196693,0.0,81.0153627,0.564540415,0.0,-1175.75488,419.309785,1556.02254,0.0,0.0
1612.5,364.7247,-1193.7206,-300.0,-152.205376,37.5018385,19.0266463,47.9821315,24.3438353,1575.56747,32.4031305,16.4565426,5.3446469,2.71438245,7.06568919,3.58845531,0.87446208,7.196693,0.0,82.0329814,0.558983081,0.0,-1193.7206,423.246248,1575.56747,0.0,0.0
1613.0,364.7247,-1256.41565,-300.0,-152.309027,39.4714618,20.0396062,49.8949282,25.3315638,1594.57125,22.5559595,11.4695794,3.76487472,1.91442081,5.09272968,2.58963027,0.874127261,7.196693,0.0,83.0224267,0.540426715,0.0,-1256.41565,408.254541,1594.57125,0.0,0.0
1613.5,364.7247,-1325.52709,-300.0,-152.304101,41.6426602,21.1411608,52.0671644,26.4334762,1612.93146,12.7087884,6.47014775,2.14505354,1.092066324,2.90042277,1.476631266,0.873792567,7.196693,0.0,83.9783634,0.521701501,0.0,-1325.52709,390.217184,1612.93146,0.0,0.0
1614.0,364.7247,-1393.88176,-300.0,-152.331921,43.7900868,22.2354627,54.2819108,27.5629292,1630.64454,2.861617587,1.360976147,0.4871725419,0.2315662929,0.680417435,0.335233122,0.87345797,7.196693,0.0,84.9006062,0.502741191,0.0,-1393.88176,372.116812,1630.64454,0.0,0.0
1614.5,364.7247,-1468.2089,-300.0,-152.410747,46.1251438,23.4332521,56.6471173,28.778792,1647.55906,-6.98555323,-6.98555323,-1.206623857,-1.206623857,-0.895231603,-0.895231603,0.873123495,7.196693,0.0,85.7812705,0.47348396,0.0,-1468.2089,351.064991,1647.55906,0.0,0.0
1615.0,364.7247,-1537.69683,-300.0,-152.071013,48.3081701,24.4871888,58.820772,29.816067,1663.38232,-14.7892859,-14.7892859,-2.5765042,-2.5765042,-1.94112169,-1.94112169,0.872789128,7.196693,0.0,86.6051224,0.445380889,0.0,-1537.69683,331.389659,1663.38232,0.0,0.0
1615.5,364.7247,-1548.63617,-300.0,-151.694643,48.6518405,24.6007455,59.1599802,29.9141742,1678.66488,-15.396428,-15.396428,-2.7065285,-2.7065285,-2.0483665,-2.0483665,0.872454869,7.196693,0.0,87.4008196,0.440555211,0.0,-1548.63617,335.76109,1678.66488,0.0,0.0
1616.0,355.100829,-1589.63877,-300.0,-148.597981,49.9399755,24.7290045,60.4277525,29.9239645,1693.68421,-15.396428,-15.396428,-2.73074428,-2.73074428,-2.0691902,-2.0691902,0.872120735,7.196693,0.0,88.1828111,0.421775184,0.0,-1589.63877,327.469274,1693.68421,0.0,0.0
1616.5,333.175513,-1710.10828,-300.0,-139.776367,53.7246366,25.0214539,64.2648531,29.9321777,1707.5277,-15.396428,-15.396428,-2.75306428,-2.75306428,-2.08842271,-2.08842271,0.8717867,7.196693,0.0,88.9035798,0.37885,0.0,-1710.10828,285.424136,1707.5277,0.0,0.0
1617.0,311.221826,-1849.41548,-300.0,-130.843543,58.1011025,25.3289611,68.6694641,29.9383632,1719.88172,-15.396428,-15.396428,-2.77298275,-2.77298275,-2.1056177,-2.1056177,0.871452779,7.196693,0.0,89.5467985,0.335901928,0.0,-1849.41548,234.670776,1719.88172,0.0,0.0
1617.5,289.268138,-2009.59956,-300.0,-121.898755,63.1334315,25.6398969,73.723044,29.942522,1730.75452,-15.396428,-15.396428,-2.79051304,-2.79051304,-2.12077585,-2.12077585,0.871118969,7.196693,0.0,90.1129001,0.293141232,0.0,-2009.59956,174.365571,1730.75452,0.0,0.0
1618.0,267.314454,-2195.16103,-299.423093,-113.1189005,68.8250244,25.9879501,79.295838,29.9446444,1740.15586,-15.396428,-15.396428,-2.80567099,-2.80567099,-2.1338876,-2.1338876,0.870785283,12.8733821,0.0,90.6023875,0.250876369,0.0,-2195.16103,102.6414514,1740.15586,0.0,0.0
1618.5,245.360771,-2423.30231,-255.260445,-104.3624692,64.5653496,26.4651537,73.0866794,29.9445553,1748.10271,-15.396428,-15.396428,-2.81848376,-2.81848376,-2.14477762,-2.14477762,0.870451705,94.4997529,0.0,91.0161459,0.208865646,0.0,-2423.30231,12.35030602,1748.10271,0.0,0.0
1619.0,223.407083,-2520.24124,-114.1557446,-88.6710994,30.4516605,23.5180966,33.9526838,26.2004214,1754.50511,-15.396428,-15.396428,-2.82880649,-2.82880649,-2.1534935,-2.1534935,0.870132383,199.700925,0.0,91.3494921,0.155026686,0.0,-2520.24124,-24.2483912,1754.50511,0.0,0.0
1619.5,201.453395,-1823.24594,-79.5701523,-79.5701523,15.2026754,15.2026754,17.3976492,17.3976492,1759.00088,-15.396428,-15.396428,-2.83605501,-2.83605501,-2.15961749,-2.15961749,0.869949417,304.902098,0.0,91.5835656,0.112926319,0.0,-1823.24594,268.40152,1759.00088,0.0,0.0
1620.0,179.499714,-1520.62891,-72.3162235,-72.3162235,11.5352875,11.5352875,13.40912065,13.40912065,1762.26398,-15.396428,-15.396428,-2.84131618,-2.84131618,-2.16406441,-2.16406441,0.869837644,410.103274,0.0,91.7534614,0.0742320496,0.0,-1520.62891,396.22801,1762.26398,0.0,0.0
1620.5,160.641963,-1262.2916,-64.2455368,-64.2455368,8.50385503,8.50385503,10.0547082,10.0547082,1764.14077,-15.396428,-15.396428,-2.84434207,-2.84434207,-2.1666228,-2.1666228,0.869760962,515.304445,0.0,91.8511775,0.0379289386,0.0,-1262.2916,504.819907,1764.14077,0.0,0.0
1621.0,158.24948,-984.59905,-63.4209945,-63.4209945,6.53857527,6.53857527,8.05056481,8.05056481,1765.3169,-15.396428,-15.396428,-2.84623847,-2.84623847,-2.1682264,-2.1682264,0.869707672,620.505612,0.0,91.9124152,0.0335234417,0.0,-984.59905,621.056572,1765.3169,0.0,0.0
1621.5,158.24948,-731.417858,-63.5023799,-63.5023799,4.86388298,4.86388298,6.37857705,6.37857705,1766.47653,-15.396428,-15.396428,-2.84810809,-2.84810809,-2.16980766,-2.16980766,0.86966878,725.706789,0.0,91.9727911,0.0334883652,0.0,-731.417858,727.084227,1766.47653,0.0,0.0
1622.0,158.24948,-480.505791,-63.5040393,-63.5040393,3.19542456,3.19542456,4.75800895,4.75800895,1767.6313,-15.396428,-15.396428,-2.84996995,-2.84996995,-2.17138253,-2.17138253,0.869643036,830.907956,0.0,92.032916,0.0333151364,0.0,-480.505791,832.164878,1767.6313,0.0,0.0
1622.5,158.24948,-229.630333,-63.5040227,-63.5040227,1.527070695,1.527070695,2.84846203,2.84846203,1768.78004,-15.396428,-15.396428,-2.85182209,-2.85182209,-2.17294934,-2.17294934,0.869630513,936.109142,0.0,92.092724,0.0331398,0.0,-229.630333,937.226719,1768.78004,0.0,0.0
1623.0,158.24948,-54.9215226,-65.3530557,-65.3530557,0.374700563,0.374700563,0.95314095,0.95314095,1767.20096,-122.1254507,-122.1254507,-22.56742727,-22.56742727,-19.80161662,-19.80161662,0.869658105,1004.63877,0.0,92.0105086,-0.316857055,0.0,-54.9215226,1009.002346,1767.20096,0.0,0.0
1623.5,158.24948,-26.7918998,-65.6316905,-65.6316905,0.1841566602,0.1841566602,0.493351061,0.493351061,1743.93903,-278.34552,-278.34552,-50.8328136,-50.8328136,-44.2615404,-44.2615404,0.869866161,1005.991,0.0,90.7993609,-0.834890832,0.0,-26.7918998,1007.124833,1743.93903,0.0,0.0
1624.0,158.24948,13.17884155,-65.6180745,-65.6180745,-0.09055873607,-0.09055873607,-0.0233449112,-0.0233449112,1715.1493,-278.34552,-278.34552,-49.9936439,-49.9936439,-43.4375489,-43.4375489,0.870114716,1005.991,0.0,89.3004045,-0.83061824,0.0,13.17884155,1006.946839,1715.1493,0.0,0.0
1624.5,158.24948,53.2785699,-65.6186974,-65.6186974,-0.366107334,-0.366107334,-0.143362975,-0.143362975,1686.50075,-278.34552,-278.34552,-49.1585868,-49.1585868,-42.617952,-42.617952,0.870360737,1005.991,0.025782130614,87.808798,-0.829743542,0.0,53.2785699,1006.904944,1686.50075,-0.63198276,0.044304302
1625.0,158.24948,97.0180731,-65.5619034,-65.5619034,-0.666046452,-0.666046452,-0.28249764,-0.28249764,1655.05917,-278.34552,-278.34552,-48.242118,-48.242118,-41.7222068,-41.7222068,0.870603392,1005.991,1.671505163,86.1717705,-1.042058,0.0,97.0180731,1006.746767,1655.05917,-41.6785902,2.881445444
1625.5,158.24948,155.441827,-65.467114,-65.467114,-1.065611606,-1.065611606,-0.498900188,-0.498900188,1613.26772,-278.34552,-278.34552,-47.0239711,-47.0239711,-40.5376121,-40.5376121,0.87084202,1005.991,4.19187257,83.9958721,-1.36927114,0.0,155.441827,1006.655595,1613.26772,-104.709656,7.06650558
1626.0,158.24948,222.444403,-65.4899329,-65.4899329,-1.52560249,-1.52560249,-0.789836336,-0.789836336,1565.80426,-278.34552,-278.34552,-45.6404928,-45.6404928,-39.2001399,-39.2001399,0.871075742,1005.991,3.48843953,81.5246564,-1.27097743,0.0,222.444403,1006.822308,1565.80426,-87.3189265,5.73675898
1626.5,158.24948,516.401818,-60.9675384,-60.9675384,-3.29315415,-3.29315415,-2.317951986,-2.317951986,1527.62702,-278.34552,-278.34552,-44.5276925,-44.5276925,-38.1157777,-38.1157777,0.871306798,1113.30871,0.968345799,79.5369301,-0.94122699,0.0,516.401818,1106.848754,1527.62702,-24.30402828,1.561967684
1627.0,158.24948,1056.87442,-61.0969445,-61.0969445,-6.76222411,-6.76222411,-5.58247206,-5.58247206,1498.04036,-281.798572,-281.798572,-44.2050541,-44.2050541,-37.6823431,-37.6823431,0.871546418,1314.46153,0.051852,77.9964791,-0.827177268,0.0,1056.87442,1314.46796,1498.04036,-1.2963,0.0813425232
1627.5,158.24948,1507.46899,-63.7313748,-63.7313748,-10.07651965,-10.07651965,-8.7386446,-8.7386446,1469.09342,-289.666831,-289.666831,-44.5612549,-44.5612549,-37.766048,-37.766048,0.871800915,1478.955,0.0515916827,76.4893387,-0.845172053,0.0,1507.46899,1485.06175,1469.09342,-1.28992844,0.0793821524
1628.0,158.24948,1575.30098,-65.7246886,-65.7246886,-10.8421926,-10.8421926,-9.4367485,-9.4367485,1439.61029,-297.545341,-297.545341,-44.8546073,-44.8546073,-37.7869626,-37.7869626,0.872065129,1494.746,0.0350001002,74.9542805,-0.862213706,0.0,1575.30098,1496.07218,1439.61029,-0.876101803,0.0528976831
1628.5,161.959816,1622.81162,-66.7222869,-66.7222869,-11.3433764,-11.3433764,-9.9015449,-9.9015449,1409.48995,-305.423853,-305.423853,-45.0789366,-45.0789366,-37.7404198,-37.7404198,0.872330622,1494.746,0.009334416199,73.3860444,-0.87535794,0.0,1622.81162,1498.25466,1409.48995,-0.23432337588,0.013898927931
1629.0,198.329001,1721.34746,-82.0428124,-82.0428124,-14.79937455,-14.79937455,-12.8025426,-12.8025426,1379.93354,-313.302367,-313.302367,-45.2722247,-45.2722247,-37.6646124,-37.6646124,0.872603054,1494.746,0.0,71.847169,-0.825239436,0.0,1721.34746,1521.99838,1379.93354,0.0,0.0
1629.5,242.334264,1767.03762,-100.6197656,-100.6197656,-18.6249775,-18.6249775,-15.8681458,-15.8681458,1352.51043,-321.180875,-321.180875,-45.4885201,-45.4885201,-37.6059267,-37.6059267,0.8728893,1494.746,0.0,70.419365,-0.761510662,0.0,1767.03762,1524.99822,1352.51043,0.0,0.0
1630.0,286.339531,1802.51776,-118.9537656,-118.9537656,-22.4589749,-22.4589749,-18.938037,-18.938037,1327.27418,-328.958101,-328.958101,-45.720954,-45.720954,-37.5447258,-37.5447258,0.873188502,1494.746,0.0,69.1054247,-0.698197183,0.0,1802.51776,1525.02654,1327.27418,0.0,0.0
1630.5,330.344795,1834.49824,-137.286847,-137.286847,-26.378674,-26.378674,-22.2895108,-22.2895108,1304.44844,-331.70435,-331.70435,-45.3113169,-45.3113169,-37.0453424,-37.0453424,0.873500558,1494.746,0.0,67.9169896,-0.618267463,0.0,1834.49824,1525.00611,1304.44844,0.0,0.0
1631.0,374.35006,1862.27762,-155.622659,-155.622659,-30.3531627,-30.3531627,-25.7088055,-25.7088055,1284.61073,-331.70435,-331.70435,-44.6222337,-44.6222337,-36.379353,-36.379353,0.873824232,1494.746,0.0,66.8841241,-0.52945393,0.0,1862.27762,1524.98217,1284.61073,0.0,0.0
1631.5,418.355323,1885.76058,-173.958162,-173.958162,-34.356011,-34.356011,-29.1574787,-29.1574787,1267.83698,-331.70435,-331.70435,-44.0395819,-44.0395819,-35.8186991,-35.8186991,0.874159654,1494.746,0.0,66.0107884,-0.441009845,0.0,1885.76058,1524.95956,1267.83698,0.0,0.0
1632.0,441.3184,1862.08589,-184.183459,-184.183459,-35.9156961,-35.9156961,-30.4195042,-30.4195042,1253.67483,-331.70435,-331.70435,-43.5476448,-43.5476448,-35.3471118,-35.3471118,0.874504286,1494.746,0.0,65.273426,-0.393073996,0.0,1862.08589,1506.83915,1253.67483,0.0,0.0
1632.5,434.568954,1838.56471,-180.944234,-180.944234,-34.8382032,-34.8382032,-29.4470451,-29.4470451,1239.94055,-331.70435,-331.70435,-43.0705704,-43.0705704,-34.8913343,-34.8913343,0.874845989,1494.746,0.0,64.5583399,-0.405646252,0.0,1838.56471,1489.0325,1239.94055,0.0,0.0
1633.0,421.357954,1849.93542,-175.219276,-175.219276,-33.9433574,-33.9433574,-28.7185236,-28.7185236,1225.48431,-331.70435,-331.70435,-42.5684186,-42.5684186,-34.4132427,-34.4132427,0.875182161,1494.746,0.0,63.8056677,-0.430504965,0.0,1849.93542,1485.32305,1225.48431,0.0,0.0
1633.5,408.146954,1871.12883,-169.706679,-169.706679,-33.2519847,-33.2519847,-28.1846513,-28.1846513,1210.17871,-331.70435,-331.70435,-42.036764,-42.036764,-33.9088949,-33.9088949,0.875513905,1494.746,0.0,63.0087705,-0.454908374,0.0,1871.12883,1485.20494,1210.17871,0.0,0.0
1634.0,394.935954,1893.73128,-164.202562,-164.202562,-32.5620838,-32.5620838,-27.6532312,-27.6532312,1194.03103,-331.70435,-331.70435,-41.4758573,-41.4758573,-33.3788435,-33.3788435,0.875841275,1494.746,0.0,62.1680304,-0.479229826,0.0,1893.73128,1485.18145,1194.03103,0.0,0.0
1634.5,381.724958,1917.51366,-158.698624,-158.698624,-31.8657726,-31.8657726,-27.116821,-27.116821,1177.04361,-331.70435,-331.70435,-40.8857818,-40.8857818,-32.8234923,-32.8234923,0.876164181,1494.746,0.0,61.2835682,-0.503488131,0.0,1917.51366,1485.15867,1177.04361,0.0,0.0
1635.0,368.513958,1818.66571,-156.409274,-156.409274,-29.7908645,-29.7908645,-25.1514823,-25.1514823,1159.2929,-331.398645,-331.398645,-40.2323279,-40.2323279,-32.2160237,-32.2160237,0.876481202,1436.95748,0.0,60.3593671,-0.520847078,0.0,1818.66571,1433.66282,1159.2929,0.0,0.0
1635.5,355.302959,1401.64917,-151.836171,-151.836171,-22.3069822,-22.3069822,-18.02787095,-18.02787095,1141.39999,-320.725528,-320.725528,-38.3377948,-38.3377948,-30.7528962,-30.7528962,0.876773096,1258.37041,0.038559150231,59.4277596,-0.512428821,0.0,1401.64917,1249.69159,1141.39999,-0.9472656,0.044975647
1636.0,346.443435,1001.652439,-147.832501,-147.832501,-15.5088147,-15.5088147,-11.65522785,-11.65522785,1120.01376,-304.975022,-304.975022,-35.773545,-35.773545,-28.7999647,-28.7999647,0.87702555,1075.99271,2.50538374,58.3142714,-0.800163655,0.0,1001.652439,1070.762765,1120.01376,-62.4711586,2.92161831
1636.5,346.2102,625.371059,-147.776234,-147.776234,-9.67788978,-9.67788978,-6.33313233,-6.33313233,1084.5175,-289.224518,-289.224518,-32.8532335,-32.8532335,-26.48302,-26.48302,0.877240555,893.614981,6.3141523,56.4661344,-1.24718042,0.0,625.371059,893.463284,1084.5175,-157.712461,7.15113253
1637.0,346.2102,252.914616,-147.770672,-147.770672,-3.91355011,-3.91355011,-1.932320524,-1.932320524,1038.602824,-273.474014,-273.474014,-29.7498296,-29.7498296,-23.9753199,-23.9753199,0.877418106,711.23725,7.25304536,54.0755556,-1.31491133,0.0,252.914616,711.672166,1038.602824,-181.355868,7.89262164
1637.5,346.2102,-123.1338396,-147.542138,-147.542138,1.898045829,1.898045829,4.4185593743,4.4185593743,995.728738,-257.723502,-257.723502,-26.878951,-26.878951,-21.6742607,-21.6742607,0.877557888,530.497737,6.55881238,51.8432874,-1.16681192,0.0,-123.1338396,530.161769,995.728738,-163.996377,6.84243587
1638.0,346.2102,-241.448988,-143.494957,-143.494957,3.62798503,3.62798503,7.77333298,7.77333298,957.057507,-241.973,-241.973,-24.25632,-24.25632,-19.5766145,-19.5766145,0.877646884,463.1716,6.3063264,49.8298442,-1.08433366,0.0,-241.448988,458.350115,957.057507,-157.65816,6.32037848
1638.5,346.2102,-144.2542333,-142.315689,-142.315689,2.158380538,2.158380538,5.015568996,5.015568996,920.536724,-226.222498,-226.222498,-21.8123236,-21.8123236,-17.6027061,-17.6027061,0.877726332,480.733104,6.27466346,47.9283659,-1.02636814,0.0,-144.2542333,477.469359,920.536724,-156.883239,6.04983101
1639.0,346.2102,190.8718981,-140.735265,-140.735265,-2.814449947,-2.814449947,-1.322269738,-1.322269738,889.409399,-210.47199,-210.47199,-19.6064252,-19.6064252,-15.842559,-15.842559,0.877825613,599.511607,4.25677014,46.3077003,-0.70797706,0.0,190.8718981,598.742804,889.409399,-106.5529536,3.97634938
1639.5,346.2102,540.887013,-140.971163,-140.971163,-7.98521164,-7.98521164,-4.9573038,-4.9573038,873.055622,-195.759474,-195.759474,-17.8983852,-17.8983852,-14.5204352,-14.5204352,0.877942726,734.467592,1.13523510941,45.4562289,-0.245128091,0.0,540.887013,734.83781,873.055622,-28.498796976,1.04438791013
1640.0,346.2102,870.698899,-141.021193,-141.021193,-12.858198,-12.858198,-9.31797681,-9.31797681,868.600072,-192.5913,-192.5913,-17.5180243,-17.5180243,-14.22200155,-14.22200155,0.878078341,869.423575,0.0,45.2242481,-0.0838276877,0.0,870.698899,869.473418,868.600072,0.0,0.0
1640.5,346.2102,1198.52618,-141.017725,-141.017725,-17.6990455,-17.6990455,-13.85767575,-13.85767575,865.70561,-192.5913,-192.5913,-17.4596486,-17.4596486,-14.16613225,-14.16613225,0.878237743,1004.379544,0.0,45.0735457,-0.083617089,0.0,1198.52618,1004.194698,865.70561,0.0,0.0
1641.0,346.2102,1526.45963,-141.017686,-141.017686,-22.5417448,-22.5417448,-18.4940918,-18.4940918,862.818546,-192.5913,-192.5913,-17.4014219,-17.4014219,-14.110462,-14.110462,0.878420971,1139.33558,0.0,44.9232288,-0.0834018096,0.0,1526.45963,1138.96451,862.818546,0.0,0.0
1641.5,346.2102,1854.38544,-141.017745,-141.017745,-27.384347,-27.384347,-23.1821449,-23.1821449,859.938905,-192.5913,-192.5913,-17.3433451,-17.3433451,-14.05499125,-14.05499125,0.878627503,1274.2915,0.0,44.7732989,-0.0831876285,0.0,1854.38544,1273.73544,859.938905,0.0,0.0
1642.0,346.2102,2182.3009,-141.0178,-141.0178,-32.226801,-32.226801,-27.9008287,-27.9008287,857.066657,-192.5913,-192.5913,-17.2854171,-17.2854171,-13.9997186,-13.9997186,0.878856689,1409.24752,0.0,44.6237535,-0.082974703,0.0,2182.3009,1408.50641,857.066657,0.0,0.0
1642.5,346.2102,2509.33353,-141.034677,-141.034677,-37.0607659,-37.0607659,-32.6304936,-32.6304936,854.892236,-172.134053,-172.134053,-15.4103889,-15.4103889,-12.5894628,-12.5894628,0.879106064,1544.2035,0.0,44.5105403,-0.01662541737,0.0,2509.33353,1543.3175,854.892236,0.0,0.0
1643.0,346.2102,2830.26035,-141.080566,-141.080566,-41.8141688,-41.8141688,-37.2932161,-37.2932161,857.069986,-122.7287201,-122.7287201,-11.01304605,-11.01304605,-9.16943046,-9.16943046,0.879364916,1679.15944,0.0,44.6239264,0.1431343684,0.0,2830.26035,1678.12904,857.069986,0.0,0.0
1643.5,346.2102,3085.48923,-142.993343,-142.993343,-46.2073146,-46.2073146,-41.5564953,-41.5564953,864.819011,-73.1157663,-73.1157663,-6.61708539,-6.61708539,-5.51734828,-5.51734828,0.87962866,1785.91226,0.0,45.0273854,0.306400409,0.0,3085.48923,1788.85628,864.819011,0.0,0.0
1644.0,346.2102,3078.41995,-144.257365,-144.257365,-46.5044858,-46.5044858,-41.8138102,-41.8138102,878.235308,-23.50281246,-23.50281246,-2.1545835696,-2.1545835696,-1.638755131,-1.638755131,0.879885987,1794.1013,0.0,45.7259133,0.468105771,0.0,3078.41995,1793.74838,878.235308,0.0,0.0
1644.5,331.700978,3021.85814,-138.587857,-138.587857,-43.8635161,-43.8635161,-39.371752,-39.371752,896.229021,6.81357936,6.81357936,0.639773375,0.639773375,0.97412391,0.97412391,0.880121971,1794.1013,0.0,46.6627674,0.538079566,0.0,3021.85814,1780.719,896.229021,0.0,0.0
1645.0,304.118106,2980.81987,-126.6968611,-126.6968611,-39.5509992,-39.5509992,-35.4556893,-35.4556893,913.926279,7.1501646,7.1501646,0.684314633,0.684314633,1.03644746,1.03644746,0.880335442,1794.1013,0.0,47.5841873,0.484963112,0.0,2980.81987,1773.97598,913.926279,0.0,0.0
1645.5,276.535244,2958.20731,-115.1886104,-115.1886104,-35.6855211,-35.6855211,-31.993748,-31.993748,929.767915,7.1501646,7.1501646,0.69617626,0.69617626,1.04933899,1.04933899,0.880530783,1794.1013,0.0,48.4089928,0.431542439,0.0,2958.20731,1773.81652,929.767915,0.0,0.0
1646.0,248.95237,3273.30293,-94.1726668,-94.1726668,-31.9974816,-31.9974816,-29.2445594,-29.2445594,943.578169,7.1501646,7.1501646,0.706516878,0.706516878,1.06047691,1.06047691,0.880708132,1952.97347,0.0,49.128033,0.36173136,0.0,3273.30293,1912.99383,943.578169,0.0,0.0
1646.5,221.369499,4678.81818,-78.6232052,-78.6232052,-38.3883162,-38.3883162,-36.1482827,-36.1482827,954.94109,7.1501646,7.1501646,0.715025042,0.715025042,1.06957132,1.06957132,0.880895708,2528.32558,0.0,49.7196521,0.301607193,0.0,4678.81818,2504.47388,954.94109,0.0,0.0
1647.0,193.786628,6103.916090000001,-67.3471875,-67.3471875,-42.9074984,-42.9074984,-40.9547182,-40.9547182,964.462495,7.1501646,7.1501646,0.722154308,0.722154308,1.07714835,1.07714835,0.881116353,3125.10674,0.0,50.2153901,0.249062411,0.0,6103.916090000001,3103.02711,964.462495,0.0,0.0
1647.5,166.203758,7527.28052,-55.8071811,-55.8071811,-43.8456682,-43.8456682,-42.1124699,-42.1124699,970.654216,-62.96881674,-62.96881674,-6.397921184,-6.397921184,-5.14472177,-5.14472177,0.881356912,3721.8879,0.0,50.5377662,-0.0339512445,0.0,7527.28052,3698.91485,970.654216,0.0,0.0
1648.0,138.6208885,8880.1213,-49.3262337,-49.3262337,-45.927349,-45.927349,-43.9985478,-43.9985478,953.222867,-290.131537,-290.131537,-28.9565879,-28.9565879,-22.761508,-22.761508,0.8816672,4261.20696,0.0,49.6301922,-0.835874638,0.0,8880.1213,4251.66378,953.222867,0.0,0.0
1648.5,111.038018,9126.4167,-46.5899462,-46.5899462,-44.5291769,-44.5291769,-42.6032172,-42.6032172,925.447942,-219.212436,-219.212436,-21.2895796,-21.2895796,-17.036818,-17.036818,0.882015875,4354.048,0.0,48.1840712,-0.633308223,0.0,9126.4167,4337.93167,925.447942,0.0,0.0
1649.0,85.8111034,9124.6654,-35.5249861,-35.5249861,-33.9448288,-33.9448288,-32.3427173,-32.3427173,918.604543,68.60279003,68.60279003,6.62350234,6.62350234,8.420934603,8.420934603,0.882256648,4354.048,0.0,47.8277644,0.2700993904,0.0,9124.6654,4333.20687,918.604543,0.0,0.0
1649.5,83.4942125,9131.61835,-34.7761981,-34.7761981,-33.2544834,-33.2544834,-31.6676464,-31.6676464,942.434617,292.425699,292.378932,28.87716,28.8726184,36.9087136,36.9030724,0.882295152,4354.048,0.0,49.0684938,0.988455843,0.0,9131.61835,4350.01442,942.434617,0.0,0.0
1650.0,89.7585055,9090.7971,-37.6285864,-37.6285864,-35.8207552,-35.8207552,-34.1810153,-34.1810153,977.993493,304.47894,304.47894,31.1832835,31.1832835,39.7480859,39.7480859,0.882248265,4354.048,0.0,50.9198907,1.03695815,0.0,9090.7971,4353.79094,977.993493,0.0,0.0
1650.5,95.433686,9039.1219,-40.0644838,-40.0644838,-37.9231927,-37.9231927,-36.2327749,-36.2327749,1013.990997,304.47894,304.47894,32.3310627,32.3310627,40.9350013,40.9350013,0.882209464,4354.048,0.0,52.7941238,1.04471504,0.0,9039.1219,4353.30734,1013.990997,0.0,0.0
1651.0,96.37601,8980.48685,-40.424499,-40.424499,-38.0166326,-38.0166326,-36.3353863,-36.3353863,1050.10432,304.47894,304.47894,33.4825328,33.4825328,42.1121899,42.1121899,0.882170327,4354.048,0.0,54.6743878,1.04322386,0.0,8980.48685,4349.9949,1050.10432,0.0,0.0
1651.5,96.37601,8929.4028,-40.3851734,-40.3851734,-37.7635794,-37.7635794,-36.1010671,-36.1010671,1085.9106,294.362429,294.362429,33.4619992,33.4619992,41.6201411,41.6201411,0.882122302,4354.048,0.0,56.5386681,1.007145013,0.0,8929.4028,4349.64561,1085.9106,0.0,0.0
1652.0,96.37601,8885.069899999999,-40.3255595,-40.3255595,-37.5206304,-37.5206304,-35.8750593,-35.8750593,1117.4309,231.127657,231.127657,27.0289764,27.0289764,32.4943336,32.4943336,0.88211012,4354.048,0.0,58.179793,0.7994836,0.0,8885.069899999999,4349.60289,1117.4309,0.0,0.0
1652.5,96.37601,8851.96915,-40.2606032,-40.2606032,-37.32063,-37.32063,-35.6882681,-35.6882681,1141.06315,160.283231,160.283231,19.1405264,19.1405264,22.3142563,22.3142563,0.882166492,4354.048,0.0,59.4102214,0.567860222,0.0,8851.96915,4349.62808,1141.06315,0.0,0.0
1653.0,96.37601,8830.0769,-40.1964217,-40.1964217,-37.1689765,-37.1689765,-35.5459604,-35.5459604,1156.70088,89.4424485,89.4424485,10.826984,10.826984,12.4553147,12.4553147,0.882283704,4354.048,0.0,60.2244118,0.337003491,0.0,8830.0769,4349.64939,1156.70088,0.0,0.0
1653.5,96.37601,8819.339600000001,-40.1324698,-40.1324698,-37.0647099,-37.0647099,-35.4472417,-35.4472417,1164.37099,18.60166608,18.60166608,2.265888958,2.265888958,2.937896666,2.937896666,0.88245354,4354.048,0.0,60.6237599,0.10692904843,0.0,8819.339600000001,4349.65992,1164.37099,0.0,0.0
1654.0,96.37601,8819.72405,-40.0685472,-40.0685472,-37.0072799,-37.0072799,-35.3915988,-35.3915988,1164.09613,-52.2391174,-52.2391174,-6.3655469,-6.3655469,-5.41553156,-5.41553156,0.882669165,4354.048,0.0,60.6094481,-0.1232637584,0.0,8819.72405,4349.65934,1164.09613,0.0,0.0
1654.5,96.37601,8831.3879,-40.0027924,-40.0027924,-36.9954032,-36.9954032,-35.3777544,-35.3777544,1155.75954,-123.0799016,-123.0799016,-14.8888533,-14.8888533,-12.9179914,-12.9179914,0.882922059,4354.048,0.0,60.1753991,-0.359716413,0.0,8831.3879,4349.64518,1155.75954,0.0,0.0
1655.0,96.37601,8854.54145,-39.9368522,-39.9368522,-37.031248,-37.031248,-35.4077524,-35.4077524,1139.22119,-193.920683,-193.920683,-23.1219072,-23.1219072,-19.5951904,-19.5951904,0.883207174,4354.048,0.0,59.3143185,-0.596827,0.0,8854.54145,4349.623,1139.22119,0.0,0.0
1655.5,96.37601,8889.000600000001,-39.8766655,-39.8766655,-37.1193387,-37.1193387,-35.4859783,-35.4859783,1114.6375,-257.065326,-257.065326,-29.9964471,-29.9964471,-24.669783,-24.669783,0.88351906,4354.048,0.0,58.0343534,-0.807272724,0.0,8889.000600000001,4349.60737,1114.6375,0.0,0.0
1656.0,96.41201,8929.5662,-39.8698424,-39.8698424,-37.282372,-37.282372,-35.6354111,-35.6354111,1085.81468,-267.07938,-267.07938,-30.3685964,-30.3685964,-24.7488571,-24.7488571,0.883842369,4354.048,0.0,56.5336745,-0.83826075,0.0,8929.5662,4349.65767,1085.81468,0.0,0.0
1656.5,110.8657075,8995.600750000001,-45.8068856,-45.8068856,-43.1576178,-43.1576178,-41.3032125,-41.3032125,1057.21424,-267.07938,-267.07938,-29.5686841,-29.5686841,-23.9807356,-23.9807356,0.884171053,4351.92966,0.0,55.0445713,-0.807337264,0.0,8995.600750000001,4360.43539,1057.21424,0.0,0.0
1657.0,136.5560685,8942.54985,-58.0254661,-58.0254661,-54.3281331,-54.3281331,-52.0814959,-52.0814959,1030.279421,-267.07938,-267.07938,-28.8153576,-28.8153576,-23.2630836,-23.2630836,0.884535125,4308.05937,0.0,53.642192,-0.751612376,0.0,8942.54985,4322.63354,1030.279421,0.0,0.0
1657.5,162.246428,8831.2149,-68.6603212,-68.6603212,-63.4870729,-63.4870729,-60.9250628,-60.9250628,1005.204849,-267.07938,-267.07938,-28.1140603,-28.1140603,-22.600011,-22.600011,0.88493394,4248.17163,0.0,52.3366674,-0.698980411,0.0,8831.2149,4261.66537,1005.204849,0.0,0.0
1658.0,187.93679,8719.9719,-79.3622971,-79.3622971,-72.4595455,-72.4595455,-69.5812938,-69.5812938,981.94905,-267.07938,-267.07938,-27.4636309,-27.4636309,-21.9893542,-21.9893542,0.885363286,4188.28382,0.0,51.1258389,-0.64643513,0.0,8719.9719,4201.79736,981.94905,0.0,0.0
1658.5,213.627151,8631.911900000001,-89.2379226,-89.2379226,-80.6636045,-80.6636045,-77.4860456,-77.4860456,960.491559,-267.07938,-267.07938,-26.8634966,-26.8634966,-21.4191381,-21.4191381,0.885820921,4140.90099,0.0,50.0086406,-0.5955817,0.0,8631.911900000001,4152.62625,960.491559,0.0,0.0
1659.0,239.317513,8654.30075,-99.400881,-99.400881,-90.0873669,-90.0873669,-86.5781216,-86.5781216,940.774964,-267.07938,-267.07938,-26.3120532,-26.3120532,-20.8812096,-20.8812096,0.886305375,4137.2603,0.0,48.9820823,-0.544389535,0.0,8654.30075,4150.42998,940.774964,0.0,0.0
1659.5,265.007874,8679.4385,-110.1491856,-110.1491856,-100.117518,-100.117518,-96.2600496,-96.2600496,923.478203,-249.683964,-249.683964,-24.1512436,-24.1512436,-19.2604881,-19.2604881,0.886819741,4137.2603,0.0,48.0815156,-0.433789823,0.0,8679.4385,4150.7904,923.478203,0.0,0.0
1660.0,290.698231,8695.96225,-120.8934025,-120.8934025,-110.0913591,-110.0913591,-105.8701806,-105.8701806,911.735205,-209.050961,-209.050961,-19.9624784,-19.9624784,-16.2134939,-16.2134939,0.887357736,4137.2603,0.0,47.4701078,-0.245361881,0.0,8695.96225,4150.80954,911.735205,0.0,0.0
1660.5,316.388596,8703.306999999999,-131.6351885,-131.6351885,-119.9736534,-119.9736534,-115.3776246,-115.3776246,906.487974,-168.313934,-168.313934,-15.9782919,-15.9782919,-13.21111595,-13.21111595,0.887916985,4137.2603,0.0,47.1969075,-0.05945191403,0.0,8703.306999999999,4150.8019,906.487974,0.0,0.0
1661.0,336.175604,8688.241899999999,-140.259701,-140.259701,-127.6114756,-127.6114756,-122.713868,-122.713868,907.47826,-127.5769092,-127.5769092,-12.12238775,-12.12238775,-10.1740496,-10.1740496,0.888495475,4137.2603,0.0,47.248467,0.1104910737,0.0,8688.241899999999,4145.11156,907.47826,0.0,0.0
1661.5,337.49915,8652.0727,-140.559865,-140.559865,-127.3532954,-127.3532954,-122.4442011,-122.4442011,913.628074,-88.3578415,-88.3578415,-8.45124912,-8.45124912,-7.13652937,-7.13652937,0.88907415,4137.2603,0.0,47.568661,0.238970374,0.0,8652.0727,4133.65204,913.628074,0.0,0.0
1662.0,337.49915,8637.57915,-140.513654,-140.513654,-127.0981369,-127.0981369,-122.1903066,-122.1903066,922.785499,-77.641785,-77.641785,-7.50282617,-7.50282617,-6.33530417,-6.33530417,0.889644702,4137.2603,0.0,48.045449,0.27285209,0.0,8637.57915,4132.96801,922.785499,0.0,0.0
1662.5,337.49915,8624.3375,-140.511565,-140.511565,-126.9014025,-126.9014025,-121.9933555,-121.9933555,932.20533,-77.641785,-77.641785,-7.57941543,-7.57941543,-6.40995987,-6.40995987,0.890214208,4137.2603,0.0,48.5358996,0.272094398,0.0,8624.3375,4132.95831,932.20533,0.0,0.0
1663.0,337.49915,8611.1852,-140.511311,-140.511311,-126.707651,-126.707651,-121.7993428,-121.7993428,941.598967,-77.641785,-77.641785,-7.65579166,-7.65579166,-6.48460879,-6.48460879,0.890783362,4137.2603,0.0,49.0249854,0.271334361,0.0,8611.1852,4132.9704,941.598967,0.0,0.0
1663.5,337.49915,8598.0711,-140.511101,-140.511101,-126.5144928,-126.5144928,-121.6059487,-121.6059487,950.966247,-77.641785,-77.641785,-7.73195355,-7.73195355,-6.55924812,-6.55924812,0.891352212,4137.2603,0.0,49.5126986,0.270568961,0.0,8598.0711,4132.98304,950.966247,0.0,0.0
1664.0,337.49915,8584.994,-140.510885,-140.510885,-126.3218805,-126.3218805,-121.413127,-121.413127,960.306968,-77.641785,-77.641785,-7.80789944,-7.80789944,-6.63387445,-6.63387445,0.89192071,4137.2603,0.0,49.9990293,0.269798168,0.0,8584.994,4132.99545,960.306968,0.0,0.0
1664.5,337.49915,8571.973399999999,-140.509925,-140.509925,-126.1294283,-126.1294283,-121.2205142,-121.2205142,969.603297,-78.7757051,-78.7757051,-7.9990069,-7.9990069,-6.80815571,-6.80815571,0.892488944,4137.2603,0.0,50.4830481,0.265356796,0.0,8571.973399999999,4133.00574,969.603297,0.0,0.0
1665.0,337.49915,8559.84235,-140.500034,-140.500034,-125.94207,-125.94207,-121.0333403,-121.0333403,978.242793,-89.4063633,-89.4063633,-9.1597852,-9.1597852,-7.82277946,-7.82277946,0.893058447,4137.2603,0.0,50.9328698,0.230224209,0.0,8559.84235,4133.00237,978.242793,0.0,0.0
1665.5,337.49915,8545.0969,-141.428107,-141.428107,-126.5511155,-126.5511155,-121.6098018,-121.6098018,985.479636,-102.1631894,-102.1631894,-10.5438771,-10.5438771,-9.0073033,-9.0073033,0.89363121,4131.78644,0.0,51.3096621,0.189949758,0.0,8545.0969,4131.09218,985.479636,0.0,0.0
1666.0,337.49915,7594.4645,-156.055506,-156.055506,-124.122892,-124.122892,-118.6175261,-118.6175261,991.794896,-114.920017,-114.920017,-11.93631555,-11.93631555,-10.1902532,-10.1902532,0.894213519,3722.84488,0.0,51.6384695,0.173582936,0.0,7594.4645,3739.21446,991.794896,0.0,0.0
1666.5,337.49915,5970.86709,-155.157907,-155.157907,-97.0176856,-97.0176856,-91.5286858,-91.5286858,997.043545,-127.676848,-127.676848,-13.3312559,-13.3312559,-11.3538597,-11.3538597,0.894741145,3068.88712,0.0,51.9117443,0.1302990965,0.0,5970.86709,3066.68825,997.043545,0.0,0.0
1667.0,337.49915,4394.54174,-154.98521,-154.98521,-71.3318795,-71.3318795,-66.0108119,-66.0108119,1000.953606,-136.206876,-136.206876,-14.27718765,-14.27718765,-12.1388694,-12.1388694,0.895181624,2415.51969,0.0,52.1153237,0.1020625336,0.0,4394.54174,2413.05071,1000.953606,0.0,0.0
1667.5,337.49915,3643.47681,-139.848637,-139.848637,-53.3573476,-53.3573476,-48.6828739,-48.6828739,1003.999227,-136.42586,-136.42586,-14.34361785,-14.34361785,-12.19929925,-12.19929925,0.89553257,2126.5518,0.0,52.2738966,0.0747577381,0.0,3643.47681,2102.3054,1003.999227,0.0,0.0
1668.0,337.49915,3692.56512,-140.386205,-140.386205,-54.2851808,-54.2851808,-49.5804452,-49.5804452,1006.586785,-136.42586,-136.42586,-14.3805849,-14.3805849,-12.23468855,-12.23468855,0.89585987,2126.5518,0.0,52.4086197,0.0754657174,0.0,3692.56512,2124.24224,1006.586785,0.0,0.0
1668.5,330.964312,3677.24002,-137.946846,-137.946846,-53.1221772,-53.1221772,-48.5027049,-48.5027049,1009.068011,-136.42586,-136.42586,-14.416033,-14.416033,-12.2686422,-12.2686422,0.896187596,2126.5518,0.003923370166,52.5378062,0.0628897752,0.0,3677.24002,2119.31408,1009.068011,-0.09613896,0.0040672813
1669.0,316.216271,3664.96046,-131.592728,-131.592728,-50.5045293,-50.5045293,-46.1006197,-46.1006197,1010.320437,-136.42586,-136.42586,-14.4339258,-14.4339258,-12.2857875,-12.2857875,0.896506953,2126.5518,0.2543414149,52.6030148,0.00156105891,0.0,3664.96046,2114.93574,1010.320437,-6.34168863,0.268383353
1669.5,301.456325,4704.22472,-96.4058208,-96.4058208,-45.6903405,-45.6903405,-42.672151,-42.672151,1008.418446,-136.42586,-136.42586,-14.4067527,-14.4067527,-12.25975385,-12.25975385,0.896810749,2617.31139,0.641714201,52.5039856,-0.1278342667,0.0,4704.22472,2546.27076,1008.418446,-16.02791185,0.67688058
1670.0,286.696379,7723.48673,-110.821785,-110.821785,-90.0216503,-90.0216503,-86.1834655,-86.1834655,1003.172984,-132.5757504,-132.5757504,-13.92793215,-13.92793215,-11.8555578,-11.8555578,0.89718358,3759.36642,0.78258896,52.2308763,-0.1257720302,0.0,7723.48673,3799.54506,1003.172984,-19.564724,0.822125575
1670.5,271.936429,7682.72082,-113.6250416,-113.6250416,-91.4178605,-91.4178605,-87.4282931,-87.4282931,1000.789737,-93.2603294,-93.2603294,-9.77406655,-9.77406655,-8.35899063,-8.35899063,0.897661336,3789.5662,0.78258896,52.1067919,-0.0106951632,0.0,7682.72082,3781.19054,1000.789737,-19.564724,0.820172459
1671.0,257.176489,7667.15635,-107.0547701,-107.0547701,-85.9549083,-85.9549083,-82.2418045,-82.2418045,1002.596696,-45.3456816,-45.3456816,-4.7592654,-4.7592654,-3.93270394,-3.93270394,0.898103586,3789.5662,0.78258896,52.2008731,0.1155406036,0.0,7667.15635,3775.76916,1002.596696,-19.564724,0.821653318
1671.5,242.416539,7658.24274,-100.938818,-100.938818,-80.9504541,-80.9504541,-77.4906962,-77.4906962,1008.782035,2.568965394,2.568965394,0.2748503708,0.2748503708,0.7428737442,0.7428737442,0.898511102,3789.5662,0.78258896,52.5229164,0.242186375,0.0,7658.24274,3775.67178,1008.782035,-19.564724,0.826722339
1672.0,230.93565,7651.0234,-96.0037196,-96.0037196,-76.919417,-76.919417,-73.6598455,-73.6598455,1019.382643,50.483613,50.483613,5.39444674,5.39444674,6.45254288,6.45254288,0.898880331,3789.5662,0.78258896,53.0748446,0.374312611,0.0,7651.0234,3778.8573,1019.382643,-19.564724,0.835409809
1672.5,230.12697,7645.26471,-95.8698801,-95.8698801,-76.7543791,-76.7543791,-73.5008539,-73.5008539,1034.93834,98.3982605,98.3982605,10.67179415,10.67179415,12.4273942,12.4273942,0.899218766,3789.5662,0.78258896,53.8847599,0.526777129,0.0,7645.26471,3785.5439,1034.93834,-19.564724,0.848158075
1673.0,230.12697,7616.987819999999,-95.945888,-95.945888,-76.5311378,-76.5311378,-73.2777991,-73.2777991,1055.8022,146.312908,146.312908,16.186578,16.186578,18.9773859,18.9773859,0.899530535,3789.5662,0.78258896,54.9710544,0.680047246,0.0,7616.987819999999,3785.95999,1055.8022,-19.564724,0.865256574
1673.5,230.12697,7581.653080000001,-95.9676104,-95.9676104,-76.193375,-76.193375,-72.9432854,-72.9432854,1080.97434,168.72061,168.72061,19.0990663,19.0990663,22.4740022,22.4740022,0.899816658,3789.5662,0.78258896,56.2816571,0.750290112,0.0,7581.653080000001,3785.95476,1080.97434,-19.564724,0.885885774
1674.0,230.12697,7545.33847,-95.9654605,-95.9654605,-75.8267247,-75.8267247,-72.581064,-72.581064,1106.87093,168.72061,168.72061,19.5566167,19.5566167,22.9330194,22.9330194,0.900094777,3789.5662,0.78258896,57.6299807,0.747841385,0.0,7545.33847,3785.96483,1106.87093,-19.564724,0.907108674
1674.5,230.12697,7509.201300000001,-95.9647101,-95.9647101,-75.4629754,-75.4629754,-72.2217751,-72.2217751,1132.68204,168.72061,168.72061,20.0126578,20.0126578,23.3873812,23.3873812,0.900369245,3789.5662,0.78258896,58.9738554,0.745345575,0.0,7509.201300000001,3785.99883,1132.68204,-19.564724,0.928261548
1675.0,230.12697,7473.18763,-95.964002,-95.964002,-75.1005051,-75.1005051,-71.863855,-71.863855,1158.40604,168.72061,168.72061,20.4671592,20.4671592,23.8386876,23.8386876,0.900640092,3789.5662,0.78258896,60.3131915,0.74280104,0.0,7473.18763,3786.0333,1158.40604,-19.564724,0.94934301
1675.5,230.12697,7437.298339999999,-95.9632804,-95.9632804,-74.7392815,-74.7392815,-71.5072706,-71.5072706,1184.04126,168.72061,168.72061,20.9200916,20.9200916,24.3009739,24.3009739,0.900907244,3789.5662,0.78258896,61.6479058,0.740208456,0.0,7437.298339999999,3786.06766,1184.04126,-19.564724,0.970351701
1676.0,230.12697,7401.53569,-95.9625469,-95.9625469,-74.3793222,-74.3793222,-71.1511958,-71.1511958,1209.586,168.72061,168.72061,21.371426,21.371426,24.7631554,24.7631554,0.901170703,3789.5662,0.78258896,62.9779098,0.737568559,0.0,7401.53569,3786.10205,1209.586,-19.564724,0.991286277
1676.5,230.12697,7365.90183,-95.9618008,-95.9618008,-74.0206572,-74.0206572,-70.7956606,-70.7956606,1235.03868,168.72061,168.72061,21.8211333,21.8211333,25.2213772,25.2213772,0.901430424,3789.5662,0.78258896,64.3031198,0.734882141,0.0,7365.90183,3786.13609,1235.03868,-19.564724,1.01214538
1677.0,230.12697,7330.399069999999,-95.9610457,-95.9610457,-73.6633058,-73.6633058,-70.4415512,-70.4415512,1260.39774,168.726719,168.726719,22.2700004,22.2700004,25.6766419,25.6766419,0.901686431,3789.5662,0.78258896,65.6234575,0.732169733,0.0,7330.399069999999,3786.17016,1260.39774,-19.564724,1.03292775
1677.5,230.12697,7295.018549999999,-95.9604737,-95.9604737,-73.3073286,-73.3073286,-70.0889176,-70.0889176,1285.67044,168.892733,168.892733,22.7389399,22.7389399,26.15432,26.15432,0.901938664,3789.5662,0.778670578,66.9392948,0.730435801,0.0,7295.018549999999,3786.20458,1285.67044,-19.468585,1.04841615
1678.0,230.12697,7259.15494,-95.9687274,-95.9687274,-72.9532036,-72.9532036,-69.7379244,-69.7379244,1311.31764,169.128684,169.128684,23.2249509,23.2249509,26.6488676,26.6488676,0.902186979,3789.5662,0.528247561,68.2746381,0.761320512,0.0,7259.15494,3786.25663,1311.31764,-13.2230355,0.725429691
1678.5,230.12697,7219.94043,-96.1752635,-96.1752635,-72.7147464,-72.7147464,-69.494521,-69.494521,1338.49178,169.364635,169.364635,23.7393103,23.7393103,27.1693857,27.1693857,0.902431312,3788.35598,0.140878854527,69.6894748,0.810500301,0.0,7219.94043,3785.80592,1338.49178,-3.536812309,0.19740085133
1679.0,227.942123,7037.19518,-97.454533,-97.454533,-71.8260031,-71.8260031,-68.5665417,-68.5665417,1366.97749,169.60059,169.60059,24.2783059,24.2783059,27.7192968,27.7192968,0.902672811,3729.13639,0.0,71.1726049,0.826312299,0.0,7037.19518,3726.39691,1366.97749,0.0,0.0
1679.5,211.146762,6749.723739999999,-90.2046105,-90.2046105,-63.7784995,-63.7784995,-60.8579035,-60.8579035,1395.00429,169.832889,169.832889,24.8100053,24.8100053,28.2691993,28.2691993,0.902889576,3638.50523,0.0,72.6318394,0.791544893,0.0,6749.723739999999,3623.14259,1395.00429,0.0,0.0
1680.0,191.666075,6492.13488,-81.9925966,-81.9925966,-55.7608888,-55.7608888,-53.2047292,-53.2047292,1421.67849,169.91266,169.91266,25.2962259,25.2962259,28.7667631,28.7667631,0.903063196,3547.87401,0.0,74.020647,0.751575635,0.0,6492.13488,3531.53286,1421.67849,0.0,0.0
1680.5,172.185388,6239.194030000001,-73.872655,-73.872655,-48.2836085,-48.2836085,-46.0660827,-46.0660827,1446.94079,169.91266,169.001434,25.745723,25.6071694,29.2154021,29.0582556,0.903194388,3457.24287,0.0,75.3359457,0.708676059,0.0,6239.194030000001,3441.03267,1446.94079,0.0,0.0
1681.0,152.704703,5988.93109,-65.7437678,-65.7437678,-41.2492798,-41.2492798,-39.3636823,-39.3636823,1470.28663,155.100341,154.640687,23.8728614,23.8025136,26.9571224,26.877411,0.903287827,3366.61168,0.0,76.551464,0.622454247,0.0,5988.93109,3350.52789,1470.28663,0.0,0.0
1681.5,138.184019,5756.72031,-59.3890524,-59.3890524,-35.8057915,-35.8057915,-34.1706574,-34.1706574,1488.85869,114.8319491,114.8319491,17.9000426,17.9000426,20.0490212,20.0490212,0.903375091,3275.98049,0.0,77.5184305,0.463304671,0.0,5756.72031,3264.74735,1488.85869,0.0,0.0
1682.0,137.38763,5537.96951,-59.2790509,-59.2790509,-34.3777426,-34.3777426,-32.7699681,-32.7699681,1504.14368,107.63195,107.63195,16.9534916,16.9534916,18.9576812,18.9576812,0.903469336,3185.34933,0.0,78.3142551,0.436897533,0.0,5537.96951,3182.64839,1504.14368,0.0,0.0
1682.5,137.38763,5300.39897,-59.316107,-59.316107,-32.9237844,-32.9237844,-31.3391983,-31.3391983,1519.21574,107.63195,107.63195,17.1233712,17.1233712,19.1294345,19.1294345,0.903555968,3094.71813,0.0,79.0989901,0.434995596,0.0,5300.39897,3092.59395,1519.21574,0.0,0.0
1683.0,137.38763,5061.89801,-59.3163047,-59.3163047,-31.4424301,-31.4424301,-29.8822217,-29.8822217,1534.22012,107.63195,107.63195,17.2924888,17.2924888,19.3000932,19.3000932,0.903632541,3004.08696,0.0,79.8802032,0.433018847,0.0,5061.89801,3002.1129,1534.22012,0.0,0.0
1683.5,137.38763,4863.200449999999,-58.04668,-58.04668,-29.564444,-29.564444,-28.065055,-28.065055,1549.13373,107.63195,107.63195,17.4605823,17.4605823,19.4699872,19.4699872,0.903698077,2932.78781,0.0,80.656691,0.42882717,0.0,4863.200449999999,2928.14135,1549.13373,0.0,0.0
1684.0,137.38763,4835.24502,-57.2425182,-57.2425182,-28.9844826,-28.9844826,-27.5136208,-27.5136208,1563.88311,107.63195,107.63195,17.6268256,17.6268256,19.6406419,19.6406419,0.903753451,2927.4783,0.0,81.4246278,0.425445852,0.0,4835.24502,2925.1209,1563.88311,0.0,0.0
1684.5,137.38763,4815.93762,-57.284789,-57.284789,-28.8900817,-28.8900817,-27.4195232,-27.4195232,1578.55901,107.63195,107.63195,17.792241,17.792241,19.8105854,19.8105854,0.903806797,2927.4783,0.0,82.1887392,0.423529249,0.0,4815.93762,2925.65611,1578.55901,0.0,0.0
1685.0,137.38763,4795.511909999999,-57.2851587,-57.2851587,-28.7677378,-28.7677378,-27.2989122,-27.2989122,1593.16661,107.63195,107.63195,17.9568862,17.9568862,19.9794935,19.9794935,0.903858316,2927.4783,0.0,82.9492925,0.421530518,0.0,4795.511909999999,2925.6861,1593.16661,0.0,0.0
1685.5,137.38763,4775.29593,-57.278975,-57.278975,-28.6433762,-28.6433762,-27.1765092,-27.1765092,1607.57546,98.8320782,98.8320782,16.633358,16.633358,18.5061799,18.5061799,0.903909307,2927.4783,0.0,83.6994981,0.391085979,0.0,4775.29593,2925.6873,1607.57546,0.0,0.0
1686.0,137.38763,4762.20546,-57.1969276,-57.1969276,-28.5239395,-28.5239395,-27.0608115,-27.0608115,1616.70623,9.00720828,9.00720828,1.521693006,1.521693006,2.35090973,2.35090973,0.904010245,2927.4783,0.0,84.1748981,0.0990983304,0.0,4762.20546,2925.57168,1616.70623,0.0,0.0
1686.5,137.38763,4765.97803,-57.0963448,-57.0963448,-28.4963211,-28.4963211,-27.0360172,-27.0360172,1613.98003,-100.457166,-100.457166,-16.97039235,-16.97039235,-15.21225,-15.21225,0.904209802,2927.4783,0.0,84.0329596,-0.258262713,0.0,4765.97803,2925.54971,1613.98003,0.0,0.0
1687.0,137.38763,4787.32394,-56.9944491,-56.9944491,-28.572852,-28.572852,-27.1138711,-27.1138711,1598.72628,-209.92154,-209.92154,-35.1242768,-35.1242768,-30.8680622,-30.8680622,0.904488658,2927.4783,0.0,83.238764,-0.624339818,0.0,4787.32394,2925.52535,1598.72628,0.0,0.0
1687.5,137.38763,4825.7239,-56.9108607,-56.9108607,-28.759812,-28.759812,-27.3001552,-27.3001552,1571.38348,-296.896346,-296.896346,-48.8470823,-48.8470823,-41.6880195,-41.6880195,0.904829012,2927.4783,0.0,81.8151386,-0.913770941,0.0,4825.7239,2925.53852,1571.38348,0.0,0.0
1688.0,137.38763,4871.11374,-56.9081223,-56.9081223,-29.0289392,-29.0289392,-27.564734,-27.564734,1539.15818,-303.79617,-303.79617,-48.9659501,-48.9659501,-41.5743613,-41.5743613,0.90519008,2927.4783,0.0,80.137309,-0.932721006,0.0,4871.11374,2925.6095,1539.15818,0.0,0.0
1688.5,137.38763,4916.17194,-56.9099117,-56.9099117,-29.2983792,-29.2983792,-27.8292652,-27.8292652,1506.98593,-303.79617,-303.79617,-47.94244,-47.94244,-40.571562,-40.571562,0.905548647,2927.4783,0.0,78.46224,-0.928488863,0.0,4916.17194,2925.57339,1506.98593,0.0,0.0
1689.0,137.38763,4961.01102,-56.9110692,-56.9110692,-29.5662036,-29.5662036,-28.0923835,-28.0923835,1474.95811,-303.79617,-303.79617,-46.9235237,-46.9235237,-39.578354,-39.578354,0.90590429,2927.4783,0.0,76.7946887,-0.92436559,0.0,4961.01102,2925.53048,1474.95811,0.0,0.0
1689.5,137.38763,5005.652779999999,-56.9121859,-56.9121859,-29.8328421,-29.8328421,-28.3544929,-28.3544929,1443.07098,-303.79617,-303.79617,-45.9090847,-45.9090847,-38.5951585,-38.5951585,0.906257059,2927.4783,0.0,75.134464,-0.920348443,0.0,5005.652779999999,2925.48766,1443.07098,0.0,0.0
1690.0,137.38763,5050.10291,-56.9132744,-56.9132744,-30.0983312,-30.0983312,-28.6156294,-28.6156294,1411.32095,-303.79617,-303.79617,-44.8990058,-44.8990058,-37.6217912,-37.6217912,0.906606935,2927.4783,0.0,73.4813786,-0.916435772,0.0,5050.10291,2925.44497,1411.32095,0.0,0.0
1690.5,137.38763,5094.36589,-56.9143327,-56.9143327,-30.3627017,-30.3627017,-28.8758202,-28.8758202,1379.70441,-303.79617,-303.79617,-43.8931734,-43.8931734,-36.6580691,-36.6580691,0.906953964,2927.4783,0.0,71.8352384,-0.912626063,0.0,5094.36589,2925.40247,1379.70441,0.0,0.0
1691.0,137.38763,5138.447160000001,-56.9153639,-56.9153639,-30.6259824,-30.6259824,-29.1350926,-29.1350926,1348.21776,-303.79617,-303.79617,-42.8914741,-42.8914741,-35.6957866,-35.6957866,0.90729815,2927.4783,0.0,70.1958675,-0.908917793,0.0,5138.447160000001,2925.36019,1348.21776,0.0,0.0
1691.5,217.038467,5362.47429,-86.0660426,-86.0660426,-48.85508,-48.85508,-46.1485206,-46.1485206,1318.07242,-303.79617,-303.79617,-41.9324471,-41.9324471,-34.7587556,-34.7587556,0.907653783,2927.4783,0.0,68.6263301,-0.756096707,0.0,5362.47429,3000.97797,1318.07242,0.0,0.0
1692.0,462.12674,5585.90288,-195.124869,-195.124869,-114.0026278,-114.0026278,-107.1289957,-107.1289957,1301.06714,-303.79617,-303.79617,-41.3914493,-41.3914493,-34.2320924,-34.2320924,0.908172231,2927.4783,0.0,67.7409387,-0.259284617,0.0,5585.90288,3084.01896,1301.06714,0.0,0.0
1692.5,495.1226,5246.57318,-207.100538,-207.100538,-113.788454,-113.788454,-106.5261442,-106.5261442,1294.03551,-303.79617,-303.79617,-41.1677494,-41.1677494,-34.0149848,-34.0149848,0.908793986,2927.4783,0.0,67.374832,-0.196717761,0.0,5246.57318,2938.71555,1294.03551,0.0,0.0
1693.0,495.1226,5224.51425,-205.992883,-205.992883,-112.7007315,-112.7007315,-105.48031,-105.48031,1287.1954,-303.79617,-303.79617,-40.9501419,-40.9501419,-33.8041329,-33.8041329,0.909403049,2927.4783,0.0,67.0186951,-0.19796322,0.0,5224.51425,2925.54289,1287.1954,0.0,0.0
1693.5,495.1226,5395.37509,-202.772816,-202.772816,-114.5642644,-114.5642644,-107.4390773,-107.4390773,1280.26911,-303.79617,-303.79617,-40.7297924,-40.7297924,-33.5909603,-33.5909603,0.910012259,2999.98914,0.0,66.6580735,-0.203026463,0.0,5395.37509,2992.59507,1280.26911,0.0,0.0
1694.0,495.1226,5756.014560000001,-202.788217,-202.788217,-122.2345081,-122.2345081,-115.076096,-115.076096,1273.25874,-303.79617,-303.79617,-40.5067678,-40.5067678,-33.3755435,-33.3755435,0.910637695,3141.28174,0.0,66.2930741,-0.202227112,0.0,5756.014560000001,3138.56645,1273.25874,0.0,0.0
1694.5,494.003488,6102.72578,-202.451664,-202.451664,-129.3774665,-129.3774665,-122.199321,-122.199321,1266.27156,-303.79617,-303.79617,-40.2844805,-40.2844805,-33.161186,-33.161186,0.911285532,3282.57436,0.0,65.9292797,-0.203426805,0.0,6102.72578,3278.7559,1266.27156,0.0,0.0
1695.0,484.728964,6438.11022,-198.53145,-198.53145,-133.835414,-133.835414,-126.774999,-126.774999,1259.01217,-302.160605,-302.160605,-39.8382677,-39.8382677,-32.7851556,-32.7851556,0.911950664,3423.86695,0.0,65.5513184,-0.215479393,0.0,6438.11022,3414.07312,1259.01217,0.0,0.0
1695.5,473.855087,6786.04307,-193.955418,-193.955418,-137.817416,-137.817416,-130.916489,-130.916489,1251.62554,-294.388289,-294.388289,-38.5859765,-38.5859765,-31.8311617,-31.8311617,0.912626505,3565.15957,0.027135666075,65.1667294,-0.213488784,0.0,6786.04307,3554.53756,1251.62554,-0.6655247,0.034799978
1696.0,462.981216,7139.144010000001,-189.370662,-189.370662,-141.560896,-141.560896,-134.839469,-134.839469,1241.39578,-286.035869,-286.035869,-37.1853632,-37.1853632,-30.7461249,-30.7461249,0.913311512,3706.45221,1.76068581,64.6341095,-0.43404789,0.0,7139.144010000001,3695.49236,1241.39578,-43.9005243,2.27929153
1696.5,452.107329,7507.603539999999,-184.746483,-184.746483,-145.231604,-145.231604,-138.705051,-138.705051,1220.35965,-277.683443,-277.683443,-35.4887188,-35.4887188,-29.3708804,-29.3708804,0.914004628,3847.74479,4.44222993,63.5388473,-0.779417314,0.0,7507.603539999999,3836.52824,1220.35965,-110.9536891,5.66579539
1697.0,441.233456,7888.97279,-180.186113,-180.186113,-148.842455,-148.842455,-142.511776,-142.511776,1190.37795,-269.33102,-269.33102,-33.5759953,-33.5759953,-27.7846342,-27.7846342,0.914704919,3989.03743,5.417495,61.9778327,-0.898996121,0.0,7888.97279,3977.71275,1190.37795,-135.43738,6.75323745
1697.5,430.359586,8139.63514,-178.559556,-178.559556,-152.200817,-152.200817,-145.946355,-145.946355,1159.55242,-260.978593,-260.978593,-31.6923211,-31.6923211,-26.2167224,-26.2167224,0.915412493,4070.47133,5.39033473,60.3728776,-0.880366292,0.0,8139.63514,4064.01635,1159.55242,-134.771854,6.54641362
1698.0,419.485703,8167.846970000001,-174.395595,-174.395595,-149.165514,-149.165514,-143.058067,-143.058067,1132.28803,-252.626173,-252.626173,-29.9562256,-29.9562256,-24.7659291,-24.7659291,0.916116293,4070.885,3.65680905,58.9533394,-0.641968073,0.0,8167.846970000001,4059.83604,1132.28803,-91.5368478,4.34670987
1698.5,408.631499,8189.45632,-169.950415,-169.950415,-145.748605,-145.748605,-139.797799,-139.797799,1116.42208,-244.273748,-244.273748,-28.5590876,-28.5590876,-23.6399067,-23.6399067,0.916807263,4070.885,0.97520896012,58.127268,-0.279341562,0.0,8189.45632,4059.56381,1116.42208,-24.483686299,1.14710807748
1699.0,403.91525,8210.1053,-167.882846,-167.882846,-144.339063,-144.339063,-138.461664,-138.461664,1110.23982,-235.921326,-235.921326,-27.4294939,-27.4294939,-22.7672044,-22.7672044,0.917487902,4070.885,0.0,57.805385,-0.1308373086,0.0,8210.1053,4064.54625,1110.23982,0.0,0.0
1699.5,403.91525,8221.3284,-168.038184,-168.038184,-144.670036,-144.670036,-138.787776,-138.787776,1106.20144,-227.568901,-227.568901,-26.3620979,-26.3620979,-21.9484152,-21.9484152,0.918166045,4070.885,0.0,57.5951212,-0.1030080727,0.0,8221.3284,4066.85824,1106.20144,0.0,0.0
1700.0,403.91525,8225.96935,-168.047777,-168.047777,-144.759969,-144.759969,-138.877619,-138.877619,1102.97483,-223.0811,-223.0811,-25.7665943,-25.7665943,-21.4848313,-21.4848313,0.918842923,4070.885,0.0,57.4271293,-0.0881589624,0.0,8225.96935,4066.90545,1102.97483,0.0,0.0
1700.5,393.835079,8206.41308,-164.615469,-164.615469,-141.47912,-141.47912,-135.7160325,-135.7160325,1099.82236,-223.0811,-223.0811,-25.6929481,-25.6929481,-21.4131426,-21.4131426,0.919518186,4070.885,0.0,57.26299,-0.1056659593,0.0,8206.41308,4056.92718,1099.82236,0.0,0.0
1701.0,335.884852,8137.43805,-139.920767,-139.920767,-119.235647,-119.235647,-114.3345222,-114.3345222,1094.37449,-223.0811,-223.0811,-25.5656806,-25.5656806,-21.2894076,-21.2894076,0.920155195,4070.885,0.0,56.979345,-0.219089951,0.0,8137.43805,4025.04519,1094.37449,0.0,0.0
1701.5,271.847212,8145.0437,-113.026344,-113.026344,-96.4017212,-96.4017212,-92.4532306,-92.4532306,1084.62571,-223.0811,-223.0811,-25.3379406,-25.3379406,-21.0684285,-21.0684285,0.920720189,4070.885,0.0,56.4717694,-0.344575196,0.0,8145.0437,4022.51778,1084.62571,0.0,0.0
1702.0,207.809574,8164.62366,-86.3407246,-86.3407246,-73.8158593,-73.8158593,-70.8322635,-70.8322635,1070.55543,-223.0811,-223.0811,-25.0092441,-25.0092441,-20.7504845,-20.7504845,0.921210107,4070.885,0.0,55.7391911,-0.469290273,0.0,8164.62366,4022.44964,1070.55543,0.0,0.0
1702.5,143.7719324,8190.34716,-59.6595498,-59.6595498,-51.1628436,-51.1628436,-49.1106654,-49.1106654,1052.18031,-223.0811,-223.0811,-24.5799827,-24.5799827,-20.3370322,-20.3370322,0.921618068,4070.885,0.0,54.782477,-0.593622815,0.0,8190.34716,4022.42423,1052.18031,0.0,0.0
1703.0,85.5178881,8235.6341,-34.7522028,-34.7522028,-29.9583369,-29.9583369,-28.6483942,-28.6483942,1029.56027,-223.0811,-223.0811,-24.0515564,-24.0515564,-19.8308143,-19.8308143,0.921935134,4070.885,0.0,53.6047489,-0.707386576,0.0,8235.6341,4028.06086,1029.56027,0.0,0.0
1703.5,74.98199,8353.4897,-30.6475454,-30.6475454,-26.8103793,-26.8103793,-25.5695363,-25.5695363,1004.553287,-223.0811,-223.0811,-23.4673691,-23.4673691,-19.2746658,-19.2746658,0.922193681,4070.885,0.0,52.3027443,-0.725423282,0.0,8353.4897,4062.50005,1004.553287,0.0,0.0
1704.0,74.98199,8398.57905,-30.9919469,-30.9919469,-27.2573364,-27.2573364,-25.9986035,-25.9986035,979.527578,-223.0811,-223.0811,-22.8827427,-22.8827427,-18.7218064,-18.7218064,0.922450266,4070.885,0.0,50.9997636,-0.722656571,0.0,8398.57905,4066.64964,979.527578,0.0,0.0
1704.5,74.98199,8433.709200000001,-31.000129,-31.000129,-27.3785694,-27.3785694,-26.1092095,-26.1092095,954.580675,-223.0811,-223.0811,-22.2999584,-22.2999584,-18.1597281,-18.1597281,0.922705165,4070.885,0.0,49.7008863,-0.720559694,0.0,8433.709200000001,4066.70134,954.580675,0.0,0.0
1705.0,74.98199,8468.4675,-31.170792,-31.170792,-27.6430194,-27.6430194,-26.3591741,-26.3591741,929.704922,-223.0811,-223.0811,-21.7188356,-21.7188356,-17.5908346,-17.5908346,0.922957897,4070.00072,0.0,48.4057135,-0.718235504,0.0,8468.4675,4066.63967,929.704922,0.0,0.0
1705.5,74.98199,7316.941929999999,-52.9584481,-52.9584481,-40.533643,-40.533643,-38.9068217,-38.9068217,905.589678,-223.0811,-223.0811,-21.1554793,-21.1554793,-17.0441975,-17.0441975,0.923242252,3544.21775,0.0,47.150137,-0.676864308,0.0,7316.941929999999,3573.40073,905.589678,0.0,0.0
1706.0,74.98199,5014.21796,-52.1809445,-52.1809445,-27.4057734,-27.4057734,-26.0719368,-26.0719368,882.210021,-223.0811,-223.0811,-20.6093072,-20.6093072,-16.5188513,-16.5188513,0.923519586,2602.71877,0.0,45.9328597,-0.676464906,0.0,5014.21796,2601.56901,882.210021,0.0,0.0
1706.5,74.98199,2784.59337,-52.0817507,-52.0817507,-15.1872512,-15.1872512,-14.0568296,-14.0568296,858.849216,-223.0811,-223.0811,-20.0635758,-20.0635758,-15.9984449,-15.9984449,0.923734404,1661.21992,0.0,44.716564,-0.674889593,0.0,2784.59337,1660.16558,858.849216,0.0,0.0
1707.0,74.98199,1334.32366,-33.9523936,-33.9523936,-4.79474792,-4.79474792,-4.18833905,-4.18833905,835.093704,-223.0811,-223.0811,-19.5086232,-19.5086232,-15.473896,-15.473896,0.923885271,1075.82665,0.0,43.4797168,-0.705975342,0.0,1334.32366,1042.82698,835.093704,0.0,0.0
1707.5,74.98199,1423.46154,-30.7948875,-30.7948875,-4.59074347,-4.59074347,-4.04680701,-4.04680701,810.500333,-223.0811,-223.0811,-18.9340972,-18.9340972,-14.93574425,-14.93574425,0.924007965,1068.319,0.0,42.1992465,-0.709957668,0.0,1423.46154,1065.55803,810.500333,0.0,0.0
1708.0,74.98199,1460.25164,-31.0778781,-31.0778781,-4.75239131,-4.75239131,-4.20077932,-4.20077932,788.641533,-126.8508606,-126.8508606,-10.51115795,-10.51115795,-8.235956077,-8.235956077,0.924120782,1068.319,0.0,41.0611528,-0.3853621972,0.0,1460.25164,1068.10346,788.641533,0.0,0.0
1708.5,74.98199,1455.6045,-31.3373814,-31.3373814,-4.77676103,-4.77676103,-4.22134199,-4.22134199,792.259014,129.659371,129.659371,10.7649493,10.7649493,13.12914685,13.12914685,0.924120385,1068.319,0.0,41.2494999,0.457333492,0.0,1455.6045,1068.28196,792.259014,0.0,0.0
1709.0,74.98199,1431.11957,-31.338789,-31.338789,-4.69663533,-4.69663533,-4.14327302,-4.14327302,809.20138,140.85803,140.85803,11.93622035,11.93622035,14.5293126,14.5293126,0.924039885,1068.319,0.0,42.1316145,0.49244961,0.0,1431.11957,1067.98613,809.20138,0.0,0.0
1709.5,74.98199,1409.67788,-31.2767233,-31.2767233,-4.61712812,-4.61712812,-4.06675966,-4.06675966,824.213873,63.0997487,63.0997487,5.428081911,5.428081911,6.981119652,6.981119652,0.923970174,1068.319,0.0,42.913251,0.2395328432,0.0,1409.67788,1067.82976,824.213873,0.0,0.0
1710.0,84.723909,1511.58861,-31.2198924,-31.2198924,-4.94429025,-4.94429025,-4.38646196,-4.38646196,816.499869,-201.840611,-201.840611,-17.23012585,-17.23012585,-13.6599217,-13.6599217,0.924025847,1105.95015,0.0,42.5116153,-0.626136533,0.0,1511.58861,1105.73143,816.499869,0.0,0.0
1710.5,124.5506135,2310.85902,-43.5622688,-43.5622688,-10.68555004,-10.68555004,-9.80475581,-9.80475581,792.435885,-237.74106,-237.74106,-19.7286313,-19.7286313,-15.3680864,-15.3680864,0.924164192,1400.97362,0.012196188904,41.2587091,-0.676418692,0.0,2310.85902,1424.263,792.435885,-0.29860525,0.009782375
1711.0,166.493673,3178.65399,-61.3991408,-61.3991408,-20.5671999,-20.5671999,-19.11285795,-19.11285795,769.184213,-237.74106,-237.74106,-19.1497531,-19.1497531,-14.82638325,-14.82638325,0.924343298,1744.16339,0.790724542,40.0480937,-0.694174204,0.0,3178.65399,1771.78238,769.184213,-19.71291785,0.632618348
1711.5,208.436736,4037.96105,-78.8387187,-78.8387187,-33.46696,-33.46696,-31.2855491,-31.2855491,743.864896,-237.74106,-237.74106,-18.5193995,-18.5193995,-14.2138973,-14.2138973,0.924573744,2087.35316,1.99502585,38.7298271,-0.769109377,0.0,4037.96105,2114.56263,743.864896,-49.8267969,1.54990304
1712.0,250.379797,4898.9481,-96.2982471,-96.2982471,-49.5324487,-49.5324487,-46.4691882,-46.4691882,717.298873,-236.911245,-236.911245,-17.7965987,-17.7965987,-13.53900675,-13.53900675,0.924865242,2430.54297,2.4329987,37.3466489,-0.740255455,0.0,4898.9481,2457.31395,717.298873,-60.824966,1.82755572
1712.5,288.53939,5746.11235,-112.638305,-112.638305,-67.8647885,-67.8647885,-63.9347641,-63.9347641,694.244258,-212.642762,-212.642762,-15.4653958,-15.4653958,-11.8487278,-11.8487278,0.925223836,2773.73273,2.4329987,36.1462942,-0.58122404,0.0,5746.11235,2796.36381,694.244258,-60.824966,1.76881648
1713.0,295.4471,6527.31985,-116.6625374,-116.6625374,-79.7773105,-79.7773105,-75.6287024,-75.6287024,676.597434,-177.72738,-177.72738,-12.5972134,-12.5972134,-9.79981595,-9.79981595,0.925634356,3107.1771,2.4329987,35.2275008,-0.447110171,0.0,6527.31985,3111.12626,676.597434,-60.824966,1.7238554
1713.5,295.4471,6784.0553,-123.3535765,-123.3535765,-87.6337874,-87.6337874,-83.2449631,-83.2449631,663.289114,-142.812001,-142.812001,-9.9231359,-9.9231359,-7.8312487,-7.8312487,0.926077987,3205.4714,2.84450112,34.5345948,-0.37348716,0.0,6784.0553,3210.18508,663.289114,-70.8955294,1.96739887
1714.0,295.4471,6839.19384,-121.9671451,-121.9671451,-87.350253,-87.350253,-83.0112715,-83.0112715,607.18067,-107.8966209,-107.8966209,-6.89925786,-6.89925786,-5.43168459,-5.43168459,0.926522622,3205.4714,29.1004509,31.613271,-3.71748968,0.0,6839.19384,3200.3674,607.18067,-725.649786,18.0001572
1714.5,295.4471,7146.1827,-120.424607,-120.424607,-90.11374,-90.11374,-85.839968,-85.839968,386.487937,-90.12566,-90.12566,-3.64764884,-3.64764884,-2.58077681,-2.58077681,0.926961546,3205.4714,69.7157422,20.1227549,-9.01821297,0.0,7146.1827,3199.24683,386.487937,-1741.25047,27.1433672
1715.0,295.4471,7613.615589999999,-121.016054,-121.016054,-96.4981365,-96.4981365,-92.229987,-92.229987,61.2979708725,-90.12566,-89.57795,-0.578526385845,-0.578512033498,-0.287710674234,-0.287705925304,0.927407791,3205.4714,84.4867,3.19152017788,-6.6959639883,0.0,7613.615589999999,3203.87315,61.2979708725,-1281.7047367,5.423489844674
1715.5,295.4471,7697.30806,-123.0701324,-123.0701324,-99.201983,-99.201983,-94.8667995,-94.8667995,0.02685185634,-90.12566,-85.778839,-0.000253426131,-0.000240820044,-6.8951057e-05,-6.4783283e-05,0.927870083,3205.4714,84.4867,0.001398059984,0.25817493484,0.0,7697.30806,3202.92236,0.02685185634,-89.1237849,0.000637027388
1716.0,295.4471,7693.1939,-122.9409381,-122.9409381,-99.0448319,-99.0448319,-94.7138578,-94.7138578,0.02246601417,-90.12566,-90.12566,-0.000212032828,-0.000212032828,-5.7367794e-05,-5.7367794e-05,0.928334184,3205.4714,84.4867,0.001169708152,0.0654639323,0.0,7693.1939,3201.20793,0.02246601417,-24.56291662,3.8664197e-05
1716.5,295.4471,7693.087140000001,-122.9364515,-122.9364515,-99.0398435,-99.0398435,-94.709016,-94.709016,0.03190056,-90.12566,-88.427406,-0.00030107548,-0.00025559806,3.568249e-05,5.0730426e-05,0.928798248,3205.4714,84.4867,0.001660924158,0.8450933565,0.0,7693.087140000001,3201.16899,0.03190056,-144.71918126,0.001637312411
1717.0,295.4471,7693.09009,-122.9391406,-122.9391406,-99.042048,-99.042048,-94.711127,-94.711127,0.037993261,-90.12566,-89.559509,-0.000358577994,-0.000343669822,0.000304126093,0.000309058963,0.929262448,3205.4714,84.4867,0.00197814459,0.4294458113,0.0,7693.09009,3201.17374,0.037993261,-154.52836291,0.004253737571
1717.5,295.4471,7693.09942,-122.9375541,-122.9375541,-99.0408926,-99.0408926,-94.710026,-94.710026,0.033472568,-90.12566,-87.9113584,-0.000315911994,-0.000310116133,-7.2407621e-05,-7.0491499e-05,0.929726766,3205.4714,84.4867,0.00174277181,0.48378466,0.0,7693.09942,3201.17498,0.033472568,-127.68932628,0.000755662227
1718.0,295.4471,6795.8496,-142.3995784,-142.3995784,-101.0550662,-101.0550662,-96.013038,-96.013038,0.03131198863,-90.12566,-90.12566,-0.000295520566,-0.000295520566,-5.4493315e-05,-5.4493315e-05,0.930200814,2799.52632,84.4867,0.00163027971,-0.9699628056,0.0,6795.8496,2827.82149,0.03131198863,-167.8187128,0.001388145744
1718.5,295.4471,5676.73405,-121.690779,-121.690779,-72.3412747,-72.3412747,-68.0492019,-68.0492019,0.0542907947,-90.12566,-90.12566,-0.000512393094,-0.000512393094,-3.389714e-06,-3.389714e-06,0.930606852,2396.189,84.4867,0.002826686775,0.0902139264,0.0,5676.73405,2362.16268,0.0542907947,-360.1821113,0.004457249644
1719.0,295.4471,5748.47388,-122.8501418,-122.8501418,-73.9531991,-73.9531991,-69.617366,-69.617366,0.00340202204,-90.12566,-90.12566,-3.2108075e-05,-3.2108075e-05,0.000345763545,0.000345763545,0.930971072,2396.189,84.4867,0.000177128613,0.0330232961,0.0,5748.47388,2391.98441,0.00340202204,77.5872224,0.000314960734
1719.5,295.4471,5750.77368,-122.9358069,-122.9358069,-74.0343533,-74.0343533,-69.6954384,-69.6954384,0.04556600797,-90.12566,-90.12566,-0.000430049111,-0.000430049111,0.000204859902,0.000204859902,0.931338075,2396.189,84.062689,0.00237242484,0.839265283,0.0,5750.77368,2392.96601,0.04556600797,-275.4309765,0.004652449837
1720.0,295.4471,5750.81972,-122.9381165,-122.9381165,-74.0363379,-74.0363379,-69.6973395,-69.6973395,0.026469444,-90.12566,-90.12566,-0.000249816949,-0.000249816949,-5.3612282e-05,-5.3612282e-05,0.931705235,2396.189,57.0285208,0.001378149464,0.0448638519,0.0,5750.81972,2392.97398,0.026469444,-35.77424166,5.8991161e-05
1720.5,289.660092,5737.81943,-120.783012,-120.783012,-72.5759787,-72.5759787,-68.3133964,-68.3133964,0.2660609984,-77.7304057,-77.7304057,-0.001849605426,-0.001849605426,-0.000613632626,-0.000613632626,0.93207104,2396.189,15.207946981,0.01385264445,0.073278464617,0.0,5737.81943,2387.70436,0.2660609984,-46.98700776,0.000132969017
1721.0,272.868448,5712.951520000001,-113.655466,-113.655466,-67.9964602,-67.9964602,-64.0147976,-64.0147976,7.40914406,-43.7886138,-43.7886138,-0.0308482958,-0.0308482958,-0.01040384077,-0.01040384077,0.932423657,2396.189,0.0,0.385762073,0.308959578,0.0,5712.951520000001,2381.52742,7.40914406,0.0,0.0
1721.5,255.818554,5695.83168,-106.552848,-106.552848,-63.5562755,-63.5562755,-59.9330323,-59.9330323,19.1013633,-9.510373386,-9.510373386,-0.01517644253,-0.01517644253,0.00078865927,0.00078865927,0.932758476,2396.189,0.0,0.994525335,0.375742505,0.0,5695.83168,2381.2308,19.1013633,0.0,0.0
1722.0,238.768671,5675.72985,-99.4797356,-99.4797356,-59.1282234,-59.1282234,-55.8459331,-55.8459331,33.4522814,24.7678675,24.7678675,0.0914174733,0.0914174733,0.258941859,0.258941859,0.93307517,2396.189,0.0,1.7417156,0.454440422,0.0,5675.72985,2381.24566,33.4522814,0.0,0.0
1722.5,221.718785,5651.83008,-92.4070125,-92.4070125,-54.6934295,-54.6934295,-51.7360185,-51.7360185,50.5234627,59.0461075,59.0461075,0.317859645,0.317859645,0.819663944,0.819663944,0.93337175,2396.189,0.0,2.63053811,0.533109635,0.0,5651.83008,2381.26844,50.5234627,0.0,0.0
1723.0,209.527578,5635.02681,-87.1258749,-87.1258749,-51.4128898,-51.4128898,-48.6909665,-48.6909665,70.3874504,93.3243486,93.3243486,0.694236084,0.694236084,1.68029352,1.68029352,0.933647465,2396.189,0.0,3.66477011,0.620510729,0.0,5635.02681,2385.87501,70.3874504,0.0,0.0
1723.5,209.03726,5894.32595,-80.785513,-80.785513,-49.8249629,-49.8249629,-47.3533023,-47.3533023,93.5644886,126.388211,126.388211,1.244397737,1.244397737,2.86715669,2.86715669,0.933908409,2522.26609,0.0,4.87149822,0.715727329,0.0,5894.32595,2507.30413,93.5644886,0.0,0.0
1724.0,209.03726,6662.67451,-79.815456,-79.815456,-55.6897547,-55.6897547,-53.2106211,-53.2106211,119.0146655,135.55205,135.55205,1.68941055,1.68941055,3.68178829,3.68178829,0.934174265,2846.34882,0.0,6.19657882,0.743465681,0.0,6662.67451,2841.87991,119.0146655,0.0,0.0
1724.5,209.03726,7351.49563,-82.8235546,-82.8235546,-63.802311,-63.802311,-61.1152364,-61.1152364,144.749652,135.55205,135.55205,2.05471807,2.05471807,4.22400865,4.22400865,0.934468388,3139.6255,0.0,7.53648817,0.748402126,0.0,7351.49563,3143.52987,144.749652,0.0,0.0
1725.0,209.03726,7421.72044,-87.4943864,-87.4943864,-68.0012094,-68.0012094,-65.1170709,-65.1170709,170.820156,135.55205,135.55205,2.42478834,2.42478834,4.71375431,4.71375431,0.934793981,3188.1067,0.0,8.8938666,0.756174812,0.0,7421.72044,3187.97332,170.820156,0.0,0.0
1725.5,209.03726,7375.941150000001,-87.199459,-87.199459,-67.3534575,-67.3534575,-64.4877362,-64.4877362,196.942372,135.55205,135.55205,2.79559252,2.79559252,5.16644483,5.16644483,0.935119713,3188.1067,0.0,10.2539371,0.75524699,0.0,7375.941150000001,3184.17682,196.942372,0.0,0.0
1726.0,209.03726,7339.197749999999,-87.1918867,-87.1918867,-67.0121089,-67.0121089,-64.1517288,-64.1517288,223.044179,135.55205,135.55205,3.16610716,3.16610716,5.62452228,5.62452228,0.935441705,3188.1067,0.0,11.61294545,0.754760762,0.0,7339.197749999999,3184.12826,223.044179,0.0,0.0
1726.5,209.03726,7302.67583,-87.1915999,-87.1915999,-66.678418,-66.678418,-63.8231501,-63.8231501,249.128503,135.55205,135.55205,3.5363735,3.5363735,6.0527105,6.0527105,0.935760355,3188.1067,0.0,12.9710434,0.754228773,0.0,7302.67583,3184.16161,249.128503,0.0,0.0
1727.0,209.03726,7266.184760000001,-87.1914335,-87.1914335,-66.3451021,-66.3451021,-63.4950274,-63.4950274,275.193436,135.55205,135.55205,3.90636468,3.90636468,6.45037859,6.45037859,0.936075767,3188.1067,0.0,14.3281316,0.753638743,0.0,7266.184760000001,3184.19658,275.193436,0.0,0.0
1727.5,209.03726,7229.723919999999,-87.1912535,-87.1912535,-66.0120541,-66.0120541,-63.1672574,-63.1672574,301.236964,135.55205,135.55205,4.27605209,4.27605209,6.82065006,6.82065006,0.936388069,3188.1067,0.0,15.68410555,0.752990604,0.0,7229.723919999999,3184.23149,301.236964,0.0,0.0
1728.0,209.03726,7193.295540000001,-87.1910581,-87.1910581,-65.679294,-65.679294,-62.839862,-62.839862,327.257079,135.55205,135.55205,4.64540695,4.64540695,7.1662358,7.1662358,0.9366974,3188.1067,0.0,17.0388606,0.752284557,0.0,7193.295540000001,3184.26637,327.257079,0.0,0.0
1728.5,209.03726,7156.90299,-87.1908445,-87.1908445,-65.346846,-65.346846,-62.5128683,-62.5128683,353.251792,135.55205,135.55205,5.01440129,5.01440129,7.48950046,7.48950046,0.937003801,3188.1067,0.0,18.3922931,0.751520814,0.0,7156.90299,3184.30127,353.251792,0.0,0.0
1729.0,209.03726,7120.54873,-87.1906165,-87.1906165,-65.0147394,-65.0147394,-62.1862996,-62.1862996,379.219106,135.55205,135.55205,5.38300668,5.38300668,7.79493605,7.79493605,0.937307374,3188.1067,0.0,19.7442982,0.75069962,0.0,7120.54873,3184.33606,379.219106,0.0,0.0
1729.5,209.03726,7084.61363,-87.183414,-87.183414,-64.6812945,-64.6812945,-61.8579033,-61.8579033,404.859754,127.1719025,127.1719025,5.38767781,5.38767781,7.61438203,7.61438203,0.937608812,3188.1067,0.0,21.0792962,0.72271742,0.0,7084.61363,3184.35472,404.859754,0.0,0.0
1730.0,209.03726,7051.08112,-87.1659304,-87.1659304,-64.3622358,-64.3622358,-61.5427228,-61.5427228,428.791675,108.6146385,108.6146385,4.87345068,4.87345068,6.73775666,6.73775666,0.937911601,3188.1067,0.0,22.3253279,0.661787346,0.0,7051.08112,3184.37513,428.791675,0.0,0.0
1730.5,209.03726,7020.52387,-87.1489722,-87.1489722,-64.0708429,-64.0708429,-61.2549704,-61.2549704,450.617684,90.0573733,90.0573733,4.24634858,4.24634858,5.77992133,5.77992133,0.938217194,3188.1067,0.0,23.461713,0.600890501,0.0,7020.52387,3184.40414,450.617684,0.0,0.0
1731.0,209.03726,6992.91391,-87.1320568,-87.1320568,-63.8064803,-63.8064803,-60.9940365,-60.9940365,470.339116,71.5001101,71.5001101,3.51865869,3.51865869,4.7620442,4.7620442,0.938526027,3188.1067,0.0,24.488523,0.540038198,0.0,6992.91391,3184.43066,470.339116,0.0,0.0
1731.5,209.03726,6928.027099999999,-90.4748346,-90.4748346,-65.5909713,-65.5909713,-62.6381199,-62.6381199,487.980247,52.9428456,52.9428456,2.70276713,2.70276713,3.70744316,3.70744316,0.938839402,3160.50216,0.0,25.4070209,0.485078815,0.0,6928.027099999999,3167.73127,487.980247,0.0,0.0
1732.0,209.03726,5767.62432,-102.1334341,-102.1334341,-61.7167818,-61.7167818,-58.3100442,-58.3100442,504.135863,34.3855817,34.3855817,1.8128535,1.8128535,2.6409609,2.6409609,0.939164344,2684.56811,0.0,26.2481737,0.444632581,0.0,5767.62432,2694.31226,504.135863,0.0,0.0
1732.5,209.03726,4198.3748,-101.282028,-101.282028,-44.530309,-44.530309,-41.3156335,-41.3156335,518.422629,15.82831676,15.82831676,0.857185062,0.857185062,1.474433416,1.474433416,0.939434716,2051.45516,0.0,26.9920237,0.382481578,0.0,4198.3748,2049.67792,518.422629,0.0,0.0
1733.0,204.625476,2651.44413,-99.5945061,-99.5945061,-27.7217627,-27.7217627,-24.8322186,-24.8322186,530.524356,-2.7289475655,-2.7289475655,-0.153352086,-0.153352086,-0.00576297527,-0.00576297527,0.939630751,1418.34221,0.0,27.6221076,0.31382181,0.0,2651.44413,1413.05472,530.524356,0.0,0.0
1733.5,191.296797,1130.547597,-91.4461524,-91.4461524,-11.02649524,-11.02649524,-8.87388993,-8.87388993,539.881911,-21.0698878,-21.0698878,-1.192392573,-1.192392573,-0.740149107,-0.740149107,0.939740632,803.29815,0.0,28.1093156,0.224346589,0.0,1130.547597,785.662275,539.881911,0.0,0.0
1734.0,177.712649,670.664563,-73.0591551,-73.0591551,-5.12821496,-5.12821496,-3.76193238,-3.76193238,546.204057,-27.627497,-27.627497,-1.58024736,-1.58024736,-1.04171494,-1.04171494,0.939782601,622.32855,0.0,28.4384827,0.155009766,0.0,670.664563,597.993009,546.204057,0.0,0.0
1734.5,164.128502,698.424666,-68.2978051,-68.2978051,-4.99538741,-4.99538741,-3.73524559,-3.73524559,551.151489,-27.627497,-27.627497,-1.59456102,-1.59456102,-1.05448995,-1.05448995,0.939816718,622.32855,0.0,28.6960745,0.130663957,0.0,698.424666,612.432944,551.151489,0.0,0.0
1735.0,150.54435,693.620874,-62.6711256,-62.6711256,-4.55241309,-4.55241309,-3.43824064,-3.43824064,555.222867,-27.627497,-27.627497,-1.60634005,-1.60634005,-1.06504767,-1.06504767,0.939849381,622.32855,0.0,28.9080532,0.1048526515,0.0,693.620874,612.811296,555.222867,0.0,0.0
1735.5,136.960203,689.188105,-57.0121048,-57.0121048,-4.11484236,-4.11484236,-3.13861391,-3.13861391,558.40112,-27.627497,-27.627497,-1.61553523,-1.61553523,-1.07331768,-1.07331768,0.939880068,622.32855,0.0,29.0735307,0.0790266948,0.0,689.188105,612.822559,558.40112,0.0,0.0
1736.0,123.3760556,685.987913,-51.3524844,-51.3524844,-3.68910806,-3.68910806,-2.84122759,-2.84122759,560.687238,-27.627497,-27.627497,-1.62214927,-1.62214927,-1.07928157,-1.07928157,0.939908753,622.32855,0.0,29.1925587,0.053242023,0.0,685.987913,612.825771,560.687238,0.0,0.0
1736.5,115.639297,696.241172,-47.9301688,-47.9301688,-3.49461506,-3.49461506,-2.71459641,-2.71459641,562.193678,-27.627497,-27.627497,-1.6265076,-1.6265076,-1.08321859,-1.08321859,0.939935796,622.32855,0.0,29.2709928,0.0381962297,0.0,696.241172,617.971824,562.193678,0.0,0.0
1737.0,115.6098,704.345867,-48.1051306,-48.1051306,-3.54818263,-3.54818263,-2.76093139,-2.76093139,563.517533,-27.627497,-27.627497,-1.63033772,-1.63033772,-1.08668315,-1.08668315,0.93996287,622.32855,0.0,29.33992,0.0384014322,0.0,704.345867,622.117255,563.517533,0.0,0.0
1737.5,115.6098,702.800146,-48.1165321,-48.1165321,-3.54123529,-3.54123529,-2.75441019,-2.75441019,564.844547,-27.627497,-27.627497,-1.63417695,-1.63417695,-1.0901603,-1.0901603,0.939990052,622.32855,0.0,29.4090111,0.0383566612,0.0,702.800146,622.248899,564.844547,0.0,0.0
1738.0,115.6098,700.951113,-48.1167331,-48.1167331,-3.53193316,-3.53193316,-2.74590563,-2.74590563,566.169496,-27.627497,-27.627497,-1.63801019,-1.63801019,-1.09363636,-1.09363636,0.940017194,622.32855,0.0,29.4779958,0.0382923428,0.0,700.951113,622.253116,566.169496,0.0,0.0
1738.5,115.6098,699.099422,-48.1167188,-48.1167188,-3.52260188,-3.52260188,-2.73738436,-2.73738436,567.492192,-27.627497,-27.627497,-1.641837,-1.641837,-1.0971108,-1.0971108,0.940044309,622.32855,0.0,29.546864,0.0382276093,0.0,699.099422,622.254931,567.492192,0.0,0.0
1739.0,115.6098,697.250745,-48.116701,-48.116701,-3.51328559,-3.51328559,-2.72888351,-2.72888351,568.812647,-27.627497,-27.627497,-1.64565733,-1.64565733,-1.10058371,-1.10058371,0.940071384,622.32855,0.0,29.6156153,0.0381628274,0.0,697.250745,622.25671,568.812647,0.0,0.0
1739.5,115.6098,695.405217,-48.116683,-48.116683,-3.50398511,-3.50398511,-2.72040378,-2.72040378,570.1309,-27.627497,-27.627497,-1.64947116,-1.64947116,-1.10405491,-1.10405491,0.940098429,622.32855,0.0,29.6842498,0.0380980048,0.0,695.405217,622.25848,570.1309,0.0,0.0
1740.0,115.6098,693.562851,-48.116665,-48.116665,-3.49470047,-3.49470047,-2.71194512,-2.71194512,571.446888,-27.627497,-27.627497,-1.65327851,-1.65327851,-1.10752448,-1.10752448,0.940125443,622.32855,0.0,29.7527679,0.0380331429,0.0,693.562851,622.260239,571.446888,0.0,0.0
1740.5,115.6098,691.723597,-48.1166472,-48.1166472,-3.48543158,-3.48543158,-2.70350748,-2.70350748,572.760642,-27.627497,-27.627497,-1.65707938,-1.65707938,-1.11099236,-1.11099236,0.940152404,622.32855,0.0,29.8211688,0.0379682423,0.0,691.723597,622.261999,572.760642,0.0,0.0
1741.0,115.6098,690.763556,-47.8913848,-47.8913848,-3.46413292,-3.46413292,-2.68731097,-2.68731097,574.071671,-27.627497,-27.627497,-1.66087233,-1.66087233,-1.11445725,-1.11445725,0.94017935,623.56804,0.0,29.8894278,0.0375123332,0.0,690.763556,622.628013,574.071671,0.0,0.0
1741.5,95.6182618,899.193085,-36.6131994,-36.6131994,-3.3803459,-3.3803459,-2.77443281,-2.77443281,574.846862,-33.895896,-33.895896,-2.0402506,-2.0402506,-1.44993188,-1.44993188,0.940207356,735.077861,0.0,29.9297897,-0.0259667797,0.0,899.193085,709.809723,574.846862,0.0,0.0
1742.0,23.5888911,1289.83783,-4.844850436,-4.844850436,-0.5561404639,-0.5561404639,-0.3938666017,-0.3938666017,569.28134,-74.1739888,-74.1739888,-4.41769856,-4.41769856,-3.42528376,-3.42528376,0.940236115,917.540422,0.0,29.6400164,-0.303304398,0.0,1289.83783,869.110207,569.28134,0.0,0.0
1742.5,12.408515,1851.32243,-0.572788242,-0.572788242,-0.1157999275,-0.1157999275,-0.0798831187,-0.0798831187,555.519284,-119.5202445,-119.5202445,-6.94649669,-6.94649669,-5.3335868,-5.3335868,0.940267316,1100.002974,0.0,28.9234851,-0.476704532,0.0,1851.32243,1094.71254,555.519284,0.0,0.0
1743.0,12.408515,2326.53274,-0.897950117,-0.897950117,-0.218704185,-0.218704185,-0.1606496,-0.1606496,536.42849,-164.866505,-164.866505,-9.2528142,-9.2528142,-6.86449301,-6.86449301,0.940310838,1282.46554,0.0,27.9295103,-0.627965788,0.0,2326.53274,1281.30405,536.42849,0.0,0.0
1743.5,12.408515,2798.72186,-0.863643224,-0.863643224,-0.252946585,-0.252946585,-0.190628078,-0.190628078,512.094924,-210.212762,-210.212762,-11.2624049,-11.2624049,-7.97542511,-7.97542511,0.94036343,1464.92811,0.0,26.6625673,-0.779677186,0.0,2798.72186,1463.57727,512.094924,0.0,0.0
1744.0,13.6668326,3280.18848,-1.056651244,-1.056651244,-0.368402119,-0.368402119,-0.282910928,-0.282910928,482.522939,-255.559015,-255.559015,-12.9007113,-12.9007113,-8.6419973,-8.6419973,0.94042205,1647.39066,0.0,25.1228815,-0.929286343,0.0,3280.18848,1646.65226,482.522939,0.0,0.0
1744.5,59.7091166,3851.86046,-19.7262104,-19.7262104,-8.10435503,-8.10435503,-7.54274939,-7.54274939,449.033787,-295.811715,-295.811715,-13.9026967,-13.9026967,-8.7902176,-8.7902176,0.940499944,1829.85323,0.0818885798,23.3792468,-0.984472754,0.0,3851.86046,1864.97509,449.033787,-2.0065327,0.036461487
1745.0,128.057473,4371.07918,-48.7578439,-48.7578439,-22.443717,-22.443717,-21.2515366,-21.2515366,407.796821,-302.05472,-302.05472,-12.8990606,-12.8990606,-7.86711164,-7.86711164,0.940642891,2012.31578,5.30293898,21.2322166,-1.55620611,0.0,4371.07918,2056.94779,407.796821,-132.2428812,2.22101564
1745.5,196.40583,4903.30591,-77.4955825,-77.4955825,-39.9349236,-39.9349236,-37.6983014,-37.6983014,337.742688,-302.05472,-302.05472,-10.6831719,-10.6831719,-5.98127876,-5.98127876,0.940857635,2191.14193,13.37939455,17.584801,-2.48569814,0.0,4903.30591,2237.50722,337.742688,-334.195543,4.67061254
1746.0,264.754188,5181.60431,-109.674532,-109.674532,-59.5358348,-59.5358348,-55.8001012,-55.8001012,244.658803,-302.05472,-302.05472,-7.7388266,-7.7388266,-3.7281479,-3.7281479,0.941148305,2249.5813,16.316736,12.73832575,-2.73172672,0.0,5181.60431,2298.95829,244.658803,-407.9184,4.18044718
1746.5,300.79037,5233.60507,-125.449093,-125.449093,-68.7536125,-68.7536125,-64.355583,-64.355583,151.891157,-302.05472,-302.05472,-4.80448399,-4.80448399,-1.99671554,-1.99671554,0.94149395,2249.5813,16.316736,7.90831546,-2.65782403,0.0,5233.60507,2266.42982,151.891157,-407.9184,2.59534079
1747.0,300.79037,5316.3667,-124.4715547,-124.4715547,-69.2967084,-69.2967084,-64.926734,-64.926734,59.9848226,-302.05472,-302.05472,-1.89738568,-1.89738568,-0.701061725,-0.701061725,0.941846584,2249.5813,16.316736,3.12315022,-2.65875357,0.0,5316.3667,2247.20411,59.9848226,-407.9184,1.024951362
1747.5,300.79037,5400.41021,-125.03618,-125.03618,-70.7117925,-70.7117925,-66.317307,-66.317307,0.9215461015,-302.05472,-302.05472,-0.02914951398,-0.02914951398,-0.0051271589,-0.0051271589,0.942200072,2249.5813,16.316736,0.0479809197,-0.52735755417,0.0,5400.41021,2247.68866,0.9215461015,-18.6476865,0.016861555022
1748.0,300.79037,5399.31465,-125.1690902,-125.1690902,-70.7724685,-70.7724685,-66.3733533,-66.3733533,-0.0685026972,-302.05472,-302.05472,0.00216681546,0.00216681546,0.0065536693,0.0065536693,0.942555428,2249.5813,16.316736,-0.00356663914,-1.7425589e-05,0.0,5399.31465,2246.6547,-0.0685026972,78.8691114,0.00022630973
1748.5,300.79037,5399.09525,-125.16125,-125.16125,-70.7651635,-70.7651635,-66.3663334,-66.3663334,-0.068504072,-302.05472,-302.05472,0.00216685886,0.00216685886,0.00655380078,0.00655380078,0.942910708,2249.5813,16.316736,-0.00356671066,2.999e-08,0.0,5399.09525,2246.56341,-0.068504072,78.8716024,0.000226321421
1749.0,300.79037,5399.091060000001,-125.1610955,-125.1610955,-70.7650165,-70.7650165,-66.366194,-66.366194,-0.0685041,-302.05472,-302.05472,0.0021668598,0.0021668598,0.0065538036,0.0065538036,0.943266071,2249.5813,16.316736,-0.0035667121,-1.24e-10,0.0,5399.091060000001,2246.56159,-0.0685041,78.871659,0.000226321669
1749.5,300.79037,5399.091,-125.161095,-125.161095,-70.765015,-70.765015,-66.36619,-66.36619,-0.0685041,-302.05472,-302.05472,0.0021668598,0.0021668598,0.0065538036,0.0065538036,0.943621471,2249.5813,16.316736,-0.0035667121,-1e-12,0.0,5399.091,2246.5615,-0.0685041,78.87166,0.00022632167
1750.0,300.79037,5399.091,-125.161095,-125.161095,-70.765015,-70.765015,-66.36619,-66.36619,-0.0685041,-302.05472,-302.05472,0.0021668598,0.0021668598,0.0065538036,0.0065538036,0.943976952,2249.5813,16.316736,-0.0035667121,-0.0,0.0,5399.091,2246.5615,-0.0685041,78.87166,0.00022632167
1750.5,300.317871,5398.31963,-125.078156,-125.078156,-70.708074,-70.708074,-66.312196,-66.312196,-0.0662280994,-295.172958,-295.172958,0.00204900805,0.00204900805,0.00619735307,0.00619735307,0.944332476,2249.5813,16.316736,-0.00344821061,0.000188347968,0.0,5398.31963,2246.24196,-0.0662280994,74.7453344,0.000207797297
1751.0,280.08815,5359.87437,-116.9004668,-116.9004668,-65.6185337,-65.6185337,-61.5262254,-61.5262254,-0.0586266286,-261.416865,-261.416865,0.00160689776,0.00160689776,0.00486013839,0.00486013839,0.944680213,2249.5813,16.316736,-0.00305243487,0.00018069591,0.0,5359.87437,2230.24906,-0.0586266286,60.9640869,0.000149955897
1751.5,249.521956,5348.46134,-103.837873,-103.837873,-58.1586038,-58.1586038,-54.6847302,-54.6847302,-0.05240354,-224.956557,-224.956557,0.00123629837,0.00123629837,0.00373922029,0.00373922029,0.944999608,2249.5813,16.2349018,-0.00272842564,0.000147427055,0.0,5348.46134,2225.50361,-0.05240354,49.453273,0.000108784352
1752.0,218.955768,5351.8608,-90.5466605,-90.5466605,-50.7429488,-50.7429488,-47.8954431,-47.8954431,-0.0568552256,-188.496245,-188.496245,0.00111743203,0.00111743203,0.00337959516,0.00337959516,0.945289155,2253.16932,11.01379642,-0.00296020567,-0.000515726247,0.0,5351.8608,2226.91558,-0.0568552256,37.8776139,8.9642558e-05
1752.5,192.789558,5714.17396,-74.4312987,-74.4312987,-44.5060704,-44.5060704,-42.3181844,-42.3181844,-0.1990005015,-152.035937,-152.035937,0.00300043655,0.00300043655,0.00906515689,0.00906515689,0.945545423,2403.93229,2.93733459609,-0.01036109521,-0.02347772042,0.0,5714.17396,2377.59376,-0.1990005015,21.67025653,9.3691136e-05
1753.0,189.54799,6313.38384,-73.651055,-73.651055,-48.6954813,-48.6954813,-46.4852421,-46.4852421,-1.366192104,-115.5756258,-115.5756258,0.0164391454,0.0164391454,0.0494937942,0.0494937942,0.945800697,2631.28385,0.0,-0.0711317132,-0.00955673297,0.0,6313.38384,2626.2479,-1.366192104,0.0,0.0
1753.5,189.54799,6860.48875,-73.80847,-73.80847,-53.0262662,-53.0262662,-50.7715793,-50.7715793,0.192564241,-79.1153156,-79.1153156,-0.00058276005,-0.00058276005,0.00765970656,0.00765970656,0.946077425,2858.63545,0.0,0.0100259877,0.0922937814,0.0,6860.48875,2854.81242,0.192564241,0.0,0.0
1754.0,189.54799,7399.9734,-73.8297961,-73.8297961,-57.2125104,-57.2125104,-54.8642605,-54.8642605,4.61937452,-42.6550056,-42.6550056,-0.018887915,-0.018887915,-0.00631746415,-0.00631746415,0.946373633,3085.98701,0.0,0.2405108524,0.160257694,0.0,7399.9734,3081.88081,4.61937452,0.0,0.0
1754.5,189.54799,7935.93556,-73.853553,-73.853553,-61.3760693,-61.3760693,-58.8960579,-58.8960579,11.5555323,-8.1709117574,-8.1709117574,-0.007888812513,-0.007888812513,-0.002617770226,-0.002617770226,0.946688264,3313.33856,0.0,0.601646575,0.245982181,0.0,7935.93556,3308.94859,11.5555323,0.0,0.0
1755.0,189.54799,8468.5967,-73.8614125,-73.8614125,-65.5024667,-65.5024667,-62.8750247,-62.8750247,20.7691709,-0.020975858,-0.020975858,-4.5621285e-05,-4.5621285e-05,-1.5081899e-05,-1.5081899e-05,0.947020624,3540.69018,0.0,1.081360893,0.27236549,0.0,8468.5967,3535.9727,20.7691709,0.0,0.0
1755.5,189.54799,9001.0416,-73.8608491,-73.8608491,-69.6202669,-69.6202669,-66.839706,-66.839706,30.1849463,-0.020975858,-0.020975858,-6.6303854e-05,-6.6303854e-05,-2.191933e-05,-2.191933e-05,0.947370237,3768.04174,0.0,1.57159957,0.272343811,0.0,9001.0416,3763.02464,30.1849463,0.0,0.0
1756.0,189.54799,9533.50425,-73.8608275,-73.8608275,-73.7386781,-73.7386781,-70.8004635,-70.8004635,39.5998652,-0.020975858,-0.020975858,-8.6984536e-05,-8.6984536e-05,-2.8756139e-05,-2.8756139e-05,0.947736783,3995.39332,0.0,2.06179367,0.272315425,0.0,9533.50425,3990.08352,39.5998652,0.0,0.0
1756.5,189.54799,9930.8604,-77.5551346,-77.5551346,-80.6622775,-80.6622775,-77.4999338,-77.4999338,49.0893921,-0.020975858,-0.020975858,-0.000107829108,-0.000107829108,-3.5647126e-05,-3.5647126e-05,0.948124146,4159.14021,0.0,2.55587223,0.278704041,0.0,9930.8604,4160.96726,49.0893921,0.0,0.0
1757.0,189.54799,9918.269499999999,-79.02896,-79.02896,-82.082587,-82.082587,-78.8831312,-78.8831312,58.8072751,-0.020975858,-0.020975858,-0.00012917528,-0.00012917528,-4.2703938e-05,-4.2703938e-05,0.948532412,4165.989,0.0,3.06184045,0.281223417,0.0,9918.269499999999,4161.40219,58.8072751,0.0,0.0
1757.5,189.54799,9902.482,-78.9520645,-78.9520645,-81.872144,-81.872144,-78.6793916,-78.6793916,68.5252439,-0.020975858,-0.020975858,-0.000150521642,-0.000150521642,-4.9760813e-05,-4.9760813e-05,0.948940143,4165.989,0.0,3.567813,0.281036172,0.0,9902.482,4160.507240000001,68.5252439,0.0,0.0
1758.0,189.54799,9888.83825,-78.9504474,-78.9504474,-81.7576661,-81.7576661,-78.5689899,-78.5689899,78.2400261,-0.020975858,-0.020975858,-0.000171861001,-0.000171861001,-5.6815373e-05,-5.6815373e-05,0.94934743,4165.989,0.0,4.07361963,0.280971829,0.0,9888.83825,4160.50239,78.2400261,0.0,0.0
1758.5,211.307147,9926.09225,-85.59373,-85.59373,-89.0575541,-89.0575541,-85.7065974,-85.7065974,88.1218018,-0.020975858,-0.020975858,-0.000193567179,-0.000193567179,-6.3991198e-05,-6.3991198e-05,0.949757659,4165.989,0.0,4.58812096,0.317780658,0.0,9926.09225,4181.77391,88.1218018,0.0,0.0
1759.0,404.747489,10197.28335,-168.985319,-168.985319,-180.455045,-180.455045,-174.5866756,-174.5866756,104.8633568,-0.020975858,-0.020975858,-0.000230341462,-0.000230341462,-7.6148374e-05,-7.6148374e-05,0.950327646,4165.989,0.0,5.4597814,0.688082816,0.0,10197.28335,4304.39369,104.8633568,0.0,0.0
1759.5,465.8263,9876.1487,-196.086546,-196.086546,-202.810968,-202.810968,-196.10362,-196.10362,131.8411205,-0.020975858,-0.020975858,-0.000289600452,-0.000289600452,-9.5738751e-05,-9.5738751e-05,0.951119825,4165.989,0.0,6.8643968,0.80618563,0.0,9876.1487,4186.51947,131.8411205,0.0,0.0
1760.0,465.8263,9776.2469,-194.106374,-194.106374,-198.719598,-198.719598,-192.061052,-192.061052,159.618572,-0.020975858,-0.020975858,-0.00035061604,-0.00035061604,-0.000115909838,-0.000115909838,0.951910836,4165.989,0.0,8.31064871,0.802390135,0.0,9776.2469,4161.16851,159.618572,0.0,0.0
1760.5,465.8263,9736.1091,-194.057576,-194.057576,-197.853916,-197.853916,-191.189324,-191.189324,187.349323,-0.020975858,-0.020975858,-0.00041152903,-0.00041152903,-0.000136415102,-0.000136415102,0.952697394,4165.989,0.0,9.754469,0.801890013,0.0,9736.1091,4160.65871,187.349323,0.0,0.0
1761.0,465.8263,9697.108,-194.066346,-194.066346,-197.070227,-197.070227,-190.398117,-190.398117,215.249761,18.7040936994,18.7040936994,0.445140195425,0.445140195425,0.802149406411,0.802149406411,0.953481826,4165.989,0.0,11.20712405,0.861916053,0.0,9697.108,4160.72081,215.249761,0.0,0.0
1761.5,465.8263,9634.9552,-194.340809,-194.340809,-196.083884,-196.083884,-189.385951,-189.385951,260.380451,312.730547,312.730547,8.64044377,8.64044377,17.96956096,17.96956096,0.954240228,4165.989,0.0,13.55688365,1.81270705,0.0,9634.9552,4161.21015,260.380451,0.0,0.0
1762.0,465.8263,9539.682799999999,-194.384859,-194.384859,-194.189169,-194.189169,-187.46217,-187.46217,327.706827,361.78888,361.78888,12.4156455,12.4156455,23.9728508,23.9728508,0.954952987,4165.989,0.0,17.0622765,1.9699101,0.0,9539.682799999999,4160.87798,327.706827,0.0,0.0
1762.5,465.16371,9442.9202,-194.220643,-194.220643,-192.057866,-192.057866,-185.310515,-185.310515,395.771138,361.78888,361.78888,14.9943601,14.9943601,26.3044184,26.3044184,0.95565097,4165.989,0.0,20.6060911,1.96672903,0.0,9442.9202,4160.35672,395.771138,0.0,0.0
1763.0,451.780347,7691.71595,-222.856231,-222.856231,-178.938532,-178.938532,-171.092124,-171.092124,464.287157,361.78888,361.78888,17.5901887,17.5901887,29.1193649,29.1193649,0.956335947,3429.74518,0.0,24.1734235,1.99839585,0.0,7691.71595,3471.67364,464.287157,0.0,0.0
1763.5,433.569091,3763.75864,-204.919871,-204.919871,-82.1964145,-82.1964145,-75.3377651,-75.3377651,532.815256,361.78888,361.78888,20.1864738,20.1864738,31.719107,31.719107,0.956787615,1925.84363,0.0,27.7413849,1.94304807,0.0,3763.75864,1877.23461,532.815256,0.0,0.0
1764.0,415.357839,2983.48283,-171.587343,-171.587343,-53.6078424,-53.6078424,-48.0609836,-48.0609836,598.267429,361.78888,360.540545,22.6662241,22.5848041,34.1008889,33.9801038,0.956921497,1628.4606,0.0,31.1491971,1.85659268,0.0,2983.48283,1590.77316,598.267429,0.0,0.0
1764.5,397.146578,2951.03577,-165.70103,-165.70103,-51.2121384,-51.2121384,-45.8678167,-45.8678167,661.125316,361.78888,345.11722,25.0476866,23.8838086,36.2205235,34.5434322,0.957007406,1628.4606,0.0,34.421936,1.77180658,0.0,2951.03577,1613.97398,661.125316,0.0,0.0
1765.0,378.935327,2868.79764,-158.143799,-158.143799,-47.514858,-47.514858,-42.4388257,-42.4388257,720.765673,361.78888,328.475349,27.3072465,24.7851762,38.0644632,34.5533664,0.957072545,1628.4606,0.0,37.5271499,1.68004849,0.0,2868.79764,1614.57763,720.765673,0.0,0.0
1765.5,360.72407,3085.31585,-144.341869,-144.341869,-46.5681083,-46.5681083,-41.8786932,-41.8786932,777.215405,361.411429,314.266487,29.4142388,25.5715812,39.750592,34.5604904,0.957119329,1761.84015,0.0,40.4662441,1.58520558,0.0,3085.31585,1737.63303,777.215405,0.0,0.0
1766.0,342.51282,3745.56483,-136.255629,-136.255629,-53.4027911,-53.4027911,-48.8292059,-48.8292059,830.564701,321.137269,300.574236,27.9013072,26.1362285,36.8495284,34.5082229,0.957191701,2058.37736,0.0,43.243912,1.50192451,0.0,3745.56483,2043.51783,830.564701,0.0,0.0
1766.5,324.334035,4389.65357,-128.6755246,-128.6755246,-59.1072077,-59.1072077,-54.6833767,-54.6833767,879.716692,254.087954,254.087954,23.381223,23.381223,29.7183658,29.7183658,0.957314451,2354.92213,0.0,45.8030426,1.31357088,0.0,4389.65357,2340.2273,879.716692,0.0,0.0
1767.0,316.43124,5064.19102,-125.0724565,-125.0724565,-66.3316682,-66.3316682,-61.9614231,-61.9614231,920.952273,187.038648,187.038648,18.016775,18.016775,21.9321739,21.9321739,0.957509188,2651.46685,0.0,47.9500014,1.077958214,0.0,5064.19102,2644.98455,920.952273,0.0,0.0
1767.5,316.43124,5738.537480000001,-125.2635314,-125.2635314,-75.2754592,-75.2754592,-70.8544502,-70.8544502,954.428384,119.9893375,119.9893375,11.9754402,11.9754402,14.1447059,14.1447059,0.957784843,2948.0116,0.0,49.6929565,0.85865469,0.0,5738.537480000001,2945.1315,954.428384,0.0,0.0
1768.0,306.890512,6391.68863,-122.061381,-122.061381,-81.6352553,-81.6352553,-77.3008625,-77.3008625,980.228304,52.9400291,52.9400291,5.42169427,5.42169427,6.51839357,6.51839357,0.958133871,3244.55636,0.0,51.036247,0.62289753,0.0,6391.68863,3231.97686,980.228304,0.0,0.0
1768.5,243.748524,6992.32008,-95.169295,-95.169295,-69.5087456,-69.5087456,-66.3352867,-66.3352867,996.600554,3.97800433,3.97800433,0.413942803,0.413942803,0.606641953,0.606641953,0.958505915,3541.10112,0.0,51.8886794,0.342720849,0.0,6992.32008,3491.46377,996.600554,0.0,0.0
1769.0,172.280175,7683.21109,-65.1126648,-65.1126648,-52.2080121,-52.2080121,-50.1063277,-50.1063277,1005.849532,1.6723017,1.6723017,0.176147407,0.176147407,0.260339471,0.260339471,0.958827177,3837.64586,0.0,52.3702342,0.198886,0.0,7683.21109,3784.34899,1005.849532,0.0,0.0
1769.5,100.811824,8296.7779,-38.8427349,-38.8427349,-33.6920445,-33.6920445,-32.2666919,-32.2666919,1010.432793,1.6723017,1.6723017,0.176950041,0.176950041,0.261269906,0.261269906,0.959065149,4087.5079,0.0,52.6088651,0.0695064169,0.0,8296.7779,4042.33481,1010.432793,0.0,0.0
1770.0,47.2174755,8390.1341,-18.8597546,-18.8597546,-16.5649126,-16.5649126,-15.510968,-15.510968,1010.907901,1.6723017,1.6723017,0.177033243,0.177033243,0.26136625,0.26136625,0.959209474,4115.695,0.0,52.6336022,-0.02776144997,0.0,8390.1341,4081.45837,1010.907901,0.0,0.0
1770.5,44.15751,8460.1406,-18.227316,-18.227316,-16.148439,-16.148439,-15.08875835,-15.08875835,1009.77713,1.6723017,1.6723017,0.17683522,0.17683522,0.261136955,0.261136955,0.959304946,4115.695,0.0,52.5747268,-0.0323363455,0.0,8460.1406,4109.92827,1009.77713,0.0,0.0
1771.0,44.15751,8465.4599,-18.3626208,-18.3626208,-16.2784796,-16.2784796,-15.2138368,-15.2138368,1008.667085,1.6723017,1.6723017,0.176640822,0.176640822,0.260911744,0.260911744,0.959403258,4115.695,0.0,52.5169311,-0.0320041509,0.0,8465.4599,4111.49362,1008.667085,0.0,0.0
1771.5,44.15751,8467.079300000001,-18.3653461,-18.3653461,-16.2840097,-16.2840097,-15.21883005,-15.21883005,1007.562436,1.6723017,1.6723017,0.176447371,0.176447371,0.26068752,0.26068752,0.959501802,4115.695,0.0,52.4594164,-0.0319032918,0.0,8467.079300000001,4111.52245,1007.562436,0.0,0.0
1772.0,44.15751,8468.622299999999,-18.3654227,-18.3654227,-16.2870457,-16.2870457,-15.2214167,-15.2214167,1006.461142,1.6723017,1.6723017,0.176254509,0.176254509,0.260463877,0.260463877,0.959600353,4115.695,0.0,52.4020781,-0.0318074417,0.0,8468.622299999999,4111.5215,1006.461142,0.0,0.0
1772.5,44.15751,8470.1594,-18.3654501,-18.3654501,-16.2900258,-16.2900258,-15.22395115,-15.22395115,1005.363155,1.6723017,1.6723017,0.17606223,0.17606223,0.260240801,0.260240801,0.959698912,4115.695,0.0,52.3449095,-0.0317120691,0.0,8470.1594,4111.52,1005.363155,0.0,0.0
1773.0,44.15751,8471.692299999999,-18.3654765,-18.3654765,-16.2929973,-16.2929973,-15.2264771,-15.2264771,1004.268456,1.6723017,1.6723017,0.175870524,0.175870524,0.260018288,0.260018288,0.959797491,4115.695,0.0,52.2879135,-0.0316170858,0.0,8471.692299999999,4111.51854,1004.268456,0.0,0.0
1773.5,44.15751,8473.2201,-18.365503,-18.365503,-16.2959594,-16.2959594,-15.2289953,-15.2289953,1003.177038,1.6723017,1.6723017,0.175679389,0.175679389,0.259796341,0.259796341,0.959896081,4115.695,0.0,52.2310882,-0.031522491,0.0,8473.2201,4111.51706,1003.177038,0.0,0.0
1774.0,44.15751,8474.7435,-18.365529,-18.365529,-16.2989125,-16.2989125,-15.2315057,-15.2315057,1002.088887,1.6723017,1.6723017,0.175488828,0.175488828,0.259574952,0.259574952,0.959994683,4115.695,0.0,52.1744335,-0.031428281,0.0,8474.7435,4111.51554,1002.088887,0.0,0.0
1774.5,44.15751,8476.2624,-18.365555,-18.365555,-16.3018566,-16.3018566,-15.2340086,-15.2340086,1001.00398,1.6723017,1.6723017,0.175298837,0.175298837,0.259354115,0.259354115,0.960093298,4115.695,0.0,52.117946,-0.0313344554,0.0,8476.2624,4111.51409,1001.00398,0.0,0.0
1775.0,53.2552171,8499.1484,-21.2854642,-21.2854642,-18.958495,-18.958495,-17.8342401,-17.8342401,1000.062227,5.04310981,5.04310981,0.528124578,0.528124578,0.777871776,0.777871776,0.960193536,4115.695,0.0,52.0689144,-0.00468832,0.0,8499.1484,4120.4874,1000.062227,0.0,0.0
1775.5,113.531922,8575.28175,-47.7660746,-47.7660746,-42.886545,-42.886545,-41.1069582,-41.1069582,1003.179305,31.9536959,31.9536959,3.35872621,3.35872621,4.25298993,4.25298993,0.960356226,4115.695,0.0,52.2312065,0.198398944,0.0,8575.28175,4153.98706,1003.179305,0.0,0.0
1776.0,124.97438,8471.3415,-52.4695699,-52.4695699,-46.5471707,-46.5471707,-44.660019,-44.660019,1012.419495,63.3400663,63.3400663,6.71833944,6.71833944,7.91446159,7.91446159,0.960584316,4115.695,0.0,52.712303,0.320671484,0.0,8471.3415,4116.13201,1012.419495,0.0,0.0
1776.5,124.97438,8442.682700000001,-52.1278594,-52.1278594,-46.087057,-46.087057,-44.2218974,-44.2218974,1025.22705,94.726436,94.726436,10.17391705,10.17391705,11.85399745,11.85399745,0.96079189,4115.695,0.0,53.3791389,0.420496373,0.0,8442.682700000001,4111.68521,1025.22705,0.0,0.0
1777.0,124.97438,8419.6882,-52.1476382,-52.1476382,-45.9789674,-45.9789674,-44.1212326,-44.1212326,1041.49653,126.1128094,126.1128094,13.7594069,13.7594069,16.0642636,16.0642636,0.960977163,4115.695,0.0,54.2262191,0.520625502,0.0,8419.6882,4111.61653,1041.49653,0.0,0.0
1777.5,124.97438,8392.0678,-52.1752298,-52.1752298,-45.8523823,-45.8523823,-44.0033947,-44.0033947,1061.22217,157.499178,157.499178,17.508846,17.508846,20.5805607,20.5805607,0.961138135,4115.695,0.0,55.2532471,0.620429267,0.0,8392.0678,4111.64122,1061.22217,0.0,0.0
1778.0,124.97438,8359.63345,-52.2025935,-52.2025935,-45.6991225,-45.6991225,-43.8601102,-43.8601102,1084.38745,188.234251,188.234251,21.3812892,21.3812892,25.3418014,25.3418014,0.961272002,4115.695,0.0,56.4593636,0.717773961,0.0,8359.63345,4111.67089,1084.38745,0.0,0.0
1778.5,124.97438,8323.716649999998,-52.2112953,-52.2112953,-45.5103709,-45.5103709,-43.6829419,-43.6829419,1109.98018,198.18361,198.18361,23.0362382,23.0362382,27.3096246,27.3096246,0.961383428,4115.695,0.0,57.7918658,0.747569486,0.0,8323.716649999998,4111.66914,1109.98018,0.0,0.0
1779.0,124.97438,8164.857000000001,-56.6461599,-56.6461599,-48.3782902,-48.3782902,-46.4414227,-46.4414227,1135.85049,198.18361,198.18361,23.5731443,23.5731443,27.8429637,27.8429637,0.961493105,4054.13959,0.0,59.1388219,0.752773627,0.0,8164.857000000001,4060.67194,1135.85049,0.0,0.0
1779.5,124.97438,7349.875840000001,-60.1143314,-60.1143314,-46.2732326,-46.2732326,-44.4385399,-44.4385399,1162.00043,198.18361,198.18361,24.1158527,24.1158527,28.381787,28.381787,0.961612144,3737.81556,0.0,60.5003353,0.75621593,0.0,7349.875840000001,3736.82111,1162.00043,0.0,0.0
1780.0,124.97438,6481.68908,-59.9163572,-59.9163572,-40.6689928,-40.6689928,-38.9469837,-38.9469837,1188.08956,198.18361,198.18361,24.6573003,24.6573003,28.9357559,28.9357559,0.961698477,3393.70667,0.0,61.8586853,0.75322553,0.0,6481.68908,3390.79541,1188.08956,0.0,0.0
1780.5,124.97438,5619.31757,-59.9111887,-59.9111887,-35.2549598,-35.2549598,-33.6166242,-33.6166242,1214.08317,198.18361,198.18361,25.1967647,25.1967647,29.4875786,29.4875786,0.961746921,3049.59778,0.0,63.212059,0.750521992,0.0,5619.31757,3047.13375,1214.08317,0.0,0.0
1781.0,124.97438,4855.52679,-56.0106977,-56.0106977,-28.5277048,-28.5277048,-27.0894723,-27.0894723,1239.92759,198.18361,198.18361,25.7331329,25.7331329,30.0332384,30.0332384,0.961752754,2756.00455,0.0,64.557665,0.741002505,0.0,4855.52679,2744.4052,1239.92759,0.0,0.0
1781.5,124.97438,4750.54923,-51.9649663,-51.9649663,-25.8512822,-25.8512822,-24.5501718,-24.5501718,1265.30804,198.18361,198.18361,26.2598717,26.2598717,30.5662157,30.5662157,0.961713537,2720.493,0.0,65.8791164,0.731219358,0.0,4750.54923,2715.54261,1265.30804,0.0,0.0
1782.0,124.97438,4722.26014,-52.1997985,-52.1997985,-25.813522,-25.813522,-24.5082999,-24.5082999,1290.55004,198.18361,198.18361,26.7837384,26.7837384,31.0934702,31.0934702,0.961666418,2720.493,0.0,67.1933579,0.728844026,0.0,4722.26014,2718.50991,1290.55004,0.0,0.0
1782.5,124.97438,4687.19888,-52.2044678,-52.2044678,-25.6241612,-25.6241612,-24.3220097,-24.3220097,1315.6989,198.18361,198.18361,27.3056702,27.3056702,31.6160092,31.6160092,0.961613952,2720.493,0.0,68.5027494,0.726023689,0.0,4687.19888,2718.6049,1315.6989,0.0,0.0
1783.0,124.97438,4652.13105,-52.2037697,-52.2037697,-25.432112,-25.432112,-24.1332806,-24.1332806,1340.74919,198.18361,198.18361,27.8255579,27.8255579,32.1337764,32.1337764,0.96155579,2720.493,0.0,69.80701,0.723150825,0.0,4652.13105,2718.63964,1340.74919,0.0,0.0
1783.5,124.97438,4617.200620000001,-52.202962,-52.202962,-25.2407649,-25.2407649,-23.9453409,-23.9453409,1365.69945,198.18361,198.18361,28.3433693,28.3433693,32.6551596,32.6551596,0.961491889,2720.493,0.0,71.1060619,0.720235393,0.0,4617.200620000001,2718.67312,1365.69945,0.0,0.0
1784.0,124.97438,4582.41244,-52.2021395,-52.2021395,-25.0501936,-25.0501936,-23.7582595,-23.7582595,1390.54821,198.18361,198.18361,28.8590735,28.8590735,33.1828254,33.1828254,0.961422144,2720.493,0.0,72.39983,0.717278396,0.0,4582.41244,2718.7064,1390.54821,0.0,0.0
1784.5,124.97438,4547.76815,-52.2013052,-52.2013052,-24.8604116,-24.8604116,-23.5720472,-23.5720472,1415.29399,198.18361,198.18361,29.3726417,29.3726417,33.7062378,33.7062378,0.961346446,2720.493,0.0,73.6882374,0.714280659,0.0,4547.76815,2718.7396,1415.29399,0.0,0.0
1785.0,124.97438,4513.270109999999,-52.2004622,-52.2004622,-24.6714283,-24.6714283,-23.3865395,-23.3865395,1439.93547,198.18361,198.18361,29.884044,29.884044,34.2253827,34.2253827,0.961264728,2720.493,0.0,74.9712125,0.711243037,0.0,4513.270109999999,2718.7727,1439.93547,0.0,0.0
1785.5,125.318967,4479.673489999999,-52.3285499,-52.3285499,-24.5477536,-24.5477536,-23.2617714,-23.2617714,1464.47699,198.18361,198.18361,30.3933716,30.3933716,34.7403867,34.7403867,0.96117719,2720.493,0.0,76.2489812,0.708791132,0.0,4479.673489999999,2719.12248,1464.47699,0.0,0.0
1786.0,126.326727,4446.3057,-52.7608447,-52.7608447,-24.5661687,-24.5661687,-23.2698617,-23.2698617,1488.96003,198.18361,198.18361,30.901488,30.901488,35.2521547,35.2521547,0.961084418,2720.493,0.0,77.5237095,0.707596918,0.0,4446.3057,2719.53343,1488.96003,0.0,0.0
1786.5,127.3507385,4412.12296,-53.1878999,-53.1878999,-24.5746219,-24.5746219,-23.2682753,-23.2682753,1513.40177,198.18361,198.18361,31.4087439,31.4087439,35.7610655,35.7610655,0.960987385,2720.493,0.0,78.7962834,0.706366319,0.0,4412.12296,2719.5811,1513.40177,0.0,0.0
1787.0,128.374749,4207.02738,-57.1245365,-57.1245365,-25.1585148,-25.1585148,-23.7504809,-23.7504809,1537.78261,194.707809,194.707809,31.3531903,31.3531903,35.5917532,35.5917532,0.960891002,2643.48258,0.0,80.0656889,0.699955045,0.0,4207.02738,2648.47503,1537.78261,0.0,0.0
1787.5,129.398765,3773.12272,-57.6666259,-57.6666259,-22.7840163,-22.7840163,-21.3996536,-21.3996536,1561.47334,185.716608,185.716608,30.3660306,30.3660306,34.328155,34.328155,0.9607928,2482.02365,0.0,81.2991647,0.669835391,0.0,3773.12272,2481.75701,1561.47334,0.0,0.0
1788.0,130.422777,3353.29458,-58.0608323,-58.0608323,-20.386916,-20.386916,-19.0289471,-19.0289471,1584.10268,176.658715,176.658715,29.3036268,29.3036268,33.0030486,33.0030486,0.960685072,2320.56472,0.0,82.4773724,0.639337168,0.0,3353.29458,2320.27647,1584.10268,0.0,0.0
1788.5,131.446786,2935.57222,-58.4780376,-58.4780376,-17.9753695,-17.9753695,-16.642563,-16.642563,1605.68043,167.600822,167.600822,28.1798371,28.1798371,31.6235429,31.6235429,0.960567994,2159.1058,0.0,83.6008324,0.60898057,0.0,2935.57222,2159.05819,1605.68043,0.0,0.0
1789.0,132.470802,2519.32853,-58.8957189,-58.8957189,-15.5365738,-15.5365738,-14.2303472,-14.2303472,1626.21052,158.542926,158.542926,26.9977184,26.9977184,30.2014598,30.2014598,0.960441583,1997.64688,0.0,84.6697475,0.578731685,0.0,2519.32853,1997.84351,1626.21052,0.0,0.0
1789.5,133.494816,2104.54648,-59.3134421,-59.3134421,-13.0704522,-13.0704522,-11.79392145,-11.79392145,1645.69683,149.485033,149.485033,25.7603127,25.7603127,28.7326718,28.7326718,0.960305802,1836.18794,0.0,85.684313,0.548594782,0.0,2104.54648,1836.62754,1645.69683,0.0,0.0
1790.0,134.408044,1690.95851,-59.6959386,-59.6959386,-10.569826,-10.569826,-9.3281227,-9.3281227,1664.1422,140.427138,140.427138,24.4706336,24.4706336,27.2195215,27.2195215,0.960160608,1674.72902,0.0,86.6446855,0.518384475,0.0,1690.95851,1675.30067,1664.1422,0.0,0.0
1790.5,134.55327,1277.82489,-59.7415839,-59.7415839,-7.99431494,-7.99431494,-6.80900844,-6.80900844,1681.52075,131.369241,131.369241,23.1312884,23.1312884,25.6750629,25.6750629,0.96000568,1513.27009,0.0,87.5495118,0.4868188,0.0,1277.82489,1513.53994,1681.52075,0.0,0.0
1791.0,134.55327,867.391308,-59.7279921,-59.7279921,-5.42530527,-5.42530527,-4.32644738,-4.32644738,1697.80226,122.3113504,122.3113504,21.7449231,21.7449231,24.0894209,24.0894209,0.959840998,1351.81118,0.0,88.3972158,0.455115384,0.0,867.391308,1352.26209,1697.80226,0.0,0.0
1791.5,134.55327,462.115375,-59.2403821,-59.2403821,-2.87442973,-2.87442973,-1.95330472,-1.95330472,1713.03074,115.0608976,115.0608976,20.6402086,20.6402086,22.8290071,22.8290071,0.959666582,1193.54842,0.0,89.1900981,0.428565768,0.0,462.115375,1192.5156,1713.03074,0.0,0.0
1792.0,134.55327,311.30006,-55.8598557,-55.8598557,-1.82101429,-1.82101429,-1.09535387,-1.09535387,1727.63422,114.45428,114.45428,20.7067733,20.7067733,22.8847803,22.8847803,0.959478601,1141.7496,0.0,89.9504409,0.418551073,0.0,311.30006,1138.28712,1727.63422,0.0,0.0
1792.5,134.55327,301.61887,-56.0815714,-56.0815714,-1.77136277,-1.77136277,-1.05098277,-1.05098277,1741.59092,98.671024,98.671024,17.9908592,17.9908592,19.8834422,19.8834422,0.959295212,1141.7496,0.0,90.6771064,0.36580693,0.0,301.61887,1142.40793,1741.59092,0.0,0.0
1793.0,134.55327,287.656532,-56.0488265,-56.0488265,-1.68838063,-1.68838063,-0.982750922,-0.982750922,1751.69503,53.1461936,53.1461936,9.74598927,9.74598927,10.97738974,10.97738974,0.959176529,1141.7496,0.0,91.2031825,0.216943954,0.0,287.656532,1142.49783,1751.69503,0.0,0.0
1793.5,134.55327,280.800205,-56.0071204,-56.0071204,-1.64690892,-1.64690892,-0.949573272,-0.949573272,1756.59423,6.9493474793,6.9493474793,1.2774141116,1.2774141116,1.88842090926,1.88842090926,0.959134213,1141.7496,0.0,91.4582628,0.06666716339,0.0,280.800205,1142.50541,1756.59423,0.0,0.0
1794.0,134.55327,281.196598,-55.9655675,-55.9655675,-1.64800758,-1.64800758,-0.950851962,-0.950851962,1756.31171,-39.2477274,-39.2477274,-7.21731965,-7.21731965,-6.25485529,-6.25485529,0.959156459,1141.7496,0.0,91.4435551,-0.082825833,0.0,281.196598,1142.5054,1756.31171,0.0,0.0
1794.5,134.55327,288.614092,-55.9298202,-55.9298202,-1.69039864,-1.69039864,-0.985579055,-0.985579055,1751.0411,-77.48005,-77.48005,-14.2063535,-14.2063535,-12.81885865,-12.81885865,0.959229792,1141.7496,0.01815877882,91.169137,-0.208365243,0.0,288.614092,1142.51443,1751.0411,-0.4439764,0.0325017
1795.0,134.55327,301.916449,-55.8867381,-55.8867381,-1.76693876,-1.76693876,-1.04941683,-1.04941683,1741.48324,-81.408775,-81.408775,-14.84633175,-14.84633175,-13.4051945,-13.4051945,0.95932477,1141.7496,1.17658713,90.6714986,-0.372394509,0.0,301.916449,1142.4689,1741.48324,-29.3291075,2.137459093
1795.5,134.55327,325.582263,-55.8211404,-55.8211404,-1.9032016,-1.9032016,-1.16348669,-1.16348669,1724.55019,-78.9109315,-78.9109315,-14.253041,-14.253041,-12.8510931,-12.8510931,0.959419905,1141.7496,2.96858664,89.789868,-0.598487028,0.0,325.582263,1142.4293,1724.55019,-74.1384846,5.35251692
1796.0,134.55327,355.529485,-55.8271231,-55.8271231,-2.07850874,-2.07850874,-1.3002233,-1.3002233,1703.38741,-44.8631035,-44.8631035,-8.0100145,-8.0100145,-7.01015303,-7.01015303,0.959497622,1141.7496,3.620268,88.6880136,-0.57147154,0.0,355.529485,1142.53378,1703.38741,-90.50671,6.45777339
1796.5,134.55327,379.806656,-55.8694671,-55.8694671,-2.22211798,-2.22211798,-1.41404257,-1.41404257,1686.10678,-1.44941322,-1.44941322,-0.261475273,-0.261475273,0.264090386,0.264090386,0.959530613,1141.7496,3.620268,87.7882855,-0.42841103,0.0,379.806656,1142.54564,1686.10678,-90.50671,6.39226017
1797.0,134.55327,531.854166,-52.1108018,-52.1108018,-2.87368577,-2.87368577,-2.06177954,-2.06177954,1673.44556,32.3421359,32.3421359,5.66664872,5.66664872,6.72189768,6.72189768,0.959512636,1205.45596,3.620268,87.1290689,-0.32376268,0.0,531.854166,1198.42091,1673.44556,-90.50671,6.34425963
1797.5,134.55327,1110.99304,-50.5258215,-50.5258215,-5.87966817,-5.87966817,-4.96068264,-4.96068264,1662.42981,34.72979,34.72979,6.04608286,6.04608286,7.09472121,7.09472121,0.959485616,1433.67612,3.620268,86.555528,-0.317201538,0.0,1110.99304,1432.97288,1662.42981,-90.50671,6.30249755
1798.0,134.55327,1695.98054,-50.6100829,-50.6100829,-8.98851656,-8.98851656,-7.99530258,-7.99530258,1651.4945,34.72979,34.72979,6.00631241,6.00631241,7.05230369,7.05230369,0.959481214,1670.04955,3.620268,85.9861766,-0.315490974,0.0,1695.98054,1670.00549,1651.4945,-90.50671,6.26104036
1798.5,136.667628,2283.48333,-51.3577587,-51.3577587,-12.2955678,-12.2955678,-11.2268412,-11.2268412,1640.64055,34.72979,34.72979,5.96683772,5.96683772,7.01015094,7.01015094,0.959498915,1906.42297,3.620268,85.4210566,-0.3101866,0.0,2283.48333,1908.13218,1640.64055,-90.50671,6.21989156
1799.0,146.556126,2877.24355,-55.585562,-55.585562,-16.7708765,-16.7708765,-15.5296012,-15.5296012,1630.2496,34.72979,34.72979,5.9290469,5.9290469,6.96974923,6.96974923,0.959542472,2142.79642,3.620268,84.8800436,-0.289844092,0.0,2877.24355,2149.13297,1630.2496,-90.50671,6.18049791
1799.5,157.154785,3390.63667,-62.7149463,-62.7149463,-22.301074,-22.301074,-20.7865041,-20.7865041,1620.63872,34.72979,34.72979,5.89409317,5.89409317,6.93233936,6.93233936,0.959616822,2344.21423,3.620268,84.3796464,-0.263745038,0.0,3390.63667,2357.14793,1620.63872,-90.50671,6.14406187
1800.0,167.223508888889,3449.712522222222,-69.698452333333,-69.698452333333,-25.178636888889,-25.178636888889,-23.418866666667,-23.418866666667,1612.434911111111,35.388035555556,35.388035555556,5.975231633333,5.975231633333,7.003039244444,7.003039244444,0.959713812222,2368.352,3.620268,83.95251,-0.23659057,0.0,3449.712522222222,2376.9397,1612.434911111111,-90.50671,6.1129599
