Time01,ICE_Torque;Nm,EM1_Speed;rpm,EM1_Torque;Nm,EM1_Torque_ist;Nm,EM1_Power;kW,EM1_Power_ist;kW,EM1_elPower;kW,EM1_elPower_ist;kW,EM2_Speed;rpm,EM2_Torque;Nm,EM2_Torque_ist;Nm,EM2_Power;kW,EM2_Power_ist;kW,EM2_elPower;kW,EM2_elPower_ist;kW,SOC;1,ICE_Speed_soll;rpm,Brake;perc,Car_Speed;kmph,Car_Acc;mpsh2,Grade;perc,Sun_Speed;rpm,Carrier_Speed;rpm,Ring_Speed;rpm,Brake_Trq;Nm,Brake_Pwr;kW
0.0,269.6411,1348.2465,26.96396,26.96396,3.806996,3.806996,4.3489246,4.3489246,0.04086327,119.199715,119.199715,0.00051007845,0.00051007845,0.0015427244,0.0015427244,0.45968264,3200.32,71.528435,0.0021275736,-0.000112778645,0.0,1348.2465,561.0391,0.04086327,-126.07498,0.0002157996
0.5,269.6411,6050.76269,-61.5700697,-61.5700697,-45.4594683,-45.4594683,-43.34073027,-43.34073027,0.0445986948,119.199715,119.199715,0.000556706094,0.000556706094,0.00168372747,0.00168372747,0.459753747,3200.32,71.528435,0.00232206109,0.000150535818,0.0,6050.76269,2517.79308,0.0445986948,-155.762654,0.000292009668
1.0,269.6411,7643.690239999999,-110.836604,-110.836604,-88.724063,-88.724063,-84.8505071,-84.8505071,0.0466849079,119.199715,119.199715,0.000582747395,0.000582747395,0.00176247594,0.00176247594,0.460123444,3200.32,71.528435,0.00243068122,6.774155e-06,0.0,7643.690239999999,3180.6232,0.0466849079,-172.343055,0.000337023641
1.5,269.6411,7680.005439999999,-112.1737681,-112.1737681,-90.2155625,-90.2155625,-86.2849321,-86.2849321,0.0467415735,119.199715,119.199715,0.000583454734,0.000583454734,0.00176461487,0.00176461487,0.460549544,3200.32,71.528435,0.00243363151,3.47627e-07,0.0,7680.005439999999,3195.73423,0.0467415735,-172.793407,0.000338313331
2.0,269.6411,7680.690059999999,-112.19917,-112.19917,-90.2440331,-90.2440331,-86.312337,-86.312337,0.0467426753,119.199715,119.199715,0.000583468483,0.000583468483,0.00176465647,0.00176465647,0.460976922,3200.32,71.528435,0.00243368888,-1.68168e-07,0.0,7680.690059999999,3196.01911,0.0467426753,-172.802165,0.000338338455
2.5,269.6411,7680.702740000001,-112.1996428,-112.1996428,-90.2445669,-90.2445669,-86.3128506,-86.3128506,0.0467426936,119.199715,119.199715,0.000583468697,0.000583468697,0.00176465711,0.00176465711,0.461404322,3200.32,71.528435,0.00243368978,-1.078415e-06,0.0,7680.702740000001,3196.02436,0.0467426936,-172.802304,0.000338338855
3.0,269.6411,7680.703,-112.19965,-112.19965,-90.244576,-90.244576,-86.31286,-86.31286,0.0467426793,119.199715,119.199715,0.000583468536,0.000583468536,0.0017646566,0.0017646566,0.461831708,3200.32,71.528435,0.00243368907,7.61483e-07,0.0,7680.703,3196.0244,0.0467426793,-172.8022,0.000338338547
3.5,269.6411,7680.703,-112.19965,-112.19965,-90.244576,-90.244576,-86.31286,-86.31286,0.0467426968,119.199715,119.199715,0.000583468756,0.000583468756,0.00176465729,0.00176465729,0.462259085,3200.32,71.528435,0.00243369003,6.22779e-07,0.0,7680.703,3196.0244,0.0467426968,-172.802334,0.000338338944
4.0,269.6411,7680.703,-112.19965,-112.19965,-90.244576,-90.244576,-86.31286,-86.31286,0.0467426818,119.199715,119.199715,0.00058346856,0.00058346856,0.0017646567,0.0017646567,0.462686448,3200.32,71.528435,0.00243368924,-5.0321e-07,0.0,7680.703,3196.0244,0.0467426818,-172.802217,0.000338338595
4.5,269.6411,7680.703,-112.19965,-112.19965,-90.244576,-90.244576,-86.31286,-86.31286,0.0467427076,119.199715,119.199715,0.000583468873,0.000583468873,0.00176465768,0.00176465768,0.463113815,3200.32,71.528435,0.00243369054,-8.75294e-07,0.0,7680.703,3196.0244,0.0467427076,-172.802417,0.000338339169
5.0,269.6411,7680.703,-112.19965,-112.19965,-90.244576,-90.244576,-86.31286,-86.31286,0.0467426747,119.199715,119.199715,0.000583468483,0.000583468483,0.00176465645,0.00176465645,0.46354118,3200.32,71.528435,0.0024336889,-4.28192e-07,0.0,7680.703,3196.0244,0.0467426747,-172.802162,0.000338338429
5.5,269.6411,7680.703,-112.19965,-112.19965,-90.244576,-90.244576,-86.31286,-86.31286,0.046742677,119.199715,119.199715,0.000583468499,0.000583468499,0.00176465651,0.00176465651,0.463968531,3200.32,71.528435,0.00243368901,-7.8751e-07,0.0,7680.703,3196.0244,0.046742677,-172.802183,0.000338338494
6.0,269.6411,7655.927500000001,-115.349824,-115.349824,-92.4372448,-92.4372448,-88.388444,-88.388444,0.0468752304,119.199715,119.199715,0.000585123107,0.000585123107,0.00176965996,0.00176965996,0.464396431,3178.92408,71.528435,0.00244059041,2.6213697e-05,0.0,7655.927500000001,3185.71522,0.0468752304,-173.855658,0.000341392778
6.5,269.6411,6048.77178,-136.031638,-136.031638,-86.229344,-86.229344,-81.4234165,-81.4234165,0.0486137945,119.199715,119.199715,0.000606824862,0.000606824862,0.00183528438,0.00183528438,0.464832487,2494.58043,68.9779964,0.00253111,7.1283789e-05,0.0,6048.77178,2516.96691,0.0486137945,-180.792652,0.000368143854
7.0,253.459783,3556.17704,-128.808419,-128.808419,-48.4296955,-48.4296955,-44.1515726,-44.1515726,0.0515376438,119.199715,119.199715,0.000643321987,0.000643321987,0.00194564725,0.00194564725,0.46516854,1496.64703,59.293975,0.00268334215,4.5944778e-05,0.0,3556.17704,1479.78157,0.0515376438,-174.721668,0.000377100585
7.5,185.79065,1418.74709,-87.32749,-87.32749,-13.60166747,-13.60166747,-11.4046426,-11.4046426,0.0514509544,117.953822,117.953822,0.000635597146,0.000635597146,0.00192228398,0.00192228398,0.465330682,668.657256,49.1869438,0.00267882854,-4.814469e-05,0.0,1418.74709,590.381186,0.0514509544,-144.789565,0.000312355388
8.0,114.338555,1260.59102,-46.9669418,-46.9669418,-6.18678685,-6.18678685,-5.32096522,-5.32096522,0.0508954025,113.6794934,113.6794934,0.000605876371,0.000605876371,0.00183239787,0.00183239787,0.465383262,582.3663,39.0799134,0.00264990342,7.532607e-06,0.0,1260.59102,524.570959,0.0508954025,-112.4618894,0.000239738803
8.5,42.8864596,1278.23774,-17.82744403,-17.82744403,-2.38600823,-2.38600823,-2.031584653,-2.031584653,0.0510301125,109.2786185,109.2786185,0.000583964957,0.000583964957,0.00176612685,0.00176612685,0.465412063,582.3663,28.9728819,0.0026569172,1.043039e-05,0.0,1278.23774,531.913949,0.0510301125,-83.8341714,0.000179186724
9.0,-25.1990004,1285.96659,11.01587237,11.01587237,1.490027888,1.490027888,1.801736317,1.801736317,0.0518515623,104.8770365,104.8770365,0.000569343662,0.000569343662,0.00172189975,0.00172189975,0.465412948,582.3663,18.8658513,0.00269968653,0.00014273095,0.0,1285.96659,535.13047,0.0518515623,-56.0379125,0.000121481332
9.5,-42.351753,1380.08862,18.1978579,18.1978579,2.6291227,2.6291227,3.0357536,3.0357536,0.061091995,100.6103154,100.6103154,0.000643565321,0.000643565321,0.001946308,0.001946308,0.465390009,582.3663,11.7589385,0.0031807959,0.000119063724,0.0,1380.08862,574.300735,0.061091995,-47.0820102,0.000120470588
10.0,-42.351753,1397.22129,17.636655,17.636655,2.58053605,2.58053605,2.97906448,2.97906448,0.0614187394,99.38819,99.38819,0.000639240547,0.000639240547,0.00193322603,0.00193322603,0.465365011,582.3663,11.498265,0.00319780802,4.21506e-07,0.0,1397.22129,581.429961,0.0614187394,-46.5280352,0.000119702773
10.5,-42.351753,1397.58627,17.6231329,17.6231329,2.57923169,2.57923169,2.97755495,2.97755495,0.0614223506,99.38819,99.38819,0.000639278134,0.000639278134,0.00193333968,0.00193333968,0.465340154,582.3663,11.498265,0.0031979961,7.917e-09,0.0,1397.58627,581.581831,0.0614223506,-46.5326485,0.000119721683
11.0,-42.351753,1397.59299,17.6228813,17.6228813,2.57920739,2.57920739,2.97752685,2.97752685,0.061422419,99.38819,99.38819,0.00063927884,0.00063927884,0.00193334178,0.00193334178,0.465315295,582.3663,11.498265,0.00319799964,1.45e-10,0.0,1397.59299,581.584635,0.061422419,-46.5327336,0.000119722035
11.5,-42.2718611,1397.70264,17.6117089,17.6117089,2.57777334,2.57777334,2.97591102,2.97591102,0.061438401,99.38819,99.38819,0.000639445178,0.000639445178,0.00193384472,0.00193384472,0.465290441,582.3663,11.498265,0.00319883176,6.883384e-06,0.0,1397.70264,581.630254,0.061438401,-46.553155,0.000119805856
12.0,-36.0540857,1409.80137,15.1310122,15.1310122,2.23335253,2.23335253,2.61200322,2.61200322,0.0631720708,99.38819,99.38819,0.000657489045,0.000657489045,0.00198840194,0.00198840194,0.465266685,582.3663,11.498265,0.00328909638,8.4455258e-05,0.0,1409.80137,586.665633,0.0631720708,-48.7680634,0.000129085461
12.5,-26.0563584,1414.12217,10.8460949,10.8460949,1.60614851,1.60614851,1.94208366,1.94208366,0.066056191,99.38819,99.38819,0.000687506712,0.000687506712,0.00207916152,0.00207916152,0.465247863,582.3663,11.498265,0.00343926014,8.2586287e-05,0.0,1414.12217,588.46525,0.066056191,-52.4527741,0.000145170455
13.0,-16.0586313,1414.22121,6.68216493,6.68216493,0.9896078,0.9896078,1.33066074,1.33066074,0.068908286,99.38819,99.38819,0.000717191066,0.000717191066,0.00216891144,0.00216891144,0.465234387,582.3663,11.498265,0.00358775638,8.247084e-05,0.0,1414.22121,588.508117,0.068908286,-56.0965679,0.000161954344
13.5,-6.0609044,1414.21913,2.52196546,2.52196546,0.373494864,0.373494864,0.558489028,0.558489028,0.0717593844,99.38819,99.38819,0.000746865019,0.000746865019,0.0022586282,0.0022586282,0.465226498,582.3663,11.498265,0.00373620076,8.2468637e-05,0.0,1414.21913,588.5089,0.0717593844,-59.739087,0.000179602629
14.0,3.27396447,1412.69518,-1.448601698,-1.448601698,-0.2141409927,-0.2141409927,-0.138964228,-0.138964228,0.0744485129,99.38819,99.38819,0.000774853221,0.000774853221,0.00234324668,0.00234324668,0.465225158,582.3663,11.498265,0.0038762121,5.258363e-05,0.0,1412.69518,587.876343,0.0744485129,-63.1746782,0.000197030741
14.5,5.2789955,1399.56367,-2.26348513,-2.26348513,-0.331752943,-0.331752943,-0.219365345,-0.219365345,0.07502321,99.38819,99.38819,0.00078083464,0.00078083464,0.00236133037,0.00236133037,0.465226812,582.3663,11.498265,0.00390613408,-1.669468e-06,0.0,1399.56367,582.412579,0.07502321,-63.908903,0.000200837894
15.0,5.2789955,1397.61544,-2.19816061,-2.19816061,-0.321718285,-0.321718285,-0.212655925,-0.212655925,0.0750058194,99.38819,99.38819,0.000780653618,0.000780653618,0.00236078306,0.00236078306,0.465228515,582.3663,11.498265,0.0039052285,-4.6905e-08,0.0,1397.61544,581.601908,0.0750058194,-63.8866835,0.000200721504
15.5,-4.10040827,1376.07164,0.465008713,0.465008713,0.047168191,0.047168191,0.196670924,0.196670924,0.0727187439,99.38819,99.38819,0.000756849941,0.000756849941,0.00228881474,0.00228881474,0.465229874,582.3663,11.498265,0.00378615039,-0.000418276918,0.0,1376.07164,572.636019,0.0727187439,-60.9647498,0.000186542036
16.0,-47.73097,1332.91578,21.0835781,21.0835781,2.94180816,2.94180816,3.38998044,3.38998044,0.0595714074,99.38819,99.38819,0.000620013703,0.000620013703,0.00187509126,0.00187509126,0.46521366,582.3663,11.498265,0.00310162551,-2.6904494e-05,0.0,1332.91578,554.670888,0.0595714074,-44.1679116,0.000110216506
16.5,-47.73097,1395.63386,19.9330411,19.9330411,2.91320763,2.91320763,3.34860185,3.34860185,0.0598692348,99.38819,99.38819,0.000623113432,0.000623113432,0.00188446374,0.00188446374,0.465185223,582.3663,11.498265,0.00311713199,2.151488e-06,0.0,1395.63386,580.768512,0.0598692348,-44.5484096,0.000111718372
17.0,-47.73097,1765.47538,29.6406647,29.6406647,5.63625579,5.63625579,6.25615949,6.25615949,0.057229605,99.135826,99.135826,0.000594180884,0.000594180884,0.00179698002,0.00179698002,0.465149203,754.961504,11.498265,0.00297969789,-0.00021858216,0.0,1765.47538,734.660766,0.057229605,-41.1760582,9.8853802e-05
17.5,-47.73097,3141.98194,32.7959237,32.7959237,10.78422155,10.78422155,11.53582305,11.53582305,0.0387131526,62.7238495,62.7238495,0.000270466248,0.000270466248,0.000818014542,0.000818014542,0.465065104,1311.25604,11.498265,0.00201562637,-0.000865282901,0.0,3141.98194,1307.42451,0.0387131526,-17.519718011,3.2429935e-05
18.0,-47.73097,4515.361370000001,32.6233233,32.6233233,15.4256952,15.4256952,16.2747274,16.2747274,-0.0397283556,0.63785592,0.63785592,1.8723896e-05,1.8723896e-05,0.000114528252,0.000114528252,0.464922852,1881.41798,11.498265,-0.0020684836,-0.002820175811,0.0,4515.361370000001,1878.85198,-0.0397283556,20.6899882,4.0211342e-05
18.5,-47.73097,5847.417530000001,37.774722,31.1711723,23.3456712,19.0390584,24.4943063,19.9767751,-0.0658119903,-61.4270871,-49.757828,0.00042753205,0.0003457439,0.001292974321,0.001045625491,0.46470122,2451.57992,11.498265,-0.0034265456,-0.000202290982,0.0,5847.417530000001,2433.1152,-0.0658119903,52.1407854,0.000144418885
19.0,-47.73097,6582.952869999999,23.7831968,20.9990626,16.356549,14.4641271,17.28527665,15.29968215,-0.0957603545,-123.4989735,-116.9669562,0.00126159288,0.001212305124,0.00381495692,0.00366590263,0.464470293,2709.6165,11.498265,-0.0049858274,-0.001598465647,0.0,6582.952869999999,2739.15938,-0.0957603545,90.402366,0.000371799454
19.5,-47.73097,6509.96882,19.620848,19.620848,13.3758053,13.3758053,14.18485075,14.18485075,-0.1202313545,-167.386122,-167.386122,0.0021081932,0.0021081932,0.00637481995,0.00637481995,0.464327226,2709.6165,11.498265,-0.00625992649,-0.000184372671,0.0,6509.96882,2708.77586,-0.1202313545,121.6661476,0.000612925404
20.0,-47.73097,6503.37912,19.8563651,19.8563651,13.5228257,13.5228257,14.3354527,14.3354527,-0.121131432,-169.04672,-169.04672,0.00214433294,0.00214433294,0.00648409615,0.00648409615,0.464180949,2709.6165,11.498265,-0.00630678979,-1.49001e-07,0.0,6503.37912,2706.03337,-0.121131432,122.8160755,0.000623161604
20.5,-47.73097,6503.251279999999,19.8611194,19.8611194,13.5257971,13.5257971,14.3384945,14.3384945,-0.121132704,-169.04672,-169.04672,0.00214435548,0.00214435548,0.0064841641,0.0064841641,0.46403412,2709.6165,11.498265,-0.00630685598,-2.768e-09,0.0,6503.251279999999,2705.9801,-0.121132704,122.8176994,0.000623176371
21.0,-43.0660295,6513.21933,18.6819745,18.6819745,12.7370605,12.7370605,13.53672565,13.53672565,-0.120037717,-169.04672,-169.04672,0.0021249714,0.0021249714,0.00642557006,0.00642557006,0.463888064,2709.6165,11.498265,-0.00624984479,0.000238668679,0.0,6513.21933,2710.12857,-0.120037717,121.4187608,0.000610744498
21.5,27.17736346,6630.296769999999,-11.47916999,-11.47916999,-7.9740321,-7.9740321,-7.2776515,-7.2776515,-0.0998081954,-169.04672,-169.04672,0.00176685768,0.00176685768,0.00534300341,0.00534300341,0.463835171,2709.6165,11.498265,-0.00519658096,0.000554333583,0.0,6630.296769999999,2758.85721,-0.0998081954,95.5738274,0.000401633881
22.0,44.719868,6519.66133,-19.1700962,-19.1700962,-13.089008,-13.089008,-12.3338421,-12.3338421,-0.0946185935,-169.04672,-169.04672,0.00167498862,0.00167498862,0.00506527282,0.00506527282,0.463918966,2709.6165,11.498265,-0.00492638086,-1.4565567e-05,0.0,6519.66133,2712.82398,-0.0946185935,88.943671,0.000352518096
22.5,44.719868,6503.54697,-18.6207015,-18.6207015,-12.6816263,-12.6816263,-11.9386657,-11.9386657,-0.0947649497,-169.04672,-169.04672,0.00167757945,0.00167757945,0.00507310557,0.00507310557,0.464004938,2709.6165,11.498265,-0.00493400092,-3.81575e-07,0.0,6503.54697,2706.11853,-0.0947649497,89.1306505,0.000353804559
23.0,44.771939,6503.2822,-18.6149144,-18.6149144,-12.6771684,-12.6771684,-11.93435205,-11.93435205,-0.0947581152,-169.04672,-169.04672,0.00167745851,0.00167745851,0.00507273978,0.00507273978,0.464090222,2709.6165,11.498265,-0.0049336452,5.0707e-06,0.0,6503.2822,2706.0084,-0.0947581152,89.121922,0.000353744442
23.5,49.3874841,6512.29944,-20.4513555,-20.4513555,-13.94743045,-13.94743045,-13.1707371,-13.1707371,-0.0934726388,-169.04672,-169.04672,0.00165470235,0.00165470235,0.00500394256,0.00500394256,0.464178258,2709.6165,11.498265,-0.00486671602,6.3637845e-05,0.0,6512.29944,2709.76126,-0.0934726388,87.4796168,0.000342536975
24.0,56.9273166,6515.673479999999,-23.6848289,-23.6848289,-16.1606329,-16.1606329,-15.3391123,-15.3391123,-0.0912970552,-169.04672,-169.04672,0.00161618893,0.00161618893,0.00488750638,0.00488750638,0.464278272,2709.6165,11.498265,-0.00475344264,6.228701e-05,0.0,6515.673479999999,2711.16648,-0.0912970552,84.70012,0.000323934234
24.5,64.4671491,6515.75195,-26.8252163,-26.8252163,-18.303595,-18.303595,-17.4259379,-17.4259379,-0.0891460973,-169.04672,-169.04672,0.00157811155,0.00157811155,0.00477238697,0.00477238697,0.464391271,2709.6165,11.498265,-0.00464145174,6.2195857e-05,0.0,6515.75195,2711.20052,-0.0891460973,81.9520891,0.000306041231
25.0,72.006981,6515.73415,-29.9629942,-29.9629942,-20.4445305,-20.4445305,-19.5098417,-19.5098417,-0.0716595266,-137.298231,-137.298231,0.001073086737,0.001073086737,0.00324521148,0.00324521148,0.464516688,2709.6165,11.498265,-0.00373100147,0.001209243066,0.0,6515.73415,2711.20324,-0.0716595266,59.6115072,0.000190015507
25.5,79.546813,6515.60879,-33.1009283,-33.1009283,-22.5851866,-22.5851866,-21.5875696,-21.5875696,0.0153018248,-25.45900062,-25.45900062,8.9635847e-05,8.9635847e-05,0.000330384644,0.000330384644,0.464654218,2709.6165,11.498265,0.00079669985,0.00253299848,0.0,6515.60879,2711.20187,0.0153018248,-12.6041272,4.2029786e-05
26.0,87.0866452,6515.496209999999,-36.2385568,-36.2385568,-24.7256081,-24.7256081,-23.6587446,-23.6587446,0.0935576674,90.1406113,90.1406113,0.00094164692,0.00094164692,0.002847418213,0.002847418213,0.464803497,2709.6165,11.498265,0.0048711429,0.00176562669,0.0,6515.496209999999,2711.20074,0.0935576674,-87.588246,0.000358410072
26.5,94.228741,6514.53022,-39.2679144,-39.2679144,-26.78849,-26.78849,-25.6534289,-25.6534289,0.151684861,204.871687,204.871687,0.00330840266,0.00330840266,0.0100037675,0.0100037675,0.464964179,2709.6165,11.498265,0.00789757443,0.001491170563,0.0,6514.53022,2710.8327,0.151684861,-161.850675,0.001042327503
27.0,95.93963,6504.562159999999,-39.9784017,-39.9784017,-27.2315431,-27.2315431,-26.0794888,-26.0794888,0.174246562,249.6177,249.6177,0.00455478864,0.00455478864,0.0137726986,0.0137726986,0.46513209,2709.6165,11.498265,0.00907226435,-1.370205e-06,0.0,6504.562159999999,2706.69803,0.174246562,-190.675166,0.00139170425
27.5,95.93963,6502.871740000001,-39.9225356,-39.9225356,-27.186414,-27.186414,-26.0359619,-26.0359619,0.174231697,249.6177,249.6177,0.00455440011,0.00455440011,0.01377152415,0.01377152415,0.465300151,2709.6165,11.498265,0.0090714908,-4.125e-08,0.0,6502.871740000001,2705.99465,0.174231697,-190.656172,0.00139144693
28.0,95.93963,6502.83598,-39.9212136,-39.9212136,-27.185364,-27.185364,-26.0349491,-26.0349491,0.174231345,249.6177,249.6177,0.00455439104,0.00455439104,0.0137714964,0.0137714964,0.465468145,2709.6165,11.498265,0.0090714722,-7.75e-10,0.0,6502.83598,2705.97978,0.174231345,-190.655725,0.00139144081
28.5,95.93963,6502.8354,-39.92119,-39.92119,-27.185345,-27.185345,-26.0349304,-26.0349304,0.17423134,249.6177,249.6177,0.00455439052,0.00455439052,0.013771496,0.013771496,0.465636127,2709.6165,11.498265,0.009071472,-1.4e-11,0.0,6502.8354,2705.9795,0.17423134,-190.65572,0.0013914407
29.0,95.93963,6502.8354,-39.92119,-39.92119,-27.185345,-27.185345,-26.03493,-26.03493,0.17423134,249.6177,249.6177,0.0045543904,0.0045543904,0.013771496,0.013771496,0.465804112,2709.6165,11.498265,0.009071472,-0.0,0.0,6502.8354,2705.9795,0.17423134,-190.65572,0.0013914407
29.5,94.150198,6498.81408,-39.2607467,-39.2607467,-26.7192846,-26.7192846,-25.5861563,-25.5861563,0.173748881,249.6177,249.6177,0.00454177924,0.00454177924,0.0137333756,0.0137333756,0.465971537,2709.6165,11.498265,0.00904635245,-3.8812944e-05,0.0,6498.81408,2704.30601,0.173748881,-190.039337,0.00138311165
30.0,88.27818,6493.065799999999,-36.7425897,-36.7425897,-24.9832244,-24.9832244,-23.9079461,-23.9079461,0.172056361,249.6177,249.6177,0.00449753701,0.00449753701,0.0135996451,0.0135996451,0.466132631,2709.6165,11.498265,0.00895823035,-4.9994049e-05,0.0,6493.065799999999,2701.91313,0.172056361,-187.876996,0.00135405772
30.5,82.25078,6492.81354,-34.2253262,-34.2253262,-23.2706844,-23.2706844,-22.2500578,-22.2500578,0.170335046,249.6177,249.6177,0.00445254209,0.00445254209,0.01346363875,0.01346363875,0.466284402,2709.6165,11.498265,0.0088686093,-4.9724096e-05,0.0,6492.81354,2701.80708,0.170335046,-185.677877,0.00132482061
31.0,76.22338,6492.81238,-31.7168958,-31.7168958,-21.565134,-21.565134,-20.6005026,-20.6005026,0.166738933,245.668793,245.668793,0.00429233612,0.00429233612,0.0129792271,0.0129792271,0.466426885,2709.6165,11.498265,0.0086813749,-0.000399334696,0.0,6492.81238,2701.80461,0.166738933,-181.083531,0.00126550229
31.5,70.19598,6492.85655,-29.2081115,-29.2081115,-19.8594806,-19.8594806,-18.9398531,-18.9398531,0.1351568006,184.267408,184.267408,0.00263642433,0.00263642433,0.00797195662,0.00797195662,0.46655989,2709.6165,11.498265,0.00703702999,-0.00123936609,0.0,6492.85655,2701.80449,0.1351568006,-140.7346745,0.000804155385
32.0,64.1685798,6492.91493,-26.7005714,-26.7005714,-18.1546912,-18.1546912,-17.2816633,-17.2816633,0.0942286156,104.0020014,104.0020014,0.001054632669,0.001054632669,0.00318910404,0.00318910404,0.466683213,2709.6165,11.498265,0.00490607643,-0.00118848041,0.0,6492.91493,2701.80485,0.0942286156,-88.4454388,0.00035649361
32.5,58.1411796,6492.97268,-24.1927448,-24.1927448,-16.4496744,-16.4496744,-15.62390795,-15.62390795,0.0533022615,23.7274098,23.7274098,0.000160828411,0.000160828411,0.000503409282,0.000503409282,0.466796666,2709.6165,11.498265,0.00277521817,-0.00118026044,0.0,6492.97268,2701.80498,0.0533022615,-36.1585441,8.8127284e-05
33.0,52.11378,6493.005459999999,-21.6848921,-21.6848921,-14.74455415,-14.74455415,-13.9504886,-13.9504886,0.0318659159,-16.301664,-16.301664,-5.4398506e-05,-5.4398506e-05,-1.7983774e-05,-1.7983774e-05,0.466899939,2709.6165,11.498265,0.0016591204,-4.971691e-05,0.0,6493.005459999999,2701.80608,0.0318659159,-8.7717914,1.1721598e-05
33.5,47.627353,6496.53316,-19.7358201,-19.7358201,-13.426537,-13.426537,-12.66287655,-12.66287655,0.0305597779,-16.301664,-16.301664,-5.2168789e-05,-5.2168789e-05,-1.7246636e-05,-1.7246636e-05,0.466993289,2709.6165,11.498265,0.00159111545,-1.4985954e-05,0.0,6496.53316,2703.27323,0.0305597779,-7.10308872,9.093696e-06
34.0,47.38366,6502.71388,-19.7050719,-19.7050719,-13.41841745,-13.41841745,-12.6546413,-12.6546413,0.0305065691,-16.301664,-16.301664,-5.2077956e-05,-5.2077956e-05,-1.7216607e-05,-1.7216607e-05,0.467083009,2709.6165,11.498265,0.00158834509,3.37122e-07,0.0,6502.71388,2705.84507,0.0305065691,-7.03510989,8.989859e-06
34.5,47.38366,6503.03027,-19.7164607,-19.7164607,-13.426826,-13.426826,-12.6628119,-12.6628119,0.030509608,-16.301664,-16.301664,-5.2083144e-05,-5.2083144e-05,-1.7218322e-05,-1.7218322e-05,0.467172956,2709.6165,11.498265,0.00158850331,7.095e-09,0.0,6503.03027,2705.97675,0.030509608,-7.03899267,8.995716e-06
35.0,47.38366,6503.03642,-19.7166863,-19.7166863,-13.42699225,-13.42699225,-12.6629735,-12.6629735,0.030509669,-16.301664,-16.301664,-5.2083246e-05,-5.2083246e-05,-1.7218356e-05,-1.7218356e-05,0.467262912,2709.6165,11.498265,0.00158850646,1.31e-10,0.0,6503.03642,2705.9792,0.030509669,-7.03906972,8.995833e-06
35.5,47.38366,6503.0366,-19.7166906,-19.7166906,-13.426995,-13.426995,-12.662976,-12.662976,0.03050967,-16.301664,-16.301664,-5.2083247e-05,-5.2083247e-05,-1.7218357e-05,-1.7218357e-05,0.46735287,2709.6165,11.498265,0.0015885065,2e-12,0.0,6503.0366,2705.9792,0.03050967,-7.039071,8.995835e-06
36.0,47.38366,6503.0366,-19.716692,-19.716692,-13.426995,-13.426995,-12.662976,-12.662976,0.03050967,-16.301664,-16.301664,-5.2083247e-05,-5.2083247e-05,-1.7218357e-05,-1.7218357e-05,0.467442816,2709.6165,11.498265,0.0015885065,0.0,0.0,6503.0366,2705.9792,0.03050967,-7.039071,8.995835e-06
36.5,47.4591837,6503.070940000001,-19.7195753,-19.7195753,-13.4290296,-13.4290296,-12.6649551,-12.6649551,0.0305208441,-16.301664,-16.301664,-5.2102323e-05,-5.2102323e-05,-1.7224663e-05,-1.7224663e-05,0.467532769,2709.6165,11.498265,0.00158908829,1.9374612e-05,0.0,6503.070940000001,2705.99348,0.0305208441,-7.05334694,9.017441e-06
37.0,67.4021821,6542.82184,-27.5475757,-27.5475757,-18.8816651,-18.8816651,-17.9837251,-17.9837251,0.0360439026,-16.301664,-16.301664,-6.1530771e-05,-6.1530771e-05,-2.0341687e-05,-2.0341687e-05,0.467633582,2709.6165,11.498265,0.00187665006,0.000293929311,0.0,6542.82184,2722.53757,0.0360439026,-14.1095235,2.1769688e-05
37.5,102.4263375,6560.8462,-42.603357,-42.603357,-29.2708309,-29.2708309,-28.043818,-28.043818,0.0461590585,-16.301664,-16.301664,-7.8798418e-05,-7.8798418e-05,-2.6050364e-05,-2.6050364e-05,0.46778484,2709.6165,11.498265,0.00240330253,0.000289421908,0.0,6560.8462,2730.04353,0.0461590585,-27.0324958,5.2709219e-05
38.0,127.659305,6539.00854,-53.5915321,-53.5915321,-36.696279,-36.696279,-35.1676729,-35.1676729,0.0729675704,23.9832744,23.9832744,0.000242822215,0.000242822215,0.000801415836,0.000801415836,0.46798527,2709.6165,11.498265,0.00379910567,0.001577911345,0.0,6539.00854,2720.9723,0.0729675704,-61.2826481,0.000202490859
38.5,128.71736,6504.52675,-53.6200064,-53.6200064,-36.523409,-36.523409,-34.996377,-34.996377,0.1362174956,153.1799066,153.1799066,0.00225895824,0.00225895824,0.00683030606,0.00683030606,0.468200558,2709.6165,11.498265,0.00709225562,0.00187264821,0.0,6504.52675,2706.66114,0.1362174956,-142.0897994,0.000829173055
39.0,128.71736,6502.84794,-53.561587,-53.561587,-36.4741901,-36.4741901,-34.9490982,-34.9490982,0.186231289,255.225847,255.225847,0.00498498897,0.00498498897,0.0150733155,0.0150733155,0.46841456,2709.6165,11.498265,0.0096962577,0.000588500509,0.0,6502.84794,2705.99184,0.186231289,-205.986675,0.00160879009
39.5,128.71736,6502.814100000001,-53.5602558,-53.5602558,-36.4730919,-36.4730919,-34.948045,-34.948045,0.189665382,262.08032,262.08032,0.005205364,0.005205364,0.015739737,0.015739737,0.468628481,2709.6165,11.498265,0.0098750555,-3.79e-10,0.0,6502.814100000001,2705.97961,0.189665382,-210.374019,0.00167135527
40.0,128.71736,6502.81365,-53.560246,-53.560246,-36.473083,-36.473083,-34.948036,-34.948036,0.18966538,262.08032,262.08032,0.005205364,0.005205364,0.015739737,0.015739737,0.468842398,2709.6165,11.498265,0.009875055,-5e-12,0.0,6502.81365,2705.9795,0.18966538,-210.37401,0.0016713552
40.5,128.71736,6502.8135,-53.560246,-53.560246,-36.473083,-36.473083,-34.948036,-34.948036,0.18966538,262.08032,262.08032,0.005205364,0.005205364,0.015739737,0.015739737,0.469056304,2709.6165,11.498265,0.009875055,-0.0,0.0,6502.8135,2705.9795,0.18966538,-210.37401,0.0016713552
41.0,128.71736,6502.8135,-53.560246,-53.560246,-36.473083,-36.473083,-34.948036,-34.948036,0.18966538,262.08032,262.08032,0.005205364,0.005205364,0.015739737,0.015739737,0.469270216,2709.6165,11.498265,0.009875055,-0.0,0.0,6502.8135,2705.9795,0.18966538,-210.37401,0.0016713552
41.5,128.71736,6502.8135,-53.560246,-53.560246,-36.473083,-36.473083,-34.948036,-34.948036,0.18966538,262.08032,262.08032,0.005205364,0.005205364,0.015739737,0.015739737,0.469484122,2709.6165,11.498265,0.009875055,0.0,0.0,6502.8135,2705.9795,0.18966538,-210.37401,0.0016713552
42.0,128.71736,6502.8135,-53.560246,-53.560246,-36.473083,-36.473083,-34.948036,-34.948036,0.18966538,262.08032,262.08032,0.005205364,0.005205364,0.015739737,0.015739737,0.469698014,2709.6165,11.498265,0.009875055,0.0,0.0,6502.8135,2705.9795,0.18966538,-210.37401,0.0016713552
42.5,127.2460665,6499.30591,-53.0661511,-53.0661511,-36.1174338,-36.1174338,-34.6080002,-34.6080002,0.189283043,262.08032,262.08032,0.00519487068,0.00519487068,0.0157080201,0.0157080201,0.469911649,2709.6165,11.498265,0.0098551487,-4.2039917e-05,0.0,6499.30591,2704.51976,0.189283043,-209.885543,0.00166412565
43.0,118.1249739,6486.91346,-49.1903249,-49.1903249,-33.415508,-33.415508,-32.0203143,-32.0203143,0.186667207,262.08032,262.08032,0.00512307905,0.00512307905,0.0154910211,0.0154910211,0.470118004,2709.6165,11.498265,0.0097189538,-8.5174928e-05,0.0,6486.91346,2699.36167,0.186667207,-206.543594,0.00161502265
43.5,107.9252439,6485.86648,-44.9092544,-44.9092544,-30.5022936,-30.5022936,-29.2267558,-29.2267558,0.183748688,262.08032,262.08032,0.0050429802,0.0050429802,0.01524890955,0.01524890955,0.470310028,2709.6165,11.498265,0.0095669991,-8.4159061e-05,0.0,6485.86648,2698.92419,0.183748688,-202.814938,0.00156107288
44.0,97.7255139,6485.85121,-40.6639145,-40.6639145,-27.6187985,-27.6187985,-26.4513172,-26.4513172,0.177879635,255.901587,255.901587,0.00477080305,0.00477080305,0.01442592995,0.01442592995,0.470487549,2709.6165,11.498265,0.0092614229,-0.000473267606,0.0,6485.85121,2698.91444,0.177879635,-195.316721,0.0014564841
44.5,87.5257843,6485.88813,-36.4196668,-36.4196668,-24.7362585,-24.7362585,-23.6687891,-23.6687891,0.15253581,209.856047,209.856047,0.00336539713,0.00336539713,0.01017610795,0.01017610795,0.470650164,2709.6165,11.498265,0.00794187969,-0.000836073511,0.0,6485.88813,2698.91506,0.15253581,-162.937835,0.001044757054
45.0,82.30278,6496.16416,-34.0936286,-34.0936286,-23.1931368,-23.1931368,-22.1749819,-22.1749819,0.1250311645,156.699202,156.699202,0.00206359548,0.00206359548,0.00623979903,0.00623979903,0.470799613,2709.6165,11.498265,0.00650983182,-0.000744837455,0.0,6496.16416,2703.17491,0.1250311645,-127.7983135,0.000672279178
45.5,82.30278,6502.75311,-34.2397007,-34.2397007,-23.3160968,-23.3160968,-22.2939964,-22.2939964,0.0991049029,103.5364695,103.5364695,0.001086450304,0.001086450304,0.00328527017,0.00328527017,0.470946731,2709.6165,11.498265,0.00515996363,-0.000744836203,0.0,6502.75311,2705.90142,0.0991049029,-94.675311,0.000396000936
46.0,82.30278,6502.97336,-34.2464557,-34.2464557,-23.3214861,-23.3214861,-22.2992124,-22.2992124,0.0731421654,50.3714467,50.3714467,0.000397744839,0.000397744839,0.001202850253,0.001202850253,0.471094113,2709.6165,11.498265,0.00380819618,-0.000752076203,0.0,6502.97336,2705.97796,0.0731421654,-61.505708,0.000191416341
46.5,82.30278,6503.01322,-34.2465842,-34.2465842,-23.3217163,-23.3217163,-22.2994351,-22.2994351,0.0471781384,-2.789290397,-2.789290397,-1.854815e-06,-1.854815e-06,8.2968462e-05,8.2968462e-05,0.471241516,2709.6165,11.498265,0.00245636161,-0.000751063022,0.0,6503.01322,2705.9792,0.0471781384,-28.3344571,5.8970864e-05
47.0,82.30278,6503.08718,-34.2461629,-34.2461629,-23.3216951,-23.3216951,-22.2994161,-22.2994161,-0.00649321947,-55.9519143,-55.9519143,8.3944358e-05,8.3944358e-05,0.000382866404,0.000382866404,0.471388918,2709.6165,11.498265,-0.000338073833,-0.002391178012,0.0,6503.08718,2705.97873,-0.00649321947,4.46801953,1.2629461e-05
47.5,82.30278,6503.1571,-34.246624,-34.246624,-23.3222604,-23.3222604,-22.2999637,-22.2999637,-0.0546705643,-109.1166309,-109.1166309,0.000636624097,0.000636624097,0.00192535565,0.00192535565,0.471536306,2709.6165,11.498265,-0.00284645979,-0.000746633959,0.0,6503.1571,2705.97972,-0.0546705643,37.9066667,8.9782773e-05
48.0,82.30278,6504.519340000001,-33.7374548,-33.7374548,-22.9796859,-22.9796859,-21.9674789,-21.9674789,-0.080521382,-161.768888,-161.768888,0.00137513469,0.00137513469,0.00415864051,0.00415864051,0.47168365,2712.24159,11.498265,-0.00419239995,-0.000734241794,0.0,6504.519340000001,2706.5315,-0.080521382,70.9332823,0.000242087915
48.5,82.30278,7248.994100000001,-21.2393247,-21.2393247,-16.12283015,-16.12283015,-15.2565588,-15.2565588,-0.0933571376,-181.11734,-181.11734,0.00177066411,0.00177066411,0.00535468281,0.00535468281,0.471807225,3038.44605,11.498265,-0.0048607024,-2.8736162e-05,0.0,7248.994100000001,3016.30541,-0.0933571376,87.3320524,0.000341517471
49.0,82.30278,8611.35036,-21.885871,-21.885871,-19.7380587,-19.7380587,-18.5599094,-18.5599094,-0.0931918315,-181.11734,-181.11734,0.00176752884,0.00176752884,0.00534520383,0.00534520383,0.471923305,3588.58924,11.498265,-0.00485209553,1.524124e-06,0.0,8611.35036,3583.19197,-0.0931918315,87.1208626,0.000340085908
49.5,82.30278,9933.0621,-21.9359044,-21.9359044,-22.8174961,-22.8174961,-21.2310547,-21.2310547,-0.0931784729,-181.11734,-181.11734,0.00176727547,0.00176727547,0.00534443778,0.00534443778,0.472056946,4138.73243,11.498265,-0.00485140005,3.0119e-08,0.0,9933.0621,4133.16602,-0.0931784729,87.1037947,0.000339970532
50.0,82.30278,10990.656200000001,-30.0995279,-30.0995279,-34.7176042,-34.7176042,-32.7434078,-32.7434078,-0.0910535769,-181.11734,-181.11734,0.00172697348,0.00172697348,0.00522259101,0.00522259101,0.472219692,4561.66352,11.498265,-0.00474076597,0.000127394222,0.0,10990.656200000001,4573.239869999999,-0.0910535769,84.3890605,0.000322002613
50.5,82.30278,11022.2876,-34.4892097,-34.4892097,-39.8093772,-39.8093772,-37.7320562,-37.7320562,-0.08988131,-181.11734,-181.11734,0.00170473962,0.00170473962,0.00515537004,0.00515537004,0.472444214,4589.6655,11.498265,-0.00467973098,-6.56123e-06,0.0,11022.2876,4586.40271,-0.08988131,82.8913862,0.000312081259
51.0,82.30278,11015.4629,-34.2519583,-34.2519583,-39.5108857,-39.5108857,-37.4418331,-37.4418331,-0.0899445524,-181.11734,-181.11734,0.0017059391,0.0017059391,0.00515899663,0.00515899663,0.472670652,4589.6655,11.498265,-0.00468302382,-1.58593e-07,0.0,11015.4629,4583.56287,-0.0899445524,82.9721856,0.00031260506
51.5,82.30278,11015.326,-34.2468901,-34.2468901,-39.5045509,-39.5045509,-37.4356745,-37.4356745,-0.0899459065,-181.11734,-181.11734,0.00170596477,0.00170596477,0.00515907434,0.00515907434,0.472896709,4589.6655,11.498265,-0.00468309427,-2.954e-09,0.0,11015.326,4583.50619,-0.0899459065,82.9739157,0.000312616288
52.0,82.30278,11015.3236,-34.2467968,-34.2467968,-39.5044343,-39.5044343,-37.4355612,-37.4355612,-0.089945934,-181.11734,-181.11734,0.0017059653,0.0017059653,0.005159076,0.005159076,0.473122774,4589.6655,11.498265,-0.0046830955,-5.4e-11,0.0,11015.3236,4583.505,-0.089945934,82.973946,0.0003126165
52.5,82.30278,11015.323,-34.246796,-34.246796,-39.504433,-39.504433,-37.43556,-37.43556,-0.089945935,-181.11734,-181.11734,0.0017059653,0.0017059653,0.005159076,0.005159076,0.473348809,4589.6655,11.498265,-0.0046830955,-1e-12,0.0,11015.323,4583.505,-0.089945935,82.973946,0.0003126165
53.0,48.4232849,10935.3135,-22.46338191,-22.46338191,-25.8577681,-25.8577681,-24.01753828,-24.01753828,-0.0988772096,-181.11734,-181.11734,0.00187536091,0.00187536091,0.00567119276,0.00567119276,0.473561783,4589.6655,11.498265,-0.00514810845,-0.00083161104,0.0,10935.3135,4550.2071,-0.0988772096,94.3844104,0.000396441134
53.5,-19.555548,10928.1234,10.29397635,10.29397635,11.7718105,11.7718105,13.6618087,13.6618087,-0.1133410091,-168.273394,-168.273394,0.00200026099,0.00200026099,0.00604858076,0.00604858076,0.473535097,4589.6655,11.498265,-0.00590117602,0.0003685587,0.0,10928.1234,4547.20674,-0.1133410091,112.8631468,0.000536650952
54.0,-19.555548,11013.02855,8.2220712,8.2220712,9.4823431,9.4823431,11.5926259,11.5926259,-0.1002745979,-142.634897,-142.634897,0.00150056032,0.00150056032,0.00453759903,0.00453759903,0.473415084,4589.6655,11.498265,-0.00522086456,0.000364762406,0.0,11013.02855,4582.543879999999,-0.1002745979,96.1696976,0.000404641122
54.5,-19.555548,11015.27755,8.1387116,8.1387116,9.3881438,9.3881438,11.5066344,11.5066344,-0.0877305532,-116.9964795,-116.9964795,0.001077634823,0.001077634823,0.00325876846,0.00325876846,0.473304853,4589.6655,11.498265,-0.00456775046,0.000362247128,0.0,11015.27755,4583.48715,-0.0877305532,80.1436136,0.000295208082
55.0,-19.555548,11015.3026,8.1371369,8.1371369,9.3863484,9.3863484,11.5049817,11.5049817,-0.0752083505,-91.3580644,-91.3580644,0.000722291434,0.000722291434,0.00218428164,0.00218428164,0.473194903,4589.6655,11.498265,-0.00391577344,0.00036219848,0.0,11015.3026,4583.50478,-0.0752083505,64.1454336,0.000202770903
55.5,-19.555548,11015.2853,8.1371082,8.1371082,9.3863005,9.3863005,11.50493355,11.50493355,-0.0626865577,-65.7196474,-65.7196474,0.000434191609,0.000434191609,0.00131310315,0.00131310315,0.473084962,4589.6655,11.498265,-0.0032638179,0.00036219759,0.0,11015.2853,4583.505,-0.0626865577,48.147781,0.000127119107
56.0,-19.555548,11015.26815,8.137108,8.137108,9.38628515,9.38628515,11.50491445,11.50491445,-0.0501647744,-40.0812318,-40.0812318,0.000213330048,0.000213330048,0.00064521139,0.00064521139,0.472975026,4589.6655,11.498265,-0.00261186277,0.00036219758,0.0,11015.26815,4583.505,-0.0501647744,32.1501377,6.8249252e-05
56.5,-19.555548,11015.2505,8.137108,8.137108,9.38627005,9.38627005,11.50489615,11.50489615,-0.0376429914,-14.44281575,-14.44281575,5.970667e-05,5.970667e-05,0.000180601374,0.000180601374,0.4728651,4589.6655,11.498265,-0.00195990769,0.00036219758,0.0,11015.2505,4583.505,-0.0376429914,16.1524951,2.6161286e-05
57.0,-19.555548,11015.2108,8.13670045,8.13670045,9.38576675,9.38576675,11.5044214,11.5044214,-0.00813315169,9.809725446,9.181720546,3.712982e-06,3.6383e-06,3.7488753e-05,3.7262846e-05,0.472755164,4589.6655,11.498265,-0.000423458018,-0.000129698292,0.0,11015.2108,4583.50596,-0.00813315169,1.32123701,3.396011e-06
57.5,-19.555548,11015.1575,8.13726245,8.13726245,9.3863697,9.3863697,11.5049644,11.5049644,0.0269719427,15.540161,15.540161,4.389311e-05,4.389311e-05,0.000132771328,0.000132771328,0.472645227,4589.6655,11.498265,0.00140431238,-4.05e-10,0.0,11015.1575,4583.50416,0.0269719427,-2.51932447,2.846328e-06
58.0,-19.555548,11015.16,8.1372107,8.1372107,9.38631225,9.38631225,11.5049115,11.5049115,0.0269719566,15.540161,15.540161,4.3893132e-05,4.3893132e-05,0.000132771396,0.000132771396,0.47253528,4589.6655,11.498265,0.00140431307,7.8e-11,0.0,11015.16,4583.50524,0.0269719566,-2.5193417,2.846349e-06
58.5,-19.555548,11015.16,8.137208,8.137208,9.3863093,9.3863093,11.5049095,11.5049095,0.026971957,15.540161,15.540161,4.3893135e-05,4.3893135e-05,0.0001327714,0.0001327714,0.472425329,4589.6655,11.498265,0.0014043131,2e-12,0.0,11015.16,4583.5054,0.026971957,-2.5193427,2.84635e-06
59.0,-19.555548,11015.16,8.137208,8.137208,9.386309,9.386309,11.5049095,11.5049095,0.026971957,15.540161,15.540161,4.3893135e-05,4.3893135e-05,0.0001327714,0.0001327714,0.472315389,4589.6655,11.498265,0.0014043131,0.0,0.0,11015.16,4583.5054,0.026971957,-2.5193427,2.84635e-06
59.5,-19.555548,11015.1602,8.1372142,8.1372142,9.3863167,9.3863167,11.50491645,11.50491645,0.0267733767,15.1252739,15.1252739,4.2423281e-05,4.2423281e-05,0.000128325424,0.000128325424,0.472205412,4589.6655,11.498265,0.00139397389,-2.7337045e-05,0.0,11015.1602,4583.50524,0.0267733767,-2.26563948,2.544952e-06
60.0,-19.555548,11015.1686,8.13745825,8.13745825,9.3866052,9.3866052,11.505185,11.505185,0.0195132291,11.76174225,11.76174225,2.4995513e-05,2.4995513e-05,7.7449883e-05,7.7449883e-05,0.472095475,4589.6655,11.498265,0.00101596947,-0.001183660037,0.0,11015.1686,4583.50464,0.0195132291,-0.3977047316,4.28571e-07
60.5,-19.555548,11015.2362,8.1374061,8.1374061,9.3866027,9.3866027,11.5051999,11.5051999,-0.0265656842,7.83109472,7.83109472,-2.1695159e-05,-2.1695159e-05,-7.172183e-06,-7.172183e-06,0.471985502,4589.6655,11.498265,-0.00138316025,-0.000623314976,0.0,11015.2362,4583.50582,-0.0265656842,2.06811214,2.333372e-06
61.0,-13.29973713,11029.78365,5.90533268,5.90533268,6.81706535,6.81706535,8.66516654,8.66516654,-0.0267091814,3.89904844,3.89904844,-1.1083039e-05,-1.1083039e-05,-3.663932e-06,-3.663932e-06,0.47188115,4589.6655,11.498265,-0.00139063153,0.000350104817,0.0,11029.78365,4589.55898,-0.0267091814,2.551523466,2.957384e-06
61.5,13.49083875,11060.5242,-5.5477993256,-5.5477993256,-6.4263661975,-6.4263661975,-5.177273317,-5.177273317,0.02541531254,-0.032446706,-0.032446706,-9.08183e-07,-9.08183e-07,1.940017e-06,1.940017e-06,0.47186148,4589.6655,11.498265,0.001323265375,0.001862159263,0.0,11060.5242,4602.38059,0.02541531254,-4.475274053,5.590856e-06
62.0,41.8549728,11062.321,-17.4148081,-17.4148081,-20.1740838,-20.1740838,-18.4461564,-18.4461564,0.0349317493,-3.96448478,-3.96448478,-1.4711822e-05,-1.4711822e-05,-4.863568e-06,-4.863568e-06,0.471943632,4589.6655,11.498265,0.00181874506,0.000178469848,0.0,11062.321,4603.13393,0.0349317493,-12.68865315,1.8734322e-05
62.5,70.2191054,11062.35,-29.218712,-29.218712,-33.8483156,-33.8483156,-31.9003201,-31.9003201,0.04110064,-7.89601091,-7.89601091,-3.4194339e-05,-3.4194339e-05,-1.1304276e-05,-1.1304276e-05,0.472105963,4589.6655,11.498265,0.0021399325,0.00017842779,0.0,11062.35,4603.14926,0.04110064,-20.569936,3.5581601e-05
63.0,98.583241,11062.3517,-41.021442,-41.021442,-47.5211571,-47.5211571,-45.2336553,-45.2336553,0.0476522498,-11.0331028,-11.0331028,-5.5129375e-05,-5.5129375e-05,-1.822517e-05,-1.822517e-05,0.472336845,4589.6655,11.498265,0.00248104651,0.00021196537,0.0,11062.3517,4603.15397,0.0476522498,-28.9401732,5.8015577e-05
63.5,126.947377,11062.3318,-52.8238654,-52.8238654,-61.193524,-61.193524,-58.4897403,-58.4897403,0.0556122883,-11.289785,-11.289785,-6.5748381e-05,-6.5748381e-05,-2.1735697e-05,-2.1735697e-05,0.472628423,4589.6655,11.498265,0.00289549128,0.000233966549,0.0,11062.3318,4603.15052,0.0556122883,-39.1097998,9.1394438e-05
64.0,155.311506,11062.3183,-64.6263325,-64.6263325,-74.8659411,-74.8659411,-71.7535466,-71.7535466,0.0637009508,-11.289785,-11.289785,-7.531131e-05,-7.531131e-05,-2.4897098e-05,-2.4897098e-05,0.472975191,4589.6655,11.498265,0.0033166329,0.000233968172,0.0,11062.3183,4603.15,0.0637009508,-49.4437524,0.000132219588
64.5,183.675645,11062.307850000003,-76.4288556,-76.4288556,-88.5384044,-88.5384044,-85.0510005,-85.0510005,0.0717896269,-11.289785,-11.289785,-8.4874258e-05,-8.4874258e-05,-2.8058504e-05,-2.8058504e-05,0.473373156,4589.6655,11.498265,0.00373777532,0.00023396821,0.0,11062.307850000003,4603.15,0.0717896269,-59.777726,0.000180047468
65.0,208.443383,11053.7666,-87.0582604,-87.0582604,-100.772512,-100.772512,-96.9868039,-96.9868039,0.078954522,-11.289785,-11.289785,-9.3345052e-05,-9.3345052e-05,-3.0858856e-05,-3.0858856e-05,0.47381844,4589.6655,11.498265,0.00411082041,0.000119668679,0.0,11053.7666,4599.600079999999,0.078954522,-68.9314874,0.000228072542
65.5,211.93802,11018.490249999997,-88.3076584,-88.3076584,-101.8941476,-101.8941476,-98.0870323,-98.0870323,0.0799155226,-11.289785,-11.289785,-9.4481208e-05,-9.4481208e-05,-3.1234457e-05,-3.1234457e-05,0.474286982,4589.6655,11.498265,0.00416085546,-3.225951e-06,0.0,11018.490249999997,4584.92175,0.0799155226,-70.1592488,0.000234857682
66.0,211.93802,11015.1538,-88.1915,-88.1915,-101.7292674,-101.7292674,-97.9263686,-97.9263686,0.0799053454,-11.2374295,-11.2374295,-9.4030056e-05,-9.4030056e-05,-3.108531e-05,-3.108531e-05,0.474754763,4589.6655,11.498265,0.00416032552,3.2259744e-05,0.0,11015.1538,4583.53354,0.0799053454,-70.1462429,0.000234784397
66.5,210.779145,11012.4539,-87.868686,-87.868686,-101.3323643,-101.3323643,-97.5389494,-97.5389494,0.0859802129,1.8653101,1.8653101,1.8754773e-05,1.8754773e-05,0.00010335043,0.00010335043,0.475222266,4589.6655,11.498265,0.00447661783,0.000274673668,0.0,11012.4539,4582.41354,0.0859802129,-77.9074069,0.000281022618
67.0,194.749886,10985.4379,-81.1864461,-81.1864461,-93.39734,-93.39734,-89.795508,-89.795508,0.0926371045,24.8240352,24.8240352,0.000241858152,0.000241858152,0.000731493344,0.000731493344,0.475677641,4589.6655,11.498265,0.00482321331,0.000151623452,0.0,10985.4379,4571.175789999999,0.0926371045,-86.4121489,0.000335433227
67.5,174.249557,10981.0386,-72.5099718,-72.5099718,-83.3815338,-83.3815338,-80.0377551,-80.0377551,0.0967445838,45.234662,45.234662,0.000458444395,0.000458444395,0.00138635114,0.00138635114,0.4760995,4589.6655,11.498265,0.005037072,-6.905369e-06,0.0,10981.0386,4569.34764,0.0967445838,-91.6598045,0.000371479177
68.0,153.74923,10980.9527,-63.9763245,-63.9763245,-73.5678277,-73.5678277,-70.4992389,-70.4992389,0.0924795486,48.424614,48.424614,0.000468965057,0.000468965057,0.00141817372,0.00141817372,0.476485945,4589.6655,11.498265,0.00481500999,-0.000169105381,0.0,10980.9527,4569.30954,0.0924795486,-86.2108596,0.000334112302
68.5,133.2488944,10980.9552,-55.4458067,-55.4458067,-63.7584055,-63.7584055,-60.9824975,-60.9824975,0.0866333665,48.424614,48.424614,0.000439318981,0.000439318981,0.00132854617,0.00132854617,0.476835437,4589.6655,11.498265,0.0045106246,-0.000169101935,0.0,10980.9552,4569.307,0.0866333665,-78.7418637,0.000285896448
69.0,112.7485656,10980.9635,-46.9154637,-46.9154637,-53.9492076,-53.9492076,-51.4745357,-51.4745357,0.08078723,48.424614,48.424614,0.000409673145,0.000409673145,0.00123891614,0.00123891614,0.477145961,4589.6655,11.498265,0.00420624156,-0.000169101784,0.0,10980.9635,4569.307,0.08078723,-71.2729259,0.000241339019
69.5,92.2482364,10980.9719,-38.3851245,-38.3851245,-44.1400002,-44.1400002,-41.9562961,-41.9562961,0.074941095,48.424614,48.424614,0.000380027312,0.000380027312,0.001149283,0.001149283,0.477415066,4589.6655,11.498265,0.0039018586,-0.00016910178,0.0,10980.9719,4569.307,0.074941095,-63.8039927,0.000200439618
70.0,71.7479032,10832.557499999997,-48.9580774,-48.9580774,-54.0627271,-54.0627271,-51.5844783,-51.5844783,0.0763332035,53.339436,53.339436,0.000430120975,0.000430120975,0.0013007453,0.0013007453,0.477645174,4459.94043,11.498265,0.00397433974,0.00103769303,0.0,10832.557499999997,4507.5517,0.0763332035,-65.5825297,0.000216011242
70.5,51.2475735,6482.24471,-44.2948712,-44.2948712,-33.08832563,-33.08832563,-31.44971015,-31.44971015,0.080295915,70.7298305,70.7298305,0.000589527232,0.000589527232,0.00178275927,0.00178275927,0.47793208,2773.55637,11.498265,0.00418066097,-0.00099469447,0.0,6482.24471,2697.35669,0.080295915,-70.6452325,0.000246578474
71.0,30.7472435,6531.62266,-11.9790877,-11.9790877,-8.19016191,-8.19016191,-7.51066373,-7.51066373,0.0768238815,88.7117686,88.7117686,0.000714245359,0.000714245359,0.00215993819,0.00215993819,0.478003984,2745.2778,11.498265,0.00399988712,0.000108195786,0.0,6531.62266,2717.90123,0.0768238815,-66.2094118,0.000213119291
71.5,13.6737834,6562.097810000001,-5.4197402,-5.4197402,-3.72351671,-3.72351671,-3.09185849,-3.09185849,0.0808694091,106.6938425,106.6938425,0.000904538751,0.000904538751,0.00273537637,0.00273537637,0.478043035,2745.2778,11.498265,0.00421052042,0.000183406326,0.0,6562.097810000001,2730.58456,0.0808694091,-71.377919,0.000241977143
72.0,11.858298,6586.687739999999,-4.86872007,-4.86872007,-3.35824271,-3.35824271,-2.73902822,-2.73902822,0.0891770416,124.6758559,124.6758559,0.00116567047,0.00116567047,0.00352498955,0.00352498955,0.478064028,2745.2778,11.498265,0.00464306272,0.000255875461,0.0,6586.687739999999,2740.82142,0.0891770416,-81.991625,0.000306619465
72.5,11.858298,6588.498360000001,-4.93298431,-4.93298431,-3.4034925,-3.4034925,-2.77967618,-2.77967618,0.094131592,134.715975,134.715975,0.00132795437,0.00132795437,0.00401570195,0.00401570195,0.478085529,2745.2778,11.498265,0.00490102478,2.5444267e-05,0.0,6588.498360000001,2741.57775,0.094131592,-88.3214821,0.000348249449
73.0,17.9574174,6602.86381,-7.06184493,-7.06184493,-4.8870996,-4.8870996,-4.23037095,-4.23037095,0.0957520125,134.73265,134.73265,0.00135098139,0.00135098139,0.00408531309,0.00408531309,0.478108989,2745.2778,11.498265,0.00498539315,0.000158086749,0.0,6602.86381,2747.5563,0.0957520125,-90.39171,0.00036272168
73.5,47.7476208,6639.51823,-19.7785122,-19.7785122,-13.7527159,-13.7527159,-12.9709772,-12.9709772,0.1043153591,134.73265,134.73265,0.00147180306,0.00147180306,0.00445054841,0.00445054841,0.478169119,2745.2778,11.498265,0.00543124936,0.0002677792,0.0,6639.51823,2762.81348,0.1043153591,-101.332109,0.000443153135
74.0,79.9027792,6641.97845,-33.2463818,-33.2463818,-23.1244162,-23.1244162,-22.106859,-22.106859,0.1135085718,134.73265,134.73265,0.00160151168,0.00160151168,0.00484262613,0.00484262613,0.478288386,2745.2778,11.498265,0.00590990032,0.000265295565,0.0,6641.97845,2763.84252,0.1135085718,-113.0772215,0.000538012388
74.5,108.417507,6633.39783,-45.4638129,-45.4638129,-31.5793254,-31.5793254,-30.2737313,-30.2737313,0.1217512916,134.73265,134.73265,0.00171780956,0.00171780956,0.00519414712,0.00519414712,0.478458246,2745.2778,11.498265,0.00633906298,0.000139543548,0.0,6633.39783,2760.27691,0.1217512916,-123.6079973,0.000630533978
75.0,112.81587,6592.76799,-47.0915943,-47.0915943,-32.5117707,-32.5117707,-31.1675743,-31.1675743,0.1229736664,134.73265,134.73265,0.00173505629,0.00173505629,0.00524627557,0.00524627557,0.478653117,2745.2778,11.498265,0.00640270669,-3.972361e-06,0.0,6592.76799,2743.37126,0.1229736664,-125.1696835,0.00064476275
75.5,112.81587,6588.580550000001,-46.9467002,-46.9467002,-32.3910895,-32.3910895,-31.0513065,-31.0513065,0.1228366095,134.498853,134.498853,0.00173013688,0.00173013688,0.00523140186,0.00523140186,0.47884741,2745.2778,11.498265,0.0063955709,-0.000106468814,0.0,6588.580550000001,2741.62881,0.1228366095,-124.9945822,0.000643147786
76.0,112.81587,6588.52486,-46.9432644,-46.9432644,-32.3884444,-32.3884444,-31.0487625,-31.0487625,0.1016405502,90.8078586,90.8078586,0.000990654633,0.000990654633,0.0029955512,0.0029955512,0.479041554,2745.2778,11.498265,0.0052919837,-0.00107776654,0.0,6588.52486,2741.5932,0.1016405502,-97.914816,0.000422892218
76.5,112.81587,6588.57597,-46.94322,-46.94322,-32.3886646,-32.3886646,-31.0489803,-31.0489803,0.0647191982,15.21379205,15.21379205,0.000127224335,0.000127224335,0.000432493064,0.000432493064,0.479235696,2745.2778,11.498265,0.00336964876,-0.001067984,0.0,6588.57597,2741.59294,0.0647191982,-50.7446531,0.000143585045
77.0,112.81587,6588.64913,-46.942819,-46.942819,-32.3887474,-32.3887474,-31.0490686,-31.0490686,0.01107038594,-59.0904664,-59.0904664,-8.23866e-06,-8.23866e-06,0.000230852621,0.000230852621,0.479429849,2745.2778,11.498265,0.000576387069,-0.002668349556,0.0,6588.64913,2741.59198,0.01107038594,-4.72138095,1.7069122e-05
77.5,112.81587,6588.71721,-46.9435852,-46.9435852,-32.3896128,-32.3896128,-31.0499059,-31.0499059,-0.0338888564,-84.1566,-84.1566,0.000298657699,0.000298657699,0.00090330284,0.00090330284,0.47962399,2745.2778,11.498265,-0.00176444615,5.18e-10,0.0,6588.71721,2741.59411,-0.0338888564,11.35627,1.6120601e-05
78.0,112.81587,6588.714199999999,-46.943519,-46.943519,-32.3895513,-32.3895513,-31.049847,-31.049847,-0.0338888745,-84.1566,-84.1566,0.000298657851,0.000298657851,0.000903303291,0.000903303291,0.479818133,2745.2778,11.498265,-0.00176444708,-1e-10,0.0,6588.714199999999,2741.59282,-0.0338888745,11.3562925,1.6120641e-05
78.5,112.81587,6588.714,-46.943516,-46.943516,-32.38955,-32.38955,-31.049845,-31.049845,-0.033888876,-84.1566,-84.1566,0.00029865786,0.00029865786,0.0009033033,0.0009033033,0.480012268,2745.2778,11.498265,-0.0017644471,-2e-12,0.0,6588.714,2741.5928,-0.033888876,11.356294,1.6120643e-05
79.0,112.765863,6588.6652,-46.9388029,-46.9388029,-32.3860583,-32.3860583,-31.0464901,-31.0464901,-0.0338979924,-84.1566,-84.1566,0.000298738204,0.000298738204,0.000903546285,0.000903546285,0.480206403,2745.2778,11.498265,-0.00176492178,-6.194234e-06,0.0,6588.6652,2741.57248,-0.0338979924,11.3679415,1.6141558e-05
79.5,106.9709753,6577.23965,-44.6434555,-44.6434555,-30.7494444,-30.7494444,-29.4723113,-29.4723113,-0.035508893,-84.1566,-84.1566,0.000312934837,0.000312934837,0.000946479209,0.000946479209,0.480397732,2745.2778,11.498265,-0.0018487944,-8.1891283e-05,0.0,6577.23965,2736.81727,-0.035508893,13.4260033,2.0005733e-05
80.0,97.2531039,6572.65979,-40.4719226,-40.4719226,-27.8563233,-27.8563233,-26.6848491,-26.6848491,-0.0383139736,-84.1566,-84.1566,0.000337655624,0.000337655624,0.00102123776,0.00102123776,0.480576282,2745.2778,11.498265,-0.00199484287,-8.0287839e-05,0.0,6572.65979,2734.90985,-0.0383139736,17.0097326,2.7332778e-05
80.5,87.5352317,6572.551700000001,-36.424113,-36.424113,-25.0698425,-25.0698425,-23.9931756,-23.9931756,-0.0410863485,-84.1566,-84.1566,0.000362088172,0.000362088172,0.00109512319,0.00109512319,0.480740285,2745.2778,11.498265,-0.0021391884,-8.0162586e-05,0.0,6572.551700000001,2734.86324,-0.0410863485,20.5516777,3.5403777e-05
81.0,77.8173596,6572.553320000001,-32.3803573,-32.3803573,-22.2866284,-22.2866284,-21.2988779,-21.2988779,-0.0438576413,-84.1566,-84.1566,0.000386511186,0.000386511186,0.00116897834,0.00116897834,0.48088944,2745.2778,11.498265,-0.00228347768,-8.0160187e-05,0.0,6572.553320000001,2734.8623,-0.0438576413,24.0922394,4.4293872e-05
81.5,68.0994877,6572.557180000001,-28.3366775,-28.3366775,-19.5034713,-19.5034713,-18.5916567,-18.5916567,-0.0466289139,-84.1566,-84.1566,0.000410934017,0.000410934017,0.00124283153,0.00124283153,0.481023254,2745.2778,11.498265,-0.00242776583,-8.0160141e-05,0.0,6572.557180000001,2734.8623,-0.0466289139,27.6327765,5.4005896e-05
82.0,58.3816165,6572.56101,-24.2929993,-24.2929993,-16.7203122,-16.7203122,-15.8831526,-15.8831526,-0.0494001859,-84.1566,-84.1566,0.000435356839,0.000435356839,0.00131668324,0.00131668324,0.481141175,2745.2778,11.498265,-0.00257205394,-8.016014e-05,0.0,6572.56101,2734.8623,-0.0494001859,31.1733112,6.4539909e-05
82.5,48.6637456,6572.56498,-20.2493213,-20.2493213,-13.9371498,-13.9371498,-13.1583137,-13.1583137,-0.0521714577,-84.1566,-84.1566,0.00045977967,0.00045977967,0.00139053353,0.00139053353,0.48124257,2745.2778,11.498265,-0.00271634211,-8.016014e-05,0.0,6572.56498,2734.8623,-0.0521714577,34.7138462,7.5895911e-05
83.0,38.9458734,6572.56894,-16.2056433,-16.2056433,-11.1539842,-11.1539842,-10.4295962,-10.4295962,-0.0549427294,-84.1566,-84.1566,0.000484202496,0.000484202496,0.00146438237,0.00146438237,0.481326774,2745.2778,11.498265,-0.00286063028,-8.016014e-05,0.0,6572.56894,2734.8623,-0.0549427294,38.254381,8.8073906e-05
83.5,30.3223708,6575.16679,-12.5116151,-12.5116151,-8.6146867,-8.6146867,-7.93208152,-7.93208152,-0.0574353186,-84.1566,-84.1566,0.00050616931,0.00050616931,0.00153080361,0.00153080361,0.481393158,2745.2778,11.498265,-0.00299040853,-4.2094925e-05,0.0,6575.16679,2735.94184,-0.0574353186,41.4388747,9.9708806e-05
84.0,28.987272,6587.45483,-12.016968,-12.016968,-8.28975085,-8.28975085,-7.61547754,-7.61547754,-0.057806459,-84.1566,-84.1566,0.000509440138,0.000509440138,0.00154069354,0.00154069354,0.481449625,2745.2778,11.498265,-0.00300973227,1.204682e-06,0.0,6587.45483,2741.05483,-0.057806459,41.9130385,0.000101487875
84.5,28.987272,6588.717299999999,-12.0609229,-12.0609229,-8.32166125,-8.32166125,-7.64621879,-7.64621879,-0.054432566,-77.1995969,-77.1995969,0.000441646621,0.000441646621,0.00133568232,0.00133568232,0.481506175,2745.2778,11.498265,-0.00283406824,0.000240705937,0.0,6588.717299999999,2741.5821,-0.054432566,37.6026041,8.6133228e-05
85.0,28.987272,6588.7279,-12.061885,-12.061885,-8.3223389,-8.3223389,-7.64687262,-7.64687262,-0.0441890484,-56.2078625,-56.2078625,0.000262030389,0.000262030389,0.000792500217,0.000792500217,0.481562788,2745.2778,11.498265,-0.00230073258,0.000302167682,0.0,6588.7279,2741.59258,-0.0441890484,24.5156404,4.5859925e-05
85.5,28.987272,6588.71364,-12.0619017,-12.0619017,-8.32233215,-8.32233215,-7.64686693,-7.64686693,-0.033742613,-34.8187427,-34.8187427,0.000124963055,0.000124963055,0.000377968657,0.000377968657,0.481619387,2745.2778,11.498265,-0.00175683191,0.000302167173,0.0,6588.71364,2741.5928,-0.033742613,11.16943125,1.626876e-05
86.0,28.987272,6588.663790000001,-12.0623662,-12.0623662,-8.3225894,-8.3225894,-7.64711798,-7.64711798,0.0032078301,-13.43245132,-13.43245132,1.1205542e-05,1.1205542e-05,6.6578407e-05,6.6578407e-05,0.481676013,2745.2778,11.498265,0.000167017852,0.001250114788,0.0,6588.663790000001,2741.59349,0.0032078301,-1.94038116,4.20702e-06
86.5,28.987272,6588.61327,-12.06186,-12.06186,-8.3221763,-8.3221763,-7.64672191,-7.64672191,0.0370653306,7.95410888,7.95410888,3.2804058e-05,3.2804058e-05,0.000100754185,0.000100754185,0.481732626,2745.2778,11.498265,0.0019298314,0.000302167833,0.0,6588.61327,2741.59226,0.0370653306,-15.4144851,2.4414167e-05
87.0,28.987272,6588.59997,-12.0619007,-12.0619007,-8.32218775,-8.32218775,-7.64673356,-7.64673356,0.047511772,29.3432293,29.3432293,0.000147925323,0.000147925323,0.000447416071,0.000447416071,0.48178923,2745.2778,11.498265,0.00247373246,0.000302167195,0.0,6588.59997,2741.5928,0.047511772,-28.7607016,5.7720448e-05
87.5,28.987272,6588.58747,-12.0618597,-12.0618597,-8.3221433,-8.3221433,-7.64669124,-7.64669124,0.0564378991,47.5737749,47.5737749,0.000281652889,0.000281652889,0.000851826365,0.000851826365,0.481845839,2745.2778,11.498265,0.00293847725,0.000151083108,0.0,6588.58747,2741.59281,0.0564378991,-40.1645872,9.5073837e-05
88.0,28.987272,6588.586,-12.06181515,-12.06181515,-8.3221111,-8.3221111,-7.64666025,-7.64666025,0.0575292016,49.76248,49.76248,0.00029979128,0.00029979128,0.000906678715,0.000906678715,0.48190245,2745.2778,11.498265,0.0029952966,6.5e-11,0.0,6588.586,2741.5928,0.0575292016,-41.55882,0.000100147508
88.5,28.987272,6588.586,-12.061818,-12.061818,-8.322113,-8.322113,-7.64666194,-7.64666194,0.057529204,49.76248,49.76248,0.00029979128,0.00029979128,0.00090667873,0.00090667873,0.481959045,2745.2778,11.498265,0.0029952966,2e-12,0.0,6588.586,2741.59298,0.057529204,-41.55882,0.00010014751
89.0,28.987272,6588.586,-12.061818,-12.061818,-8.322113,-8.322113,-7.646662,-7.646662,0.057529204,49.76248,49.76248,0.00029979128,0.00029979128,0.00090667873,0.00090667873,0.482015651,2745.2778,11.498265,0.0029952966,0.0,0.0,6588.586,2741.593,0.057529204,-41.55882,0.00010014751
89.5,28.987272,6588.586,-12.061818,-12.061818,-8.322113,-8.322113,-7.646662,-7.646662,0.057529204,49.76248,49.76248,0.00029979128,0.00029979128,0.00090667873,0.00090667873,0.482072258,2745.2778,11.498265,0.0029952966,0.0,0.0,6588.586,2741.593,0.057529204,-41.55882,0.00010014751
90.0,28.987272,6588.586,-12.061818,-12.061818,-8.322113,-8.322113,-7.646662,-7.646662,0.057529204,49.76248,49.76248,0.00029979128,0.00029979128,0.00090667873,0.00090667873,0.482128858,2745.2778,11.498265,0.0029952966,0.0,0.0,6588.586,2741.593,0.057529204,-41.55882,0.00010014751
90.5,28.987272,6588.586,-12.061818,-12.061818,-8.322113,-8.322113,-7.646662,-7.646662,0.057529204,49.76248,49.76248,0.00029979128,0.00029979128,0.00090667873,0.00090667873,0.482185454,2745.2778,11.498265,0.0029952966,0.0,0.0,6588.586,2741.593,0.057529204,-41.55882,0.00010014751
91.0,28.987272,6588.586,-12.061818,-12.061818,-8.322113,-8.322113,-7.646662,-7.646662,0.057529204,49.76248,49.76248,0.00029979128,0.00029979128,0.00090667873,0.00090667873,0.48224206,2745.2778,11.498265,0.0029952966,0.0,0.0,6588.586,2741.593,0.057529204,-41.55882,0.00010014751
91.5,28.987272,6588.586,-12.061818,-12.061818,-8.322113,-8.322113,-7.646662,-7.646662,0.057529204,49.76248,49.76248,0.00029979128,0.00029979128,0.00090667873,0.00090667873,0.482298661,2745.2778,11.498265,0.0029952966,0.0,0.0,6588.586,2741.593,0.057529204,-41.55882,0.00010014751
92.0,28.987272,6588.586,-12.061818,-12.061818,-8.322113,-8.322113,-7.646662,-7.646662,0.057529204,49.76248,49.76248,0.00029979128,0.00029979128,0.00090667873,0.00090667873,0.482355266,2745.2778,11.498265,0.0029952966,0.0,0.0,6588.586,2741.593,0.057529204,-41.55882,0.00010014751
92.5,28.987272,6588.586,-12.061818,-12.061818,-8.322113,-8.322113,-7.646662,-7.646662,0.057529204,49.76248,49.76248,0.00029979128,0.00029979128,0.00090667873,0.00090667873,0.482411862,2745.2778,11.498265,0.0029952966,0.0,0.0,6588.586,2741.593,0.057529204,-41.55882,0.00010014751
93.0,28.4430477,6587.4432,-11.9280135,-11.9280135,-8.2284392,-8.2284392,-7.55652794,-7.55652794,0.0572953787,49.5281964,49.5281964,0.000297199761,0.000297199761,0.000898841917,0.000898841917,0.482468412,2745.2778,11.498265,0.00298312239,-7.7510264e-05,0.0,6587.4432,2741.1173,0.0572953787,-41.2600889,9.903823e-05
93.5,18.2999968,6569.51924,-7.73300844,-7.73300844,-5.32056538,-5.32056538,-4.63962104,-4.63962104,0.0490621373,38.4965411,38.4965411,0.000199559608,0.000199559608,0.000603567151,0.000603567151,0.482516309,2745.2778,11.498265,0.00255445321,-0.000350739017,0.0,6569.51924,2733.65411,0.0490621373,-30.7414241,6.3833935e-05
94.0,4.648929104,6565.97215,-1.9374917148,-1.9374917148,-1.3322057066,-1.3322057066,-1.0402599483,-1.0402599483,0.0369231782,21.6761437,21.6761437,8.5572274e-05,8.5572274e-05,0.000258836229,0.000258836229,0.482537665,2745.2778,11.498265,0.00192243014,-0.000346765241,0.0,6565.97215,2732.17098,0.0369231782,-15.23287395,2.4207301e-05
94.5,-9.00213856,6565.93894,3.74653202,3.74653202,2.576059625,2.576059625,3.16934294,3.16934294,0.0054618963,4.85457175,4.85457175,1.4822817e-05,1.4822817e-05,4.6325255e-05,4.6325255e-05,0.482529701,2745.2778,11.498265,0.0002843773,-0.002183419408,0.0,6565.93894,2732.1389,0.0054618963,-0.15114501,4.256716e-06
95.0,-22.6532062,6566.00134,9.42616506,9.42616506,6.48133772,6.48133772,7.247415,7.247415,-0.0372118373,-11.96707692,-11.96707692,4.8392938e-05,4.8392938e-05,0.000146382139,0.000146382139,0.482484124,2745.2778,11.498265,-0.00193745937,-0.000350223732,0.0,6566.00134,2732.1399,-0.0372118373,15.6016601,2.4965956e-05
95.5,-33.3134698,6572.97428,14.0400196,14.0400196,9.6643124,9.6643124,10.42945075,10.42945075,-0.0485238708,-28.7848503,-28.7848503,0.000147623936,0.000147623936,0.000446506614,0.000446506614,0.482401537,2745.2778,11.498265,-0.00252642807,-0.000272862314,0.0,6572.97428,2735.03472,-0.0485238708,30.0537436,6.1474409e-05
96.0,-34.079357,6587.85288,14.21273075,14.21273075,9.80505225,9.80505225,10.57483055,10.57483055,-0.0569239107,-45.6043781,-45.6043781,0.000273040236,0.000273040236,0.000825778422,0.000825778422,0.482302185,2745.2778,11.498265,-0.00296378179,-0.00023670124,0.0,6587.85288,2741.22101,-0.0569239107,40.7855084,9.7545936e-05
96.5,-34.079357,6588.740609999999,14.1813807,14.1813807,9.7847454,9.7847454,10.55431175,10.55431175,-0.065130443,-62.4244191,-62.4244191,0.000426955929,0.000426955929,0.00129121396,0.00129121396,0.48220346,2745.2778,11.498265,-0.00339106034,-0.000237599365,0.0,6588.740609999999,2741.58556,-0.065130443,51.2700496,0.000140171707
97.0,-34.079357,6588.768950000001,14.18075055,14.18075055,9.7843529,9.7843529,10.5539159,10.5539159,-0.0733451694,-79.2444605,-79.2444605,0.000609845752,0.000609845752,0.00184424878,0.00184424878,0.482104782,2745.2778,11.498265,-0.00381876571,-0.000237618758,0.0,6588.768950000001,2741.59263,-0.0733451694,61.7650612,0.000190057219
97.5,-34.079357,6539.01822,9.56853775,9.56853775,6.64790774,6.64790774,7.37479203,7.37479203,-0.079466441,-94.1379655,-94.1379655,0.000783523671,0.000783523671,0.00236942065,0.00236942065,0.482009027,2709.13551,11.498265,-0.00413747376,0.000156520908,0.0,6539.01822,2720.88739,-0.079466441,69.5855065,0.000231861562
98.0,-34.079357,4706.30678,-10.98921545,-10.98921545,-5.49714367,-5.49714367,-4.99649089,-4.99649089,-0.0751557325,-96.41644,-96.41644,0.000758825328,0.000758825328,0.00229476832,0.00229476832,0.482007055,1937.63943,11.498265,-0.00391303385,-1.5921559e-05,0.0,4706.30678,1958.28511,-0.0751557325,64.0782115,0.000201729466
98.5,-34.079357,2150.47228,-5.68630795,-5.68630795,-1.63665053,-1.63665053,-1.30086328,-1.30086328,-0.076530002,-96.41644,-96.41644,0.00077270094,0.00077270094,0.00233671796,0.00233671796,0.482031468,908.517161,11.498265,-0.00398458613,-0.000138748669,0.0,2150.47228,894.782726,-0.076530002,65.8339605,0.000211266751
99.0,-34.079357,1373.96052,15.7519312,15.7519312,2.26154147,2.26154147,2.64358101,2.64358101,-0.082181176,-96.41644,-96.41644,0.000829759161,0.000829759161,0.00250921802,0.00250921802,0.48202227,597.85986,11.498265,-0.00427881834,1.0201636e-05,0.0,1373.96052,571.667109,-0.082181176,73.0538122,0.000251483823
99.5,-34.079357,1433.39762,14.2387974,14.2387974,2.13730558,2.13730558,2.51020274,2.51020274,-0.081782606,-96.41644,-96.41644,0.000825734923,0.000825734923,0.00249705212,0.00249705212,0.482001074,597.85986,11.498265,-0.00425806659,1.754952e-06,0.0,1433.39762,596.399596,-0.081782606,72.5446053,0.000248516198
100.0,-34.079357,1434.94861,14.18177315,14.18177315,2.13105913,2.13105913,2.50343312,2.50343312,-0.0817673775,-96.41644,-96.41644,0.000825581174,0.000825581174,0.00249658727,0.00249658727,0.481980368,597.85986,11.498265,-0.00425727374,3.3956e-08,0.0,1434.94861,597.04497,-0.0817673775,72.5251505,0.000248403284
100.5,-34.079357,1434.97762,14.18069295,14.18069295,2.13093993,2.13093993,2.50330379,2.50330379,-0.0817670905,-96.41644,-96.41644,0.000825578273,0.000825578273,0.00249657849,0.00249657849,0.481959673,597.85986,11.498265,-0.00425725869,6.26e-10,0.0,1434.97762,597.057053,-0.0817670905,72.5247816,0.000248401134
101.0,-22.465298,1459.50681,9.74128785,9.74128785,1.483900563,1.483900563,1.82928047,1.82928047,-0.0785881375,-96.41644,-96.41644,0.000793481319,0.000793481319,0.00239954236,0.00239954236,0.481940591,597.85986,11.498265,-0.00409174448,0.000201368072,0.0,1459.50681,607.265678,-0.0785881375,68.4633994,0.000225634362
101.5,4.40066824,1479.14854,-1.808496474,-1.808496474,-0.2803226518,-0.2803226518,-0.1214328545,-0.1214328545,-0.0708324662,-96.41644,-96.41644,0.000715174577,0.000715174577,0.00216279612,0.00216279612,0.481933637,597.85986,11.498265,-0.00368794008,0.000222265869,0.0,1479.14854,615.443245,-0.0708324662,58.55487,0.000173995196
102.0,31.3222627,1479.74986,-13.0330632,-13.0330632,-2.01959351,-2.01959351,-1.71146436,-1.71146436,-0.0631492762,-96.41644,-96.41644,0.000637599692,0.000637599692,0.00192824979,0.00192824979,0.481940811,597.85986,11.498265,-0.00328790969,0.000222082232,0.0,1479.74986,615.697969,-0.0631492762,48.7389429,0.000129184053
102.5,58.2438589,1479.75026,-24.2357534,-24.2357534,-3.75554914,-3.75554914,-3.30944382,-3.30944382,-0.0554718611,-96.41644,-96.41644,0.000560083071,0.000560083071,0.00169386704,0.00169386704,0.481960341,597.85986,11.498265,-0.00288817985,0.000222069329,0.0,1479.75026,615.702622,-0.0554718611,38.9303921,9.0718883e-05
103.0,85.1654529,1479.7397,-35.4380354,-35.4380354,-5.49140533,-5.49140533,-4.85479297,-4.85479297,-0.047794555,-96.41644,-96.41644,0.000482567558,0.000482567558,0.00145947504,0.00145947504,0.481991599,597.85986,11.498265,-0.0024884557,0.000222069101,0.0,1479.7397,615.7027,-0.047794555,29.1219801,5.8562828e-05
103.5,103.07909,1508.17123,-38.7645877,-38.7645877,-6.0371028,-6.0371028,-5.31966793,-5.31966793,-0.0437037329,-96.41644,-96.41644,0.000441263732,0.000441263732,0.00133457504,0.00133457504,0.482032545,633.107622,11.498265,-0.00227546427,-0.000223754292,0.0,1508.17123,627.535655,-0.0437037329,23.8956073,4.4011886e-05
104.0,103.51926,3321.72706,-17.7573043,-17.7573043,-6.25630022,-6.25630022,-5.78249814,-5.78249814,-0.0491776855,-96.41644,-96.41644,0.00049653262,0.00049653262,0.00150170412,0.00150170412,0.48206919,1407.3021,11.498265,-0.00256046934,1.4393221e-05,0.0,3321.72706,1382.166439,-0.0491776855,30.8890477,6.3633528e-05
104.5,103.51926,5930.9035,-19.4821089,-19.4821089,-12.1372047,-12.1372047,-11.43092645,-11.43092645,-0.0487483176,-96.41644,-96.41644,0.00049219743,0.00049219743,0.00148859507,0.00148859507,0.48213186,2470.42774,11.498265,-0.00253811394,0.000172639276,0.0,5930.9035,2467.86421,-0.0487483176,30.3404932,6.1955403e-05
105.0,103.51926,7136.748519999999,-44.1141095,-44.1141095,-32.9663746,-32.9663746,-31.6662669,-31.6662669,-0.0422682215,-96.41644,-96.41644,0.000426769804,0.000426769804,0.00129074599,0.00129074599,0.482274339,2936.7585,11.498265,-0.00220072342,9.0421478e-05,0.0,7136.748519999999,2969.62909,-0.0422682215,22.0616202,3.9081658e-05
105.5,103.51926,7051.385240000001,-43.1883006,-43.1883006,-31.8911141,-31.8911141,-30.6219696,-30.6219696,-0.0425291987,-96.486325,-96.486325,0.000429718353,0.000429718353,0.0012996626,0.0012996626,0.482469363,2936.7585,11.498265,-0.00221431147,-1.979387e-05,0.0,7051.385240000001,2934.10867,-0.0425291987,22.3950426,3.9896474e-05
106.0,103.51926,7048.343309999999,-43.0772665,-43.0772665,-31.7953638,-31.7953638,-30.529037,-30.529037,-0.0459702086,-103.5159054,-103.5159054,0.000498895372,0.000498895372,0.0015088688,0.0015088688,0.482660891,2936.7585,11.498265,-0.0023934699,-0.000164370264,0.0,7048.343309999999,2932.84085,-0.0459702086,26.7912246,5.1731606e-05
106.5,103.51926,7048.29363,-43.0751214,-43.0751214,-31.7935574,-31.7935574,-30.5272839,-30.5272839,-0.0516509139,-115.1460107,-115.1460107,0.000623380651,0.000623380651,0.00188533326,0.00188533326,0.482852274,2936.7585,11.498265,-0.00268923967,-0.000164301315,0.0,7048.29363,2932.81687,-0.0516509139,34.0488089,7.3808694e-05
107.0,103.51926,7048.300560000001,-43.075081,-43.075081,-31.793559,-31.793559,-30.5272868,-30.5272868,-0.0573310568,-126.7761098,-126.7761098,0.000761695718,0.000761695718,0.00230361655,0.00230361655,0.483043664,2936.7585,11.498265,-0.00298498009,-0.000164300096,0.0,7048.300560000001,2932.8164,-0.0573310568,41.3056721,9.9337098e-05
107.5,103.51926,7048.30841,-43.07508,-43.07508,-31.793594,-31.793594,-30.5273218,-30.5273218,-0.0630111888,-138.406214,-138.406214,0.000913846339,0.000913846339,0.00276373445,0.00276373445,0.483235047,2936.7585,11.498265,-0.00328072003,-0.00016430007,0.0,7048.30841,2932.8164,-0.0630111888,48.5625227,0.000128318689
108.0,102.5683085,7046.813800000001,-42.9163838,-42.9163838,-31.6699648,-31.6699648,-30.4076611,-30.4076611,-0.0688855825,-150.035492,-150.035492,0.00108298435,0.00108298435,0.00327521877,0.00327521877,0.483426401,2936.7585,11.498265,-0.00358657424,-0.00026066221,0.0,7046.813800000001,2932.19101,-0.0688855825,56.0675585,0.000161993389
108.5,54.2184737,6955.3101,-22.9175485,-22.9175485,-16.7094365,-16.7094365,-15.8386218,-15.8386218,-0.0882620649,-161.66346,-161.66346,0.0014967035,0.0014967035,0.00452617481,0.00452617481,0.483586663,2936.7585,11.498265,-0.00459542386,-0.000661056044,0.0,6955.3101,2894.10435,-0.0882620649,80.8226636,0.000301591533
109.0,35.579933,7030.25904,-14.20936175,-14.20936175,-10.4619755,-10.4619755,-9.7118963,-9.7118963,-0.0995829324,-173.293254,-173.293254,0.00180767887,0.00180767887,0.00546648062,0.00546648062,0.483663972,2936.7585,11.498265,-0.00518485245,-0.000150202055,0.0,7030.25904,2925.28451,-0.0995829324,95.2860326,0.000397589105
109.5,35.579933,7047.98401,-14.79082145,-14.79082145,-10.9165612,-10.9165612,-10.1585189,-10.1585189,-0.1051083674,-184.923346,-184.923346,0.00203600648,0.00203600648,0.00615692917,0.00615692917,0.483736686,2936.7585,11.498265,-0.00547253788,-0.00016386533,0.0,7047.98401,2932.65682,-0.1051083674,102.3452451,0.00045074431
110.0,35.579933,7048.36829,-14.804764,-14.804764,-10.92744665,-10.92744665,-10.1692596,-10.1692596,-0.1107847735,-196.553459,-196.553459,0.00228085693,0.00228085693,0.00689734459,0.00689734459,0.483810211,2936.7585,11.498265,-0.00576808395,-0.000164291915,0.0,7048.36829,2932.81345,-0.1107847735,109.5973396,0.000508733458
110.5,35.579933,7048.38169,-14.8050517,-14.8050517,-10.9276797,-10.9276797,-10.16948945,-10.16948945,-0.1152585114,-205.679585,-205.679585,0.00248258901,0.00248258901,0.00750737636,0.00750737636,0.483883754,2936.7585,11.498265,-0.00600101205,-5.2092008e-05,0.0,7048.38169,2932.81634,-0.1152585114,115.3129144,0.000556740999
111.0,35.579933,7048.3823,-14.8050748,-14.8050748,-10.9276972,-10.9276972,-10.1695067,-10.1695067,-0.1155941,-206.35097,-206.35097,0.0024978754,0.0024978754,0.007553602,0.007553602,0.483957289,2936.7585,11.498265,-0.0060184845,-2.4e-11,0.0,7048.3823,2932.8164,-0.1155941,115.741659,0.00056042045
111.5,35.579933,7048.3823,-14.805074,-14.805074,-10.927696,-10.927696,-10.169506,-10.169506,-0.1155941,-206.35097,-206.35097,0.0024978754,0.0024978754,0.007553602,0.007553602,0.484030828,2936.7585,11.498265,-0.0060184845,-1e-12,0.0,7048.3823,2932.8164,-0.1155941,115.74166,0.00056042045
112.0,35.579933,7048.3823,-14.805074,-14.805074,-10.927696,-10.927696,-10.169506,-10.169506,-0.1155941,-206.35097,-206.35097,0.0024978754,0.0024978754,0.007553602,0.007553602,0.484104363,2936.7585,11.498265,-0.0060184845,-0.0,0.0,7048.3823,2932.8164,-0.1155941,115.74166,0.00056042045
112.5,35.579933,7048.3823,-14.805074,-14.805074,-10.927696,-10.927696,-10.169506,-10.169506,-0.1155941,-206.35097,-206.35097,0.0024978754,0.0024978754,0.007553602,0.007553602,0.484177895,2936.7585,11.498265,-0.0060184845,-0.0,0.0,7048.3823,2932.8164,-0.1155941,115.74166,0.00056042045
113.0,35.579933,7048.3823,-14.805074,-14.805074,-10.927696,-10.927696,-10.169506,-10.169506,-0.1155941,-206.35097,-206.35097,0.0024978754,0.0024978754,0.007553602,0.007553602,0.48425143,2936.7585,11.498265,-0.0060184845,0.0,0.0,7048.3823,2932.8164,-0.1155941,115.74166,0.00056042045
113.5,35.579933,7048.3749,-14.8051628,-14.8051628,-10.9277513,-10.9277513,-10.1695603,-10.1695603,-0.1101849495,-195.17438,-195.17438,0.0022543618,0.0022543618,0.00681722385,0.00681722385,0.484324964,2936.7585,11.498265,-0.00573685366,0.000334025226,0.0,7048.3749,2932.81652,-0.1101849495,108.8310144,0.000502883112
114.0,35.579933,7048.35846,-14.8051664,-14.8051664,-10.9277286,-10.9277286,-10.169539,-10.169539,-0.0986960859,-171.65159,-171.65159,0.00177642795,0.00177642795,0.00537198194,0.00537198194,0.484398509,2936.7585,11.498265,-0.00513867827,0.000332327279,0.0,7048.35846,2932.8164,-0.0986960859,94.1530125,0.000389827536
114.5,35.579933,7048.342329999999,-14.805166,-14.805166,-10.92770305,-10.92770305,-10.1695146,-10.1695146,-0.0872069694,-148.127559,-148.127559,0.00135507918,0.00135507918,0.0040978618,0.0040978618,0.484472058,2936.7585,11.498265,-0.00454048952,0.0003323273,0.0,7048.342329999999,2932.8164,-0.0872069694,79.4746892,0.000290897231
115.0,35.579933,7048.326279999999,-14.805166,-14.805166,-10.9276783,-10.9276783,-10.1694908,-10.1694908,-0.0757178502,-124.6035335,-124.6035335,0.000990335717,0.000990335717,0.00299491061,0.00299491061,0.484545615,2936.7585,11.498265,-0.003942301,0.0003323273,0.0,7048.326279999999,2932.8164,-0.0757178502,64.7963657,0.000206094953
115.5,35.579933,7048.31015,-14.805166,-14.805166,-10.92765325,-10.92765325,-10.16946695,-10.16946695,-0.0642287345,-101.0795055,-101.0795055,0.000682197492,0.000682197492,0.00206311748,0.00206311748,0.484619173,2936.7585,11.498265,-0.00334411231,0.0003323273,0.0,7048.31015,2932.8164,-0.0642287345,50.1180414,0.000135420712
116.0,35.579933,7048.29412,-14.805166,-14.805166,-10.9276283,-10.9276283,-10.1694432,-10.1694432,-0.0527396163,-77.5554791,-77.5554791,0.000430664573,0.000430664573,0.0013024758,0.0013024758,0.484692746,2936.7585,11.498265,-0.00274592367,0.0003323273,0.0,7048.29412,2932.8164,-0.0527396163,35.4397171,7.8874503e-05
116.5,35.579933,7048.278020000001,-14.805166,-14.805166,-10.9276033,-10.9276033,-10.1694193,-10.1694193,-0.0412504981,-54.0314516,-54.0314516,0.000235736923,0.000235736923,0.000712984513,0.000712984513,0.484766313,2936.7585,11.498265,-0.00214773505,0.0003323273,0.0,7048.278020000001,2932.8164,-0.0412504981,20.7613932,3.6456331e-05
117.0,35.579933,7048.26245,-14.8051419,-14.8051419,-10.92756165,-10.92756165,-10.1693788,-10.1693788,-0.0303394528,-31.7212166,-31.7212166,0.000102223034,0.000102223034,0.000309193451,0.000309193451,0.484839886,2936.7585,11.498265,-0.00157964405,0.000232628449,0.0,7048.26245,2932.81634,-0.0303394528,6.82160452,9.030865e-06
117.5,35.579933,7048.258930000001,-14.8050682,-14.8050682,-10.92750175,-10.92750175,-10.1693196,-10.1693196,-0.0276671004,-26.319988,-26.319988,7.6256688e-05,7.6256688e-05,0.000230659663,0.000230659663,0.484913462,2936.7585,11.498265,-0.00144050623,8.2e-11,0.0,7048.258930000001,2932.81636,-0.0276671004,3.40744715,3.948948e-06
118.0,112.1359299,7224.20294,-44.6125331,-44.6125331,-34.1497984,-34.1497984,-32.6307737,-32.6307737,0.025485124514,-26.319988,-26.319988,-7.0242681e-05,-7.0242681e-05,3.8697016e-05,3.8697016e-05,0.485016535,2936.7585,11.498265,0.001326900193,0.003704837465,0.0,7224.20294,3006.05902,0.025485124514,-23.02675318,6.1489627e-05
118.5,182.05113,7114.444,-77.8768584,-77.8768584,-58.0317371,-58.0317371,-55.5823547,-55.5823547,0.0645848455,-26.319988,-26.319988,-0.000178010219,-0.000178010219,-5.8853863e-05,-5.8853863e-05,0.485297592,2936.7585,11.498265,0.00336265358,-4.6708274e-05,0.0,7114.444,2960.41034,0.0645848455,-50.5730061,0.000136828646
119.0,182.05113,7049.57494,-75.8062725,-75.8062725,-55.9624548,-55.9624548,-53.6053068,-53.6053068,0.0640344946,-26.319988,-26.319988,-0.000176493329,-0.000176493329,-5.8352299e-05,-5.8352299e-05,0.485599143,2936.7585,11.498265,0.00333399918,-1.63192e-06,0.0,7049.57494,2933.41756,0.0640344946,-49.8698846,0.00013376454
119.5,182.05113,7048.157430000001,-75.7538191,-75.7538191,-55.9124781,-55.9124781,-53.557586,-53.557586,0.0640204852,-26.319988,-26.319988,-0.000176454717,-0.000176454717,-5.8339532e-05,-5.8339532e-05,0.485898324,2936.7585,11.498265,0.00333326969,-3.0801e-08,0.0,7048.157430000001,2932.82772,0.0640204852,-49.8519859,0.000133687266
120.0,182.05113,7048.13129,-75.7528394,-75.7528394,-55.9115479,-55.9115479,-53.5566967,-53.5566967,0.064020225,-26.319988,-26.319988,-0.000176453993,-0.000176453993,-5.8339294e-05,-5.8339294e-05,0.486197449,2936.7585,11.498265,0.00333325609,-5.67e-10,0.0,7048.13129,2932.81684,0.064020225,-49.8516517,0.000133685823
120.5,182.05113,7048.130999999999,-75.75282,-75.75282,-55.9115303,-55.9115303,-53.5566803,-53.5566803,0.06402022,-26.319988,-26.319988,-0.00017645398,-0.00017645398,-5.833929e-05,-5.833929e-05,0.486496563,2936.7585,11.498265,0.0033332559,-1e-11,0.0,7048.130999999999,2932.8167,0.06402022,-49.851646,0.0001336858
121.0,182.05113,7048.130999999999,-75.75282,-75.75282,-55.91153,-55.91153,-53.55668,-53.55668,0.06402022,-26.319988,-26.319988,-0.00017645398,-0.00017645398,-5.833929e-05,-5.833929e-05,0.486795676,2936.7585,11.498265,0.0033332559,-0.0,0.0,7048.130999999999,2932.8167,0.06402022,-49.851646,0.0001336858
121.5,182.05113,7048.130999999999,-75.75282,-75.75282,-55.91153,-55.91153,-53.55668,-53.55668,0.06402022,-26.319988,-26.319988,-0.00017645398,-0.00017645398,-5.833929e-05,-5.833929e-05,0.487094778,2936.7585,11.498265,0.0033332559,-0.0,0.0,7048.130999999999,2932.8167,0.06402022,-49.851646,0.0001336858
122.0,182.05113,7048.130999999999,-75.75282,-75.75282,-55.91153,-55.91153,-53.55668,-53.55668,0.06402022,-26.319988,-26.319988,-0.00017645398,-0.00017645398,-5.833929e-05,-5.833929e-05,0.48739388,2936.7585,11.498265,0.0033332559,-0.0,0.0,7048.130999999999,2932.8167,0.06402022,-49.851646,0.0001336858
122.5,182.05113,7048.130999999999,-75.75282,-75.75282,-55.91153,-55.91153,-53.55668,-53.55668,0.06402022,-26.319988,-26.319988,-0.00017645398,-0.00017645398,-5.833929e-05,-5.833929e-05,0.487692966,2936.7585,11.498265,0.0033332559,-0.0,0.0,7048.130999999999,2932.8167,0.06402022,-49.851646,0.0001336858
123.0,182.05113,7048.130999999999,-75.75282,-75.75282,-55.91153,-55.91153,-53.55668,-53.55668,0.06402022,-26.319988,-26.319988,-0.00017645398,-0.00017645398,-5.833929e-05,-5.833929e-05,0.487992054,2936.7585,11.498265,0.0033332559,-0.0,0.0,7048.130999999999,2932.8167,0.06402022,-49.851646,0.0001336858
123.5,182.05113,7048.130999999999,-75.75282,-75.75282,-55.91153,-55.91153,-53.55668,-53.55668,0.06402022,-26.319988,-26.319988,-0.00017645398,-0.00017645398,-5.833929e-05,-5.833929e-05,0.48829113,2936.7585,11.498265,0.0033332559,0.0,0.0,7048.130999999999,2932.8167,0.06402022,-49.851646,0.0001336858
124.0,182.05113,7048.130999999999,-75.75282,-75.75282,-55.91153,-55.91153,-53.55668,-53.55668,0.06402022,-26.319988,-26.319988,-0.00017645398,-0.00017645398,-5.833929e-05,-5.833929e-05,0.48859021,2936.7585,11.498265,0.0033332559,-0.0,0.0,7048.130999999999,2932.8167,0.06402022,-49.851646,0.0001336858
124.5,182.05113,7048.130999999999,-75.75282,-75.75282,-55.91153,-55.91153,-53.55668,-53.55668,0.06402022,-26.319988,-26.319988,-0.00017645398,-0.00017645398,-5.833929e-05,-5.833929e-05,0.488889273,2936.7585,11.498265,0.0033332559,-0.0,0.0,7048.130999999999,2932.8167,0.06402022,-49.851646,0.0001336858
125.0,180.305666,7043.985210000001,-75.2001311,-75.2001311,-55.4714993,-55.4714993,-53.1388862,-53.1388862,0.063577322,-26.319988,-26.319988,-0.000175233258,-0.000175233258,-5.7935656e-05,-5.7935656e-05,0.489188099,2936.7585,11.498265,0.00331019614,-6.235017e-05,0.0,7043.985210000001,2931.09139,0.063577322,-49.2858071,0.000131276116
125.5,165.873988,7022.40643,-69.104908,-69.104908,-50.8191665,-50.8191665,-48.7225972,-48.7225972,0.0594498359,-26.319988,-26.319988,-0.000163856987,-0.000163856987,-5.4174102e-05,-5.4174102e-05,0.489476966,2936.7585,11.498265,0.00309529579,-0.000141744361,0.0,7022.40643,2922.1099,0.0594498359,-44.0125931,0.000109707043
126.0,148.959041,7020.032649999999,-61.9847388,-61.9847388,-45.5672288,-45.5672288,-43.7314831,-43.7314831,0.0541337148,-27.2977291,-27.2977291,-0.000154540471,-0.000154540471,-5.1093773e-05,-5.1093773e-05,0.489743652,2936.7585,11.498265,0.00281850834,-0.000185845256,0.0,7020.032649999999,2921.11901,0.0541337148,-37.2207967,8.4590334e-05
126.5,134.236405,7025.20617,-55.6626828,-55.6626828,-40.9492413,-40.9492413,-39.3257285,-39.3257285,0.0474079158,-32.3559443,-32.3559443,-0.000160384273,-0.000160384273,-5.302666e-05,-5.302666e-05,0.489987953,2936.7585,11.498265,0.00246832511,-0.000149176526,0.0,7025.20617,2923.26782,0.0474079158,-28.6280166,5.6976518e-05
127.0,132.19998,7046.17416,-54.9400575,-54.9400575,-40.5388333,-40.5388333,-38.936792,-38.936792,0.0441589424,-37.8640558,-37.8640558,-0.000174969956,-0.000174969956,-5.7850058e-05,-5.7850058e-05,0.490220689,2936.7585,11.498265,0.00229916512,-7.5916359e-05,0.0,7046.17416,2931.99086,0.0441589424,-24.4771772,4.5306681e-05
127.5,132.19998,7048.12273,-55.0079026,-55.0079026,-40.6001047,-40.6001047,-38.995749,-38.995749,0.0414871169,-43.3716676,-43.3716676,-0.000188301172,-0.000188301172,-6.2257853e-05,-6.2257853e-05,0.490453843,2936.7585,11.498265,0.0021600547,-7.7761766e-05,0.0,7048.12273,2932.80008,0.0414871169,-21.0636923,3.6636575e-05
128.0,132.19998,7048.16517,-55.0093416,-55.0093416,-40.6014123,-40.6014123,-38.997008,-38.997008,0.0387975872,-48.879279,-48.879279,-0.000198462353,-0.000198462353,-6.561728e-05,-6.561728e-05,0.490687062,2936.7585,11.498265,0.00202002256,-7.7805974e-05,0.0,7048.16517,2932.81622,0.0387975872,-17.6275909,2.8679416e-05
128.5,132.19998,7048.16971,-55.00937,-55.00937,-40.6014578,-40.6014578,-38.9970521,-38.9970521,0.0361076812,-54.3868902,-54.3868902,-0.000205519041,-0.000205519041,-6.7950208e-05,-6.7950208e-05,0.490920282,2936.7585,11.498265,0.00187997075,-7.7806798e-05,0.0,7048.16971,2932.81661,0.0361076812,-14.19100685,2.1495489e-05
129.0,132.19998,7048.173570000001,-55.00937,-55.00937,-40.6014801,-40.6014801,-38.9970733,-38.9970733,0.0334177681,-59.894502,-59.894502,-0.000209472845,-0.000209472845,-6.9257176e-05,-6.9257176e-05,0.491153494,2936.7585,11.498265,0.00173991862,-7.780681e-05,0.0,7048.173570000001,2932.8167,0.0334177681,-10.7544142,1.5085977e-05
129.5,132.19998,7048.17714,-55.0093754,-55.0093754,-40.601505,-40.601505,-38.9970988,-38.9970988,0.0308812471,-65.0809742,-65.0809742,-0.00021038954,-0.00021038954,-6.9559894e-05,-6.9559894e-05,0.491386706,2936.7585,11.498265,0.00160785292,-5.446464e-05,0.0,7048.17714,2932.81658,0.0308812471,-7.51379271,9.738124e-06
130.0,132.19998,7048.1777,-55.00939,-55.00939,-40.6015216,-40.6015216,-38.9971152,-38.9971152,0.030297693,-66.259315,-66.259315,-0.00021022536,-0.00021022536,-6.950549e-05,-6.950549e-05,0.491619915,2936.7585,11.498265,0.00157746982,-2e-11,0.0,7048.1777,2932.8167,0.030297693,-6.76825282,8.589635e-06
130.5,132.19998,7048.1777,-55.00939,-55.00939,-40.60152,-40.60152,-38.997112,-38.997112,0.030297693,-66.259315,-66.259315,-0.00021022536,-0.00021022536,-6.950549e-05,-6.950549e-05,0.491853107,2936.7585,11.498265,0.0015774698,-1e-12,0.0,7048.1777,2932.81643,0.030297693,-6.7682524,8.589635e-06
131.0,131.421452,7046.334870000001,-54.7666903,-54.7666903,-40.4119307,-40.4119307,-38.8154013,-38.8154013,0.0301009384,-66.259315,-66.259315,-0.000208860151,-0.000208860151,-6.9054073e-05,-6.9054073e-05,0.4920862,2936.7585,11.498265,0.00156722564,-2.6537252e-05,0.0,7046.334870000001,2932.04949,0.0301009384,-6.51688208,8.221477e-06
131.5,124.5574486,7035.87925,-51.8719063,-51.8719063,-38.2191074,-38.2191074,-36.7129225,-36.7129225,0.0281395397,-66.259315,-66.259315,-0.000195250678,-0.000195250678,-6.4554025e-05,-6.4554025e-05,0.492314146,2936.7585,11.498265,0.00146510409,-6.8244198e-05,0.0,7035.87925,2927.69775,0.0281395397,-4.01102866,4.752305e-06
132.0,116.4200057,7034.66547,-48.4441247,-48.4441247,-35.6872601,-35.6872601,-34.2785404,-34.2785404,0.0255298995,-66.259315,-66.259315,-0.000177143273,-0.000177143273,-5.8566814e-05,-5.8566814e-05,0.492530315,2936.7585,11.498265,0.00132923142,-0.000226386339,0.0,7034.66547,2927.1911,0.0255298995,-1.062911137,1.171495e-06
132.5,108.2825625,5787.83973,-89.4802631,-89.4802631,-48.8085592,-48.8085592,-45.9688601,-45.9688601,0.01244341231,-66.259315,-66.259315,-8.63406e-05,-8.63406e-05,0.000147160449,0.000147160449,0.492754802,2317.68797,11.498265,0.000647874645,-1.8830741e-05,0.0,5787.83973,2408.37012,0.01244341231,-12.99666186,3.3570088e-05
133.0,100.1451195,2483.90492,-37.0878924,-37.0878924,-9.648159,-9.648159,-8.90474044,-8.90474044,-0.0263328422,-66.259315,-66.259315,0.000182714621,0.000182714621,0.000568984278,0.000568984278,0.492921313,1138.487,11.498265,-0.001371037194,-0.001770478504,0.0,2483.90492,1033.555807,-0.0263328422,6.01411522,7.618637e-06
133.5,92.0076764,2711.84656,-38.0277069,-38.0277069,-10.79879365,-10.79879365,-10.0203907,-10.0203907,-0.0311405717,-66.259315,-66.259315,0.000216073823,0.000216073823,0.000653532012,0.000653532012,0.492991851,1138.487,11.498265,-0.00162135487,-5.9406738e-05,0.0,2711.84656,1128.40121,-0.0311405717,7.84510288,1.0252818e-05
134.0,83.8702339,2718.73983,-34.894104,-34.894104,-9.93454,-9.93454,-9.21970275,-9.21970275,-0.0333937454,-66.259315,-66.259315,0.000231707817,0.000231707817,0.000700812787,0.000700812787,0.493061858,1138.487,11.498265,-0.0017386678,-6.6972276e-05,0.0,2718.73983,1131.26823,-0.0333937454,10.723722,1.5023966e-05
134.5,75.7327914,2718.87811,-31.512879,-31.512879,-8.9723541,-8.9723541,-8.3249337,-8.3249337,-0.0398258539,-74.7675035,-74.7675035,0.000314274452,0.000314274452,0.000950515374,0.000950515374,0.493126029,1138.487,11.498265,-0.0020735599,-0.000354734532,0.0,2718.87811,1131.32199,-0.0398258539,18.94128835,3.2341656e-05
135.0,67.5953481,2718.89975,-28.1268303,-28.1268303,-8.00834115,-8.00834115,-7.4197279,-7.4197279,-0.0532238668,-97.459392,-97.459392,0.000545868199,0.000545868199,0.00165088831,0.00165088831,0.49318408,1138.487,11.498265,-0.00277113643,-0.000390475997,0.0,2718.89975,1131.32319,-0.0532238668,36.0583881,8.1194447e-05
135.5,60.5252526,2721.45373,-25.091334,-25.091334,-7.15064801,-7.15064801,-6.61519547,-6.61519547,-0.0664482958,-120.34803,-120.34803,0.000839884685,0.000839884685,0.0025399987,0.0025399987,0.493235977,1138.487,11.498265,-0.00345967531,-0.000357627472,0.0,2721.45373,1132.37818,-0.0664482958,52.9537196,0.000148068869
136.0,59.55824,2731.53487,-24.7495644,-24.7495644,-7.07950855,-7.07950855,-6.54948812,-6.54948812,-0.0778931792,-143.2388,-143.2388,0.00117059764,0.00117059764,0.00354006634,0.00354006634,0.493284779,1138.487,11.498265,-0.00405556086,-0.000322451567,0.0,2731.53487,1136.56635,-0.0778931792,67.575531,0.000221033305
136.5,59.55824,2732.47483,-24.7818368,-24.7818368,-7.09117627,-7.09117627,-6.56050808,-6.56050808,-0.0890634106,-166.12752,-166.12752,0.0015516317,0.0015516317,0.00469229794,0.00469229794,0.4933337,1138.487,11.498265,-0.00463714643,-0.00032333083,0.0,2732.47483,1136.95094,-0.0890634106,81.846448,0.000305894529
137.0,59.55824,2732.50848,-24.7825398,-24.7825398,-7.09146451,-7.09146451,-6.56078129,-6.56078129,-0.0998184761,-188.119587,-188.119587,0.00196793472,0.00196793472,0.00595118534,0.00595118534,0.49338263,1138.487,11.498265,-0.00519711637,-0.000226364688,0.0,2732.50848,1136.95864,-0.0998184761,95.5869634,0.000400050306
137.5,59.55824,2732.51292,-24.7826285,-24.7826285,-7.09150162,-7.09150162,-6.56081652,-6.56081652,-0.1027427,-194.03844,-194.03844,0.0020876965,0.0020876965,0.00631334224,0.00631334224,0.493431554,1138.487,11.498265,-0.00534936821,-5.9e-11,0.0,2732.51292,1136.95879,-0.1027427,99.3229128,0.000427453657
138.0,59.7579796,2732.83812,-24.8175067,-24.8175067,-7.10233703,-7.10233703,-6.57100001,-6.57100001,-0.102700976,-194.03844,-194.03844,0.00208684866,0.00208684866,0.00631077938,0.00631077938,0.493480487,1138.487,11.498265,-0.00534719584,1.7385433e-05,0.0,2732.83812,1137.09413,-0.102700976,99.2696072,0.000427051372
138.5,68.3312254,2749.13804,-28.2832327,-28.2832327,-8.1431667,-8.1431667,-7.54999654,-7.54999654,-0.1002964693,-194.03844,-194.03844,0.00203798984,0.00203798984,0.00616306608,0.00616306608,0.493531971,1138.487,11.498265,-0.00522200323,0.000109654288,0.0,2749.13804,1143.87807,-0.1002964693,96.1976395,0.00040421012
139.0,81.2883726,2753.95763,-33.820556,-33.820556,-9.753654,-9.753654,-9.05807975,-9.05807975,-0.09656278,-194.03844,-194.03844,0.00196212259,0.00196212259,0.00593369596,0.00593369596,0.49359297,1138.487,11.498265,-0.00502760625,0.000107006928,0.0,2753.95763,1145.8857,-0.09656278,91.427533,0.000369867613
139.5,94.2455184,2754.06306,-39.2162079,-39.2162079,-11.3101431,-11.3101431,-10.50153945,-10.50153945,-0.0928666631,-194.03844,-194.03844,0.00188701877,0.00188701877,0.00570662934,0.00570662934,0.493663801,1138.487,11.498265,-0.00483516545,0.000106882465,0.0,2754.06306,1145.93177,-0.0928666631,86.7054301,0.000337343522
140.0,105.9790499,2751.1621,-44.2280706,-44.2280706,-12.7418359,-12.7418359,-11.8170678,-11.8170678,-0.0894803515,-194.03844,-194.03844,0.00181821006,0.00181821006,0.00549859132,0.00549859132,0.493743963,1138.487,11.498265,-0.00465885485,6.4703505e-05,0.0,2751.1621,1144.7266,-0.0894803515,82.3791301,0.000308796508
140.5,107.707845,2734.15788,-44.9884713,-44.9884713,-12.88114575,-12.88114575,-11.9397664,-11.9397664,-0.0889610628,-194.03844,-194.03844,0.00180765831,0.00180765831,0.00546668865,0.00546668865,0.493829073,1138.487,11.498265,-0.0046318177,-4.0088484e-05,0.0,2734.15788,1137.65133,-0.0889610628,81.715692,0.000304506563
141.0,72.1483478,2662.22564,-30.8255356,-30.8255356,-8.61267419,-8.61267419,-7.96827545,-7.96827545,-0.0988671772,-194.03844,-194.03844,0.0020089471,0.0020089471,0.00607525751,0.00607525751,0.493904845,1138.487,11.498265,-0.00514758617,-0.000500476391,0.0,2662.22564,1107.71403,-0.0988671772,94.3715951,0.000392168074
141.5,12.77893881,2634.40752,-5.34293237,-5.34293237,-1.474451209,-1.474451209,-1.169269554,-1.169269554,-0.116003736,-194.03844,-194.03844,0.00235715617,0.00235715617,0.0071279504,0.0071279504,0.493938794,1138.487,11.498265,-0.00603981275,-0.000489763015,0.0,2634.40752,1096.12866,-0.116003736,116.265008,0.000566218349
142.0,-32.8562077,2665.49939,14.4665774,14.4665774,4.0430775,4.0430775,4.48476129,4.48476129,-0.129512194,-194.526342,-194.526342,0.00263835348,0.00263835348,0.00797800083,0.00797800083,0.493921543,1138.487,11.498265,-0.00674313971,-0.000213482496,0.0,2665.49939,1109.05832,-0.129512194,133.52321,0.000724544797
142.5,-35.875507,2728.92397,15.05846335,15.05846335,4.30324229,4.30324229,4.75398474,4.75398474,-0.135369765,-205.110371,-205.110371,0.0029084986,0.0029084986,0.0087948731,0.0087948731,0.493880618,1138.487,11.498265,-0.00704811807,-0.000201471098,0.0,2728.92397,1135.44637,-0.135369765,141.006757,0.000799773961
143.0,-35.875507,2732.49807,14.9307299,14.9307299,4.27237643,4.27237643,4.72230807,4.72230807,-0.142430627,-219.637311,-219.637311,0.00327684667,0.00327684667,0.009908732,0.009908732,0.493840415,1138.487,11.498265,-0.0074157468,-0.000205143865,0.0,2732.49807,1136.92944,-0.142430627,150.027611,0.000895304869
143.5,-35.875507,2923.10587,19.9160569,19.9160569,6.13495008,6.13495008,6.65518173,6.65518173,-0.15082552,-234.162653,-234.162653,0.00369963064,0.00369963064,0.0111871886,0.0111871886,0.493794342,1227.62545,11.498265,-0.00785283252,-0.000261493802,0.0,2923.10587,1216.23787,-0.15082552,160.752792,0.001015990395
144.0,-35.875507,3606.97984,20.4875313,20.4875313,7.71319261,7.71319261,8.28602862,8.28602862,-0.158086187,-248.689772,-248.689772,0.00411773032,0.00411773032,0.0124515398,0.0124515398,0.493724496,1500.58206,11.498265,-0.0082308639,-0.0001558424,0.0,3606.97984,1500.79864,-0.158086187,170.028916,0.0011260722
144.5,-35.875507,3833.23711,14.4982107,14.4982107,5.8194746,5.8194746,6.34136396,6.34136396,-0.160490173,-256.791282,-256.791282,0.00431576075,0.00431576075,0.0130504539,0.0130504539,0.493660221,1589.7958,11.498265,-0.0083560292,-2.1656224e-05,0.0,3833.23711,1594.94456,-0.160490173,173.100212,0.00116368326
145.0,-35.8959323,3816.17225,14.91377495,14.91377495,5.95997047,5.95997047,6.48432804,6.48432804,-0.160611769,-256.8036,-256.8036,0.00431923771,0.00431923771,0.01306096435,0.01306096435,0.493604179,1589.7958,11.498265,-0.00836236005,-2.315269e-06,0.0,3816.17225,1587.84369,-0.160611769,173.255558,0.00116560974
145.5,-37.5029755,3812.58641,15.5715815,15.5715815,6.21696855,6.21696855,6.74530814,6.74530814,-0.161064297,-256.8036,-256.8036,0.00433140723,0.00433140723,0.0130977522,0.0130977522,0.493546744,1589.7958,11.498265,-0.00838592125,-2.1868055e-05,0.0,3812.58641,1586.35131,-0.161064297,173.833707,0.00117279698
146.0,-40.0809699,3811.46394,16.680338,16.680338,6.65771592,6.65771592,7.19013943,7.19013943,-0.161809237,-256.8036,-256.8036,0.00435144039,0.00435144039,0.0131583108,0.0131583108,0.49348553,1589.7958,11.498265,-0.0084247071,-1.9811255e-05,0.0,3811.46394,1585.88381,-0.161809237,174.785432,0.00118467172
146.5,-41.158447,3814.43305,17.1623266,17.1623266,6.85542827,6.85542827,7.38871893,7.38871893,-0.162128333,-256.8036,-256.8036,0.00436002163,0.00436002163,0.0131842506,0.0131842506,0.493420816,1589.7958,11.498265,-0.00844132105,4.23334e-07,0.0,3814.43305,1587.11905,-0.162128333,175.193098,0.00118977414
147.0,-41.158447,3815.70474,17.127516,17.127516,6.84380694,6.84380694,7.37717372,7.37717372,-0.162119135,-256.8036,-256.8036,0.00435977431,0.00435977431,0.013183503,0.013183503,0.493355584,1589.7958,11.498265,-0.0084408421,3.5859e-08,0.0,3815.70474,1587.64827,-0.162119135,175.18135,0.00118962682
147.5,-41.158447,3815.73618,17.1263552,17.1263552,6.84339978,6.84339978,7.37676822,7.37676822,-0.162118824,-256.8036,-256.8036,0.00435976608,0.00435976608,0.0131834775,0.0131834775,0.493290388,1589.7958,11.498265,-0.0084408261,6.87e-10,0.0,3815.73618,1587.66135,-0.162118824,175.180953,0.0011896219
148.0,-41.158447,3815.7368,17.1263332,17.1263332,6.84339212,6.84339212,7.3767606,7.3767606,-0.16211882,-256.8036,-256.8036,0.004359766,0.004359766,0.013183477,0.013183477,0.493225192,1589.7958,11.498265,-0.008440826,1.3e-11,0.0,3815.7368,1587.6616,-0.16211882,175.18094,0.0011896217
148.5,-41.158447,3815.7368,17.126333,17.126333,6.843392,6.843392,7.3767605,7.3767605,-0.16211882,-256.8036,-256.8036,0.004359766,0.004359766,0.013183477,0.013183477,0.493159989,1589.7958,11.498265,-0.008440826,0.0,0.0,3815.7368,1587.6616,-0.16211882,175.18094,0.0011896217
149.0,-41.158447,3815.7368,17.126333,17.126333,6.843392,6.843392,7.3767605,7.3767605,-0.16211882,-256.8036,-256.8036,0.004359766,0.004359766,0.013183477,0.013183477,0.49309479,1589.7958,11.498265,-0.008440826,0.0,0.0,3815.7368,1587.6616,-0.16211882,175.18094,0.0011896217
149.5,-41.158447,3815.7368,17.126333,17.126333,6.843392,6.843392,7.3767605,7.3767605,-0.16211882,-256.8036,-256.8036,0.004359766,0.004359766,0.013183477,0.013183477,0.49302959,1589.7958,11.498265,-0.008440826,0.0,0.0,3815.7368,1587.6616,-0.16211882,175.18094,0.0011896217
150.0,-41.158447,3815.7368,17.126333,17.126333,6.843392,6.843392,7.3767605,7.3767605,-0.16211882,-256.8036,-256.8036,0.004359766,0.004359766,0.013183477,0.013183477,0.492964388,1589.7958,11.498265,-0.008440826,-0.0,0.0,3815.7368,1587.6616,-0.16211882,175.18094,0.0011896217
150.5,-41.158447,3815.7368,17.126333,17.126333,6.843392,6.843392,7.3767605,7.3767605,-0.16211882,-256.8036,-256.8036,0.004359766,0.004359766,0.013183477,0.013183477,0.492899183,1589.7958,11.498265,-0.008440826,0.0,0.0,3815.7368,1587.6616,-0.16211882,175.18094,0.0011896217
151.0,-41.158447,3815.7368,17.126333,17.126333,6.843392,6.843392,7.3767605,7.3767605,-0.16211882,-256.8036,-256.8036,0.004359766,0.004359766,0.013183477,0.013183477,0.492833978,1589.7958,11.498265,-0.008440826,0.0,0.0,3815.7368,1587.6616,-0.16211882,175.18094,0.0011896217
151.5,-35.2069859,3828.23513,14.722819,14.722819,5.90099542,5.90099542,6.41959965,6.41959965,-0.160450904,-256.8036,-256.8036,0.00431491152,0.00431491152,0.0130478872,0.0130478872,0.492771545,1589.7958,11.498265,-0.0083539845,6.8084744e-05,0.0,3828.23513,1592.86321,-0.160450904,173.050041,0.00116312389
152.0,-32.17981,3818.12737,13.3081824,13.3081824,5.32103703,5.32103703,5.82846936,5.82846936,-0.15687973,-251.289827,-251.289827,0.0041300486,0.0041300486,0.012488871,0.012488871,0.492720228,1589.7958,11.498265,-0.00816804905,0.0002423191,0.0,3818.12737,1588.6594,-0.15687973,168.487563,0.00110762572
152.5,-32.17981,3815.76008,13.38833045,13.38833045,5.34978212,5.34978212,5.85812037,5.85812037,-0.143865425,-224.549923,-224.549923,0.00338647533,0.00338647533,0.0102402735,0.0102402735,0.492669686,1589.7958,11.498265,-0.0074904504,0.000407230874,0.0,3815.76008,1587.68195,-0.143865425,151.860684,0.000916021176
153.0,-32.17981,3815.69244,13.39010995,13.39010995,5.35039837,5.35039837,5.85875506,5.85875506,-0.1297853195,-195.719855,-195.719855,0.00266355264,0.00266355264,0.00805420952,0.00805420952,0.492619092,1589.7958,11.498265,-0.00675736005,0.000407285447,0.0,3815.69244,1587.662,-0.1297853195,133.87215,0.000728662527
153.5,-32.17981,3815.67187,13.3901424,13.3901424,5.35038261,5.35038261,5.85873839,5.85873839,-0.115704742,-166.88979,-166.88979,0.00202563931,0.00202563931,0.00612527055,0.00612527055,0.492568513,1589.7958,11.498265,-0.00602424537,0.000407286468,0.0,3815.67187,1587.6616,-0.115704742,115.8830168,0.000562517318
154.0,-32.17981,3815.65211,13.390143,13.390143,5.35035521,5.35035521,5.85870957,5.85870957,-0.1016241594,-138.059719,-138.059719,0.00147274653,0.00147274653,0.00445345412,0.00445345412,0.492517944,1589.7958,11.498265,-0.00529113032,0.00040728648,0.0,3815.65211,1587.6616,-0.1016241594,97.893874,0.000417592216
154.5,-32.17981,3815.63237,13.390143,13.390143,5.35032756,5.35032756,5.8586805,5.8586805,-0.0875435755,-109.2296521,-109.2296521,0.00100487452,0.00100487452,0.00303872939,0.00303872939,0.492467397,1589.7958,11.498265,-0.00455801524,0.00040728648,0.0,3815.63237,1587.6617,-0.0875435755,79.9047323,0.000293887331
155.0,-32.17981,3815.6127,13.390143,13.390143,5.35029983,5.35029983,5.85865148,5.85865148,-0.0734629919,-80.3995856,-80.3995856,0.000622023275,0.000622023275,0.0018810712,0.0018810712,0.492416859,1589.7958,11.498265,-0.0038249001,0.00040728648,0.0,3815.6127,1587.6617,-0.0734629919,61.9155893,0.000191402646
155.5,-32.17981,3815.593,13.390143,13.390143,5.35027225,5.35027225,5.85862244,5.85862244,-0.0593824074,-51.5695166,-51.5695166,0.000324192743,0.000324192743,0.000980463004,0.000980463004,0.492366325,1589.7958,11.498265,-0.003091785,0.00040728648,0.0,3815.593,1587.6617,-0.0593824074,43.9264465,0.000110138175
156.0,-32.17981,3815.57336,13.3901511,13.3901511,5.35024802,5.35024802,5.858597,5.858597,-0.0454432063,-23.0479817,-23.0479817,0.000112832208,0.000112832208,0.000341281757,0.000341281757,0.4923158,1589.7958,11.498265,-0.00236603123,0.000345321727,0.0,3815.57336,1587.66168,-0.0454432063,26.1179347,5.0505116e-05
156.5,-32.17981,3815.566,13.39026395,13.39026395,5.35028264,5.35028264,5.85863245,5.85863245,-0.0403628005,-12.750086,-12.750086,5.3891842e-05,5.3891842e-05,0.000163017605,0.000163017605,0.492265281,1589.7958,11.498265,-0.00210151648,-9.4e-11,0.0,3815.566,1587.6616,-0.0403628005,19.6272846,3.3184106e-05
157.0,-32.17981,3815.5664,13.3902571,13.3902571,5.35028037,5.35028037,5.85863,5.85863,-0.0403627996,-12.750086,-12.750086,5.389184e-05,5.389184e-05,0.0001630176,0.0001630176,0.492214768,1589.7958,11.498265,-0.0021015164,1.2e-11,0.0,3815.5664,1587.6617,-0.0403627996,19.6272816,3.31841e-05
157.5,-32.17981,3815.5664,13.390257,13.390257,5.3502803,5.3502803,5.8586297,5.8586297,-0.040362798,-12.750086,-12.750086,5.389184e-05,5.389184e-05,0.0001630176,0.0001630176,0.492164243,1589.7958,11.498265,-0.0021015164,0.0,0.0,3815.5664,1587.6617,-0.040362798,19.627281,3.31841e-05
158.0,-32.17981,3829.07788,14.7292034,14.7292034,5.9146528,5.9146528,6.43816101,6.43816101,-0.0407083544,-12.750086,-12.750086,5.4353221e-05,5.4353221e-05,0.000164413233,0.000164413233,0.492113209,1599.91375,11.498265,-0.00211950798,-4.0712591e-05,0.0,3829.07788,1593.28375,-0.0407083544,20.0687583,3.4247782e-05
158.5,-32.17981,4422.61804,21.7567817,21.7567817,10.0675901,10.0675901,10.7196806,10.7196806,-0.0425602618,-12.750086,-12.750086,5.682586e-05,5.682586e-05,0.000171892728,0.000171892728,0.492034029,1850.91018,11.498265,-0.00221592873,4.170086e-06,0.0,4422.61804,1840.25915,-0.0425602618,22.4347272,3.9996142e-05
159.0,-32.17981,5256.95071,19.21796955,19.21796955,10.52912133,10.52912133,11.22021234,11.22021234,-0.0419016672,-12.750086,-12.750086,5.5946514e-05,5.5946514e-05,0.000169232785,0.000169232785,0.491925664,2184.15518,11.498265,-0.00218163854,5.8542609e-05,0.0,5256.95071,2187.43156,-0.0419016672,21.5933158,3.7939046e-05
159.5,-32.17981,5453.80277,12.93307285,12.93307285,7.38586112,7.38586112,8.02544244,8.02544244,-0.0402417222,-12.750086,-12.750086,5.3730179e-05,5.3730179e-05,0.000162528591,0.000162528591,0.491840364,2265.826,11.498265,-0.00209521242,-6.920759e-06,0.0,5453.80277,2269.34405,-0.0402417222,19.472596,3.2824239e-05
160.0,-32.17981,5438.4142,13.3764511,13.3764511,7.61801411,7.61801411,8.2631773,8.2631773,-0.0409762626,-14.0273979,-14.0273979,6.0247242e-05,6.0247242e-05,0.000182240959,0.000182240959,0.491767114,2265.826,11.498265,-0.00213345675,-4.5610056e-05,0.0,5438.4142,2262.9404,-0.0409762626,20.4110343,3.5047538e-05
160.5,-31.0735988,5440.5862,13.0762192,13.0762192,7.44972468,7.44972468,8.0898223,8.0898223,-0.0426221447,-17.9460717,-17.9460717,8.0123788e-05,8.0123788e-05,0.000242360775,0.000242360775,0.491693261,2265.826,11.498265,-0.00221915074,-9.253519e-06,0.0,5440.5862,2263.84321,-0.0426221447,22.5137889,4.020191e-05
161.0,-16.69914335,5464.474929999999,7.07554645,7.07554645,4.04809616,4.04809616,4.69201224,4.69201224,-0.0404868383,-21.945653,-21.945653,9.2929657e-05,9.2929657e-05,0.000281091805,0.000281091805,0.491634363,2265.826,11.498265,-0.00210797457,9.6469932e-05,0.0,5464.474929999999,2273.78472,-0.0404868383,19.7857528,3.3603676e-05
161.5,-2.86963165,5458.200220000001,0.951157368,0.951157368,0.54411057,0.54411057,0.688939909,0.688939909,-0.0383830517,-25.9440895,-25.9440895,0.000104304058,0.000104304058,0.000315492168,0.000315492168,0.491613914,2265.826,11.498265,-0.00199843945,-9.721928e-06,0.0,5458.200220000001,2271.17502,-0.0383830517,17.0979857,2.7497247e-05
162.0,-2.0028045,5439.10356,0.795132499,0.795132499,0.452888651,0.452888651,0.573498378,0.573498378,-0.0401355342,-29.9428987,-29.9428987,0.000125918082,0.000125918082,0.00038086119,0.00038086119,0.49160989,2265.826,11.498265,-0.00208968361,-5.759924e-05,0.0,5439.10356,2263.22775,-0.0401355342,19.3369305,3.2526514e-05
162.5,-2.0028045,5438.06191,0.832636073,0.832636073,0.474163361,0.474163361,0.600441488,0.600441488,-0.0420986327,-33.9418641,-33.9418641,0.000149702198,0.000149702198,0.000452790398,0.000452790398,0.491605103,2265.826,11.498265,-0.00219189371,-5.6517418e-05,0.0,5438.06191,2262.79312,-0.0420986327,21.8449565,3.853876e-05
163.0,-2.0028045,5438.044599999999,0.833383442,0.833383442,0.474587443,0.474587443,0.600978577,0.600978577,-0.0440519241,-37.9408301,-37.9408301,0.000175092578,0.000175092578,0.000529574464,0.000529574464,0.491600259,2265.826,11.498265,-0.00229359315,-5.6494395e-05,0.0,5438.044599999999,2262.78481,-0.0440519241,24.3404527,4.4930884e-05
163.5,-2.05369311,5437.92984,0.851743664,0.851743664,0.485032608,0.485032608,0.614205797,0.614205797,-0.0460186142,-41.9397965,-41.9397965,0.000202179345,0.000202179345,0.000611491736,0.000611491736,0.491595398,2265.826,11.498265,-0.00239599016,-5.7681425e-05,0.0,5437.92984,2262.73594,-0.0460186142,26.853065,5.1780222e-05
164.0,-2.2521919,5437.71493,0.936735645,0.936735645,0.533411134,0.533411134,0.675469087,0.675469087,-0.0475688479,-44.9849026,-44.9849026,0.000224094286,0.000224094286,0.000677768017,0.000677768017,0.491590211,2265.826,11.498265,-0.00247670415,-1.867522e-05,0.0,5437.71493,2262.64556,-0.0475688479,28.833621,5.7454507e-05
164.5,-2.4600619,5437.70364,1.023641449,1.023641449,0.582897286,0.582897286,0.738134376,0.738134376,-0.0477240508,-45.17595,-45.17595,0.000225773633,0.000225773633,0.000682846704,0.000682846704,0.49158451,2265.826,11.498265,-0.00248478485,-1.714938e-06,0.0,5437.70364,2262.64069,-0.0477240508,29.0319061,5.8036548e-05
165.0,-2.6679319,5437.7036,1.11014645,1.11014645,0.63215622,0.63215622,0.800511982,0.800511982,-0.0477833318,-45.17595,-45.17595,0.00022605408,0.00022605408,0.0006836948,0.0006836948,0.491578294,2265.826,11.498265,-0.00248787139,-1.714669e-06,0.0,5437.7036,2262.6406,-0.0477833318,29.1076431,5.826023e-05
165.5,-2.8758019,5437.7036,1.19664287,1.19664287,0.681410297,0.681410297,0.862883388,0.862883388,-0.0478426106,-45.17595,-45.17595,0.000226334519,0.000226334519,0.000684542844,0.000684542844,0.491571578,2265.826,11.498265,-0.00249095777,-1.714664e-06,0.0,5437.7036,2262.6406,-0.0478426106,29.1833766,5.8484278e-05
166.0,-3.08367186,5437.7036,1.28313908,1.28313908,0.730664285,0.730664285,0.925254693,0.925254693,-0.0479018894,-45.17595,-45.17595,0.000226614953,0.000226614953,0.000685390903,0.000685390903,0.491564348,2265.826,11.498265,-0.00249404418,-1.714664e-06,0.0,5437.7036,2262.6406,-0.0479018894,29.2591103,5.8708703e-05
166.5,-3.2915417,1624.427874,-42.30075367,-42.30075367,-13.686159243,-13.686159243,-12.2250548685,-12.2250548685,-0.021441715,-45.17595,-45.17595,0.000101436778,0.000101436778,0.000432397453,0.000432397453,0.491626036,657.420466,11.498265,-0.00111637733,-0.000528199314,0.0,1624.427874,675.923906,-0.021441715,14.6177633,3.9434909e-05
167.0,-3.4994117,861.012378,3.20195531,3.20195531,0.280447177,0.280447177,0.478635979,0.478635979,-0.0484855597,-45.17595,-45.17595,0.000229376184,0.000229376184,0.000693740964,0.000693740964,0.491634952,380.17496,11.498265,-0.00252443333,4.3599171e-05,0.0,861.012378,358.245296,-0.0484855597,30.004797,6.0947655e-05
167.5,-3.7072817,911.09532,1.58139749,1.58139749,0.150878735,0.150878735,0.260874714,0.260874714,-0.0480900819,-45.17595,-45.17595,0.000227505258,0.000227505258,0.000688083226,0.000688083226,0.491632388,380.17496,11.498265,-0.00250384254,-5.26767e-07,0.0,911.09532,379.08542,-0.0480900819,29.4995421,5.9423665e-05
168.0,-3.86401621,912.23935,1.61139687,1.61139687,0.153935972,0.153935972,0.266016863,0.266016863,-0.0481255344,-45.17595,-45.17595,0.000227672974,0.000227672974,0.000688590408,0.000688590408,0.491630279,380.17496,11.498265,-0.00250568832,-5.03698e-07,0.0,912.23935,379.561418,-0.0481255344,29.544835,5.9558775e-05
168.5,-3.8732815,912.479018,1.61219013,1.61219013,0.15405215,0.15405215,0.266187808,0.266187808,-0.0510305629,-51.1804071,-51.1804071,0.000274456608,0.000274456608,0.000830070984,0.000830070984,0.491628143,380.17496,11.498265,-0.00265694064,-0.000199154514,0.0,912.479018,379.659452,-0.0510305629,33.2562559,7.1324748e-05
169.0,-3.8732815,912.501734,1.61177169,1.61177169,0.154015994,0.154015994,0.266122512,0.266122512,-0.0586085839,-66.7032742,-66.7032742,0.000410421587,0.000410421587,0.00124123392,0.00124123392,0.491625994,380.17496,11.498265,-0.0030514954,-0.000220914117,0.0,912.501734,379.664488,-0.0586085839,42.9378212,0.000105669478
169.5,-6.99213993,906.011127,2.8104531,2.8104531,0.266336958,0.266336958,0.458361593,0.458361593,-0.0670986556,-82.3353609,-82.3353609,0.000579830855,0.000579830855,0.0017535168,0.0017535168,0.49162339,380.17496,11.498265,-0.00349353673,-0.000275011227,0.0,906.011127,376.958736,-0.0670986556,53.7846113,0.000151575077
170.0,-13.7659078,901.391396,5.72308887,5.72308887,0.540211795,0.540211795,0.844158391,0.844158391,-0.0766921579,-97.9729571,-97.9729571,0.000788132182,0.000788132182,0.00238338251,0.00238338251,0.491618033,380.17496,11.498265,-0.00399302888,-0.000276942126,0.0,901.391396,375.030836,-0.0766921579,66.0411232,0.000212560008
170.5,-20.5396758,901.268819,8.54669108,8.54669108,0.806642373,0.806642373,1.12533189,1.12533189,-0.0862625694,-113.610539,-113.610539,0.0010275817,0.0010275817,0.00310741668,0.00310741668,0.49161,380.17496,11.498265,-0.00449131883,-0.000276792404,0.0,901.268819,374.974243,-0.0862625694,78.2681369,0.000283215082
171.0,-27.3134437,901.279649,11.36540745,11.36540745,1.072687777,1.072687777,1.38713635,1.38713635,-0.0955073304,-128.563958,-128.563958,0.00128672281,0.00128672281,0.00389098178,0.00389098178,0.491599818,380.17496,11.498265,-0.00497265367,-0.000210518445,0.0,901.279649,374.973353,-0.0955073304,90.0791096,0.00036066239
171.5,-34.0872118,901.285166,14.183939,14.183939,1.33871368,1.33871368,1.68953346,1.68953346,-0.0993552896,-132.44072,-132.44072,0.0013779744,0.0013779744,0.0041668825,0.0041668825,0.491587257,380.17496,11.498265,-0.00517300016,-5.5875206e-05,0.0,901.285166,374.973403,-0.0993552896,94.9952025,0.00039536605
172.0,-40.4346696,902.264392,16.8813545,16.8813545,1.59510525,1.59510525,1.9699892,1.9699892,-0.1011830435,-132.44072,-132.44072,0.00140332379,0.00140332379,0.00424351184,0.00424351184,0.491572229,380.17496,11.498265,-0.00526816331,-3.6450359e-05,0.0,902.264392,375.379794,-0.1011830435,97.3303114,0.00041252938
172.5,-41.827335,911.171581,17.4512095,17.4512095,1.66514787,1.66514787,2.0431695,2.0431695,-0.1015832201,-132.44072,-132.44072,0.00140887395,0.00140887395,0.0042602894,0.0042602894,0.491555595,380.17496,11.498265,-0.00528899886,1.152667e-06,0.0,911.171581,379.085913,-0.1015832201,97.8415735,0.000416326477
173.0,-41.827335,912.53305,17.4057394,17.4057394,1.66329659,1.66329659,2.04056661,2.04056661,-0.1015711174,-132.44072,-132.44072,0.00140870606,0.00140870606,0.00425978176,0.00425978176,0.491538837,380.17496,11.498265,-0.00528836869,3.2925e-08,0.0,912.53305,379.652438,-0.1015711174,97.8261094,0.000416211053
173.5,-41.827335,912.561582,17.4046832,17.4046832,1.66324766,1.66324766,2.04051032,2.04051032,-0.101570835,-132.44072,-132.44072,0.00140870214,0.00140870214,0.00425977009,0.00425977009,0.491522079,380.17496,11.498265,-0.00528835388,6.2e-10,0.0,912.561582,379.664309,-0.101570835,97.82575,0.00041620837
174.0,-41.827335,912.562121,17.4046632,17.4046632,1.6632468,1.6632468,2.0405092,2.0405092,-0.10157083,-132.44072,-132.44072,0.0014087021,0.0014087021,0.00425977,0.00425977,0.491505328,380.17496,11.498265,-0.0052883537,1.1e-11,0.0,912.562121,379.66452,-0.10157083,97.825745,0.00041620832
174.5,-41.827335,912.556924,17.4045837,17.4045837,1.66322968,1.66322968,2.04049201,2.04049201,-0.0975990249,-124.2207895,-124.2207895,0.00127186817,0.00127186817,0.00384602186,0.00384602186,0.491488578,380.17496,11.498265,-0.00508155887,0.000289462255,0.0,912.556924,379.664684,-0.0975990249,92.7514235,0.000379750826
175.0,-41.827335,912.53944,17.4045612,17.4045612,1.66319565,1.66319565,2.04045875,2.04045875,-0.0853479977,-99.1148415,-99.1148415,0.000888618852,0.000888618852,0.0026871823,0.0026871823,0.491471836,380.17496,11.498265,-0.00444370112,0.000361826748,0.0,912.53944,379.664559,-0.0853479977,77.0996986,0.000276325999
175.5,-41.827335,912.521895,17.404562,17.404562,1.66316379,1.66316379,2.04042785,2.04042785,-0.0728390332,-73.502673,-73.502673,0.000563423217,0.000563423217,0.00170386501,0.00170386501,0.491455094,380.17496,11.498265,-0.00379241335,0.00036182677,0.0,912.521895,379.664565,-0.0728390332,61.1184306,0.000187167712
176.0,-41.827335,912.504372,17.404562,17.404562,1.66313186,1.66313186,2.04039705,2.04039705,-0.0603300676,-47.8905037,-47.8905037,0.000305328157,0.000305328157,0.000923414483,0.000923414483,0.491438374,380.17496,11.498265,-0.00314112566,0.00036182677,0.0,912.504372,379.66458,-0.0603300676,45.1371646,0.000114756971
176.5,-41.827335,912.486869,17.404562,17.404562,1.66309996,1.66309996,2.04036605,2.04036605,-0.0478211024,-22.27833395,-22.27833395,0.000114333678,0.000114333678,0.000345824221,0.000345824221,0.491421647,380.17496,11.498265,-0.00248983799,0.00036182677,0.0,912.486869,379.664592,-0.0478211024,29.1558994,5.9093772e-05
177.0,-41.827335,912.469355,17.404562,17.404562,1.66306804,1.66306804,2.04033505,2.04033505,-0.0353121391,3.33383565,3.33383565,-9.560197e-06,-9.560197e-06,1.6469069e-05,1.6469069e-05,0.491404931,380.17496,11.498265,-0.00183855029,0.00036182677,0.0,912.469355,379.6646,-0.0353121391,13.17463346,2.017812e-05
177.5,-41.827335,912.414971,17.4041169,17.4041169,1.66292634,1.66292634,2.04019378,2.04019378,0.00451735226,28.9462831,28.9462831,3.2855671e-05,3.2855671e-05,0.000162571245,0.000162571245,0.491388214,380.17496,11.498265,0.000235199022,0.001606465646,0.0,912.414971,379.665238,0.00451735226,-2.51307274,5.295082e-06
178.0,-41.827335,912.363089,17.4046032,17.4046032,1.66287821,1.66287821,2.0401511,2.0401511,0.0396250725,54.5613829,54.5613829,0.000229171909,0.000229171909,0.000693131519,0.000693131519,0.491371493,380.17496,11.4985715,0.00206310617,0.000361827474,0.0,912.363089,379.664158,0.0396250725,-18.6847738,3.170404e-05
178.5,-41.827335,912.358567,17.4046914,17.4046914,1.66287838,1.66287838,2.04015203,2.04015203,0.0434887266,80.1742396,80.1742396,0.000364550539,0.000364550539,0.00110256221,0.00110256221,0.491354773,380.17496,17.060147,0.00226426988,-7.8636156e-05,0.0,912.358567,379.664516,0.0434887266,-34.7680673,6.3192095e-05
179.0,-41.827335,912.363199,17.4046972,17.4046972,1.66288746,1.66288746,2.04016087,2.04016087,0.0404510386,98.2862996,98.2862996,0.000416209729,0.000416209729,0.00125881587,0.00125881587,0.491338049,380.17496,27.1301762,0.00210611056,-0.000121663133,0.0,912.363199,379.66468,0.0404510386,-46.1027232,7.8083434e-05
179.5,-41.827335,912.3663,17.4046607,17.4046607,1.6628896,1.6628896,2.04016271,2.04016271,0.0383991806,98.97349,98.97349,0.0003979875,0.0003979875,0.00120371215,0.00120371215,0.491321322,380.17496,31.242287,0.00199927911,-1.79865e-07,0.0,912.3663,379.664773,0.0383991806,-46.5134473,7.4815068e-05
180.0,-41.827335,912.36615,17.404663,17.404663,1.66288959,1.66288959,2.0401626,2.0401626,0.0383991789,98.97349,98.97349,0.000397987484,0.000397987484,0.00120371208,0.00120371208,0.491304594,380.17496,31.242287,0.00199927913,-6.2019e-08,0.0,912.36615,379.664706,0.0383991789,-46.5134428,7.4815062e-05
180.5,-41.827335,912.36615,17.404663,17.404663,1.6628896,1.6628896,2.0401626,2.0401626,0.0383991703,98.97349,98.97349,0.000397987403,0.000397987403,0.00120371183,0.00120371183,0.491287873,380.17496,31.242287,0.00199927865,-1.44643e-07,0.0,912.36615,379.6647,0.0383991703,-46.5134129,7.4814997e-05
181.0,-41.827335,912.36615,17.404663,17.404663,1.6628896,1.6628896,2.0401626,2.0401626,0.0383991638,98.97349,98.97349,0.000397987323,0.000397987323,0.0012037116,0.0012037116,0.491271146,380.17496,31.242287,0.00199927834,-5.04169e-07,0.0,912.36615,379.6647,0.0383991638,-46.51339,7.4814944e-05
181.5,-41.6549635,912.410955,17.4015172,17.4015172,1.66267054,1.66267054,2.0399237,2.0399237,0.0384091059,98.97349,98.97349,0.000398090377,0.000398090377,0.00120402324,0.00120402324,0.49125442,380.17496,31.242287,0.00199979599,2.884688e-05,0.0,912.410955,379.68335,0.0384091059,-46.5479056,7.4889978e-05
182.0,39.73857456,1075.05953,-14.44066892,-14.44066892,-1.75020703,-1.75020703,-1.355269784,-1.355269784,0.0467419367,98.97349,98.97349,0.000484455831,0.000484455831,0.00146519041,0.00146519041,0.491246642,380.17496,31.242287,0.00243365043,0.000443266027,0.0,1075.05953,447.367498,0.0467419367,-75.4742038,0.000150729962
182.5,135.976934,1043.989226,-58.574738,-58.574738,-6.39250902,-6.39250902,-5.28171006,-5.28171006,0.0572678726,98.97349,98.97349,0.000593551666,0.000593551666,0.00179507703,0.00179507703,0.491276894,380.17496,31.242287,0.0029816904,8.808026e-05,0.0,1043.989226,434.445065,0.0572678726,-112.013572,0.000268771834
183.0,138.26138,917.43806,-57.7170408,-57.7170408,-5.54519996,-5.54519996,-4.48238885,-4.48238885,0.0573378521,98.97349,98.97349,0.000594276971,0.000594276971,0.00179727017,0.00179727017,0.491313367,380.17496,31.242287,0.00298533395,-2.028293e-06,0.0,917.43806,381.786225,0.0573378521,-112.2564971,0.000269613476
183.5,138.26138,912.436183,-57.5351749,-57.5351749,-5.4974913,-5.4974913,-4.4393959,-4.4393959,0.0573201541,98.97349,98.97349,0.00059409354,0.00059409354,0.00179671553,0.00179671553,0.491347267,380.17496,31.242287,0.00298441246,-4.54408e-07,0.0,912.436183,379.704894,0.0573201541,-112.195061,0.000269382698
184.0,138.26138,912.341448,-57.5316469,-57.5316469,-5.49658351,-5.49658351,-4.43858048,-4.43858048,0.0573198075,98.97349,98.97349,0.00059408996,0.00059408996,0.00179670466,0.00179670466,0.491381084,380.17496,31.242287,0.00298439441,1.94417e-07,0.0,912.341448,379.665482,0.0573198075,-112.1938586,0.000269378183
184.5,138.26138,912.339686,-57.5315812,-57.5315812,-5.49656709,-5.49656709,-4.43856549,-4.43856549,0.057319777,98.97349,98.97349,0.000594089619,0.000594089619,0.0017967037,0.0017967037,0.491414904,380.17496,31.242287,0.00298439274,8.7526e-08,0.0,912.339686,379.664749,0.057319777,-112.1937488,0.000269377767
185.0,138.26138,912.33966,-57.53158,-57.53158,-5.49656658,-5.49656658,-4.4385653,-4.4385653,0.0573198029,98.97349,98.97349,0.00059408989,0.00059408989,0.00179670452,0.00179670452,0.491448731,380.17496,31.242287,0.00298439415,1.6096e-07,0.0,912.33966,379.66473,0.0573198029,-112.1938411,0.000269378122
185.5,136.331613,907.750275,-56.8964413,-56.8964413,-5.40910145,-5.40910145,-4.36714233,-4.36714233,0.0571344907,98.97349,98.97349,0.000592169247,0.000592169247,0.00179089702,0.00179089702,0.491482466,380.17496,31.242287,0.00297474583,-2.2022793e-05,0.0,907.750275,377.754952,0.0571344907,-111.5505556,0.000266976166
186.0,123.4835614,889.779341,-51.4405149,-51.4405149,-4.79337964,-4.79337964,-3.8840293,-3.8840293,0.0557752596,98.97349,98.97349,0.000578081521,0.000578081521,0.00174829982,0.00174829982,0.491514106,380.17496,31.242287,0.00290397646,-4.4654093e-05,0.0,889.779341,370.27632,0.0557752596,-106.832166,0.000249621601
186.5,108.92585,888.15303,-45.3264279,-45.3264279,-4.21568726,-4.21568726,-3.44293099,-3.44293099,0.0555690276,106.4028796,106.4028796,0.000620472193,0.000620472193,0.00187650796,0.00187650796,0.491542228,380.17496,31.242287,0.00289323884,0.000104192733,0.0,888.15303,369.599488,0.0555690276,-106.1162615,0.000247256712
187.0,94.368141,888.105094,-39.2674687,-39.2674687,-3.65196033,-3.65196033,-3.002398,-3.002398,0.063317305,158.013971,158.013971,0.001052336865,0.001052336865,0.00318260759,0.00318260759,0.49156709,380.17496,31.242287,0.00329665819,0.000265640827,0.0,888.105094,369.584062,0.063317305,-133.0133625,0.000353768317
187.5,79.8104314,888.088223,-33.2094902,-33.2094902,-3.08849567,-3.08849567,-2.54964027,-2.54964027,0.0723865888,216.918652,216.918652,0.00164892221,0.00164892221,0.00498695216,0.00498695216,0.491588592,380.17496,31.242287,0.00376885647,0.000270548977,0.0,888.088223,369.582332,0.0723865888,-164.496151,0.00049975878
188.0,65.2527212,888.071148,-27.1516788,-27.1516788,-2.52506737,-2.52506737,-2.08398591,-2.08398591,0.0769117174,250.481612,250.481612,0.00201741676,0.00201741676,0.00610149777,0.00610149777,0.491606607,380.17496,31.242287,0.00400446036,-1.3999409e-05,0.0,888.071148,369.577864,0.0769117174,-180.20453,0.000580583486
188.5,50.6950128,888.084153,-21.0941458,-21.0941458,-1.96175449,-1.96175449,-1.60511665,-1.60511665,0.0754072507,250.61163,250.61163,0.00197898705,0.00197898705,0.00598529,0.00598529,0.49162102,380.17496,31.242287,0.00392612924,-4.4441044e-05,0.0,888.084153,369.582398,0.0754072507,-174.981976,0.000552735125
189.0,36.137303,888.086358,-15.03746945,-15.03746945,-1.39848714,-1.39848714,-1.113458391,-1.113458391,0.0738778724,250.61163,250.61163,0.00193885009,0.00193885009,0.00586391801,0.00586391801,0.491631689,380.17496,31.242287,0.00384650115,-4.4247575e-05,0.0,888.086358,369.582427,0.0738778724,-169.672948,0.000525096108
189.5,21.5795936,888.088409,-8.97937385,-8.97937385,-0.835085204,-0.835085204,-0.608290824,-0.608290824,0.0723483509,250.61163,250.61163,0.00189870939,0.00189870939,0.00574253366,0.00574253366,0.491638481,380.17496,31.242287,0.00376686564,-4.453841e-05,0.0,888.088409,369.582387,0.0723483509,-164.363424,0.000498134807
190.0,7.02595606,888.090582,-2.9217425,-2.9217425,-0.2717236152,-0.2717236152,-0.1620642262,-0.1620642262,0.0708189975,250.61163,250.61163,0.001858573,0.001858573,0.00562116195,0.00562116195,0.491641385,380.17496,31.242287,0.00368723882,-4.1475426e-05,0.0,888.090582,369.582398,0.0708189975,-159.054477,0.000471856644
190.5,0.5116339,904.210932,-0.0006120428,-0.0006120428,-0.000148936805,-0.000148936805,0.00662780158,0.00662780158,0.0701118985,250.61163,250.61163,0.0018400159,0.0018400159,0.005565045,0.005565045,0.491641691,380.17496,31.242287,0.00365042323,2.93677e-07,0.0,904.210932,376.289782,0.0701118985,-156.599873,0.000459908847
191.0,0.5116339,912.114405,-0.205258731,-0.205258731,-0.0196057441,-0.0196057441,-0.01134463205,-0.01134463205,0.0701317243,250.61163,250.61163,0.00184053622,0.00184053622,0.00556661851,0.00556661851,0.491641709,380.17496,31.242287,0.00365145547,3.54e-09,0.0,912.114405,379.578479,0.0701317243,-156.668699,0.000460241073
191.5,0.5116339,912.317861,-0.212750698,-0.212750698,-0.0203257131,-0.0203257131,-0.0117623101,-0.0117623101,0.0701324519,250.61163,250.61163,0.00184055531,0.00184055531,0.00556667624,0.00556667624,0.491641755,380.17496,31.242287,0.00365149338,-2.374e-09,0.0,912.317861,379.663149,0.0701324519,-156.671226,0.000460253252
192.0,0.5116339,912.321652,-0.212891987,-0.212891987,-0.0203392956,-0.0203392956,-0.0117701914,-0.0117701914,0.0701324734,250.61163,250.61163,0.00184055586,0.00184055586,0.00556667798,0.00556667798,0.49164181,380.17496,31.242287,0.00365149441,1.83338e-07,0.0,912.321652,379.664727,0.0701324734,-156.671299,0.000460253593
192.5,0.5116339,1972.837846,27.779989052,27.779989052,6.9860197926,6.9860197926,7.6012719139,7.6012719139,0.0673998826,250.424016,250.424016,0.00176754302,0.00176754302,0.0053458837,0.0053458837,0.491621929,876.987778,31.242287,0.00350922031,-0.000167625117,0.0,1972.837846,820.95176,0.0673998826,-147.185482,0.000415916604
193.0,0.5116339,5764.51975,41.5995447,31.2101936,25.3072588,18.2683219,26.5951167,19.2119794,0.0518758885,202.196141,165.859307,0.001118593523,0.000959030682,0.00338314165,0.00290054767,0.491448955,2414.61972,31.242287,0.00270095311,-0.000608112407,0.0,5764.51975,2398.6895,0.0518758885,-93.2960254,0.000216763254
193.5,0.5116339,7095.75831,-3.254316063,-3.254316063,-2.426288674,-2.426288674,-1.968917678,-1.968917678,0.0465223765,117.6324779,117.6324779,0.000584420976,0.000584420976,0.00176753835,0.00176753835,0.491335428,2891.5203,31.242287,0.00242221889,-0.000429195131,0.0,7095.75831,2952.62456,0.0465223765,-74.7120268,0.000148482428
194.0,0.5116339,6944.3155,-0.38488395,-0.38488395,-0.279976236,-0.279976236,-0.221205973,-0.221205973,0.0296013512,33.05533718,33.05533718,0.000119296382,0.000119296382,0.00036221141,0.00036221141,0.491342984,2891.5203,31.242287,0.001541214304,-0.001938208981,0.0,6944.3155,2889.59819,0.0296013512,-21.20998347,3.027965e-05
194.5,0.5116339,6939.786419999999,-0.215805359,-0.215805359,-0.156832841,-0.156832841,-0.1239180738,-0.1239180738,-0.0341793683,-51.531057,-51.531057,0.000195564985,0.000195564985,0.000591495425,0.000591495425,0.491344152,2891.5203,31.242287,-0.00177957184,-0.000435214283,0.0,6939.786419999999,2887.67641,-0.0341793683,31.8649409,4.840037e-05
195.0,0.5116339,6321.78257,-14.57035019,-14.57035019,-9.42199385,-9.42199385,-8.8007334224,-8.8007334224,-0.0479837407,-135.9376856,-135.9376856,0.000692771421,0.000692771421,0.00209524225,0.00209524225,0.491371062,2608.18168,31.242287,-0.00249830588,-0.00033794719,0.0,6321.78257,2630.51236,-0.0479837407,79.7849585,0.000162549729
195.5,0.5116339,4781.32347,-7.12904928,-7.12904928,-3.749444179,-3.749444179,-3.3645627,-3.3645627,-0.0552880446,-172.44232,-172.44232,0.00099839802,0.00099839802,0.0030195734,0.0030195734,0.491429033,2013.00732,31.242287,-0.00287860927,-4.448038e-05,0.0,4781.32347,1989.51166,-0.0552880446,105.1408659,0.000243596369
196.0,0.5116339,4687.68048,0.1935416732,0.1935416732,0.0945532356,0.0945532356,0.13237300955,0.13237300955,-0.0559990482,-172.44232,-172.44232,0.00101123743,0.00101123743,0.0030583989,0.0030583989,0.491431694,1958.1134,31.242287,-0.00291562821,3.83317e-06,0.0,4687.68048,1950.54571,-0.0559990482,107.609018,0.000252416806
196.5,0.515832666,4699.3166,-0.204745867,-0.204745867,-0.1007580161,-0.1007580161,-0.0791988015,-0.0791988015,-0.0559600685,-172.44232,-172.44232,0.0010105335,0.0010105335,0.00305627035,0.00305627035,0.49143192,1958.1134,31.242287,-0.00291359863,3.87875e-07,0.0,4699.3166,1955.38767,-0.0559600685,107.4737054,0.000251923731
197.0,0.66200781,4699.82795,-0.272927022,-0.272927022,-0.134325288,-0.134325288,-0.1055841634,-0.1055841634,-0.0559440259,-172.44232,-172.44232,0.00101024379,0.00101024379,0.00305539427,0.00305539427,0.491432619,1958.1134,31.242287,-0.00291276338,3.25711e-07,0.0,4699.82795,1955.60044,-0.0559440259,107.418017,0.000251721008
197.5,0.877641254,4699.90737,-0.365129622,-0.365129622,-0.179707003,-0.179707003,-0.1412558,-0.1412558,-0.0559211491,-172.44232,-172.44232,0.00100983072,0.00100983072,0.00305414508,0.00305414508,0.49143358,1958.1134,31.242287,-0.00291157235,8.16817e-07,0.0,4699.90737,1955.63353,-0.0559211491,107.338602,0.000251432061
198.0,1.093274746,4699.909,-0.454915197,-0.454915197,-0.22389713,-0.22389713,-0.175990737,-0.175990737,-0.0558984524,-172.44232,-172.44232,0.00100942081,0.00100942081,0.0030529057,0.0030529057,0.491434824,1958.1134,31.242287,-0.00291039057,5.21612e-07,0.0,4699.909,1955.6343,-0.0558984524,107.259814,0.000251145522
198.5,1.30890818,4699.909,-0.544655913,-0.544655913,-0.268065115,-0.268065115,-0.210708278,-0.210708278,-0.055875808,-172.44232,-172.44232,0.00100901191,0.00100901191,0.00305166915,0.00305166915,0.491436342,1958.1134,31.242287,-0.00290921161,5.02678e-07,0.0,4699.909,1955.6343,-0.055875808,107.181207,0.0002508598
199.0,1.52454164,4103.68726,-12.8166095,-12.8166095,-5.44018059,-5.44018059,-4.96164335,-4.96164335,-0.0535137276,-165.957244,-165.957244,0.000930331767,0.000930331767,0.00281371726,0.00281371726,0.491455169,1689.73171,31.242287,-0.00278622829,0.00010919164,0.0,4103.68726,1707.5433,-0.0535137276,98.9815643,0.000221983067
199.5,1.70002364,2749.85194,-10.823803262,-10.823803262,-3.2271570793,-3.2271570793,-2.8885338647,-2.8885338647,-0.0514024904,-153.245625,-153.245625,0.000825026768,0.000825026768,0.00249523024,0.00249523024,0.491488325,1152.719401,31.242287,-0.00267630533,1.0281694e-05,0.0,2749.85194,1144.203703,-0.0514024904,91.6526896,0.000197370298
200.0,1.7163827,2375.48506,0.081204476,0.081204476,0.0188580364,0.0188580364,0.0566639645,0.0566639645,-0.0501722561,-140.534139,-140.534139,0.000738640511,0.000738640511,0.00223395645,0.00223395645,0.491496153,1002.01227,31.242287,-0.0026122523,6.8650223e-05,0.0,2375.48506,988.42756,-0.0501722561,87.382093,0.00018371591
200.5,1.7163827,2404.16099,-0.687118101,-0.687118101,-0.172993154,-0.172993154,-0.127692571,-0.127692571,-0.0478103001,-127.8211099,-127.8211099,0.000640212109,0.000640212109,0.00193627279,0.00193627279,0.491496738,1002.01227,31.242287,-0.00248927553,6.7956299e-05,0.0,2404.16099,1000.361215,-0.0478103001,79.1828845,0.00015864071
201.0,1.7163827,2404.87946,-0.713708115,-0.713708115,-0.179739104,-0.179739104,-0.132677589,-0.132677589,-0.0455203938,-115.109415,-115.109415,0.000548964349,0.000548964349,0.00166030597,0.00166030597,0.491497767,1002.01227,31.242287,-0.00237004995,6.5890968e-05,0.0,2404.87946,1000.661515,-0.0455203938,71.2337824,0.000135888017
201.5,1.7163827,2404.88973,-0.714208522,-0.714208522,-0.179865889,-0.179865889,-0.13277126,-0.13277126,-0.0432332689,-102.3992853,-102.3992853,0.000463851389,0.000463851389,0.00140289447,0.00140289447,0.491498818,1002.01227,31.242287,-0.00225096924,6.448663e-05,0.0,2404.88973,1000.667133,-0.0432332689,63.2943366,0.000114685692
202.0,1.7163827,2404.88676,-0.714217724,-0.714217724,-0.179867982,-0.179867982,-0.132772784,-0.132772784,-0.0409459206,-89.686856,-89.686856,0.000384814685,0.000384814685,0.00116385901,0.00116385901,0.491499869,1002.01227,31.242287,-0.00213187693,6.5682946e-05,0.0,2404.88676,1000.66724,-0.0409459206,55.3541144,9.5002744e-05
202.5,1.7163827,2404.88353,-0.714217876,-0.714217876,-0.179867786,-0.179867786,-0.132772609,-0.132772609,-0.0386587164,-76.9753695,-76.9753695,0.00031187299,0.00031187299,0.000943258008,0.000943258008,0.491500918,1002.01227,31.242287,-0.00201279209,6.6264015e-05,0.0,2404.88353,1000.66724,-0.0386587164,47.4143942,7.6842432e-05
203.0,1.7163827,2404.88038,-0.7142179,-0.7142179,-0.179867551,-0.179867551,-0.132772411,-0.132772411,-0.0363712398,-64.2627451,-64.2627451,0.000245014333,0.000245014333,0.000741052258,0.000741052258,0.491501971,1002.01227,31.242287,-0.0018936931,6.5797102e-05,0.0,2404.88038,1000.66724,-0.0363712398,39.4737264,6.0201569e-05
203.5,1.7163827,2404.8777,-0.714206702,-0.714206702,-0.179864536,-0.179864536,-0.132770167,-0.132770167,-0.0345431056,-54.1140261,-54.1140261,0.000195784169,0.000195784169,0.000592162711,0.000592162711,0.491503031,1002.01227,31.242287,-0.00179851006,2.8739479e-05,0.0,2404.8777,1000.66722,-0.0345431056,33.1276042,4.7942391e-05
204.0,1.7163827,2404.87761,-0.714199086,-0.714199086,-0.179862604,-0.179862604,-0.13276874,-0.13276874,-0.0343919679,-53.282806,-53.282806,0.000191899006,0.000191899006,0.000580412529,0.000580412529,0.491504081,1002.01227,31.242287,-0.00179064101,-2.08081e-07,0.0,2404.87761,1000.66724,-0.0343919679,32.6029531,4.6968054e-05
204.5,1.7163827,2404.8777,-0.7141995,-0.7141995,-0.17986271,-0.17986271,-0.132768811,-0.132768811,-0.0343919671,-53.282806,-53.282806,0.000191898998,0.000191898998,0.000580412511,0.000580412511,0.49150514,1002.01227,31.242287,-0.00179064095,6.8878e-08,0.0,2404.8777,1000.66724,-0.0343919671,32.6029475,4.6968046e-05
205.0,1.7163827,2404.8777,-0.7141995,-0.7141995,-0.17986271,-0.17986271,-0.132768813,-0.132768813,-0.0343919819,-53.282806,-53.282806,0.000191899083,0.000191899083,0.000580412759,0.000580412759,0.491506192,1002.01227,31.242287,-0.00179064177,-1.44835e-07,0.0,2404.8777,1000.66724,-0.0343919819,32.6030017,4.6968145e-05
205.5,1.7163827,2404.8777,-0.7141995,-0.7141995,-0.17986271,-0.17986271,-0.132768814,-0.132768814,-0.0343919736,-53.282806,-53.282806,0.000191899038,0.000191899038,0.000580412619,0.000580412619,0.491507247,1002.01227,31.242287,-0.00179064127,6.9096e-08,0.0,2404.8777,1000.66724,-0.0343919736,32.6029693,4.6968085e-05
206.0,1.7163827,2404.8777,-0.7141995,-0.7141995,-0.17986271,-0.17986271,-0.132768814,-0.132768814,-0.0343919629,-53.282806,-53.282806,0.000191898975,0.000191898975,0.000580412435,0.000580412435,0.491508305,1002.01227,31.242287,-0.0017906407,7.6494e-08,0.0,2404.8777,1000.66724,-0.0343919629,32.6029323,4.6968018e-05
206.5,1.7163827,2404.8777,-0.7141995,-0.7141995,-0.17986271,-0.17986271,-0.132768814,-0.132768814,-0.0343919646,-53.282806,-53.282806,0.000191898983,0.000191898983,0.000580412464,0.000580412464,0.49150936,1002.01227,31.242287,-0.00179064079,1.74756e-07,0.0,2404.8777,1000.66724,-0.0343919646,32.6029373,4.6968026e-05
207.0,1.71650113,2404.8778,-0.71421108,-0.71421108,-0.179865635,-0.179865635,-0.132770973,-0.132770973,-0.0343919684,-53.282806,-53.282806,0.000191899004,0.000191899004,0.000580412532,0.000580412532,0.491510415,1002.01227,31.242287,-0.00179064098,1.6365e-07,0.0,2404.8778,1000.667286,-0.0343919684,32.6029508,4.6968052e-05
207.5,1.72973351,2404.90377,-0.719454674,-0.719454674,-0.181188136,-0.181188136,-0.133747417,-0.133747417,-0.0343905973,-53.282806,-53.282806,0.000191891359,0.000191891359,0.000580389398,0.000580389398,0.49151147,1002.01227,31.242287,-0.00179056966,3.85602e-07,0.0,2404.90377,1000.678132,-0.0343905973,32.5981946,4.6959328e-05
208.0,1.7518545,2476.64774,4.36911658,4.36911658,1.239944943,1.239944943,1.40900892,1.40900892,-0.0348279697,-52.9889954,-52.9889954,0.000193227835,0.000193227835,0.000584430988,0.000584430988,0.491510888,1047.584859,31.242287,-0.00181334173,-1.0990677e-05,0.0,2476.64774,1030.531063,-0.0348279697,34.1164734,4.9840141e-05
208.5,1.77397549,4039.338,19.0522948,19.0522948,8.00930876,8.00930876,8.5904142,8.5904142,-0.0287113712,-15.895173992,-15.895173992,5.6622545e-05,5.6622545e-05,0.000181008669,0.000181008669,0.491463924,1698.06343,31.242287,-0.00149487688,0.001356271866,0.0,4039.338,1680.78153,-0.0287113712,16.13433762,2.1551699e-05
209.0,1.79609647,6083.63303,18.0153738,18.0153738,11.4753062,11.4753062,12.21143835,12.21143835,0.0317480582,46.7214026,46.7214026,0.000161433104,0.000161433104,0.000488269613,0.000488269613,0.491367417,2535.20581,31.242287,0.00165298404,0.000318857501,0.0,6083.63303,2531.46312,0.0317480582,-23.42497474,3.2677754e-05
209.5,1.81821743,8093.59574,17.9757003,17.9757003,15.2352797,15.2352797,16.275195,16.275195,0.0430201772,109.339595,109.339595,0.000498680228,0.000498680228,0.00150823558,0.00150823558,0.491222884,3372.34801,31.242287,0.00223987448,0.000323971057,0.0,8093.59574,3367.83005,0.0430201772,-62.5546178,0.000114249029
210.0,1.84033843,9080.5622,-1.385422595,-1.385422595,-1.315148646,-1.315148646,-0.68838082,-0.68838082,0.0561611121,171.964703,171.964703,0.001017613076,0.001017613076,0.00307768174,0.00307768174,0.49113121,3753.9988,31.242287,0.00292406615,0.000358474043,0.0,9080.5622,3778.52183,0.0561611121,-108.1716024,0.000256081735
210.5,1.86245941,9012.181999999999,-0.871222225,-0.871222225,-0.822245104,-0.822245104,-0.603517056,-0.603517056,0.0673822716,234.583914,234.583914,0.00166136469,0.00166136469,0.00502470367,0.00502470367,0.49113879,3753.9988,31.242287,0.0035083034,0.000320515475,0.0,9012.181999999999,3750.07483,0.0673822716,-147.12435,0.000416774395
211.0,1.88398076,9009.5787,-0.785928495,-0.785928495,-0.741508526,-0.741508526,-0.544336509,-0.544336509,0.0738315431,270.37702,270.37702,0.00209045665,0.00209045665,0.00632252981,0.00632252981,0.491143174,3753.9988,31.242287,0.00384408903,3.3177422e-05,0.0,9009.5787,3748.99542,0.0738315431,-169.51212,0.000524242502
211.5,1.8904307,9009.5013,-0.78687555,-0.78687555,-0.742395652,-0.742395652,-0.544989867,-0.544989867,0.07386081,270.52692,270.52692,0.00209244065,0.00209244065,0.0063285305,0.0063285305,0.491147448,3753.9988,31.242287,0.00384561282,4.25659e-07,0.0,9009.5013,3748.96313,0.07386081,-169.613716,0.000524763507
212.0,1.8904307,9009.493400000001,-0.786628426,-0.786628426,-0.742161857,-0.742161857,-0.544818454,-0.544818454,0.0738607983,270.52692,270.52692,0.00209244032,0.00209244032,0.00632852961,0.00632852961,0.491151725,3753.9988,31.242287,0.00384561223,-3.81113e-07,0.0,9009.493400000001,3748.96002,0.0738607983,-169.613675,0.000524763314
212.5,1.8904307,9009.493,-0.786622273,-0.786622273,-0.742156045,-0.742156045,-0.544814181,-0.544814181,0.0738607849,270.52692,270.52692,0.00209243996,0.00209243996,0.00632852848,0.00632852848,0.491156005,3753.9988,31.242287,0.00384561154,2.03696e-07,0.0,9009.493,3748.96,0.0738607849,-169.613633,0.000524763075
213.0,1.8904307,9009.493,-0.78662217,-0.78662217,-0.742155963,-0.742155963,-0.5448141,-0.5448141,0.0738607953,270.52692,270.52692,0.00209244022,0.00209244022,0.00632852924,0.00632852924,0.491160284,3753.9988,31.242287,0.003845612,-4.03688e-07,0.0,9009.493,3748.96,0.0738607953,-169.61366,0.000524763226
213.5,1.8904307,9009.493,-0.78662217,-0.78662217,-0.742155963,-0.742155963,-0.5448141,-0.5448141,0.0738607968,270.52692,270.52692,0.00209244028,0.00209244028,0.00632852947,0.00632852947,0.491164563,3753.9988,31.242287,0.00384561215,-3.37115e-07,0.0,9009.493,3748.96,0.0738607968,-169.613674,0.000524763299
214.0,1.8904307,9009.493,-0.78662217,-0.78662217,-0.742155963,-0.742155963,-0.5448141,-0.5448141,0.0738608124,270.52692,270.52692,0.00209244072,0.00209244072,0.0063285307,0.0063285307,0.491168842,3753.9988,31.242287,0.00384561287,1.79821e-07,0.0,9009.493,3748.96,0.0738608124,-169.613723,0.000524763546
214.5,1.8904307,9009.493,-0.78662217,-0.78662217,-0.74215597,-0.74215597,-0.5448141,-0.5448141,0.0738607903,270.52692,270.52692,0.00209244005,0.00209244005,0.00632852894,0.00632852894,0.491173124,3753.9988,31.242287,0.00384561178,1.22837e-07,0.0,9009.493,3748.96,0.0738607903,-169.613646,0.000524763166
215.0,1.8904307,9009.493,-0.78662217,-0.78662217,-0.74215597,-0.74215597,-0.5448141,-0.5448141,0.0738607814,270.52692,270.52692,0.00209243987,0.00209243987,0.00632852828,0.00632852828,0.491177402,3753.9988,31.242287,0.00384561137,-1.19172e-07,0.0,9009.493,3748.96,0.0738607814,-169.613618,0.000524763033
215.5,1.8904307,9009.4981,-0.786561273,-0.786561273,-0.742098879,-0.742098879,-0.544772092,-0.544772092,0.0703470614,250.932304,250.932304,0.00185174513,0.00185174513,0.00560052096,0.00560052096,0.491181682,3753.9988,31.242287,0.0036626672,-0.000221398255,0.0,9009.4981,3748.95976,0.0703470614,-157.416217,0.000464654602
216.0,1.535750416,9008.7921,-0.704565147,-0.704565147,-0.664718946,-0.664718946,-0.487974029,-0.487974029,0.0620650386,205.068097,205.068097,0.00133617591,0.00133617591,0.00404116135,0.00404116135,0.491185943,3753.9988,31.242287,0.00323145808,-0.000247485715,0.0,9008.7921,3748.66115,0.0620650386,-128.6662861,0.000335356174
216.5,-2.89878143,9002.36775,1.25966652,1.25966652,1.187551988,1.187551988,1.61714634,1.61714634,0.0533127299,159.082201,159.082201,0.000891470509,0.000891470509,0.0026961773,0.0026961773,0.491181662,3753.9988,31.242287,0.00277576324,-0.000240548283,0.0,9002.36775,3745.98288,0.0533127299,-98.2838286,0.000220327137
217.0,-3.0337873,9009.2165,1.27394258,1.27394258,1.20189175,1.20189175,1.63721636,1.63721636,0.0450283217,113.0977781,113.0977781,0.000536579971,0.000536579971,0.00162285234,0.00162285234,0.491167769,3753.9988,31.242287,0.00234442995,-0.000238810287,0.0,9009.2165,3748.82781,0.0450283217,-69.5256217,0.000131955308
217.5,-3.0337873,9009.5392,1.26267273,1.26267273,1.19130236,1.19130236,1.62281804,1.62281804,0.0367534479,67.0994919,67.0994919,0.000261537874,0.000261537874,0.00079102579,0.00079102579,0.491154504,3753.9988,31.242287,0.00191359304,-0.000250196542,0.0,9009.5392,3748.95726,0.0367534479,-40.8005097,6.3634485e-05
218.0,-3.0337873,9009.5573,1.26246775,1.26246775,1.19111133,1.19111133,1.62255924,1.62255924,0.0282557509,21.12603779,21.12603779,6.6282669e-05,6.6282669e-05,0.000200487124,0.000200487124,0.491141272,3753.9988,31.242287,0.00147115475,-0.000668249194,0.0,9009.5573,3748.95963,0.0282557509,-12.16419056,1.5319522e-05
218.5,-3.0337873,9009.63765,1.2628607,1.2628607,1.19149265,1.19149265,1.62308523,1.62308523,-0.0290703222,-24.86097434,-24.86097434,8.0476486e-05,8.0476486e-05,0.000243417629,0.000243417629,0.491128039,3753.9988,31.242287,-0.00151356595,-0.002146199066,0.0,9009.63765,3748.95959,-0.0290703222,16.1775566,2.104747e-05
219.0,-3.0337873,9009.64995,1.2624379,1.2624379,1.1910955,1.1910955,1.62254529,1.62254529,-0.038038381,-70.8481052,-70.8481052,0.000285502118,0.000285502118,0.000863501305,0.000863501305,0.491114809,3753.9988,31.242287,-0.00198049394,-0.00024191619,0.0,9009.64995,3748.95984,-0.038038381,45.2609819,7.2937975e-05
219.5,-3.0337873,9009.6603,1.26241512,1.26241512,1.1910753,1.1910753,1.62251859,1.62251859,-0.045192822,-110.571123,-110.571123,0.000524202973,0.000524202973,0.00158541652,0.00158541652,0.491101569,3753.9988,31.242287,-0.00235299472,-0.000117845595,0.0,9009.6603,3748.95982,-0.045192822,70.0966614,0.000132925025
220.0,-3.0337873,7922.66525,-28.18705321,-28.18705321,-21.90885354,-21.90885354,-20.82137047,-20.82137047,-0.0432922347,-115.7954,-115.7954,0.000524964519,0.000524964519,0.0015877317,0.0015877317,0.49113926,3244.23225,31.242287,-0.0022540394,3.3178771e-05,0.0,7922.66525,3296.65422,-0.0432922347,63.4990283,0.000115784832
220.5,-3.0337873,5956.32079,3.2881134,3.2881134,2.05263001,2.05263001,2.61239934,2.61239934,-0.0463332594,-115.7954,-115.7954,0.000561840176,0.000561840176,0.00169924348,0.00169924348,0.491211805,2536.656,31.242287,-0.00241237232,-3.6392413e-05,0.0,5956.32079,2478.44207,-0.0463332594,74.0555361,0.000143735989
221.0,-3.0337873,6083.741599999999,1.41954326,1.41954326,0.904302269,0.904302269,1.14341458,1.14341458,-0.0461545593,-115.7954,-115.7954,0.000559673265,0.000559673265,0.00169269076,0.00169269076,0.491195872,2536.656,31.242287,-0.0024030682,1.366582e-06,0.0,6083.741599999999,2531.46283,-0.0461545593,73.4352005,0.000141973605
221.5,-3.0337873,6087.95803,1.2653896,1.2653896,0.806723135,0.806723135,1.02002731,1.02002731,-0.0461395633,-115.7954,-115.7954,0.000559491409,0.000559491409,0.0016921409,0.0016921409,0.491187363,2536.656,31.242287,-0.00240228745,1.78853e-07,0.0,6087.95803,2533.21735,-0.0461395633,73.3831448,0.000141826834
222.0,-3.0337873,6088.03739,1.26243657,1.26243657,0.80485103,0.80485103,1.01766013,1.01766013,-0.0461392575,-115.7954,-115.7954,0.000559487696,0.000559487696,0.00169212967,0.00169212967,0.491179115,2536.656,31.242287,-0.00240227154,-5.15052e-07,0.0,6088.03739,2533.25036,-0.0461392575,73.3820828,0.000141823841
222.5,-3.0337873,6088.03896,1.26238227,1.26238227,0.80481659,0.80481659,1.01761656,1.01761656,-0.0461392683,-115.7954,-115.7954,0.000559487844,0.000559487844,0.00169213011,0.00169213011,0.491170862,2536.656,31.242287,-0.00240227209,-3.5789e-08,0.0,6088.03896,2533.251,-0.0461392683,73.3821245,0.000141823956
223.0,-3.0337873,6088.03892,1.26237902,1.26237902,0.804814505,0.804814505,1.01761394,1.01761394,-0.0460896455,-115.7954,-115.7954,0.000558886117,0.000558886117,0.00169031047,0.00169031047,0.491162613,2536.656,31.3189769,-0.00239968846,1.3372914e-05,0.0,6088.03892,2533.251,-0.0460896455,73.384617,0.000141676223
223.5,11.5217526,6122.57301,-3.68669707,-3.68669707,-2.392031164,-2.392031164,-2.023361752,-2.023361752,-0.0437260089,-115.7954,-115.7954,0.000530224489,0.000530224489,0.00160363793,0.00160363793,0.491158145,2536.656,32.9828805,-0.00227662406,0.000187462816,0.0,6122.57301,2547.62233,-0.0437260089,68.4830981,0.000125922631
224.0,82.6057502,6202.83961,-35.129804,-35.129804,-22.8075434,-22.8075434,-21.7851031,-21.7851031,-0.0357270931,-115.7954,-115.7954,0.000433229112,0.000433229112,0.00131031605,0.00131031605,0.491238302,2536.656,35.267435,-0.0018601552,0.000150388402,0.0,6202.83961,2581.02652,-0.0357270931,41.9254076,6.3104707e-05
224.5,92.86692,6097.988899999999,-38.9915612,-38.9915612,-24.8995687,-24.8995687,-23.8138758,-23.8138758,-0.0343087,-115.7954,-115.7954,0.000416029584,0.000416029584,0.00125830189,0.00125830189,0.491394517,2536.656,37.0247056,-0.00178630562,2.102262e-06,0.0,6097.988899999999,2537.39821,-0.0343087,38.2929762,5.5031477e-05
225.0,92.86692,6088.22064,-38.6499721,-38.6499721,-24.64156,-24.64156,-23.5655022,-23.5655022,-0.0343067499,-115.7954,-115.7954,0.000416005939,0.000416005939,0.00125823037,0.00125823037,0.491548939,2536.656,37.14141,-0.00178620408,-4.2591e-08,0.0,6088.22064,2533.33352,-0.0343067499,38.4073178,5.5192767e-05
225.5,92.86692,6088.02606,-38.6427472,-38.6427472,-24.6361654,-24.6361654,-23.5603102,-23.5603102,-0.0343073307,-115.7954,-115.7954,0.000416012973,0.000416012973,0.00125825165,0.00125825165,0.491703007,2536.656,37.14141,-0.00178623429,7.49426e-07,0.0,6088.02606,2533.2525,-0.0343073307,38.4097125,5.5197141e-05
226.0,92.86692,6088.02426,-38.6425893,-38.6425893,-24.6360567,-24.6360567,-23.5602066,-23.5602066,-0.0356059877,-124.4020716,-124.4020716,0.000464496283,0.000464496283,0.001404889,0.001404889,0.491857066,2536.656,37.14141,-0.00185384978,-8.9904384e-05,0.0,6088.02426,2533.251,-0.0356059877,43.7690426,6.5440711e-05
226.5,92.86692,6088.029140000001,-38.642582,-38.642582,-24.636072,-24.636072,-23.5602216,-23.5602216,-0.039094535,-147.453429,-147.453429,0.00060437687,0.00060437687,0.00182795696,0.00182795696,0.492011112,2536.656,37.14141,-0.00203548332,-0.000105683747,0.0,6088.029140000001,2533.251,-0.039094535,58.1656603,9.54281e-05
227.0,92.86692,6088.03384,-38.642582,-38.642582,-24.6360922,-24.6360922,-23.5602409,-23.5602409,-0.0426148545,-170.707766,-170.707766,0.000762510627,0.000762510627,0.00230623445,0.00230623445,0.492165157,2536.656,37.14141,-0.00221877112,-0.000101043389,0.0,6088.03384,2533.251,-0.0426148545,72.6933994,0.00012993784
227.5,92.86692,6078.46239,-41.4695938,-41.4695938,-26.3713333,-26.3713333,-25.2103265,-25.2103265,-0.0459090716,-193.964127,-193.964127,0.000932958935,0.000932958935,0.00282176362,0.00282176362,0.492319466,2521.59611,37.14141,-0.00239028673,-1.6136735e-05,0.0,6078.46239,2529.26633,-0.0459090716,86.28805,0.000166067349
228.0,92.86692,3027.11817,-76.3015693,-76.3015693,-27.19463689,-27.19463689,-25.03111668,-25.03111668,-0.0465883089,-217.220845,-217.220845,0.001061889282,0.001061889282,0.0032117458,0.0032117458,0.492507205,1240.507963,37.14141,-0.00242565172,-0.000155608901,0.0,3027.11817,1259.579019,-0.0465883089,89.0911462,0.000175733983
228.5,92.86692,1973.7056,-36.4621203,-36.4621203,-7.54832562,-7.54832562,-6.85659364,-6.85659364,-0.0533535702,-240.475145,-240.475145,0.00134418489,0.00134418489,0.00406554985,0.00406554985,0.492581441,851.2265,37.14141,-0.00277788963,-8.9364899e-05,0.0,1973.7056,821.242313,-0.0533535702,117.0101851,0.000261633647
229.0,92.86692,2041.4762,-38.5855073,-38.5855073,-8.2489308,-8.2489308,-7.50867763,-7.50867763,-0.0567007256,-263.73252,-263.73252,0.00156666528,0.00156666528,0.00473847692,0.00473847692,0.492635756,851.2265,37.14141,-0.00295216147,-0.000100137755,0.0,2041.4762,849.44021,-0.0567007256,130.8233069,0.000310890347
229.5,92.86692,2042.99894,-38.6415054,-38.6415054,-8.2670546,-8.2670546,-7.52541821,-7.52541821,-0.0602165647,-286.988556,-286.988556,0.00181041811,0.00181041811,0.0054757546,0.0054757546,0.492691367,851.2265,37.14141,-0.00313521601,-9.9338683e-05,0.0,2042.99894,850.07179,-0.0602165647,145.33255,0.000366755605
230.0,92.86692,2043.03046,-38.6425879,-38.6425879,-8.2674134,-8.2674134,-7.52575005,-7.52575005,-0.0623262506,-300.899484,-300.899484,0.00196390986,0.00196390986,0.00594002531,0.00594002531,0.492746999,851.2265,37.14141,-0.00324505829,-9.753585e-06,0.0,2043.03046,850.083647,-0.0623262506,154.038856,0.000402152262
230.5,92.86692,2043.0309,-38.64261,-38.64261,-8.26742,-8.26742,-7.52575636,-7.52575636,-0.0623455459,-301.024,-301.024,0.00196532858,0.00196532858,0.00594431626,0.00594431626,0.49280264,851.2265,37.14141,-0.00324606286,2.74493e-07,0.0,2043.0309,850.08386,-0.0623455459,154.118484,0.000402484132
231.0,92.86692,2043.0309,-38.64261,-38.64261,-8.26742,-8.26742,-7.5257564,-7.5257564,-0.0623455531,-301.024,-301.024,0.00196532876,0.00196532876,0.00594431692,0.00594431692,0.492858271,851.2265,37.14141,-0.00324606325,2.3384e-08,0.0,2043.0309,850.08386,-0.0623455531,154.118514,0.000402484247
231.5,92.86692,2043.0309,-38.64261,-38.64261,-8.26742,-8.26742,-7.5257564,-7.5257564,-0.0623455906,-301.024,-301.024,0.00196532993,0.00196532993,0.00594432064,0.00594432064,0.492913902,851.2265,37.14141,-0.00324606517,-1.28292e-07,0.0,2043.0309,850.08386,-0.0623455906,154.118667,0.000402484897
232.0,92.86692,2043.0309,-38.64261,-38.64261,-8.26742,-8.26742,-7.5257564,-7.5257564,-0.0623455512,-301.024,-301.024,0.00196532874,0.00196532874,0.0059443168,0.0059443168,0.492969536,851.2265,37.14141,-0.00324606315,3.69325e-07,0.0,2043.0309,850.08386,-0.0623455512,154.118507,0.00040248423
232.5,87.2959277,2030.84692,-36.5438889,-36.5438889,-7.77339441,-7.77339441,-7.07510865,-7.07510865,-0.0623869702,-298.143756,-298.143756,0.00194812116,0.00194812116,0.00589226185,0.00589226185,0.49302436,851.2265,37.14141,-0.00324821959,6.237653e-05,0.0,2030.84692,845.013982,-0.0623869702,154.289429,0.000403257393
233.0,71.8279292,2017.50658,-29.9068499,-29.9068499,-6.3185975,-6.3185975,-5.74724156,-5.74724156,-0.0556657602,-244.535947,-244.535947,0.00143141338,0.00143141338,0.00432936791,0.00432936791,0.493072223,851.2265,37.14141,-0.0028982753,0.000279620399,0.0,2017.50658,839.466865,-0.0556657602,126.5521804,0.000296380092
233.5,56.1887587,2016.98768,-23.381109,-23.381109,-4.93852428,-4.93852428,-4.47246804,-4.47246804,-0.0461307052,-172.405635,-172.405635,0.000838799293,0.000838799293,0.00253694999,0.00253694999,0.493110876,851.2265,37.14141,-0.00240182624,0.000272642126,0.0,2016.98768,839.256532,-0.0461307052,87.202691,0.000169800219
234.0,40.5495886,2016.96485,-16.87301415,-16.87301415,-3.56385243,-3.56385243,-3.18382641,-3.18382641,-0.0365941332,-100.27199,-100.27199,0.000390196679,0.000390196679,0.0011801565,0.0011801565,0.493140228,851.2265,37.14141,-0.00190529823,0.000274368944,0.0,2016.96485,839.252605,-0.0365941332,47.8469422,7.4638824e-05
234.5,24.9104187,2016.9358,-10.3662571,-10.3662571,-2.18949334,-2.18949334,-1.87161449,-1.87161449,-0.0166634739,-28.15009917,-28.15009917,8.6024176e-05,8.6024176e-05,0.000262338639,0.000262338639,0.49315988,851.2265,37.14141,-0.00086759499,0.000953330768,0.0,2016.9358,839.252161,-0.0166634739,8.64897637,1.4074091e-05
235.0,9.27124911,2016.86867,-3.85804016,-3.85804016,-0.814842069,-0.814842069,-0.610894956,-0.610894956,0.0324529491,43.9911879,43.9911879,0.00015544553,0.00015544553,0.00047015967,0.00047015967,0.493169483,851.2265,37.14141,0.00168968467,0.000276545066,0.0,2016.86867,839.252892,0.0324529491,-30.7570072,4.3107663e-05
235.5,-6.367920973,2016.85018,2.649447288,2.649447288,0.559574676,0.559574676,0.7654834036,0.7654834036,0.0373706683,85.524089,85.524089,0.000334686912,0.000334686912,0.0010122621,0.0010122621,0.493169319,851.2265,37.14141,0.00194572904,-8.528465e-06,0.0,2016.85018,839.248062,0.0373706683,-51.0515687,7.9936929e-05
236.0,-22.0070906,2016.86103,9.15781826,9.15781826,1.93417842,1.93417842,2.30780451,2.30780451,0.0360211025,85.73077,85.73077,0.000323386819,0.000323386819,0.000978089552,0.000978089552,0.493156464,851.2265,37.14141,0.00187546299,-3.9831858e-05,0.0,2016.86103,839.251802,0.0360211025,-45.4821476,6.8652917e-05
236.5,-33.8427253,2025.60636,14.2950879,14.2950879,3.03261307,3.03261307,3.43434739,3.43434739,0.0349564988,85.73077,85.73077,0.000313829121,0.000313829121,0.000949185721,0.000949185721,0.493132029,851.2265,37.14141,0.00182003371,-1.2548955e-05,0.0,2025.60636,842.890167,0.0349564988,-41.0887181,6.0167049e-05
237.0,-34.558514,2041.99468,14.4123684,14.4123684,3.08189731,3.08189731,3.48639247,3.48639247,0.0349072817,85.73077,85.73077,0.00031338726,0.00031338726,0.000947849454,0.000947849454,0.493102841,851.2265,37.14141,0.00181747116,-5.2326e-07,0.0,2041.99468,849.709448,0.0349072817,-40.885606,5.9782641e-05
237.5,-34.558514,2042.873,14.3806365,14.3806365,3.07643749,3.07643749,3.4806682,3.4806682,0.0382082928,107.5859495,107.5859495,0.00043494659,0.00043494659,0.00131549757,0.00131549757,0.493073783,851.2265,37.14141,0.00198934051,0.000214711876,0.0,2042.873,850.07686,0.0382082928,-54.5082971,8.8356037e-05
238.0,-34.558514,2042.87677,14.3799878,14.3799878,3.07630443,3.07630443,3.4805288,3.4805288,0.0475306398,169.189859,169.189859,0.000847213591,0.000847213591,0.00256238395,0.00256238395,0.493044735,851.2265,37.14141,0.00247471477,0.000275423616,0.0,2042.87677,850.083862,0.0475306398,-92.979977,0.000186390823
238.5,-34.558514,2042.86385,14.3799768,14.3799768,3.0762826,3.0762826,3.48050606,3.48050606,0.0569725789,231.567903,231.567903,0.00138665858,0.00138665858,0.00419396186,0.00419396186,0.493015672,851.2265,37.14141,0.00296631561,0.000281285992,0.0,2042.86385,850.084,0.0569725789,-131.945189,0.000316153602
239.0,-34.558514,2042.85063,14.3799773,14.3799773,3.07626295,3.07626295,3.48048554,3.48048554,0.0663983845,293.826925,293.826925,0.00204803369,0.00204803369,0.00619440321,0.00619440321,0.492986589,851.2265,37.14141,0.00345707665,0.00024498328,0.0,2042.85063,850.084,0.0663983845,-170.843834,0.000476413749
239.5,-34.558514,2042.84462,14.3800559,14.3800559,3.07627056,3.07627056,3.48049368,3.48049368,0.070498824,320.84116,320.84116,0.0023686482,0.0023686482,0.00716418249,0.00716418249,0.492957494,851.2265,37.14141,0.00367056878,-1.25636e-07,0.0,2042.84462,850.083906,0.070498824,-187.765623,0.000554480868
240.0,-34.558514,2042.84492,14.38005315,14.38005315,3.07627033,3.07627033,3.48049334,3.48049334,0.0704988413,320.84116,320.84116,0.00236864879,0.00236864879,0.00716418434,0.00716418434,0.492928397,851.2265,37.14141,0.00367056974,-1.38212e-07,0.0,2042.84492,850.084,0.0704988413,-187.765698,0.000554481225
240.5,-27.8207979,2058.26106,11.9351993,11.9351993,2.56879791,2.56879791,2.95806742,2.95806742,0.0710629603,320.84116,320.84116,0.00238760222,0.00238760222,0.00722150478,0.00722150478,0.492900266,851.2265,37.14141,0.00369994093,4.7966385e-05,0.0,2058.26106,856.499106,0.0710629603,-190.093712,0.00056589887
241.0,-2.56677671,2085.22639,1.119425882,1.119425882,0.244015729,0.244015729,0.444764471,0.444764471,0.0733191695,320.84116,320.84116,0.00246340723,0.00246340723,0.00745075826,0.00745075826,0.492885547,851.2265,37.14141,0.00381741188,6.8223711e-05,0.0,2085.22639,867.720892,0.0733191695,-199.404685,0.000612486917
241.5,23.74666905,2086.61093,-9.87987769,-9.87987769,-2.1588539,-2.1588539,-1.838921564,-1.838921564,0.0756489326,320.84116,320.84116,0.00254168357,0.00254168357,0.00768748462,0.00768748462,0.492891157,851.2265,37.14141,0.00393871269,6.7430552e-05,0.0,2086.61093,868.298376,0.0756489326,-209.01921,0.000662412021
242.0,42.479979,2069.51381,-18.0372384,-18.0372384,-3.90836286,-3.90836286,-3.5136379,-3.5136379,0.0773365724,320.84116,320.84116,0.00259838564,0.00259838564,0.0078589637,0.0078589637,0.492913077,851.2265,37.14141,0.0040265808,1.4118173e-05,0.0,2069.51381,861.185123,0.0773365724,-215.983802,0.000699676544
242.5,43.21629,2044.0227,-18.0255194,-18.0255194,-3.85835973,-3.85835973,-3.46732715,-3.46732715,0.0773764535,320.84116,320.84116,0.00259972557,0.00259972557,0.007863016,0.007863016,0.492940067,851.2265,37.14141,0.00402865727,-7.72662e-07,0.0,2044.0227,850.57811,0.0773764535,-216.148387,0.000700566603
243.0,43.21629,2042.85805,-17.9834624,-17.9834624,-3.84715882,-3.84715882,-3.45687428,-3.45687428,0.0773730102,320.84116,320.84116,0.00259960988,0.00259960988,0.0078626661,0.0078626661,0.492966635,851.2265,37.14141,0.00402847801,2.46318e-07,0.0,2042.85805,850.093474,0.0773730102,-216.134175,0.000700489365
243.5,43.110482,2042.62407,-17.9586398,-17.9586398,-3.84141159,-3.84141159,-3.45153931,-3.45153931,0.0773652716,320.84116,320.84116,0.00259934986,0.00259934986,0.00786187995,0.00786187995,0.492993183,851.2265,37.14141,0.00402807505,-2.313443e-06,0.0,2042.62407,849.996138,0.0773652716,-216.102245,0.000700315885
244.0,40.3945621,2037.66606,-16.8460419,-16.8460419,-3.5947265,-3.5947265,-3.21702012,-3.21702012,0.077127006,320.84116,320.84116,0.00259134453,0.00259134453,0.0078376698,0.0078376698,0.493019022,851.2265,37.14141,0.00401566959,-1.0083966e-05,0.0,2037.66606,847.932922,0.077127006,-215.118961,0.000694984048
244.5,36.5734122,2036.50251,-15.2194423,-15.2194423,-3.24573046,-3.24573046,-2.8807092,-2.8807092,0.0767863385,320.84116,320.84116,0.00257989868,0.00257989868,0.00780305533,0.00780305533,0.493042524,851.2265,37.14141,0.00399793255,-9.755675e-06,0.0,2036.50251,847.448558,0.0767863385,-213.713092,0.000687392402
245.0,32.7522628,2036.47705,-13.6283973,-13.6283973,-2.90638349,-2.90638349,-2.55843132,-2.55843132,0.0764484976,320.84116,320.84116,0.00256854773,0.00256854773,0.00776872762,0.00776872762,0.493063548,851.2265,37.14141,0.00398034256,-9.412659e-06,0.0,2036.47705,847.437788,0.0764484976,-212.318876,0.000679903381
245.5,28.9311133,2036.47673,-12.0384115,-12.0384115,-2.56730379,-2.56730379,-2.24133309,-2.24133309,0.0761107744,320.84116,320.84116,0.00255720076,0.00255720076,0.00773441194,0.00773441194,0.493082167,851.2265,37.14141,0.00396275879,-8.777411e-06,0.0,2036.47673,847.437439,0.0761107744,-210.925153,0.000672456459
246.0,25.1099639,2036.47813,-10.4484554,-10.4484554,-2.22823228,-2.22823228,-1.92218784,-1.92218784,0.0757730449,320.84116,320.84116,0.00254585354,0.00254585354,0.00770009556,0.00770009556,0.493098376,851.2265,37.14141,0.00394517459,-9.613284e-06,0.0,2036.47813,847.437843,0.0757730449,-209.531402,0.000665048812
246.5,21.2888145,2036.47762,-8.8584787,-8.8584787,-1.88915422,-1.88915422,-1.57279307,-1.57279307,0.0754352966,320.84116,320.84116,0.00253450579,0.00253450579,0.00766577748,0.00766577748,0.493112027,851.2265,37.14141,0.00392758956,-9.49132e-06,0.0,2036.47762,847.437428,0.0754352966,-208.137578,0.000657680228
247.0,17.4676651,2036.47849,-7.26846349,-7.26846349,-1.55006912,-1.55006912,-1.23848667,-1.23848667,0.0750975611,320.84116,320.84116,0.00252315843,0.00252315843,0.00763146019,0.00763146019,0.493123013,851.2265,37.14141,0.00391000516,-9.901918e-06,0.0,2036.47849,847.437591,0.0750975611,-206.743803,0.000650351321
247.5,14.0399475,2037.41336,-5.80303793,-5.80303793,-1.23809322,-1.23809322,-0.950570522,-0.950570522,0.0747912056,320.84116,320.84116,0.00251286544,0.00251286544,0.00760033171,0.00760033171,0.493131514,851.2265,37.14141,0.00389405456,-4.969353e-06,0.0,2037.41336,847.826413,0.0747912056,-205.479528,0.000643736565
248.0,13.478092,2042.29049,-5.58942556,-5.58942556,-1.1954011,-1.1954011,-0.912266991,-0.912266991,0.0747429102,320.84116,320.84116,0.0025112427,0.0025112427,0.00759542421,0.00759542421,0.493138678,851.2265,37.14141,0.00389153994,2.51073e-07,0.0,2042.29049,849.855781,0.0747429102,-205.280213,0.000642696147
248.5,13.478092,2042.8279,-5.60792125,-5.60792125,-1.19967142,-1.19967142,-0.91602779,-0.91602779,0.0747326177,320.757864,320.757864,0.00251024594,0.00251024594,0.0075924093,0.0075924093,0.493145863,851.2265,37.14141,0.00389100404,-1.5928026e-05,0.0,2042.8279,850.079392,0.0747326177,-205.23774,0.00064247491
249.0,13.478092,2595.26184,7.60989751,7.60989751,2.2987159,2.2987159,2.682297793,2.682297793,0.070555967,300.221686,300.221686,0.00222038202,0.00222038202,0.00671565674,0.00671565674,0.493142361,1105.471855,37.14141,0.00367354397,-0.000180641035,0.0,2595.26184,1079.9488,0.070555967,-188.001441,0.000556339426
249.5,13.478092,4341.88251,10.5312156,10.5312156,4.78024966,4.78024966,5.27855832,5.27855832,0.0648718372,264.250396,264.250396,0.00179682841,0.00179682841,0.00543453405,0.00543453405,0.493105576,1811.18921,37.14141,0.00337759592,-0.000151757763,0.0,4341.88251,1806.72719,0.0648718372,-164.544041,0.000447539208
250.0,13.478092,6059.091640000001,10.3605608,10.3605608,6.57367626,6.57367626,7.22100417,7.22100417,0.0594401393,228.273471,228.273471,0.00142259348,0.00142259348,0.00430261227,0.00430261227,0.493051441,2524.69594,37.14141,0.00309479098,-0.000156591191,0.0,6059.091640000001,2521.26742,0.0594401393,-142.128382,0.000354297269
250.5,13.5112373,7752.746679999999,8.03208905,8.03208905,6.37110694,6.37110694,7.19127246,7.19127246,0.0541844168,192.300019,192.300019,0.001092540525,0.001092540525,0.00330434757,0.00330434757,0.492978996,3222.18777,37.14141,0.00282114813,-0.000120396592,0.0,7752.746679999999,3226.00684,0.0541844168,-120.438939,0.000273659292
251.0,23.5669175,8328.055199999999,-10.62649882,-10.62649882,-9.26278369,-9.26278369,-8.29203947,-8.29203947,0.050805265,156.326166,156.326166,0.000832948062,0.000832948062,0.00251919666,0.00251919666,0.492979276,3443.531,37.14141,0.00264521037,-0.000111105249,0.0,8328.055199999999,3465.39487,0.050805265,-106.4937764,0.000226860571
251.5,41.307597,8294.86685,-17.2224083,-17.2224083,-14.9598257,-14.9598257,-13.9434429,-13.9434429,0.0468636759,120.3503425,120.3503425,0.00059183364,0.00059183364,0.00178995703,0.00178995703,0.493058014,3443.531,37.14141,0.0024399888,-0.000112530292,0.0,8294.86685,3451.58273,0.0468636759,-90.2275335,0.000177333972
252.0,59.048276,8293.9601,-24.5706593,-24.5706593,-21.3406339,-21.3406339,-20.223187,-20.223187,0.0429836691,84.3775225,84.3775225,0.000381008127,0.000381008127,0.001152338456,0.001152338456,0.493174517,3443.531,37.14141,0.00223797376,-0.00011132845,0.0,8293.9601,3451.20321,0.0429836691,-74.2154286,0.000133838901
252.5,76.7889554,8293.947400000001,-31.9523753,-31.9523753,-27.7519213,-27.7519213,-26.496256,-26.496256,0.0391058694,48.4011151,48.4011151,0.000199415196,0.000199415196,0.000603138674,0.000603138674,0.493327208,3443.531,37.14141,0.00203607344,-0.000111921339,0.0,8293.947400000001,3451.19567,0.0391058694,-58.2124372,9.5570009e-05
253.0,94.0191449,8292.9285,-39.2161762,-39.2161762,-34.0563692,-34.0563692,-32.6302587,-32.6302587,0.0360419449,12.44114118,12.44114118,4.752608e-05,4.752608e-05,0.000147586457,0.000147586457,0.493513458,3443.531,34.1562236,0.00187654816,-6.5917593e-05,0.0,8292.9285,3450.76992,0.0360419449,-42.0544598,6.3597499e-05
253.5,99.073456,8269.846249999999,-41.3974052,-41.3974052,-35.8509026,-35.8509026,-34.3728682,-34.3728682,0.032271386,-22.3580933,-22.3580933,-7.4089777e-05,-7.4089777e-05,-2.4494352e-05,-2.4494352e-05,0.493722278,3443.531,27.2957778,0.00168023148,-0.000121402471,0.0,8269.846249999999,3441.16293,0.032271386,-22.1940157,3.0371898e-05
254.0,99.073456,8264.5507,-41.2295923,-41.2295923,-35.6826331,-35.6826331,-34.2108736,-34.2108736,0.0303736532,-32.22762,-32.22762,-0.000102507079,-0.000102507079,-3.388991e-05,-3.388991e-05,0.493932308,3443.531,26.714361,0.00158142472,6.82334e-07,0.0,8264.5507,3438.95827,0.0303736532,-15.9504124,2.0293528e-05
254.5,99.073456,8264.4345,-41.2252792,-41.2252792,-35.6783978,-35.6783978,-34.2067929,-34.2067929,0.0303731494,-32.22762,-32.22762,-0.000102505378,-0.000102505378,-3.3889348e-05,-3.3889348e-05,0.494142115,3443.531,26.714361,0.00158139846,-5.2445e-08,0.0,8264.4345,3438.90979,0.0303731494,-15.9489168,2.0291289e-05
255.0,99.073456,8264.432,-41.2251979,-41.2251979,-35.6783184,-35.6783184,-34.2067177,-34.2067177,0.030373168,-32.22762,-32.22762,-0.000102505441,-0.000102505441,-3.3889368e-05,-3.3889368e-05,0.494351923,3443.531,26.714361,0.00158139945,1.23459e-07,0.0,8264.432,3438.909,0.030373168,-15.94897075,2.0291369e-05
255.5,99.073456,8264.432,-41.225197,-41.225197,-35.678318,-35.678318,-34.206715,-34.206715,0.0303731318,-32.22762,-32.22762,-0.000102505316,-0.000102505316,-3.3889328e-05,-3.3889328e-05,0.494561713,3443.531,26.714361,0.00158139756,-6.50382e-07,0.0,8264.432,3438.909,0.0303731318,-15.9488642,2.029121e-05
256.0,99.073456,8264.432,-41.225197,-41.225197,-35.678318,-35.678318,-34.206715,-34.206715,0.030373161,-32.22762,-32.22762,-0.000102505416,-0.000102505416,-3.388936e-05,-3.388936e-05,0.494771508,3443.531,26.714361,0.00158139908,4.0557e-08,0.0,8264.432,3438.909,0.030373161,-15.9489505,2.0291339e-05
256.5,99.073456,8264.432,-41.225197,-41.225197,-35.678318,-35.678318,-34.206715,-34.206715,0.0303731498,-32.22762,-32.22762,-0.00010250538,-0.00010250538,-3.3889348e-05,-3.3889348e-05,0.49498129,3443.531,26.714361,0.0015813985,-2.0927e-08,0.0,8264.432,3438.909,0.0303731498,-15.9489176,2.029129e-05
257.0,99.073456,8264.432,-41.225197,-41.225197,-35.678318,-35.678318,-34.206715,-34.206715,0.0303731838,-32.22762,-32.22762,-0.000102505494,-0.000102505494,-3.3889386e-05,-3.3889386e-05,0.495191071,3443.531,26.714361,0.00158140025,-1.2646e-07,0.0,8264.432,3438.909,0.0303731838,-15.94901825,2.029144e-05
257.5,99.073456,8264.4308,-41.225214,-41.225214,-35.678326,-35.678326,-34.2067244,-34.2067244,0.0313663793,-27.4887411,-27.4887411,-9.0103112e-05,-9.0103112e-05,-2.9788626e-05,-2.9788626e-05,0.495400846,3443.531,26.714361,0.00163311167,6.1473247e-05,0.0,8264.4308,3438.909,0.0313663793,-18.8970835,2.4875467e-05
258.0,99.073456,8264.4278,-41.225216,-41.225216,-35.6783133,-35.6783133,-34.2067129,-34.2067129,0.0335094445,-17.3031356,-17.3031356,-6.052987e-05,-6.052987e-05,-2.0010875e-05,-2.0010875e-05,0.495610614,3443.531,26.714361,0.00174469183,6.2805562e-05,0.0,8264.4278,3438.909,0.0335094445,-25.2582643,3.5500628e-05
258.5,99.073456,8264.4247,-41.225216,-41.225216,-35.6783013,-35.6783013,-34.2067004,-34.2067004,0.03565241,-7.11756887,-7.11756887,-2.6385048e-05,-2.6385048e-05,-8.722609e-06,-8.722609e-06,0.495820388,3443.531,26.714361,0.00185626676,6.5901536e-05,0.0,8264.4247,3438.909,0.03565241,-31.6191476,4.7267292e-05
259.0,99.073456,8264.4216,-41.225216,-41.225216,-35.6782871,-35.6782871,-34.2066882,-34.2066882,0.0377954794,3.065821543,3.065821543,1.2322936e-05,1.2322936e-05,3.9374344e-05,3.9374344e-05,0.496030148,3443.531,26.714361,0.00196784711,6.0920429e-05,0.0,8264.4216,3438.909,0.0377954794,-37.9803416,6.017659e-05
259.5,99.073456,8264.4185,-41.225216,-41.225216,-35.6782744,-35.6782744,-34.206676,-34.206676,0.0399384353,13.2509862,13.2509862,5.5608702e-05,5.5608702e-05,0.000168209515,0.000168209515,0.496239909,3443.531,26.714361,0.00207942152,6.1927613e-05,0.0,8264.4185,3438.909,0.0399384353,-44.3411949,7.4227138e-05
260.0,97.9913148,8262.093499999999,-40.8151734,-40.8151734,-35.3135179,-35.3135179,-33.8541473,-33.8541473,0.0419534793,23.4350375,23.4350375,0.000103118252,0.000103118252,0.000311906835,0.000311906835,0.496449186,3443.531,26.714361,0.00218433618,5.2567043e-05,0.0,8262.093499999999,3437.94251,0.0419534793,-50.3223733,8.8467499e-05
260.5,95.2692332,8259.929,-39.6447937,-39.6447937,-34.2918666,-34.2918666,-32.8663547,-32.8663547,0.0437580991,33.6221267,33.6221267,0.000154226692,0.000154226692,0.000466473532,0.000466473532,0.496654717,3443.531,26.714361,0.00227829496,5.5964875e-05,0.0,8259.929,3437.04302,0.0437580991,-55.6789591,0.000102089332
261.0,92.5304582,8259.853650000001,-38.5027382,-38.5027382,-33.3037072,-33.3037072,-31.9105887,-31.9105887,0.0455640835,43.8048051,43.8048051,0.000209171828,0.000209171828,0.000632639752,0.000632639752,0.49685534,3443.531,26.714361,0.00237232477,5.2208375e-05,0.0,8259.853650000001,3437.01267,0.0455640835,-61.0395936,0.000116532663
261.5,89.7916764,8259.849900000001,-37.3630564,-37.3630564,-32.3179019,-32.3179019,-30.9506993,-30.9506993,0.0473705915,53.9894964,53.9894964,0.000267981236,0.000267981236,0.000810494374,0.000810494374,0.497051087,3443.531,26.714361,0.00246638179,5.219471e-05,0.0,8259.849900000001,3437.01206,0.0473705915,-66.4017827,0.000131791527
262.0,87.052896,8259.849,-36.2233789,-36.2233789,-31.3321104,-31.3321104,-29.9896649,-29.9896649,0.0480957735,59.01649,59.01649,0.000297241139,0.000297241139,0.000898981981,0.000898981981,0.49724192,3443.531,26.714361,0.00250413886,-9.277111e-06,0.0,8259.849,3437.01204,0.0480957735,-68.5543144,0.000138112812
262.5,84.3141185,8259.8497,-35.0838196,-35.0838196,-30.34643,-30.34643,-29.0298047,-29.0298047,0.0477592997,59.01649,59.01649,0.000295161668,0.000295161668,0.000892693799,0.000892693799,0.497427774,3443.531,26.714361,0.0024866201,-9.561886e-06,0.0,8259.8497,3437.01217,0.0477592997,-67.5555736,0.000135148577
263.0,82.92491,8262.6192,-34.4645326,-34.4645326,-29.8207657,-29.8207657,-28.517785,-28.517785,0.047583372,59.01649,59.01649,0.000294074395,0.000294074395,0.000889405947,0.000889405947,0.497609318,3443.531,26.714361,0.00247746036,7.636e-09,0.0,8262.6192,3438.1647,0.047583372,-67.0333735,0.000133608748
263.5,82.92491,8264.3583,-34.5038529,-34.5038529,-29.8610693,-29.8610693,-28.5566638,-28.5566638,0.0475878107,59.01649,59.01649,0.000294101828,0.000294101828,0.000889488895,0.000889488895,0.49779011,3443.531,26.714361,0.00247769141,-2.32311e-07,0.0,8264.3583,3438.88834,0.0475878107,-67.0465469,0.000133647468
264.0,82.92491,8264.406500000001,-34.5056319,-34.5056319,-29.8627849,-29.8627849,-28.5583237,-28.5583237,0.0475880143,59.01649,59.01649,0.000294103084,0.000294103084,0.000889492704,0.000889492704,0.497970974,3443.531,26.714361,0.00247770193,-1.5284e-08,0.0,8264.406500000001,3438.90854,0.0475880143,-67.0471523,0.000133649247
264.5,82.92491,8264.408,-34.5056675,-34.5056675,-29.8628176,-29.8628176,-28.5583546,-28.5583546,0.0475879996,59.01649,59.01649,0.000294103002,0.000294103002,0.00088949245,0.00088949245,0.498151835,3443.531,26.714361,0.00247770133,-5.97342e-07,0.0,8264.408,3438.909,0.0475879996,-67.04711,0.000133649126
265.0,82.92491,8161.468639999999,-39.9260669,-39.9260669,-34.0176393,-34.0176393,-32.5959614,-32.5959614,0.0481987285,59.01649,59.01649,0.000297877414,0.000297877414,0.000900906009,0.000900906009,0.498336394,3385.55112,26.714361,0.00250949925,3.8603471e-05,0.0,8161.468639999999,3396.07551,0.0481987285,-68.8599096,0.000139099363
265.5,82.92491,6876.00891,-49.249859,-49.249859,-35.4863177,-35.4863177,-34.0555281,-34.0555281,0.0492562942,59.01649,59.01649,0.000304413387,0.000304413387,0.000920670317,0.000920670317,0.498551517,2856.844,26.714361,0.00256456219,-5.018032e-06,0.0,6876.00891,2861.18683,0.0492562942,-71.9990447,0.000148551958
266.0,82.92491,5394.052799999999,-44.8615074,-44.8615074,-25.504361,-25.504361,-24.3280743,-24.3280743,0.0487620887,59.01649,59.01649,0.000301359095,0.000301359095,0.000911434365,0.000911434365,0.4987378,2259.12036,26.714361,0.00253883099,-4.0055389e-05,0.0,5394.052799999999,2244.53371,0.0487620887,-70.532112,0.000144121896
266.5,82.92491,5050.78246,-33.6975314,-33.6975314,-17.8247249,-17.8247249,-16.9517853,-16.9517853,0.0474962204,59.01649,59.01649,0.000293535783,0.000293535783,0.000887777208,0.000887777208,0.498867159,2116.0208,26.714361,0.00247292271,5.720724e-06,0.0,5050.78246,2101.69564,0.0474962204,-66.7746827,0.000132849959
267.0,82.92491,5077.73381,-34.4816766,-34.4816766,-18.3352554,-18.3352554,-17.4430222,-17.4430222,0.0475852625,59.01649,59.01649,0.000294086082,0.000294086082,0.000889441276,0.000889441276,0.49898519,2116.0208,26.714361,0.00247755878,5.28106e-07,0.0,5077.73381,2112.91026,0.0475852625,-67.0389844,0.000133625245
267.5,82.92491,5078.37142,-34.5052172,-34.5052172,-18.3500752,-18.3500752,-17.4572817,-17.4572817,0.0475879534,59.01649,59.01649,0.000294102715,0.000294102715,0.000889491571,0.000889491571,0.499104134,2116.0208,26.714361,0.00247769886,-8.1334e-08,0.0,5078.37142,2113.17562,0.0475879534,-67.0469705,0.000133648718
268.0,82.92491,5078.38324,-34.5056585,-34.5056585,-18.3503525,-18.3503525,-17.4575485,-17.4575485,0.0475880103,59.01649,59.01649,0.000294103054,0.000294103054,0.00088949262,0.00088949262,0.499223085,2116.0208,26.714361,0.00247770175,4.45241e-07,0.0,5078.38324,2113.18058,0.0475880103,-67.0471371,0.000133649208
268.5,82.92491,5078.3833,-34.505669,-34.505669,-18.350357,-18.350357,-17.457554,-17.457554,0.0475879867,59.01649,59.01649,0.000294102914,0.000294102914,0.000889492204,0.000889492204,0.499342043,2116.0208,26.714361,0.0024777006,3.42037e-07,0.0,5078.3833,2113.1807,0.0475879867,-67.0470694,0.000133649011
269.0,82.92491,5078.3833,-34.50567,-34.50567,-18.350357,-18.350357,-17.457554,-17.457554,0.047588019,59.01649,59.01649,0.00029410312,0.00029410312,0.000889492807,0.000889492807,0.499460995,2116.0208,26.714361,0.00247770233,6.85225e-07,0.0,5078.3833,2113.1807,0.047588019,-67.047168,0.000133649299
269.5,82.92491,5078.3833,-34.50567,-34.50567,-18.350357,-18.350357,-17.457554,-17.457554,0.0475880135,59.01649,59.01649,0.000294103078,0.000294103078,0.000889492702,0.000889492702,0.499579943,2116.0208,26.714361,0.00247770207,-2.2926e-08,0.0,5078.3833,2113.1807,0.0475880135,-67.0471495,0.000133649247
270.0,82.92491,5078.38506,-34.5056446,-34.5056446,-18.3503513,-18.3503513,-17.4575472,-17.4575472,0.0463755149,53.2287657,53.2287657,0.000258950717,0.000258950717,0.000783184803,0.000783184803,0.499698898,2116.0208,26.714361,0.00241457247,-8.3449961e-05,0.0,5078.38506,2113.18064,0.0463755149,-63.4481354,0.000123364528
270.5,82.92491,5078.38982,-34.50564,-34.50564,-18.3503655,-18.3503655,-17.4575624,-17.4575624,0.0428667224,36.5471257,36.5471257,0.000164580898,0.000164580898,0.000497786542,0.000497786542,0.499817845,2116.0208,26.714361,0.00223188478,-0.000102554572,0.0,5078.38982,2113.1807,0.0428667224,-53.0331197,9.5356295e-05
271.0,82.92491,5078.39512,-34.50564,-34.50564,-18.3503848,-18.3503848,-17.4575795,-17.4575795,0.039303928,19.6147515,19.6147515,8.1253478e-05,8.1253478e-05,0.000245775051,0.000245775051,0.499936791,2116.0208,26.714361,0.00204638547,-0.000103302284,0.0,5078.39512,2113.1807,0.039303928,-42.4578103,7.0030997e-05
271.5,82.92491,5004.20795,-37.1590297,-37.1590297,-19.4545805,-19.4545805,-18.5105646,-18.5105646,0.0360405751,2.682815976,2.682815976,1.0522533e-05,1.0522533e-05,4.1430402e-05,4.1430402e-05,0.500057484,2078.88224,26.714361,0.00187647686,-8.8227862e-05,0.0,5004.20795,2082.30891,0.0360405751,-32.7713248,4.9550467e-05
272.0,82.92491,4749.29579,-34.8657986,-34.8657986,-17.341228,-17.341228,-16.4692628,-16.4692628,0.0322211274,-14.2491537,-14.2491537,-4.7502208e-05,-4.7502208e-05,-1.5703917e-05,-1.5703917e-05,0.500178572,1984.6165,26.714361,0.00167761472,-0.000129193606,0.0,4749.29579,1976.23583,0.0322211274,-21.4342004,2.909101e-05
272.5,62.6551818,4718.3935,-26.8115203,-26.8115203,-13.2665562,-13.2665562,-12.54338716,-12.54338716,0.0118538968,-31.1817415,-31.1817415,-2.825488e-05,-2.825488e-05,6.8674319e-05,6.8674319e-05,0.5002841,1984.6165,26.714361,0.000617181116,-0.00261754727,0.0,4718.3935,1963.36532,0.0118538968,-4.09667351,8.92048e-06
273.0,10.84379377,4677.96711,-4.31067831,-4.31067831,-2.11067105,-2.11067105,-1.70327922,-1.70327922,-0.0337792825,-48.1100697,-48.1100697,0.000171577318,0.000171577318,0.000518950092,0.000518950092,0.50033561,1984.6165,26.714361,-0.00175874112,-0.000258363188,0.0,4677.96711,1946.51688,-0.0337792825,26.0592121,3.7810448e-05
273.5,-5.6249094,4745.18476,2.901028,2.901028,1.44076927,1.44076927,1.83030109,1.83030109,-0.0394159598,-65.0414096,-65.0414096,0.000268962484,0.000268962484,0.000813475408,0.000813475408,0.500327394,1984.6165,26.714361,-0.0020522185,-9.8483386e-05,0.0,4745.18476,1974.48334,-0.0394159598,42.79035,7.0766882e-05
274.0,-5.6249094,4762.739759999999,2.35538677,2.35538677,1.17475543,1.17475543,1.49368325,1.49368325,-0.0429167653,-81.9735682,-81.9735682,0.000368928968,0.000368928968,0.00111580577,0.00111580577,0.500314481,1984.6165,26.714361,-0.00223449024,-0.000101286755,0.0,4762.739759999999,1981.78608,-0.0429167653,53.1816589,9.5734204e-05
274.5,-5.6249094,4763.13691,2.34086811,2.34086811,1.16761223,1.16761223,1.48459543,1.48459543,-0.0464273825,-98.6589578,-98.6589578,0.000480117235,0.000480117235,0.00145207229,0.00145207229,0.500302389,1984.6165,26.714361,-0.00241727296,-7.9270328e-05,0.0,4763.13691,1981.94937,-0.0464273825,63.602091,0.000123802691
275.0,-5.6249094,4763.146,2.34056949,2.34056949,1.16746552,1.16746552,1.48440873,1.48440873,-0.047650953,-104.45054,-104.45054,0.000521207769,0.000521207769,0.00157634248,0.00157634248,0.500290325,1984.6165,26.714361,-0.00248097889,-3e-10,0.0,4763.146,1981.9524,-0.047650953,67.2339685,0.0001341989
275.5,-5.6249094,4763.146,2.3405664,2.3405664,1.16746395,1.16746395,1.4844067,1.4844067,-0.0476509714,-104.45054,-104.45054,0.000521207975,0.000521207975,0.00157634309,0.00157634309,0.500278267,1984.6165,26.714361,-0.00248097991,2.9658e-08,0.0,4763.146,1981.9524,-0.0476509714,67.2340229,0.000134199057
276.0,-5.6249094,4763.146,2.3405664,2.3405664,1.1674639,1.1674639,1.4844067,1.4844067,-0.0476509378,-104.45054,-104.45054,0.000521207615,0.000521207615,0.00157634197,0.00157634197,0.500266194,1984.6165,26.714361,-0.0024809782,2.58466e-07,0.0,4763.146,1981.9524,-0.0476509378,67.2339234,0.000134198768
276.5,-5.6249094,4763.146,2.3405664,2.3405664,1.16746393,1.16746393,1.4844067,1.4844067,-0.0476509692,-104.45054,-104.45054,0.000521207953,0.000521207953,0.00157634302,0.00157634302,0.500254122,1984.6165,26.714361,-0.00248097981,-1.78679e-07,0.0,4763.146,1981.9524,-0.0476509692,67.2340186,0.000134199043
277.0,-5.6249094,4763.146,2.3405664,2.3405664,1.16746392,1.16746392,1.4844067,1.4844067,-0.0476509527,-104.45054,-104.45054,0.000521207772,0.000521207772,0.00157634246,0.00157634246,0.500242055,1984.6165,26.714361,-0.00248097894,-1.27373e-07,0.0,4763.146,1981.9524,-0.0476509527,67.2339687,0.000134198897
277.5,-5.6249094,4763.146,2.3405664,2.3405664,1.16746393,1.16746393,1.4844067,1.4844067,-0.0476509694,-104.45054,-104.45054,0.000521207972,0.000521207972,0.00157634305,0.00157634305,0.50022999,1984.6165,26.714361,-0.00248097985,5.3205e-08,0.0,4763.146,1981.9524,-0.0476509694,67.2340207,0.000134199048
278.0,-5.6249094,4763.146,2.3405664,2.3405664,1.1674639,1.1674639,1.4844067,1.4844067,-0.0476509231,-104.45054,-104.45054,0.000521207453,0.000521207453,0.00157634149,0.00157634149,0.500217914,1984.6165,26.714361,-0.0024809774,-2.40806e-07,0.0,4763.146,1981.9524,-0.0476509231,67.233883,0.000134198637
278.5,-5.6249094,4763.146,2.3405664,2.3405664,1.1674639,1.1674639,1.4844067,1.4844067,-0.0476509323,-104.45054,-104.45054,0.000521207547,0.000521207547,0.0015763418,0.0015763418,0.500205843,1984.6165,26.714361,-0.00248097789,-2.35804e-07,0.0,4763.146,1981.9524,-0.0476509323,67.2339084,0.000134198718
279.0,-5.6249094,4763.146,2.3405664,2.3405664,1.1674639,1.1674639,1.4844067,1.4844067,-0.0476509366,-104.45054,-104.45054,0.000521207592,0.000521207592,0.00157634193,0.00157634193,0.500193778,1984.6165,26.714361,-0.00248097805,-7.0501e-08,0.0,4763.146,1981.9524,-0.0476509366,67.2339211,0.000134198753
279.5,-5.6249094,4763.146,2.3405664,2.3405664,1.16746394,1.16746394,1.4844067,1.4844067,-0.0476509732,-104.45054,-104.45054,0.000521208006,0.000521208006,0.00157634317,0.00157634317,0.500181709,1984.6165,26.714361,-0.00248098003,1.84467e-07,0.0,4763.146,1981.9524,-0.0476509732,67.2340307,0.000134199082
280.0,-5.6249094,4763.146,2.3405664,2.3405664,1.16746391,1.16746391,1.4844067,1.4844067,-0.0476509384,-104.45054,-104.45054,0.000521207621,0.000521207621,0.00157634207,0.00157634207,0.50016965,1984.6165,26.714361,-0.00248097827,2.29312e-07,0.0,4763.146,1981.9524,-0.0476509384,67.2339286,0.000134198776
280.5,-5.6249094,4763.146,2.3405664,2.3405664,1.16746392,1.16746392,1.4844067,1.4844067,-0.0476509535,-104.45054,-104.45054,0.000521207777,0.000521207777,0.00157634251,0.00157634251,0.500157586,1984.6165,26.714361,-0.00248097898,-2.4336e-08,0.0,4763.146,1981.9524,-0.0476509535,67.23397,0.000134198903
281.0,-5.6249094,4763.146,2.3405664,2.3405664,1.16746391,1.16746391,1.4844067,1.4844067,-0.0476509453,-104.45054,-104.45054,0.000521207691,0.000521207691,0.00157634224,0.00157634224,0.500145503,1984.6165,26.714361,-0.00248097857,3.6418e-07,0.0,4763.146,1981.9524,-0.0476509453,67.233949,0.000134198833
281.5,7.54649998,4794.46973,-2.13451822,-2.13451822,-1.094941717,-1.094941717,-0.742920555,-0.742920555,-0.0461573005,-104.45054,-104.45054,0.000504870157,0.000504870157,0.00152693847,0.00152693847,0.500136319,1984.6165,26.714361,-0.00240321096,0.000168890369,0.0,4794.46973,1994.98729,-0.0461573005,62.8004195,0.00012183467
282.0,83.767783,4895.30763,-34.5734615,-34.5734615,-17.7315532,-17.7315532,-16.8290282,-16.8290282,-0.0367199753,-104.45054,-104.45054,0.000401644368,0.000401644368,0.00121477955,0.00121477955,0.500192586,1984.6165,26.714361,-0.00191185027,0.00030706334,0.0,4895.30763,2036.9522,-0.0367199753,34.7879612,5.4629939e-05
282.5,163.238644,4892.27511,-68.5842175,-68.5842175,-35.1264624,-35.1264624,-33.2424134,-33.2424134,-0.01421520025,-104.45054,-104.45054,0.000155486357,0.000155486357,0.000622756955,0.000622756955,0.500355091,1984.6165,26.714361,-0.000740123988,0.001402765559,0.0,4892.27511,2035.70355,-0.01421520025,5.72531809,7.803413e-06
283.0,164.94271,4742.588470000001,-70.2599311,-70.2599311,-34.9342098,-34.9342098,-33.0072014,-33.0072014,0.0032668816,-101.107618,-101.107618,-4.0722359e-05,-4.0722359e-05,0.000292383081,0.000292383081,0.500569749,1984.6165,26.714361,0.00017009238,-0.000928000945,0.0,4742.588470000001,1973.42801,0.0032668816,2.28351935,4.355675e-06
283.5,89.9520831,4636.020750000001,-37.6366096,-37.6366096,-18.2774944,-18.2774944,-17.3332012,-17.3332012,-0.03320413,-91.7795135,-91.7795135,0.000318484361,0.000318484361,0.000963271255,0.000963271255,0.500733014,1984.6165,26.714361,-0.00172879543,-0.000232860624,0.0,4636.020750000001,1929.06307,-0.03320413,24.3520099,3.4512604e-05
284.0,12.89373258,4636.18768,-4.86214363,-4.86214363,-2.354005232,-2.354005232,-1.882715654,-1.882715654,-0.040772448,-82.3482216,-82.3482216,0.000351080805,0.000351080805,0.00106183323,0.00106183323,0.500799882,1984.6165,26.714361,-0.00212284497,-0.000151508561,0.0,4636.18768,1929.12812,-0.040772448,46.816763,8.0396908e-05
284.5,-8.318697,4740.92608,4.17874373,4.17874373,2.07327106,2.07327106,2.59199883,2.59199883,-0.0414315477,-72.9150716,-72.9150716,0.000316537296,0.000316537296,0.000957356509,0.000957356509,0.500786004,1984.6165,26.714361,-0.00215716146,6.2312057e-05,0.0,4740.92608,1972.71016,-0.0414315477,48.7731441,8.469526e-05
285.0,-8.318697,4762.6551,3.47920669,3.47920669,1.73523278,1.73523278,2.20601557,2.20601557,-0.0393671621,-63.4808494,-63.4808494,0.000261863283,0.000261863283,0.000792004382,0.000792004382,0.500767027,1984.6165,26.714361,-0.00204967785,5.8189321e-05,0.0,4762.6551,1981.75294,-0.0393671621,42.6455053,7.036344e-05
285.5,-8.318697,4763.12286,3.46178568,3.46178568,1.72671469,1.72671469,2.19548323,2.19548323,-0.0373802154,-54.048025,-54.048025,0.000211729871,0.000211729871,0.000640385686,0.000640385686,0.500749016,1984.6165,26.714361,-0.00194622607,5.5811225e-05,0.0,4763.12286,1981.94876,-0.0373802154,36.7477262,5.7579211e-05
286.0,-8.318697,4763.1289,3.4614613,3.4614613,1.72655503,1.72655503,2.19528005,2.19528005,-0.0353952737,-44.6142872,-44.6142872,0.00016552836,0.00016552836,0.000500654762,0.000500654762,0.500731021,1984.6165,26.714361,-0.00184287875,5.7433657e-05,0.0,4763.1289,1981.95238,-0.0353952737,30.8558983,4.5788398e-05
286.5,-8.318697,4763.126190000001,3.46145536,3.46145536,1.72655111,1.72655111,2.19527515,2.19527515,-0.0334102868,-35.1794507,-35.1794507,0.000123244786,0.000123244786,0.000372772759,0.000372772759,0.50071304,1984.6165,26.714361,-0.00173952909,5.9133718e-05,0.0,4763.126190000001,1981.9525,-0.0334102868,24.9639375,3.4977125e-05
287.0,-8.318697,4763.123549999999,3.46146144,3.46146144,1.72655323,1.72655323,2.19527781,2.19527781,-0.0316092472,-26.6274832,-26.6274832,8.8208008e-05,8.8208008e-05,0.000266807755,0.000266807755,0.500695067,1984.6165,26.714361,-0.00164575681,3.4637951e-05,0.0,4763.123549999999,1981.95246,-0.0316092472,19.6179808,2.5992148e-05
287.5,-8.318697,4763.123,3.46147189,3.46147189,1.72655827,1.72655827,2.19528434,2.19528434,-0.0312893297,-25.117676,-25.117676,8.2300853e-05,8.2300853e-05,0.000248941613,0.000248941613,0.50067708,1984.6165,26.714361,-0.00162910006,2.66625e-07,0.0,4763.123,1981.95246,-0.0312893297,18.6683811,2.4467609e-05
288.0,-8.318697,4763.123,3.4614713,3.4614713,1.726558,1.726558,2.195284,2.195284,-0.0312893387,-25.117676,-25.117676,8.2300875e-05,8.2300875e-05,0.000248941675,0.000248941675,0.500659089,1984.6165,26.714361,-0.00162910053,-2.77842e-07,0.0,4763.123,1981.9525,-0.0312893387,18.668407,2.446765e-05
288.5,-8.318697,4763.123,3.4614713,3.4614713,1.726558,1.726558,2.195284,2.195284,-0.0312893713,-25.117676,-25.117676,8.230096e-05,8.230096e-05,0.000248941929,0.000248941929,0.5006411,1984.6165,26.714361,-0.00162910216,9.5079e-08,0.0,4763.123,1981.9525,-0.0312893713,18.6685023,2.4467799e-05
289.0,-8.318697,4763.123,3.4614713,3.4614713,1.726558,1.726558,2.195284,2.195284,-0.0312893369,-25.117676,-25.117676,8.2300872e-05,8.2300872e-05,0.000248941666,0.000248941666,0.500623113,1984.6165,26.714361,-0.00162910046,-6.9179e-08,0.0,4763.123,1981.9525,-0.0312893369,18.6684041,2.4467645e-05
289.5,-2.315599358,4532.87283,-4.87854594,-4.87854594,-2.218214306,-2.218214306,-1.787018677,-1.787018677,-0.0298958934,-25.117676,-25.117676,7.8635672e-05,7.8635672e-05,0.000237855698,0.000237855698,0.500615855,1871.27721,26.714361,-0.00155654985,7.7784798e-05,0.0,4532.87283,1886.14445,-0.0298958934,14.532296,1.8312299e-05
290.0,19.4021318,3725.83517,-15.7522583,-15.7522583,-6.08055478,-6.08055478,-5.60001791,-5.60001791,-0.0270201386,-25.117676,-25.117676,7.1071527e-05,7.1071527e-05,0.000214976647,0.000214976647,0.500647138,1536.19072,26.714361,-0.00140682173,8.1413206e-05,0.0,3725.83517,1550.33173,-0.0270201386,5.99630096,6.864249e-06
290.5,41.9256304,2906.5712,-24.9047439,-24.9047439,-7.52071196,-7.52071196,-6.97232571,-6.97232571,0.0052212385,-25.117676,-25.117676,-1.3733513e-05,-1.3733513e-05,5.9129893e-05,5.9129893e-05,0.500695153,1196.18011,26.714361,0.000271847285,0.001539441581,0.0,2906.5712,1209.44878,0.0052212385,-1.804987477,2.471191e-06
291.0,58.6874102,2516.88016,-24.3577035,-24.3577035,-6.42035401,-6.42035401,-5.91020616,-5.91020616,0.0268994543,-25.117676,-25.117676,-7.075409e-05,-7.075409e-05,-2.3391378e-05,-2.3391378e-05,0.500743169,1050.2256,26.714361,0.00140053819,1.3899714e-05,0.0,2516.88016,1047.30815,0.0268994543,-5.63807813,6.356879e-06
291.5,59.596626,2520.75707,-24.8072651,-24.8072651,-6.54844993,-6.54844993,-6.03163487,-6.03163487,0.0270201282,-25.117676,-25.117676,-7.1071498e-05,-7.1071498e-05,-2.3496318e-05,-2.3496318e-05,0.500788228,1050.2256,26.714361,0.00140682117,2.9029e-08,0.0,2520.75707,1048.92141,0.0270201282,-5.99627044,6.786678e-06
292.0,59.596626,2520.50877,-24.7987874,-24.7987874,-6.54556712,-6.54556712,-6.02891681,-6.02891681,0.0270191547,-25.117676,-25.117676,-7.1068938e-05,-7.1068938e-05,-2.3495471e-05,-2.3495471e-05,0.500833393,1050.2256,26.714361,0.00140677045,-1.19463e-07,0.0,2520.50877,1048.81811,0.0270191547,-5.99337889,6.78316e-06
292.5,59.596626,2520.50376,-24.7986,-24.7986,-6.54550444,-6.54550444,-6.02885765,-6.02885765,0.027019145,-25.117676,-25.117676,-7.1068913e-05,-7.1068913e-05,-2.3495463e-05,-2.3495463e-05,0.500878572,1050.2256,26.714361,0.00140677003,2.21293e-07,0.0,2520.50376,1048.81594,0.027019145,-5.99335241,6.783128e-06
293.0,59.596626,2520.5037,-24.7985952,-24.7985952,-6.545503,-6.545503,-6.0288568,-6.0288568,0.0270191378,-25.117676,-25.117676,-7.1068892e-05,-7.1068892e-05,-2.3495457e-05,-2.3495457e-05,0.500923737,1050.2256,26.714361,0.00140676962,-4.46604e-07,0.0,2520.5037,1048.8159,0.0270191378,-5.99333069,6.783102e-06
293.5,59.596626,2520.5037,-24.798595,-24.798595,-6.545503,-6.545503,-6.0288568,-6.0288568,0.027019125,-25.117676,-25.117676,-7.106886e-05,-7.106886e-05,-2.3495446e-05,-2.3495446e-05,0.500968908,1050.2256,26.714361,0.00140676897,-2.87265e-07,0.0,2520.5037,1048.8159,0.027019125,-5.99329317,6.783056e-06
294.0,59.596626,2520.50367,-24.7985971,-24.7985971,-6.5455035,-6.5455035,-6.02885722,-6.02885722,0.0270464092,-24.9822241,-24.9822241,-7.0753508e-05,-7.0753508e-05,-2.3391182e-05,-2.3391182e-05,0.501014071,1050.2256,26.714361,0.00140818954,2.0549052e-05,0.0,2520.50367,1048.81591,0.0270464092,-6.07427947,6.882487e-06
294.5,59.596626,2520.49781,-24.7986581,-24.7986581,-6.54550454,-6.54550454,-6.02885714,-6.02885714,0.0313396311,-4.519195735,-4.519195735,-1.2606297e-05,-1.2606297e-05,1.8824879e-05,1.8824879e-05,0.50105924,1050.2256,26.714361,0.00163171907,0.000212902205,0.0,2520.49781,1048.81602,0.0313396311,-18.81769,2.5258869e-05
295.0,59.596626,2520.48728,-24.7986556,-24.7986556,-6.54547652,-6.54547652,-6.02882962,-6.02882962,0.0387019282,30.4724741,30.4724741,0.000125727658,0.000125727658,0.000380280665,0.000380280665,0.501104414,1050.2256,26.714361,0.00201504196,0.000218404799,0.0,2520.48728,1048.8159,0.0387019282,-40.6709161,6.6489456e-05
295.5,59.596626,2520.47698,-24.7986551,-24.7986551,-6.54544956,-6.54544956,-6.02880336,-6.02880336,0.0460635763,65.4563955,65.4563955,0.000317971804,0.000317971804,0.000961681715,0.000961681715,0.501149576,1050.2256,26.714361,0.00239833119,0.000210324794,0.0,2520.47698,1048.8159,0.0460635763,-62.5222224,0.000121193032
296.0,55.6171944,2511.03329,-23.5233583,-23.5233583,-6.18820105,-6.18820105,-5.68957122,-5.68957122,0.0529836349,100.44535,100.44535,0.0005589812,0.0005589812,0.00169055148,0.00169055148,0.501194401,1050.2256,26.714361,0.00275862868,0.000151465685,0.0,2511.03329,1044.89039,0.0529836349,-83.0627706,0.00018467038
296.5,25.7540127,2467.51716,-10.87338813,-10.87338813,-2.81146702,-2.81146702,-2.45953878,-2.45953878,0.0566554475,135.432955,135.432955,0.000804443709,0.000804443709,0.00243291716,0.00243291716,0.501226782,1050.2256,26.714361,0.0029498041,8.4342518e-05,0.0,2467.51716,1026.7852,0.0566554475,-93.961672,0.000223084344
297.0,-7.69671179,2465.29596,3.395309295,3.395309295,0.8776110586,0.8776110586,1.1488881256,1.1488881256,0.0598675804,170.435691,170.435691,0.001069621695,0.001069621695,0.0032349381,0.0032349381,0.501231876,1050.2256,26.714361,0.00311704593,0.000139536669,0.0,2465.29596,1025.86278,0.0598675804,-103.496128,0.000259681272
297.5,-17.300266,2510.22991,7.52532393,7.52532393,1.97791086,1.97791086,2.40274232,2.40274232,0.0660272691,205.413615,205.413615,0.00142256152,0.00142256152,0.00430238435,0.00430238435,0.501214525,1050.2256,26.714361,0.00343775427,0.000219797499,0.0,2510.22991,1044.56375,0.0660272691,-121.7796996,0.000337383331
298.0,-17.300266,2520.21589,7.2069573,7.2069573,1.90203401,1.90203401,2.32780547,2.32780547,0.0734247666,240.396695,240.396695,0.00185064211,0.00185064211,0.00559710557,0.00559710557,0.501195206,1050.2256,26.714361,0.00382290991,0.000210177866,0.0,2520.21589,1048.72332,0.0734247666,-143.737409,0.000442636513
298.5,-17.300266,2575.18793,9.34947019,9.34947019,2.53555172,2.53555172,2.94854302,2.94854302,0.080544851,275.384759,275.384759,0.00232475706,0.00232475706,0.00703110218,0.00703110218,0.501174877,1078.29654,26.714361,0.00419362194,0.000200679435,0.0,2575.18793,1071.60173,0.080544851,-164.871688,0.000556697476
299.0,-17.300266,2991.41979,11.5579674,11.5579674,3.61910394,3.61910394,4.04082862,4.04082862,0.0845143291,295.383405,295.383405,0.00261423937,0.00261423937,0.0079066846,0.0079066846,0.501144491,1248.09831,26.714361,0.00440029543,2.2739501e-05,0.0,2991.41979,1244.80119,0.0845143291,-176.654138,0.000625378804
299.5,-17.300266,3448.77538,11.4302328,11.4302328,4.12804693,4.12804693,4.57789292,4.57789292,0.0845479126,295.46732,295.46732,0.00261601937,0.00261601937,0.00791206825,0.00791206825,0.501108216,1437.07279,26.714361,0.00440204399,8.65447e-07,0.0,3448.77538,1435.11024,0.0845479126,-176.753823,0.000625979781
300.0,-17.300266,3778.43244,8.15581164,8.15581164,3.22202351,3.22202351,3.7333196,3.7333196,0.0849172145,295.46732,295.46732,0.00262744604,0.00262744604,0.0079466231,0.0079466231,0.501071152,1567.96748,26.714361,0.00442127193,1.7284297e-05,0.0,3778.43244,1572.28321,0.0849172145,-177.850012,0.000632619046
300.5,-17.300266,3775.12347,7.14143556,7.14143556,2.82321445,2.82321445,3.35319991,3.35319991,0.0850331117,295.46732,295.46732,0.00263103212,0.00263103212,0.0079574674,0.0079574674,0.501043081,1572.345,26.714361,0.00442730638,-7.02942e-07,0.0,3775.12347,1570.90637,0.0850331117,-178.194029,0.000634701956
301.0,-16.2705842,3775.9998,6.85109298,6.85109298,2.70892245,2.70892245,3.23565067,3.23565067,0.0842083984,291.001754,291.001754,0.00256641546,0.00256641546,0.00776202185,0.00776202185,0.501015177,1572.345,26.714361,0.00438436689,-6.3878147e-05,0.0,3775.9998,1571.27055,0.0842083984,-175.746058,0.000619969614
301.5,-9.94090924,3784.54281,4.16246633,4.16246633,1.64959341,1.64959341,2.08036206,2.08036206,0.0817900545,275.781168,275.781168,0.00236240289,0.00236240289,0.00714494365,0.00714494365,0.500992593,1572.345,26.714361,0.00425845437,-6.987401e-05,0.0,3784.54281,1574.82396,0.0817900545,-168.567779,0.000577575619
302.0,-2.874251714,3785.26456,1.196503753,1.196503753,0.4742832996,0.4742832996,0.6135453133,0.6135453133,0.079363463,260.108562,260.108562,0.00216207107,0.00216207107,0.00653900609,0.00653900609,0.5009815,1572.345,26.714361,0.00413211213,-7.0454254e-05,0.0,3785.26456,1575.12286,0.079363463,-161.365018,0.000536497415
302.5,4.19240566,3785.28147,-1.744671326,-1.744671326,-0.691576967,-0.691576967,-0.536855218,-0.536855218,0.0769341594,244.43533,244.43533,0.00196962863,0.00196962863,0.0059569403,0.0059569403,0.50098148,1572.345,26.714361,0.0040056289,-7.5121338e-05,0.0,3785.28147,1575.12849,0.0769341594,-154.15421,0.000496839528
303.0,11.2590628,3785.28564,-4.68482369,-4.68482369,-1.85703694,-1.85703694,-1.4870968,-1.4870968,0.0745048814,228.765885,228.765885,0.00178519076,0.00178519076,0.00539909348,0.00539909348,0.500989313,1572.345,26.714361,0.00387914689,-6.8503887e-05,0.0,3785.28564,1575.12882,0.0745048814,-146.943474,0.000458649545
303.5,18.3257203,3785.28901,-7.62567222,-7.62567222,-3.02277492,-3.02277492,-2.57679422,-2.57679422,0.0720756196,213.092596,213.092596,0.00160869642,0.00160869642,0.00486528016,0.00486528016,0.501005017,1572.345,26.714361,0.00375266572,-7.2446908e-05,0.0,3785.28901,1575.12881,0.0720756196,-139.732788,0.000421927274
304.0,25.3923775,3785.29261,-10.5658371,-10.5658371,-4.18824408,-4.18824408,-3.76236599,-3.76236599,0.069646429,197.422719,197.422719,0.00144020328,0.00144020328,0.00435567371,0.00435567371,0.501029366,1572.345,26.714361,0.00362618825,-7.0122744e-05,0.0,3785.29261,1575.12885,0.069646429,-132.522313,0.000386673559
304.5,32.4590347,3785.29567,-13.50644235,-13.50644235,-5.35388943,-5.35388943,-4.89127418,-4.89127418,0.0672170833,181.750444,181.750444,0.00127966219,0.00127966219,0.00387012526,0.00387012526,0.501062289,1572.345,26.714361,0.00349970269,-7.2276687e-05,0.0,3785.29567,1575.1287,0.0672170833,-125.3113719,0.000352885029
305.0,39.5256931,3785.29855,-16.4470524,-16.4470524,-6.51953835,-6.51953835,-6.02954147,-6.02954147,0.0650441363,167.309309,167.309309,0.00113975009,0.00113975009,0.00344697235,0.00344697235,0.501103361,1572.345,26.714361,0.00338656677,-3.1155849e-05,0.0,3785.29855,1575.12863,0.0650441363,-118.8615035,0.000323868715
305.5,45.2086773,3782.0471,-18.901976,-18.901976,-7.48613835,-7.48613835,-6.96668469,-6.96668469,0.0651488635,164.45274,164.45274,0.00112195799,0.00112195799,0.00339315577,0.00339315577,0.50115222,1572.345,26.714361,0.00339201945,1.0104166e-05,0.0,3782.0471,1573.77575,0.0651488635,-119.1723579,0.00032521664
306.0,45.69956,3774.06754,-19.0348535,-19.0348535,-7.52294491,-7.52294491,-7.00172249,-7.00172249,0.065201747,164.45274,164.45274,0.0011228687,0.0011228687,0.00339590953,0.00339590953,0.501204303,1572.345,26.714361,0.00339477289,-5.31519e-07,0.0,3774.06754,1570.45544,0.065201747,-119.3293315,0.000325908024
306.5,45.69956,3773.54692,-19.0163065,-19.0163065,-7.51457722,-7.51457722,-6.99370226,-6.99370226,0.0651996468,164.45274,164.45274,0.00112283255,0.00112283255,0.00339580014,0.00339580014,0.501256198,1572.345,26.714361,0.00339466354,1.97223e-07,0.0,3773.54692,1570.2388,0.0651996468,-119.3230946,0.000325880482
307.0,45.69956,3773.53681,-19.0159307,-19.0159307,-7.51440847,-7.51440847,-6.99354074,-6.99354074,0.0651995852,164.45274,164.45274,0.00112283148,0.00112283148,0.00339579697,0.00339579697,0.501308115,1572.345,26.714361,0.00339466039,-6.1316e-08,0.0,3773.53681,1570.23457,0.0651995852,-119.322913,0.00032587968
307.5,45.69956,3773.5366,-19.015924,-19.015924,-7.51440538,-7.51440538,-6.9935377,-6.9935377,0.0651995864,164.45274,164.45274,0.0011228315,0.0011228315,0.00339579707,0.00339579707,0.501359999,1572.345,26.714361,0.00339466037,-3.7568e-08,0.0,3773.5366,1570.2345,0.0651995864,-119.322916,0.0003258797
308.0,45.69956,3773.54102,-19.0158249,-19.0158249,-7.51437493,-7.51437493,-6.99350837,-6.99350837,0.0616413572,164.45274,164.45274,0.001061553664,0.001061553664,0.00321050464,0.00321050464,0.501411893,1572.345,29.7969297,0.00320939891,-0.000355445421,0.0,3773.54102,1570.23426,0.0616413572,-119.3975785,0.00030827832
308.5,45.69956,3773.55822,-19.0158973,-19.0158973,-7.51443795,-7.51443795,-6.99356917,-6.99356917,0.0501083234,164.45274,164.45274,0.00086293805,0.00086293805,0.0026099145,0.0026099145,0.501463801,1572.345,42.8179662,0.00260892366,-8.6543653e-05,0.0,3773.55822,1570.23472,0.0501083234,-119.371234,0.000250552868
309.0,45.69956,3773.55803,-19.0159254,-19.0159254,-7.51444884,-7.51444884,-6.99357968,-6.99357968,0.0498492862,164.45274,164.45274,0.000858477041,0.000858477041,0.00259642439,0.00259642439,0.501515696,1572.345,43.228592,0.00259543672,-2.70732e-07,0.0,3773.55803,1570.2345,0.0498492862,-119.355517,0.000249224103
309.5,45.69956,3773.558,-19.015924,-19.015924,-7.514448,-7.514448,-6.993579,-6.993579,0.0498492656,164.45274,164.45274,0.000858476691,0.000858476691,0.00259642335,0.00259642335,0.501567598,1572.345,43.228592,0.00259543557,-1.14294e-07,0.0,3773.558,1570.2345,0.0498492656,-119.3554166,0.000249223797
310.0,45.69956,3773.56193,-19.0158702,-19.0158702,-7.51443456,-7.51443456,-6.99356605,-6.99356605,0.0469231996,141.895485,141.895485,0.000701046991,0.000701046991,0.00212028295,0.00212028295,0.501619495,1572.345,43.228592,0.00244308804,-0.000200238102,0.0,3773.56193,1570.23442,0.0469231996,-105.3010038,0.000207920616
310.5,45.69956,3693.05464,-22.853188,-22.853188,-8.78810566,-8.78810566,-8.21306101,-8.21306101,0.039337138,81.5077545,81.5077545,0.000339416012,0.000339416012,0.001026558804,0.001026558804,0.501673125,1528.51411,43.228592,0.00204811465,-0.000198077812,0.0,3693.05464,1536.73029,0.039337138,-68.8638108,0.000114274231
311.0,45.69956,2852.20903,-28.3456344,-28.3456344,-8.47504905,-8.47504905,-7.87358959,-7.87358959,0.0317974528,20.57646131,20.57646131,7.2723807e-05,7.2723807e-05,0.000226021405,0.000226021405,0.501736411,1183.85755,43.228592,0.00165555578,-0.000231867032,0.0,2852.20903,1186.843793,0.0317974528,-32.6493653,4.4547671e-05
311.5,45.69956,1878.81896,-27.9997387,-27.9997387,-5.50916834,-5.50916834,-4.97979196,-4.97979196,0.0264215193,-20.5139028,-20.5139028,-5.6662633e-05,-5.6662633e-05,-1.8732482e-05,-1.8732482e-05,0.501784061,782.7566,43.228592,0.00137565422,-4.4822402e-05,0.0,1878.81896,781.805869,0.0264215193,-6.82780876,7.58096e-06
312.0,45.69956,915.94126,-27.991062,-27.991062,-2.6848273,-2.6848273,-2.2332843,-2.2332843,0.0262715867,-21.647898,-21.647898,-5.9556703e-05,-5.9556703e-05,-1.9689298e-05,-1.9689298e-05,0.501811635,381.655642,43.228592,0.00136784787,-6.87561e-07,0.0,915.94126,381.145267,0.0262715867,-6.10765493,6.72124e-06
312.5,45.69956,220.701848,-20.983972,-20.983972,-0.506844095,-0.506844095,-0.288906574,-0.288906574,0.0103294955,-26.2994597,-26.2994597,-1.5980124e-05,-1.5980124e-05,6.3395428e-05,6.3395428e-05,0.501820031,105.6393035,43.228592,0.00053781215,-0.002199208637,0.0,220.701848,91.8416995,0.0103294955,-1.29655497,3.924066e-06
313.0,45.69956,228.976293,-18.8960409,-18.8960409,-0.453136391,-0.453136391,-0.248990634,-0.248990634,-0.028593287,-54.3652317,-54.3652317,0.000163872175,0.000163872175,0.000495651151,0.000495651151,0.501821884,96.80036,43.228592,-0.00148872875,-0.000115171685,0.0,228.976293,95.2620305,-0.028593287,17.259193,2.0941557e-05
313.5,45.69956,232.299759,-19.0134156,-19.0134156,-0.462527485,-0.462527485,-0.25556594,-0.25556594,-0.0326445042,-85.577106,-85.577106,0.000293641793,0.000293641793,0.000888135765,0.000888135765,0.501823897,96.80036,43.228592,-0.00169965812,-0.000117719243,0.0,232.299759,96.6425826,-0.0326445042,36.7179055,5.0481857e-05
314.0,45.69956,232.370998,-19.0158448,-19.0158448,-0.462728418,-0.462728418,-0.255707928,-0.255707928,-0.0367041008,-116.7881101,-116.7881101,0.000449986707,0.000449986707,0.00136099652,0.00136099652,0.501825915,96.80036,43.228592,-0.00191102374,-0.000112460107,0.0,232.370998,96.669856,-0.0367041008,56.2168663,8.6704598e-05
314.5,43.9320392,228.201253,-18.4134941,-18.4134941,-0.44043817,-0.44043817,-0.241336816,-0.241336816,-0.040887646,-147.99803,-147.99803,0.000634913448,0.000634913448,0.00192030559,0.00192030559,0.501827915,96.80036,43.228592,-0.00212884285,-0.000128356999,0.0,228.201253,94.9323538,-0.040887646,76.3111747,0.000131040492
315.0,33.9432557,215.099511,-14.16049595,-14.16049595,-0.319101317,-0.319101317,-0.164670335,-0.164670335,-0.044545949,-170.216328,-170.216328,0.00079411277,0.00079411277,0.00240180175,0.00240180175,0.50182953,96.80036,43.228592,-0.00231931483,-5.0392037e-05,0.0,215.099511,89.478485,-0.044545949,93.88265,0.000175219367
315.5,22.9302106,214.074686,-9.54256688,-9.54256688,-0.213926334,-0.213926334,-0.1013566788,-0.1013566788,-0.0454991946,-171.08809,-171.08809,0.000815177315,0.000815177315,0.00246550579,0.00246550579,0.501830562,96.80036,43.228592,-0.00236894623,-2.4161008e-05,0.0,214.074686,89.0514919,-0.0454991946,98.461256,0.000187665552
316.0,11.91716417,214.05549,-4.95872488,-4.95872488,-0.1111539695,-0.1111539695,-0.0431271116,-0.0431271116,-0.0463356893,-171.08809,-171.08809,0.000830164213,0.000830164213,0.00251082761,0.00251082761,0.50183111,96.80036,43.228592,-0.00241249891,-2.4145266e-05,0.0,214.05549,89.0430139,-0.0463356893,102.4790925,0.000198913775
316.5,0.904118651,214.05647,-0.375908578,-0.375908578,-0.00842631636,-0.00842631636,0.01952304785,0.01952304785,-0.0471720082,-171.08809,-171.08809,0.000845147961,0.000845147961,0.0025561396,0.0025561396,0.501831249,96.80036,43.228592,-0.00245604244,-2.4647457e-05,0.0,214.05647,89.0429335,-0.0471720082,106.4960776,0.000210441084
317.0,-9.84383343,214.55668,4.15005261,4.15005261,0.0933302597,0.0933302597,0.249916081,0.249916081,-0.0479922274,-171.08809,-171.08809,0.000859843246,0.000859843246,0.00260057917,0.00260057917,0.501830207,96.80036,43.228592,-0.00249874772,-2.0649969e-05,0.0,214.55668,89.2505975,-0.0479922274,110.43574,0.000222017854
317.5,-13.188678,228.728171,5.602107,5.602107,0.134150694,0.134150694,0.338704556,0.338704556,-0.0482512549,-171.08809,-171.08809,0.000864484063,0.000864484063,0.00261461323,0.00261461323,0.501827685,96.80036,43.228592,-0.00251223411,6.9076e-08,0.0,228.728171,95.1473066,-0.0482512549,111.6798915,0.000225721135
318.0,-13.188678,232.305996,5.49094789,5.49094789,0.133578414,0.133578414,0.338721922,0.338721922,-0.0482434679,-171.08809,-171.08809,0.000864344535,0.000864344535,0.00261419128,0.00261419128,0.501824941,96.80036,43.228592,-0.0025118287,-4.04009e-07,0.0,232.305996,96.6360689,-0.0482434679,111.6424861,0.000225609106
318.5,-13.188678,232.386851,5.48796342,5.48796342,0.133552308,0.133552308,0.338699278,0.338699278,-0.048243247,-171.08809,-171.08809,0.000864340571,0.000864340571,0.00261417936,0.00261417936,0.501822215,96.80036,43.228592,-0.0025118172,-6.98327e-07,0.0,232.386851,96.6697176,-0.048243247,111.641426,0.000225605931
319.0,-13.188678,232.388372,5.48790733,5.48790733,0.133551804,0.133551804,0.338698833,0.338698833,-0.0482432393,-171.08809,-171.08809,0.000864340455,0.000864340455,0.0026141789,0.0026141789,0.501819478,96.80036,43.228592,-0.00251181679,-2.1397e-08,0.0,232.388372,96.6703494,-0.0482432393,111.64139,0.000225605822
319.5,-13.188678,232.3884,5.487906,5.487906,0.13355179,0.13355179,0.33869883,0.33869883,-0.0482432597,-171.08809,-171.08809,0.000864340812,0.000864340812,0.00261417998,0.00261417998,0.501816743,96.80036,43.228592,-0.00251181781,-1.185518e-06,0.0,232.3884,96.67036,-0.0482432597,111.6414831,0.000225606108
320.0,-13.188678,232.3884,5.487906,5.487906,0.13355179,0.13355179,0.33869883,0.33869883,-0.0482432499,-171.08809,-171.08809,0.000864340629,0.000864340629,0.00261417949,0.00261417949,0.501814008,96.80036,43.228592,-0.00251181734,1.5426e-07,0.0,232.3884,96.67036,-0.0482432499,111.6414399,0.000225605973
320.5,-13.188678,232.3884,5.487906,5.487906,0.13355179,0.13355179,0.33869883,0.33869883,-0.0482432535,-171.08809,-171.08809,0.000864340699,0.000864340699,0.00261417965,0.00261417965,0.50181128,96.80036,43.228592,-0.0025118175,8.85608e-07,0.0,232.3884,96.67036,-0.0482432535,111.6414566,0.000225606021
321.0,-13.188678,232.3884,5.487906,5.487906,0.13355179,0.13355179,0.33869883,0.33869883,-0.0482432794,-171.08809,-171.08809,0.000864341168,0.000864341168,0.00261418112,0.00261418112,0.501808548,96.80036,43.228592,-0.00251181888,-1.71736e-07,0.0,232.3884,96.67036,-0.0482432794,111.641581,0.000225606398
321.5,-13.188678,232.3884,5.487906,5.487906,0.13355179,0.13355179,0.33869883,0.33869883,-0.0482432629,-171.08809,-171.08809,0.000864340861,0.000864340861,0.00261418018,0.00261418018,0.501805805,96.80036,43.228592,-0.002511818,5.70239e-07,0.0,232.3884,96.67036,-0.0482432629,111.6415015,0.000225606156
322.0,-13.188678,232.3884,5.487906,5.487906,0.13355179,0.13355179,0.33869883,0.33869883,-0.0482432376,-171.08809,-171.08809,0.000864340413,0.000864340413,0.00261417881,0.00261417881,0.501803077,96.80036,43.228592,-0.00251181665,-1.025525e-06,0.0,232.3884,96.67036,-0.0482432376,111.6413774,0.000225605788
322.5,-13.188678,232.3884,5.487906,5.487906,0.13355179,0.13355179,0.33869883,0.33869883,-0.0482432666,-171.08809,-171.08809,0.000864340923,0.000864340923,0.00261418039,0.00261418039,0.501800343,96.80036,43.228592,-0.00251181816,-1.092345e-06,0.0,232.3884,96.67036,-0.0482432666,111.641517,0.000225606203
323.0,-13.188678,232.3884,5.487906,5.487906,0.13355179,0.13355179,0.33869883,0.33869883,-0.0482432433,-171.08809,-171.08809,0.000864340506,0.000864340506,0.00261417919,0.00261417919,0.501797613,96.80036,43.228592,-0.00251181693,4.54688e-07,0.0,232.3884,96.67036,-0.0482432433,111.6414085,0.000225605875
323.5,-13.188678,232.3884,5.487906,5.487906,0.13355179,0.13355179,0.33869883,0.33869883,-0.0482432423,-171.08809,-171.08809,0.000864340476,0.000864340476,0.00261417902,0.00261417902,0.501794865,96.80036,43.228592,-0.00251181687,-1.244841e-06,0.0,232.3884,96.67036,-0.0482432423,111.6413989,0.00022560585
324.0,-13.188678,232.387815,5.48789285,5.48789285,0.133551137,0.133551137,0.338697506,0.338697506,-0.0477694675,-167.42996,-167.42996,0.000837820292,0.000837820292,0.00253396844,0.00253396844,0.501792149,96.80036,43.228592,-0.00248714948,5.4205697e-05,0.0,232.387815,96.6703925,-0.0477694675,109.3657764,0.000218903499
324.5,-13.188678,232.383668,5.48787905,5.48787905,0.133548414,0.133548414,0.338691546,0.338691546,-0.0448451015,-144.931359,-144.931359,0.000681330943,0.000681330943,0.00206066775,0.00206066775,0.501789413,96.80036,43.228592,-0.00233489049,9.820513e-05,0.0,232.383668,96.6703737,-0.0448451015,95.3195324,0.000179231823
325.0,-13.188678,232.379074,5.4878798,5.4878798,0.133545795,0.133545795,0.338685635,0.338685635,-0.0415770093,-119.8071056,-119.8071056,0.000522341612,0.000522341612,0.00157981098,0.00157981098,0.501786684,96.80036,43.228592,-0.002164735,9.2326774e-05,0.0,232.379074,96.6703682,-0.0415770093,79.6223064,0.000138845362
325.5,-13.188678,232.376378,5.48790408,5.48790408,0.133544837,0.133544837,0.338683196,0.338683196,-0.0397270074,-105.60879,-105.60879,0.000439354163,0.000439354163,0.00132882097,0.00132882097,0.501783951,96.80036,43.228592,-0.00206841345,8.682489e-06,0.0,232.376378,96.6703316,-0.0397270074,70.7364199,0.000117711194
326.0,-13.188678,232.376458,5.48790635,5.48790635,0.133544942,0.133544942,0.3386834,0.3386834,-0.0397212312,-105.56666,-105.56666,0.000439114804,0.000439114804,0.00132809705,0.00132809705,0.501781242,96.80036,43.228592,-0.00206811267,-8.67721e-07,0.0,232.376458,96.6703682,-0.0397212312,70.7086735,0.000117647854
326.5,1.17489681,265.17176,0.27187029,0.27187029,-0.0092539495,-0.0092539495,0.13101876,0.13101876,-0.0386869037,-105.56666,-105.56666,0.000427680409,0.000427680409,0.00129351837,0.00129351837,0.501778898,96.80036,43.228592,-0.0020142597,8.6997963e-05,0.0,265.17176,110.3173395,-0.0386869037,65.7406167,0.000106732159
327.0,54.7877294,322.302661,-22.6882085,-22.6882085,-0.767692374,-0.767692374,-0.48827532,-0.48827532,-0.0345712684,-105.56666,-105.56666,0.000382182408,0.000382182408,0.00115592618,0.00115592618,0.501780376,96.80036,43.228592,-0.0017999764,0.000122001474,0.0,322.302661,134.09233,-0.0345712684,45.9724944,6.6875304e-05
327.5,94.9961136,289.822842,-40.2766255,-40.2766255,-1.21927275,-1.21927275,-0.744256216,-0.744256216,-0.0314542696,-105.56666,-105.56666,0.000347724259,0.000347724259,0.00105171766,0.00105171766,0.501785799,96.80036,43.228592,-0.00163768778,3.4182894e-05,0.0,289.822842,120.579057,-0.0314542696,31.0010006,4.0863612e-05
328.0,96.67648,235.007491,-40.3230114,-40.3230114,-0.992372355,-0.992372355,-0.555359857,-0.555359857,-0.0313708909,-105.56666,-105.56666,0.000346802507,0.000346802507,0.00104893005,0.00104893005,0.501790763,96.80036,43.228592,-0.00163334655,1.54312e-07,0.0,235.007491,97.7700347,-0.0313708909,30.6005127,4.0210942e-05
328.5,96.67648,232.415825,-40.2296904,-40.2296904,-0.979131517,-0.979131517,-0.545756253,-0.545756253,-0.0313774375,-105.56666,-105.56666,0.000346874892,0.000346874892,0.00104914892,0.00104914892,0.501795102,96.80036,43.228592,-0.00163368743,-1.3161e-07,0.0,232.415825,96.6916215,-0.0313774375,30.6319606,4.0260658e-05
329.0,96.67648,232.365738,-40.2278334,-40.2278334,-0.978875238,-0.978875238,-0.545571605,-0.545571605,-0.0313775668,-105.56666,-105.56666,0.000346876322,0.000346876322,0.00104915324,0.00104915324,0.501799423,96.80036,43.228592,-0.00163369422,1.169415e-06,0.0,232.365738,96.6707778,-0.0313775668,30.632584,4.0261644e-05
329.5,96.67648,232.364802,-40.2278,-40.2278,-0.978870475,-0.978870475,-0.545568159,-0.545568159,-0.0313775783,-105.56666,-105.56666,0.00034687645,0.00034687645,0.00104915363,0.00104915363,0.501803734,96.80036,43.228592,-0.00163369477,1.54652e-07,0.0,232.364802,96.6703915,-0.0313775783,30.6326389,4.0261732e-05
330.0,96.67648,232.36479,-40.2278,-40.2278,-0.9788704,-0.9788704,-0.5455681,-0.5455681,-0.0313776059,-105.56666,-105.56666,0.000346876741,0.000346876741,0.00104915451,0.00104915451,0.501808067,96.80036,43.228592,-0.0016336962,9.1322e-08,0.0,232.36479,96.67038,-0.0313776059,30.6327678,4.0261935e-05
330.5,96.67648,232.36479,-40.2278,-40.2278,-0.9788704,-0.9788704,-0.5455681,-0.5455681,-0.0313775984,-105.56666,-105.56666,0.000346876657,0.000346876657,0.00104915428,0.00104915428,0.501812375,96.80036,43.228592,-0.00163369578,7.52949e-07,0.0,232.36479,96.67038,-0.0313775984,30.6327319,4.0261878e-05
331.0,107.986976,258.85315,-44.1963536,-44.1963536,-1.21198572,-1.21198572,-0.701838964,-0.701838964,-0.0305731988,-105.56666,-105.56666,0.000337984094,0.000337984094,0.00102226083,0.00102226083,0.501816933,96.80036,43.228592,-0.00159181422,7.5471211e-05,0.0,258.85315,107.6928545,-0.0305731988,26.7690603,3.4439462e-05
331.5,161.445334,323.838307,-67.1133885,-67.1133885,-2.2786014,-2.2786014,-1.33868113,-1.33868113,-0.023928023857,-105.56666,-105.56666,0.00026452226,0.00026452226,0.000800478831,0.000800478831,0.501825043,96.80036,43.228592,-0.00124582871,0.001281674078,0.0,323.838307,134.737539,-0.023928023857,7.27727701,8.363934e-06
332.0,184.84201,260.354508,-77.6994046,-77.6994046,-2.11979019,-2.11979019,-1.11819484,-1.11819484,0.025353085,-105.56666,-105.56666,-0.000280276181,-0.000280276181,-9.2664385e-05,-9.2664385e-05,0.501835322,96.80036,43.228592,0.00132002545,0.000363921735,0.0,260.354508,108.3502364,0.025353085,-1.69592997,1.801446e-06
332.5,184.84201,232.977131,-76.9395599,-76.9395599,-1.87712005,-1.87712005,-0.954561094,-0.954561094,0.0254317528,-104.532139,-104.532139,-0.000278348913,-0.000278348913,-9.2027232e-05,-9.2027232e-05,0.50184317,96.80036,43.228592,0.00132412135,1.8554576e-05,0.0,232.977131,96.9583553,0.0254317528,-2.07378598,2.219525e-06
333.0,184.84201,232.295841,-76.9146315,-76.9146315,-1.87102252,-1.87102252,-0.950653407,-0.950653407,0.0272036653,-90.8824768,-90.8824768,-0.000258566761,-0.000258566761,-8.5487533e-05,-8.5487533e-05,0.501850683,96.80036,43.228592,0.00141637717,6.120336e-05,0.0,232.295841,96.675898,0.0272036653,-10.58459301,1.2145062e-05
333.5,182.971223,1614.894948,-23.448692423,-23.734320923,4.4242657404,4.2646708404,5.2087440775,5.0412231775,0.0046829837,-73.5912198,-73.1544178,-4.8468216e-05,-4.9731556e-05,0.000197524447,0.000193703324,0.501848814,803.124464,43.228592,0.0002438227,-0.002303857608,0.0,1614.894948,671.972468,0.0046829837,-3.8718708,1.6772636e-05
334.0,98.7563254,7145.30539,-28.6913315,-30.739108,-22.2484611,-23.6198126,-21.00526,-22.4432729,-0.00929015481,-56.3084147,-53.7784674,5.1891983e-05,4.5295514e-05,0.000256313339,0.000236361045,0.501836499,2922.0753,43.228592,-0.000483698201,0.000845261421,0.0,7145.30539,2973.20893,-0.00929015481,1.19302644,2.712591e-06
334.5,75.93649,7034.282270000001,-31.6615082,-31.6615082,-23.3227798,-23.3227798,-22.3192698,-22.3192698,0.0086647965,-39.0173814,-39.0173814,-2.5086627e-05,-2.5086627e-05,8.2461532e-05,8.2461532e-05,0.501993851,2930.6208,43.228592,0.000451138496,0.001312121508,0.0,7034.282270000001,2927.02183,0.0086647965,-3.079931973,3.762164e-06
335.0,75.93649,7033.44437,-31.5974758,-31.5974758,-23.2728233,-23.2728233,-22.2708394,-22.2708394,0.0269173738,-29.5111013,-29.5111013,-8.3185322e-05,-8.3185322e-05,-2.7501514e-05,-2.7501514e-05,0.502140591,2930.6208,43.228592,0.00140147122,5.244642e-06,0.0,7033.44437,2926.68389,0.0269173738,-9.20948535,1.0383808e-05
335.5,75.93649,7033.45242,-31.5977296,-31.5977296,-23.2730362,-23.2730362,-22.2710468,-22.2710468,0.0269176257,-29.511034,-29.511034,-8.3185913e-05,-8.3185913e-05,-2.7501709e-05,-2.7501709e-05,0.502287294,2930.6208,43.228592,0.00140148434,3.6367e-08,0.0,7033.45242,2926.68724,0.0269176257,-9.2106964,1.0385271e-05
336.0,75.93649,7033.4526,-31.597736,-31.597736,-23.273043,-23.273043,-22.271051,-22.271051,0.0269176234,-29.511034,-29.511034,-8.3185903e-05,-8.3185903e-05,-2.7501706e-05,-2.7501706e-05,0.502433998,2930.6208,43.228592,0.0014014842,-8.23573e-07,0.0,7033.4526,2926.6873,0.0269176234,-9.21068365,1.0385256e-05
336.5,75.93649,7033.4526,-31.597736,-31.597736,-23.273043,-23.273043,-22.271051,-22.271051,0.0269175931,-29.511034,-29.511034,-8.3185811e-05,-8.3185811e-05,-2.7501676e-05,-2.7501676e-05,0.50258069,2930.6208,43.228592,0.00140148264,1.6602e-07,0.0,7033.4526,2926.6873,0.0269175931,-9.21054015,1.0385082e-05
337.0,75.93649,7033.4526,-31.597736,-31.597736,-23.273043,-23.273043,-22.271051,-22.271051,0.0269175772,-29.511034,-29.511034,-8.3185761e-05,-8.3185761e-05,-2.7501659e-05,-2.7501659e-05,0.502727386,2930.6208,43.228592,0.00140148179,-4.8878e-07,0.0,7033.4526,2926.6873,0.0269175772,-9.2104635,1.038499e-05
337.5,75.93649,7033.4526,-31.597736,-31.597736,-23.273043,-23.273043,-22.271051,-22.271051,0.0269176145,-29.511034,-29.511034,-8.3185876e-05,-8.3185876e-05,-2.7501697e-05,-2.7501697e-05,0.502874083,2930.6208,43.228592,0.00140148373,-3.59898e-07,0.0,7033.4526,2926.6873,0.0269176145,-9.2106401,1.0385203e-05
338.0,75.93649,7033.4526,-31.597736,-31.597736,-23.273043,-23.273043,-22.271051,-22.271051,0.0269176378,-29.511034,-29.511034,-8.3185948e-05,-8.3185948e-05,-2.7501721e-05,-2.7501721e-05,0.503020774,2930.6208,43.228592,0.00140148497,7.15152e-07,0.0,7033.4526,2926.6873,0.0269176378,-9.2107548,1.0385342e-05
338.5,75.93649,7033.4526,-31.597736,-31.597736,-23.273043,-23.273043,-22.271051,-22.271051,0.0269176366,-29.511034,-29.511034,-8.3185946e-05,-8.3185946e-05,-2.750172e-05,-2.750172e-05,0.50316746,2930.6208,43.228592,0.00140148489,1.45243e-07,0.0,7033.4526,2926.6873,0.0269176366,-9.21074865,1.0385334e-05
339.0,75.93649,7033.4526,-31.597736,-31.597736,-23.273043,-23.273043,-22.271051,-22.271051,0.0269176254,-29.511034,-29.511034,-8.3185911e-05,-8.3185911e-05,-2.7501709e-05,-2.7501709e-05,0.50331415,2930.6208,43.228592,0.00140148436,7.99762e-07,0.0,7033.4526,2926.6873,0.0269176254,-9.2106955,1.038527e-05
339.5,67.1941997,7015.563400000001,-28.2257695,-28.2257695,-20.7386318,-20.7386318,-19.796969,-19.796969,0.0262737943,-29.511034,-29.511034,-8.1196223e-05,-8.1196223e-05,-2.6843876e-05,-2.6843876e-05,0.503456502,2930.6208,43.228592,0.00136796282,-3.9051005e-05,0.0,7015.563400000001,2919.24306,0.0262737943,-6.11826114,6.764776e-06
340.0,54.0649279,7014.735610000001,-22.2681453,-22.2681453,-16.3573987,-16.3573987,-15.51238555,-15.51238555,0.0252410456,-29.511034,-29.511034,-7.8004628e-05,-7.8004628e-05,-2.578867e-05,-2.578867e-05,0.503574244,2930.6208,43.228592,0.00131419204,-1.1817655e-05,0.0,7014.735610000001,2918.898,0.0252410456,-1.15778452,1.226648e-06
340.5,53.359863,7032.51245,-22.1696071,-22.1696071,-16.3266545,-16.3266545,-15.4812166,-15.4812166,0.0252006584,-29.511034,-29.511034,-7.7879815e-05,-7.7879815e-05,-2.5747404e-05,-2.5747404e-05,0.503680685,2930.6208,43.228592,0.00131208927,-4.6999e-08,0.0,7032.51245,2926.29499,0.0252006584,-0.963796722,1.017387e-06
341.0,53.359863,7033.4375,-22.2027085,-22.2027085,-16.3531798,-16.3531798,-15.50726575,-15.50726575,0.0244157413,-30.1027864,-30.1027864,-7.6822396e-05,-7.6822396e-05,-2.5397821e-05,-2.5397821e-05,0.503787814,2930.6208,43.228592,0.00127122203,-0.000367410734,0.0,7033.4375,2926.67951,0.0244157413,-0.676831351,7.14189e-07
341.5,53.359863,7033.520299999999,-22.2030512,-22.2030512,-16.3536247,-16.3536247,-15.5077012,-15.5077012,-0.0215162351,-35.5093085,-35.5093085,8.12165e-05,8.12165e-05,0.000250228395,0.000250228395,0.503894982,2930.6208,43.228592,-0.001120257301,-0.001174903606,0.0,7033.520299999999,2926.68716,-0.0215162351,2.45267716,2.639972e-06
342.0,53.359863,7033.527650000001,-22.2034387,-22.2034387,-16.3539271,-16.3539271,-15.5079985,-15.5079985,-0.0263938426,-41.9646224,-41.9646224,0.000116035221,0.000116035221,0.000350968555,0.000350968555,0.504002137,2930.6208,43.228592,-0.00137421321,-2.3301046e-05,0.0,7033.527650000001,2926.68738,-0.0263938426,6.69487246,7.413438e-06
342.5,53.3589947,7033.52738,-22.2033063,-22.2033063,-16.3538292,-16.3538292,-15.5079022,-15.5079022,-0.0272336381,-48.4207146,-48.4207146,0.000138137875,0.000138137875,0.000417818949,0.000417818949,0.504109296,2930.6208,43.228592,-0.0014179377,-2.3669242e-05,0.0,7033.52738,2926.68681,-0.0272336381,10.72855785,1.225042e-05
343.0,53.2894463,7033.39321,-22.1755809,-22.1755809,-16.3330962,-16.3330962,-15.4875271,-15.4875271,-0.0280783992,-54.8757007,-54.8757007,0.000161401808,0.000161401808,0.000488180723,0.000488180723,0.504216408,2930.6208,43.228592,-0.00146192077,-2.4692808e-05,0.0,7033.39321,2926.63044,-0.0280783992,14.7860936,1.7402544e-05
343.5,53.1772021,7033.34526,-22.1274651,-22.1274651,-16.2975458,-16.2975458,-15.45259065,-15.45259065,-0.0289266371,-61.33161,-61.33161,0.000185832435,0.000185832435,0.000562070074,0.000562070074,0.504323337,2930.6208,43.228592,-0.00150608484,-2.4673289e-05,0.0,7033.34526,2926.60994,-0.0289266371,18.8603329,2.286456e-05
344.0,53.0649574,7033.34491,-22.0807156,-22.0807156,-16.2631133,-16.2631133,-15.4187567,-15.4187567,-0.0297310329,-67.4477739,-67.4477739,0.000210022542,0.000210022542,0.000635232474,0.000635232474,0.504430056,2930.6208,43.228592,-0.00154796626,-1.7522841e-05,0.0,7033.34491,2926.6094,-0.0297310329,22.7239874,2.8307098e-05
344.5,52.9527131,7033.344999999999,-22.0340143,-22.0340143,-16.2287175,-16.2287175,-15.3849634,-15.3849634,-0.0299309877,-68.91473,-68.91473,0.000216003966,0.000216003966,0.000653323317,0.000653323317,0.504536559,2930.6208,43.228592,-0.00155837705,-2.94819e-07,0.0,7033.344999999999,2926.6094,-0.0299309877,23.6844065,2.9694238e-05
345.0,52.8404688,7033.344999999999,-21.9873074,-21.9873074,-16.1943164,-16.1943164,-15.3511703,-15.3511703,-0.0299395096,-68.91473,-68.91473,0.000216065463,0.000216065463,0.000653509297,0.000653509297,0.504642848,2930.6208,43.228592,-0.00155882077,-1.45015e-07,0.0,7033.344999999999,2926.6094,-0.0299395096,23.7253382,2.9754024e-05
345.5,52.7282252,7033.344999999999,-21.9406031,-21.9406031,-16.1599171,-16.1599171,-15.3173842,-15.3173842,-0.0299480651,-68.91473,-68.91473,0.000216127204,0.000216127204,0.000653696032,0.000653696032,0.504748943,2930.6208,43.228592,-0.00155926616,-4.64248e-07,0.0,7033.344999999999,2926.6094,-0.0299480651,23.7664303,2.9814076e-05
346.0,52.6159803,7033.34497,-21.8938995,-21.8938995,-16.1255181,-16.1255181,-15.2836034,-15.2836034,-0.0298362763,-67.9861834,-67.9861834,0.000212436556,0.000212436556,0.000642533622,0.000642533622,0.504854828,2930.6208,43.228592,-0.00155344583,1.3663893e-05,0.0,7033.34497,2926.6094,-0.0298362763,23.2294897,2.9035975e-05
346.5,52.5037361,7033.34415,-21.8471984,-21.8471984,-16.0911189,-16.0911189,-15.2498269,-15.2498269,-0.0290849901,-62.1408745,-62.1408745,0.000189314793,0.000189314793,0.000572602267,0.000572602267,0.504960502,2930.6208,43.228592,-0.00151432964,2.362e-05,0.0,7033.34415,2926.6094,-0.0290849901,19.6209306,2.3916186e-05
347.0,52.3914916,7033.343129999999,-21.800492,-21.800492,-16.0567155,-16.0567155,-15.2160515,-15.2160515,-0.0282408516,-55.5851718,-55.5851718,0.000164434019,0.000164434019,0.000497351495,0.000497351495,0.505065965,2930.6208,43.228592,-0.00147037896,2.4638958e-05,0.0,7033.343129999999,2926.6094,-0.0282408516,15.5663831,1.8426085e-05
347.5,52.3098443,7033.41136,-21.764997,-21.764997,-16.0307282,-16.0307282,-15.1905404,-15.1905404,-0.0273944829,-49.029051,-49.029051,0.000140699965,0.000140699965,0.000425567995,0.000425567995,0.505171239,2930.6208,43.228592,-0.00142631225,2.4407253e-05,0.0,7033.41136,2926.63842,-0.0273944829,11.5011269,1.3209541e-05
348.0,52.30612,7033.52203,-21.7647715,-21.7647715,-16.0308141,-16.0308141,-15.19062285,-15.19062285,-0.0265420118,-42.4730925,-42.4730925,0.000118101134,0.000118101134,0.000357216981,0.000357216981,0.505276442,2930.6208,43.228592,-0.00138192775,2.5868269e-05,0.0,7033.52203,2926.68488,-0.0265420118,7.40655617,8.246599e-06
348.5,52.30612,7033.526239999999,-21.7649667,-21.7649667,-16.0309682,-16.0309682,-15.1907733,-15.1907733,-0.0256893367,-35.9181061,-35.9181061,9.6674504e-05,9.6674504e-05,0.000292411935,0.000292411935,0.505381642,2930.6208,43.228592,-0.0013375326,2.3843823e-05,0.0,7033.526239999999,2926.68724,-0.0256893367,3.31100458,3.574949e-06
349.0,55.3897218,7040.555190000001,-22.8797472,-22.8797472,-16.8697013,-16.8697013,-16.015839,-16.015839,0.0012557884,-29.3632218,-29.3632218,4.2704e-07,4.2704e-07,9.6024672e-05,9.6024672e-05,0.505487903,2930.6208,43.228592,6.5383454e-05,0.001836279658,0.0,7040.555190000001,2929.62781,0.0012557884,-1.454266092,1.994921e-06
349.5,67.2421375,7053.37563,-27.9549756,-27.9549756,-20.6484209,-20.6484209,-19.7082817,-19.7082817,0.0271254825,-22.806745,-22.806745,-6.4682365e-05,-6.4682365e-05,-2.1383924e-05,-2.1383924e-05,0.505608615,2930.6208,43.228592,0.00141230654,5.1855495e-05,0.0,7053.37563,2934.97752,0.0271254825,-10.20906957,1.1653554e-05
350.0,79.631399,7054.0583,-33.1348937,-33.1348937,-24.476724,-24.476724,-23.4387693,-23.4387693,0.0287795988,-17.3411394,-17.3411394,-5.2232151e-05,-5.2232151e-05,-1.7267629e-05,-1.7267629e-05,0.505751269,2930.6208,43.228592,0.00149842921,3.7207148e-05,0.0,7054.0583,2935.26257,0.0287795988,-18.1540818,2.1912536e-05
350.5,92.0206601,7054.07005,-38.2907263,-38.2907263,-28.285378,-28.285378,-27.1353994,-27.1353994,0.0297968932,-16.756767,-16.756767,-5.228653e-05,-5.228653e-05,-1.7285581e-05,-1.7285581e-05,0.505914486,2930.6208,43.228592,0.00155139529,2.7929368e-05,0.0,7054.07005,2935.26798,0.0297968932,-23.0403236,2.8771994e-05
351.0,104.40992,7054.06851,-43.4459502,-43.4459502,-32.0935373,-32.0935373,-30.8180324,-30.8180324,0.0307378239,-16.756767,-16.756767,-5.3937643e-05,-5.3937643e-05,-1.7831435e-05,-1.7831435e-05,0.506097322,2930.6208,43.228592,0.00160038552,2.7266642e-05,0.0,7054.06851,2935.26788,0.0307378239,-27.5597831,3.5499092e-05
351.5,116.799183,7054.06654,-48.6015673,-48.6015673,-35.9019832,-35.9019832,-34.4879507,-34.4879507,0.0316787595,-16.756767,-16.756767,-5.5588761e-05,-5.5588761e-05,-1.8377292e-05,-1.8377292e-05,0.506299042,2930.6208,43.228592,0.00164937593,2.6995702e-05,0.0,7054.06654,2935.26772,0.0316787595,-32.0792601,4.2582481e-05
352.0,129.188441,7054.0659,-53.7563281,-53.7563281,-39.7098017,-39.7098017,-38.1444499,-38.1444499,0.0326196071,-16.756767,-16.756767,-5.7239729e-05,-5.7239729e-05,-1.8923099e-05,-1.8923099e-05,0.506518981,2930.6208,43.228592,0.00169836181,2.6510642e-05,0.0,7054.0659,2935.26791,0.0326196071,-36.5983194,5.0021432e-05
352.5,140.235679,7050.89221,-58.4845667,-58.4845667,-43.18282,-43.18282,-41.4662313,-41.4662313,0.0334682739,-16.756767,-16.756767,-5.8728941e-05,-5.8728941e-05,-1.941543e-05,-1.941543e-05,0.506756248,2930.6208,43.228592,0.00174254825,1.6079566e-05,0.0,7050.89221,2933.94785,0.0334682739,-40.6746193,5.7028287e-05
353.0,141.99097,7035.16093,-59.1427377,-59.1427377,-43.5716664,-43.5716664,-41.8355749,-41.8355749,0.0335971226,-16.756767,-16.756767,-5.8955039e-05,-5.8955039e-05,-1.9490178e-05,-1.9490178e-05,0.507002634,2930.6208,43.228592,0.00174925685,-5.53032e-07,0.0,7035.16093,2927.40201,0.0335971226,-41.2935028,5.8112887e-05
353.5,141.99097,7033.4783,-59.084784,-59.084784,-43.5185506,-43.5185506,-41.784518,-41.784518,0.0335930452,-16.756767,-16.756767,-5.8947884e-05,-5.8947884e-05,-1.9487812e-05,-1.9487812e-05,0.507248769,2930.6208,43.228592,0.00174904456,2.60887e-07,0.0,7033.4783,2926.7018,0.0335930452,-41.273918,5.8078272e-05
354.0,141.99097,7033.44396,-59.0835156,-59.0835156,-43.517403,-43.517403,-41.7834165,-41.7834165,0.0335929288,-16.756767,-16.756767,-5.8947679e-05,-5.8947679e-05,-1.9487744e-05,-1.9487744e-05,0.507494845,2930.6208,43.228592,0.00174903846,2.48418e-07,0.0,7033.44396,2926.68756,0.0335929288,-41.2733541,5.8077276e-05
354.5,141.99097,7033.443400000001,-59.083492,-59.083492,-43.517384,-43.517384,-41.7833944,-41.7833944,0.0335929321,-16.756767,-16.756767,-5.8947685e-05,-5.8947685e-05,-1.9487747e-05,-1.9487747e-05,0.507740911,2930.6208,43.228592,0.00174903866,-4.95196e-07,0.0,7033.443400000001,2926.6873,0.0335929321,-41.2733733,5.8077309e-05
355.0,141.99097,7033.443400000001,-59.083492,-59.083492,-43.517384,-43.517384,-41.783394,-41.783394,0.0335929706,-16.756767,-16.756767,-5.8947752e-05,-5.8947752e-05,-1.9487768e-05,-1.9487768e-05,0.507986971,2930.6208,43.228592,0.0017490406,3.63736e-07,0.0,7033.443400000001,2926.6873,0.0335929706,-41.2735542,5.807763e-05
355.5,141.99097,7033.443400000001,-59.083492,-59.083492,-43.517384,-43.517384,-41.783394,-41.783394,0.0335929457,-16.756767,-16.756767,-5.8947709e-05,-5.8947709e-05,-1.9487755e-05,-1.9487755e-05,0.508233025,2930.6208,43.228592,0.00174903937,1.2591e-08,0.0,7033.443400000001,2926.6873,0.0335929457,-41.2734381,5.8077424e-05
356.0,141.99097,7033.443400000001,-59.083492,-59.083492,-43.517384,-43.517384,-41.783394,-41.783394,0.033592938,-16.756767,-16.756767,-5.8947695e-05,-5.8947695e-05,-1.948775e-05,-1.948775e-05,0.508479091,2930.6208,43.228592,0.00174903896,-2.2592e-07,0.0,7033.443400000001,2926.6873,0.033592938,-41.2734004,5.8077358e-05
356.5,141.99097,7033.443400000001,-59.083492,-59.083492,-43.517384,-43.517384,-41.783394,-41.783394,0.0335929695,-16.756767,-16.756767,-5.8947751e-05,-5.8947751e-05,-1.9487769e-05,-1.9487769e-05,0.508725138,2930.6208,43.228592,0.00174904061,5.62332e-07,0.0,7033.443400000001,2926.6873,0.0335929695,-41.2735528,5.8077627e-05
357.0,141.99097,7033.443400000001,-59.083492,-59.083492,-43.517384,-43.517384,-41.783394,-41.783394,0.0335929551,-16.756767,-16.756767,-5.8947724e-05,-5.8947724e-05,-1.948776e-05,-1.948776e-05,0.508971193,2930.6208,43.228592,0.00174903982,1.267063e-06,0.0,7033.443400000001,2926.6873,0.0335929551,-41.2734795,5.8077497e-05
357.5,141.99097,7033.443400000001,-59.083492,-59.083492,-43.517384,-43.517384,-41.783394,-41.783394,0.0335929659,-16.756767,-16.756767,-5.8947744e-05,-5.8947744e-05,-1.9487766e-05,-1.9487766e-05,0.509217221,2930.6208,43.228592,0.00174904041,1.493704e-06,0.0,7033.443400000001,2926.6873,0.0335929659,-41.273533,5.8077592e-05
358.0,141.99097,7033.443400000001,-59.083492,-59.083492,-43.517384,-43.517384,-41.783394,-41.783394,0.0335929427,-16.756767,-16.756767,-5.8947704e-05,-5.8947704e-05,-1.9487753e-05,-1.9487753e-05,0.509463277,2930.6208,43.228592,0.00174903919,-6.95972e-07,0.0,7033.443400000001,2926.6873,0.0335929427,-41.2734226,5.8077397e-05
358.5,141.99097,7033.443400000001,-59.083492,-59.083492,-43.517384,-43.517384,-41.783394,-41.783394,0.0335929329,-16.756767,-16.756767,-5.8947687e-05,-5.8947687e-05,-1.9487748e-05,-1.9487748e-05,0.509709301,2930.6208,43.228592,0.00174903873,6.18264e-07,0.0,7033.443400000001,2926.6873,0.0335929329,-41.2733782,5.8077319e-05
359.0,141.99097,7033.443400000001,-59.083492,-59.083492,-43.517384,-43.517384,-41.783394,-41.783394,0.033592954,-16.756767,-16.756767,-5.8947724e-05,-5.8947724e-05,-1.948776e-05,-1.948776e-05,0.509955331,2930.6208,43.228592,0.0017490398,-9.40539e-07,0.0,7033.443400000001,2926.6873,0.033592954,-41.2734795,5.8077498e-05
359.5,141.99097,7033.443400000001,-59.0834906,-59.0834906,-43.5173828,-43.5173828,-41.7833932,-41.7833932,0.033566453,-16.9624185,-16.9624185,-5.9621486e-05,-5.9621486e-05,-1.9710516e-05,-1.9710516e-05,0.510201373,2930.6208,43.228592,0.00174765996,-6.097593e-06,0.0,7033.443400000001,2926.6873,0.033566453,-41.1461848,5.7853347e-05
360.0,141.99097,7033.444320000001,-59.083485,-59.083485,-43.5173819,-43.5173819,-41.7833948,-41.7833948,0.0329189489,-21.9466968,-21.9466968,-7.5601999e-05,-7.5601999e-05,-2.4994034e-05,-2.4994034e-05,0.510447391,2930.6208,43.228592,0.00171394727,-2.5540819e-05,0.0,7033.444320000001,2926.6873,0.0329189489,-38.0361104,5.246172e-05
360.5,141.99097,7033.44562,-59.083485,-59.083485,-43.5173893,-43.5173893,-41.7834023,-41.7834023,0.0320167518,-28.8828735,-28.8828735,-9.6784045e-05,-9.6784045e-05,-3.1997564e-05,-3.1997564e-05,0.510693408,2930.6208,43.228592,0.00166697371,-2.46279e-05,0.0,7033.44562,2926.6873,0.0320167518,-33.7026962,4.5212684e-05
361.0,141.99097,7033.446299999999,-59.0834918,-59.0834918,-43.5173995,-43.5173995,-41.7834127,-41.7834127,0.0315632058,-32.36237,-32.36237,-0.000106967048,-0.000106967048,-3.5364529e-05,-3.5364529e-05,0.51093942,2930.6208,43.228592,0.00164335958,3.09374e-07,0.0,7033.446299999999,2926.6873,0.0315632058,-31.5242382,4.1678714e-05
361.5,141.99097,7033.446299999999,-59.083492,-59.083492,-43.5174,-43.5174,-41.783413,-41.783413,0.0315632046,-32.36237,-32.36237,-0.000106967044,-0.000106967044,-3.5364527e-05,-3.5364527e-05,0.51118543,2930.6208,43.228592,0.00164335952,7.36406e-07,0.0,7033.446299999999,2926.6873,0.0315632046,-31.5242321,4.1678704e-05
362.0,141.635881,6930.400659999999,-65.2661508,-65.2661508,-47.218715,-47.218715,-45.2647171,-45.2647171,0.0319769211,-32.36237,-32.36237,-0.000108369122,-0.000108369122,-3.5828102e-05,-3.5828102e-05,0.51143397,2869.43173,43.228592,0.00166489993,5.0843166e-05,0.0,6930.400659999999,2883.80954,0.0319769211,-33.5113842,4.4954625e-05
362.5,139.624007,5256.52292,-78.228631,-78.228631,-43.1277777,-43.1277777,-40.8387685,-40.8387685,0.0327914682,-32.36237,-32.36237,-0.000111129605,-0.000111129605,-3.6740814e-05,-3.6740814e-05,0.511698005,2178.45322,43.228592,0.00170730989,-1.0541384e-05,0.0,5256.52292,2187.29712,0.0327914682,-37.4237993,5.1406149e-05
363.0,137.405077,3170.89969,-76.3558904,-76.3558904,-25.3723491,-25.3723491,-23.3966168,-23.3966168,0.0325563523,-32.36237,-32.36237,-0.000110332805,-0.000110332805,-3.6477364e-05,-3.6477364e-05,0.511894798,1322.46041,43.228592,0.00169506846,-4.744268e-06,0.0,3170.89969,1319.45377,0.0325563523,-36.2944995,4.9495943e-05
363.5,135.186143,1613.35946,-61.5960463,-61.5960463,-10.54491505,-10.54491505,-9.2364834,-9.2364834,0.0314212634,-32.36237,-32.36237,-0.00010648601,-0.00010648601,-3.5205482e-05,-3.5205482e-05,0.512000454,701.567727,43.228592,0.00163596927,-3.1814655e-05,0.0,1613.35946,671.349125,0.0314212634,-30.8424654,4.0691167e-05
364.0,132.96721,1605.02597,-55.0244893,-55.0244893,-9.248446,-9.248446,-8.152528,-8.152528,0.0308567002,-32.36237,-32.36237,-0.000104572716,-0.000104572716,-3.4572883e-05,-3.4572883e-05,0.512059852,673.926,43.228592,0.00160657488,-1.862397e-06,0.0,1605.02597,667.881176,0.0308567002,-28.1307679,3.6359838e-05
364.5,130.748283,1613.51368,-54.3988462,-54.3988462,-9.1915925,-9.1915925,-8.1124254,-8.1124254,0.0307091266,-32.36237,-32.36237,-0.000104072593,-0.000104072593,-3.4407525e-05,-3.4407525e-05,0.512119675,673.926,43.228592,0.00159889139,-4.871587e-06,0.0,1613.51368,671.412899,0.0307091266,-27.4219439,3.5274432e-05
365.0,128.529357,1613.68321,-53.4819443,-53.4819443,-9.0376202,-9.0376202,-7.9830563,-7.9830563,0.0305411148,-32.36237,-32.36237,-0.000103503206,-0.000103503206,-3.4219266e-05,-3.4219266e-05,0.51217876,673.926,43.228592,0.00159014373,-5.214954e-06,0.0,1613.68321,671.483324,0.0305411148,-26.6149541,3.4049066e-05
365.5,126.310425,1613.68652,-52.5587391,-52.5587391,-8.88163085,-8.88163085,-7.85164148,-7.85164148,0.0303725542,-32.36237,-32.36237,-0.000102931957,-0.000102931957,-3.4030394e-05,-3.4030394e-05,0.512236957,673.926,43.228592,0.0015813675,-5.802122e-06,0.0,1613.68652,671.484606,0.0303725542,-25.8053281,3.2831109e-05
366.0,124.0914915,1613.68708,-51.635339,-51.635339,-8.72559335,-8.72559335,-7.71941056,-7.71941056,0.0302040197,-32.36237,-32.36237,-0.000102360795,-0.000102360795,-3.384155e-05,-3.384155e-05,0.512294248,673.926,43.228592,0.00157259262,-5.238714e-06,0.0,1613.68708,671.484736,0.0302040197,-24.9958258,3.1624765e-05
366.5,122.0579645,1614.11744,-50.7676815,-50.7676815,-8.5812514,-8.5812514,-7.5968889,-7.5968889,0.0300480307,-32.36237,-32.36237,-0.000101832154,-0.000101832154,-3.3666764e-05,-3.3666764e-05,0.512350647,673.926,43.228592,0.00156447099,-3.158047e-06,0.0,1614.11744,671.663734,0.0300480307,-24.2465845,3.0518174e-05
367.0,121.67039,1617.00016,-50.615029,-50.615029,-8.5707375,-8.5707375,-7.58967759,-7.58967759,0.0300190477,-32.36237,-32.36237,-0.00010173393,-0.00010173393,-3.3634289e-05,-3.3634289e-05,0.512406565,673.926,43.228592,0.00156296194,1.16503e-07,0.0,1617.00016,672.86323,0.0300190477,-24.1073738,3.0313454e-05
367.5,121.67039,1617.37253,-50.6276554,-50.6276554,-8.5748496,-8.5748496,-7.59340335,-7.59340335,0.0300199351,-32.36237,-32.36237,-0.000101736938,-0.000101736938,-3.3635283e-05,-3.3635283e-05,0.512462524,673.926,43.228592,0.00156300818,-3.9235e-08,0.0,1617.37253,673.018191,0.0300199351,-24.1116383,3.0319713e-05
368.0,121.67039,1617.38028,-50.6279411,-50.6279411,-8.5749391,-8.5749391,-7.5934841,-7.5934841,0.0300199971,-32.36237,-32.36237,-0.000101737147,-0.000101737147,-3.3635352e-05,-3.3635352e-05,0.512518497,673.926,43.228592,0.00156301137,1.6329e-08,0.0,1617.38028,673.02138,0.0300199971,-24.111933,3.0320146e-05
368.5,121.67039,1617.3804,-50.627946,-50.627946,-8.574941,-8.574941,-7.5934854,-7.5934854,0.0300199788,-32.36237,-32.36237,-0.000101737086,-0.000101737086,-3.3635332e-05,-3.3635332e-05,0.512574483,673.926,43.228592,0.00156301042,-1.47916e-07,0.0,1617.3804,673.0215,0.0300199788,-24.1118465,3.0320018e-05
369.0,121.67039,1617.3804,-50.62795,-50.62795,-8.574941,-8.574941,-7.593486,-7.593486,0.0300199587,-32.36237,-32.36237,-0.000101737016,-0.000101737016,-3.363531e-05,-3.363531e-05,0.512630441,673.926,43.228592,0.00156300942,-4.79015e-07,0.0,1617.3804,673.0215,0.0300199587,-24.1117501,3.0319876e-05
369.5,121.8926489,1617.84866,-50.7129364,-50.7129364,-8.5918239,-8.5918239,-7.60814566,-7.60814566,0.0300362509,-32.36237,-32.36237,-0.00010179223,-0.00010179223,-3.3653564e-05,-3.3653564e-05,0.512686434,673.926,43.228592,0.00156385764,-8.63641e-07,0.0,1617.84866,673.216299,0.0300362509,-24.1900026,3.0434811e-05
370.0,122.4053878,1618.22338,-50.933341,-50.933341,-8.6311619,-8.6311619,-7.64186677,-7.64186677,0.0300757361,-32.36237,-32.36237,-0.000101926046,-0.000101926046,-3.3697808e-05,-3.3697808e-05,0.512742645,673.926,43.228592,0.00156591343,2.90478e-07,0.0,1618.22338,673.372253,0.0300757361,-24.3796579,3.0713751e-05
370.5,122.9191165,1618.22659,-51.147639,-51.147639,-8.6674938,-8.6674938,-7.67279389,-7.67279389,0.0364366036,16.34762489,16.34762489,7.261595e-05,7.261595e-05,0.000265153906,0.000265153906,0.512799049,673.926,43.228592,0.00189709635,0.000348180363,0.0,1618.22659,673.37731,0.0364366036,-54.9320315,8.6406975e-05
371.0,123.4305814,1618.20717,-51.3612387,-51.3612387,-8.703586,-8.703586,-7.7034925,-7.7034925,0.048871927,111.6624034,111.6624034,0.000581711912,0.000581711912,0.00175933064,0.00175933064,0.512855658,673.926,43.228592,0.00254454979,0.000363772175,0.0,1618.20717,673.376472,0.048871927,-114.6610874,0.000237294208
371.5,123.64138,1617.59179,-51.4552608,-51.4552608,-8.71620315,-8.71620315,-7.71384686,-7.71384686,0.0612844606,206.967719,206.967719,0.001338462367,0.001338462367,0.00404809668,0.00404809668,0.512912419,673.926,43.228592,0.00319081678,0.000360036298,0.0,1617.59179,673.127676,0.0612844606,-174.280682,0.000449942464
372.0,123.64138,1617.32563,-51.4484223,-51.4484223,-8.7136107,-8.7136107,-7.71147756,-7.71147756,0.0736804907,302.281877,302.281877,0.00234255394,0.00234255394,0.00708515607,0.00708515607,0.512969163,673.926,43.228592,0.00383622442,0.000372401317,0.0,1617.32563,673.024164,0.0736804907,-233.821006,0.000724196853
372.5,123.64138,1617.30501,-51.4481354,-51.4481354,-8.71345075,-8.71345075,-7.71132899,-7.71132899,0.0837254757,379.443423,379.443423,0.00332846731,0.00332846731,0.01006742655,0.01006742655,0.513025887,673.926,43.228592,0.00435922323,0.000145714038,0.0,1617.30501,673.021444,0.0837254757,-282.06884,0.000989644815
373.0,123.64138,1617.30391,-51.448088,-51.448088,-8.7134366,-8.7134366,-7.71131631,-7.71131631,0.0846374185,386.41028,386.41028,0.00342483545,0.00342483545,0.0103589373,0.0103589373,0.513082593,673.926,43.228592,0.00440670427,-6.80352e-07,0.0,1617.30391,673.021515,0.0846374185,-286.449071,0.00101554327
373.5,123.64138,3164.25835,-25.91590629,-25.91590629,-9.038915058,-9.038915058,-8.304565187,-8.304565187,0.0828533699,386.41028,386.41028,0.00335264431,0.00335264431,0.01014060135,0.01014060135,0.513126799,1345.150699,43.228592,0.00431381658,-3.5008255e-05,0.0,3164.25835,1316.719655,0.0828533699,-277.879974,0.000964970512
374.0,123.64138,4236.3945,-53.3852553,-53.3852553,-23.6925771,-23.6925771,-22.3964496,-22.3964496,0.0847732228,386.41028,386.41028,0.00343033066,0.00343033066,0.010375557,0.010375557,0.513240807,1738.1781,43.228592,0.00441377492,-9.597023e-06,0.0,4236.3945,1762.84448,0.0847732228,-287.101362,0.0010194912
374.5,123.64138,4173.02691,-51.5039892,-51.5039892,-22.5071674,-22.5071674,-21.2725227,-21.2725227,0.0846413336,386.41028,386.41028,0.00342499389,0.00342499389,0.01035941615,0.01035941615,0.513383403,1738.1781,43.228592,0.00440690807,-5.56178e-07,0.0,4173.02691,1736.47669,0.0846413336,-286.467878,0.00101565692
375.0,123.64138,4171.53753,-51.4491487,-51.4491487,-22.4751696,-22.4751696,-21.2421641,-21.2421641,0.084637472,386.41028,386.41028,0.00342483758,0.00342483758,0.01035894365,0.01035894365,0.513524115,1738.1781,43.228592,0.00440670701,-3.39086e-07,0.0,4171.53753,1735.85701,0.084637472,-286.449322,0.00101554483
375.5,123.64138,4171.50968,-51.4481097,-51.4481097,-22.4745648,-22.4745648,-21.2415903,-21.2415903,0.0846374492,386.41028,386.41028,0.00342483672,0.00342483672,0.0103589409,0.0103589409,0.513664785,1738.1781,43.228592,0.00440670588,-9.44922e-07,0.0,4171.50968,1735.84535,0.0846374492,-286.44922,0.00101554419
376.0,123.64138,4171.5093,-51.44809,-51.44809,-22.474554,-22.474554,-21.24158,-21.24158,0.0846374185,386.41028,386.41028,0.00342483545,0.00342483545,0.01035893715,0.01035893715,0.51380545,1738.1781,43.228592,0.00440670427,-8.07305e-07,0.0,4171.5093,1735.84511,0.0846374185,-286.449073,0.00101554326
376.5,123.64138,4171.5093,-51.44809,-51.44809,-22.474554,-22.474554,-21.24158,-21.24158,0.0846374052,386.41028,386.41028,0.00342483492,0.00342483492,0.0103589356,0.0103589356,0.513946115,1738.1781,43.228592,0.00440670354,-9.74787e-07,0.0,4171.5093,1735.8451,0.0846374052,-286.449013,0.00101554291
377.0,123.64138,4171.5093,-51.44809,-51.44809,-22.474554,-22.474554,-21.24158,-21.24158,0.0846373744,386.41028,386.41028,0.00342483365,0.00342483365,0.01035893155,0.01035893155,0.514086785,1738.1781,43.228592,0.00440670189,1.082778e-06,0.0,4171.5093,1735.8451,0.0846373744,-286.44886,0.001015542
377.5,123.64138,4171.5093,-51.44809,-51.44809,-22.474554,-22.474554,-21.24158,-21.24158,0.0846374147,386.41028,386.41028,0.00342483521,0.00342483521,0.0103589364,0.0103589364,0.51422745,1738.1781,43.228592,0.00440670398,7.09304e-07,0.0,4171.5093,1735.8451,0.0846374147,-286.449045,0.00101554314
378.0,123.64138,4171.5093,-51.44809,-51.44809,-22.474554,-22.474554,-21.24158,-21.24158,0.0846374267,386.41028,386.41028,0.00342483574,0.00342483574,0.010358938,0.010358938,0.514368115,1738.1781,43.228592,0.00440670468,-5.79479e-07,0.0,4171.5093,1735.8451,0.0846374267,-286.4491,0.00101554351
378.5,123.64138,4171.5093,-51.44809,-51.44809,-22.474554,-22.474554,-21.24158,-21.24158,0.0846374243,386.41028,386.41028,0.00342483567,0.00342483567,0.0103589377,0.0103589377,0.514508785,1738.1781,43.228592,0.00440670459,1.111724e-06,0.0,4171.5093,1735.8451,0.0846374243,-286.4491,0.00101554343
379.0,123.64138,4171.5093,-51.44809,-51.44809,-22.474554,-22.474554,-21.24158,-21.24158,0.0846373864,386.41028,386.41028,0.00342483408,0.00342483408,0.01035893315,0.01035893315,0.51464945,1738.1781,43.228592,0.00440670256,-9.31956e-07,0.0,4171.5093,1735.8451,0.0846373864,-286.448912,0.00101554232
379.5,123.64138,4171.5093,-51.44809,-51.44809,-22.474554,-22.474554,-21.24158,-21.24158,0.0846373792,386.41028,386.41028,0.00342483378,0.00342483378,0.01035893225,0.01035893225,0.514790115,1738.1781,43.228592,0.00440670214,3.7941e-08,0.0,4171.5093,1735.8451,0.0846373792,-286.448879,0.0010155421
380.0,123.64138,4171.5093,-51.44809,-51.44809,-22.474554,-22.474554,-21.24158,-21.24158,0.0846373538,386.41028,386.41028,0.00342483278,0.00342483278,0.01035892925,0.01035892925,0.514930785,1738.1781,43.228592,0.00440670088,-1.341766e-06,0.0,4171.5093,1735.8451,0.0846373538,-286.448756,0.00101554136
380.5,123.64138,4171.51707,-51.4479973,-51.4479973,-22.4745558,-22.4745558,-21.2415844,-21.2415844,0.078646032,340.247598,340.247598,0.00281056469,0.00281056469,0.00850081219,0.00850081219,0.51507145,1738.1781,43.228592,0.00409475867,-0.000323598577,0.0,4171.51707,1735.845,0.078646032,-257.671369,0.000850939297
381.0,126.5276344,4178.3455,-52.3729177,-52.3729177,-22.9174319,-22.9174319,-21.6567129,-21.6567129,0.067628565,254.012958,254.012958,0.00180666813,0.00180666813,0.00546423667,0.00546423667,0.515212434,1738.1781,43.228592,0.0035211268,-0.000293597392,0.0,4178.3455,1738.67985,0.067628565,-204.752537,0.000581820193
381.5,140.313595,4192.38845,-58.6293091,-58.6293091,-25.7394292,-25.7394292,-24.286873,-24.286873,0.0574969812,167.781939,167.781939,0.001018406674,0.001018406674,0.00308006648,0.00308006648,0.515363405,1738.1781,43.228592,0.00299361911,-0.000311210551,0.0,4192.38845,1744.51734,0.0574969812,-156.088747,0.000377930983
382.0,140.82701,4172.48676,-58.6324382,-58.6324382,-25.6189654,-25.6189654,-24.1680445,-24.1680445,0.0463058087,81.5493236,81.5493236,0.0004038048,0.0004038048,0.001221272389,0.001221272389,0.515520972,1738.1781,43.228592,0.00241094312,-0.000322276979,0.0,4172.48676,1736.22954,0.0463058087,-102.3355686,0.000200586291
382.5,140.82701,4171.59632,-58.5997321,-58.5997321,-25.5992073,-25.5992073,-24.1493791,-24.1493791,0.0350877348,-4.683188866,-4.683188866,-8.851875e-06,-8.851875e-06,9.0375724e-05,9.0375724e-05,0.515677944,1738.1781,43.228592,0.00182686653,-0.000324602776,0.0,4171.59632,1735.85247,0.0350877348,-48.4531752,7.3302224e-05
383.0,140.82701,4171.59137,-58.5991421,-58.5991421,-25.5989188,-25.5989188,-24.1491097,-24.1491097,0.0263679513,-71.6557376,-71.6557376,-0.000196955902,-0.000196955902,-6.5117372e-05,-6.5117372e-05,0.515834873,1738.1781,43.228592,0.00137286515,-9.6389103e-05,0.0,4171.59137,1735.84533,0.0263679513,-6.57051241,7.483912e-06
383.5,140.82701,4171.59165,-58.5991638,-58.5991638,-25.5989298,-25.5989298,-24.14912,-24.14912,0.0257553348,-76.33627,-76.33627,-0.000205885975,-0.000205885975,-6.806978e-05,-6.806978e-05,0.515991794,1738.1781,43.228592,0.00134096886,3.75451e-07,0.0,4171.59165,1735.8451,0.0257553348,-3.6280061,3.914027e-06
384.0,140.82701,4171.5913,-58.599163,-58.599163,-25.598928,-25.598928,-24.149118,-24.149118,0.0257553395,-76.33627,-76.33627,-0.000205886019,-0.000205886019,-6.8069794e-05,-6.8069794e-05,0.516148723,1738.1781,43.228592,0.00134096913,1.473167e-06,0.0,4171.5913,1735.8451,0.0257553395,-3.62803081,3.914054e-06
384.5,140.82701,4171.621789999999,-58.5986808,-58.5986808,-25.5989054,-25.5989054,-24.1491078,-24.1491078,0.00260408387,-83.7489911,-83.7489911,-1.2399635e-05,-1.2399635e-05,0.000253758933,0.000253758933,0.516305643,1738.1781,43.228592,0.000135583356,-0.001074930502,0.0,4171.621789999999,1735.84418,0.00260408387,0.75224156,2.53114e-06
385.0,140.82701,4171.66759,-58.5991932,-58.5991932,-25.5994093,-25.5994093,-24.1495926,-24.1495926,-0.0272564139,-99.6789839,-99.6789839,0.000284797465,0.000284797465,0.000861402684,0.000861402684,0.516462563,1738.1781,43.228592,-0.00141912357,-6.0612492e-05,0.0,4171.66759,1735.84577,-0.0272564139,10.83795483,1.2445109e-05
385.5,140.82701,4171.66873,-58.5991462,-58.5991462,-25.5993962,-25.5993962,-24.1495808,-24.1495808,-0.0293282794,-115.6080573,-115.6080573,0.000355346357,0.000355346357,0.00107478084,0.00107478084,0.516619475,1738.1781,43.228592,-0.00152699663,-5.9161102e-05,0.0,4171.66873,1735.84502,-0.0293282794,20.7894902,2.5611133e-05
386.0,140.82701,4171.6716,-58.599144,-58.599144,-25.5994128,-25.5994128,-24.1495975,-24.1495975,-0.0314000622,-131.5365276,-131.5365276,0.000432804435,0.000432804435,0.00130905654,0.00130905654,0.51677638,1738.1781,43.228592,-0.00163486539,-5.8307855e-05,0.0,4171.6716,1735.845,-0.0314000622,30.7406292,4.0503866e-05
386.5,136.069617,4160.45496,-57.1198922,-57.1198922,-24.8903003,-24.8903003,-23.4866988,-23.4866988,-0.0337962175,-147.464745,-147.464745,0.000522376721,0.000522376721,0.00157997107,0.00157997107,0.516932844,1738.1781,43.228592,-0.0017596228,-0.000104154496,0.0,4160.45496,1731.17627,-0.0337962175,42.2497872,6.0026108e-05
387.0,97.8372831,4105.26813,-40.4940417,-40.4940417,-17.4075046,-17.4075046,-16.4594187,-16.4594187,-0.0388205775,-163.392979,-163.392979,0.000664887518,0.000664887518,0.00201098688,0.00201098688,0.517067641,1738.1781,43.228592,-0.00202121949,-0.000130915258,0.0,4105.26813,1708.20972,-0.0388205775,66.3826783,0.000108327682
387.5,88.88747,4163.04666,-36.6943453,-36.6943453,-15.9972516,-15.9972516,-15.1362969,-15.1362969,-0.0409853769,-174.733579,-174.733579,0.000749963799,0.000749963799,0.00226830057,0.00226830057,0.517172843,1738.1781,43.228592,-0.00213393124,-8.149811e-06,0.0,4163.04666,1732.25051,-0.0409853769,76.7805925,0.000131818696
388.0,88.88747,4171.50574,-36.9801041,-36.9801041,-16.154354,-16.154354,-15.28685895,-15.28685895,-0.0410238756,-175.18028,-175.18028,0.000752576245,0.000752576245,0.0022762022,0.0022762022,0.517278257,1738.1781,43.228592,-0.00213593571,-1.7139e-08,0.0,4171.50574,1735.77038,-0.0410238756,76.9655063,0.000132257838
388.5,88.88747,4171.68162,-36.9866078,-36.9866078,-16.1578766,-16.1578766,-15.29023405,-15.29023405,-0.0410234528,-175.18028,-175.18028,0.000752568482,0.000752568482,0.00227617881,0.00227617881,0.517383902,1738.1781,43.228592,-0.00213591369,6.2501e-07,0.0,4171.68162,1735.84357,-0.0410234528,76.9634756,0.000132252992
389.0,88.88747,4171.68496,-36.9867305,-36.9867305,-16.1579426,-16.1579426,-15.2902973,-15.2902973,-0.0410233902,-175.18028,-175.18028,0.000752567365,0.000752567365,0.00227617539,0.00227617539,0.517489569,1738.1781,43.228592,-0.00213591052,5.23752e-07,0.0,4171.68496,1735.84498,-0.0410233902,76.9631794,0.000132252283
389.5,88.88747,4171.685,-36.986732,-36.986732,-16.157944,-16.157944,-15.290298,-15.290298,-0.0410234077,-175.18028,-175.18028,0.000752567675,0.000752567675,0.00227617636,0.00227617636,0.517595215,1738.1781,43.228592,-0.00213591142,8.51476e-07,0.0,4171.685,1735.845,-0.0410234077,76.9632646,0.00013225248
390.0,88.88747,4171.685,-36.986732,-36.986732,-16.157944,-16.157944,-15.290298,-15.290298,-0.0410234052,-175.18028,-175.18028,0.000752567646,0.000752567646,0.00227617621,0.00227617621,0.517700873,1738.1781,43.228592,-0.00213591126,-1.63839e-07,0.0,4171.685,1735.845,-0.0410234052,76.9632541,0.000132252452
390.5,88.88747,4171.685,-36.986732,-36.986732,-16.157944,-16.157944,-15.290298,-15.290298,-0.0410234413,-175.18028,-175.18028,0.000752568276,0.000752568276,0.00227617813,0.00227617813,0.517806533,1738.1781,43.228592,-0.0021359131,-3.302e-08,0.0,4171.685,1735.845,-0.0410234413,76.9634231,0.000132252858
391.0,88.88747,4171.685,-36.986732,-36.986732,-16.157944,-16.157944,-15.290298,-15.290298,-0.041023397,-175.18028,-175.18028,0.000752567479,0.000752567479,0.00227617569,0.00227617569,0.517912174,1738.1781,43.228592,-0.00213591078,3.40391e-07,0.0,4171.685,1735.845,-0.041023397,76.963208,0.000132252346
391.5,88.88747,4171.685,-36.986732,-36.986732,-16.157944,-16.157944,-15.290298,-15.290298,-0.0410234212,-175.18028,-175.18028,0.000752567918,0.000752567918,0.00227617709,0.00227617709,0.518017832,1738.1781,43.228592,-0.00213591215,1.94393e-07,0.0,4171.685,1735.845,-0.0410234212,76.9633285,0.000132252629
392.0,88.88747,4171.685,-36.986732,-36.986732,-16.157944,-16.157944,-15.290298,-15.290298,-0.0410233894,-175.18028,-175.18028,0.000752567338,0.000752567338,0.00227617531,0.00227617531,0.518123474,1738.1781,43.228592,-0.0021359104,6.962e-07,0.0,4171.685,1735.845,-0.0410233894,76.9631726,0.000132252263
392.5,88.88747,4171.685,-36.986732,-36.986732,-16.157944,-16.157944,-15.290298,-15.290298,-0.0410234126,-175.18028,-175.18028,0.000752567752,0.000752567752,0.00227617654,0.00227617654,0.518229132,1738.1781,43.228592,-0.00213591162,8.9092e-08,0.0,4171.685,1735.845,-0.0410234126,76.9632819,0.000132252525
393.0,88.5057214,4170.80501,-36.8741146,-36.8741146,-16.1053779,-16.1053779,-15.2401313,-15.2401313,-0.0410490583,-175.18028,-175.18028,0.000753038221,0.000753038221,0.00227759931,0.00227759931,0.518334737,1738.1781,43.228592,-0.00213724688,-3.533947e-06,0.0,4170.80501,1735.47879,-0.0410490583,77.0864643,0.000132547343
393.5,84.5208264,4164.44794,-35.1993481,-35.1993481,-15.35048455,-15.35048455,-14.5206404,-14.5206404,-0.0413525385,-175.18028,-175.18028,0.000758605512,0.000758605512,0.00229443587,0.00229443587,0.518438203,1738.1781,43.228592,-0.00215304773,-1.1553172e-05,0.0,4164.44794,1732.83341,-0.0413525385,78.5441339,0.000136054227
394.0,79.6461485,4163.59067,-33.1420496,-33.1420496,-14.4502724,-14.4502724,-13.66395185,-13.66395185,-0.0417247794,-175.18028,-175.18028,0.000765434212,0.000765434212,0.00231508717,0.00231508717,0.518536441,1738.1781,43.228592,-0.00217242875,-1.1474292e-05,0.0,4163.59067,1732.47647,-0.0417247794,80.3320769,0.000140403748
394.5,74.7714731,4163.57323,-31.1128268,-31.1128268,-13.5654531,-13.5654531,-12.8205958,-12.8205958,-0.042094982,-175.18028,-175.18028,0.000772225513,0.000772225513,0.00233562522,0.00233562522,0.518629394,1738.1781,43.228592,-0.0021917036,-1.0677817e-05,0.0,4163.57323,1732.469,-0.042094982,82.110219,0.000144784797
395.0,69.8967962,5211.02445,-8.64337599,-8.64337599,-4.58046268,-4.58046268,-4.00305811,-4.00305811,-0.0438933371,-175.18028,-175.18028,0.000805216036,0.000805216036,0.00243539378,0.00243539378,0.51869034,2206.83879,43.228592,-0.00228533613,-4.4020999e-05,0.0,5211.02445,2168.32007,-0.0438933371,90.7480371,0.000166865625
395.5,65.4879174,6714.83956,-24.05376235,-24.05376235,-16.97296205,-16.97296205,-16.09672905,-16.09672905,-0.0430261635,-175.18028,-175.18028,0.000789307869,0.000789307869,0.00238728504,0.00238728504,0.518751692,2771.21672,43.228592,-0.00224018617,5.5699527e-05,0.0,6714.83956,2794.06917,-0.0430261635,86.5828505,0.000156100441
396.0,64.72421,6674.808719999999,-27.1099967,-27.1099967,-18.9495539,-18.9495539,-18.0499618,-18.0499618,-0.0428459658,-175.18028,-175.18028,0.000786002197,0.000786002197,0.00237728818,0.00237728818,0.51887524,2779.0852,43.228592,-0.00223080411,-2.762299e-06,0.0,6674.808719999999,2777.41219,-0.0428459658,85.7173279,0.000153839285
396.5,64.72421,6669.96003,-26.9357765,-26.9357765,-18.8140095,-18.8140095,-17.9182987,-17.9182987,-0.042837369,-175.01522,-175.01522,0.000785107266,0.000785107266,0.00237458138,0.00237458138,0.518996849,2779.0852,43.228592,-0.00223035648,1.5062764e-05,0.0,6669.96003,2775.3946,-0.042837369,85.676036,0.000153735077
397.0,64.72421,6669.86189,-26.9323352,-26.9323352,-18.8113285,-18.8113285,-17.9156952,-17.9156952,-0.0397412804,-151.167986,-151.167986,0.000630973543,0.000630973543,0.00190839861,0.00190839861,0.519118232,2779.0852,43.228592,-0.0020691566,0.000149849723,0.0,6669.86189,2775.35554,-0.0397412804,70.8049836,0.00011833187
397.5,64.72421,6669.85252,-26.9322678,-26.9322678,-18.8112552,-18.8112552,-17.9156245,-17.9156245,-0.0344527637,-110.5068962,-110.5068962,0.000400553821,0.000400553821,0.00121149302,0.00121149302,0.519239644,2779.0852,43.228592,-0.00179380639,0.000151312597,0.0,6669.85252,2775.3547,-0.0344527637,45.4032981,6.5988157e-05
398.0,64.72421,6669.845200000001,-26.932266,-26.932266,-18.8112335,-18.8112335,-17.9156034,-17.9156034,-0.0291641828,-69.8456852,-69.8456852,0.00021517081,0.00021517081,0.000650804774,0.000650804774,0.51936105,2779.0852,43.228592,-0.0015184528,0.000153405555,0.0,6669.845200000001,2775.3547,-0.0291641828,20.0013058,2.4898307e-05
398.5,64.72421,6669.7957,-26.9327215,-26.9327215,-18.8114121,-18.8114121,-17.9157778,-17.9157778,0.0069935925,-29.1882988,-29.1882988,5.457393e-06,5.457393e-06,0.000112243961,0.000112243961,0.519482459,2779.0852,43.228592,0.000364126103,0.000972654743,0.0,6669.7957,2775.35533,0.0069935925,-5.17785652,8.319871e-06
399.0,64.72421,6669.759359999999,-26.9322324,-26.9322324,-18.8109675,-18.8109675,-17.9153468,-17.9153468,0.0313908925,11.4740434,11.4740434,3.9576097e-05,3.9576097e-05,0.000127593247,0.000127593247,0.519603859,2779.0852,43.228592,0.00163438799,0.000149450534,0.0,6669.759359999999,2775.35437,0.0313908925,-30.6965868,4.0827306e-05
399.5,64.72421,6669.75295,-26.9322654,-26.9322654,-18.8109729,-18.8109729,-17.9153524,-17.9153524,0.0366790016,52.1326966,52.1326966,0.000202099961,0.000202099961,0.000611260656,0.000611260656,0.519725274,2779.0852,43.228592,0.00190971695,0.00015284379,0.0,6669.75295,2775.3547,0.0366790016,-56.0963082,8.6650883e-05
400.0,64.72421,6669.74555,-26.932266,-26.932266,-18.8109525,-18.8109525,-17.915332,-17.915332,0.0419677467,92.7959586,92.7959586,0.000409682819,0.000409682819,0.001239068303,0.001239068303,0.51984667,2779.0852,43.228592,0.00218507909,0.000158384439,0.0,6669.74555,2775.355,0.0419677467,-81.4990935,0.000143734827
400.5,64.72421,6669.738139999999,-26.932266,-26.932266,-18.8109316,-18.8109316,-17.9153127,-17.9153127,0.0472562101,133.4546095,133.4546095,0.00066227955,0.00066227955,0.00200302277,0.00200302277,0.519968064,2779.0852,43.228592,0.00246042646,0.000151876109,0.0,6669.738139999999,2775.355,0.0472562101,-106.9005158,0.00021206999
401.0,64.72421,6669.73073,-26.932266,-26.932266,-18.8109108,-18.8109108,-17.9152917,-17.9152917,0.0525445131,174.113532,174.113532,0.000959908369,0.000959908369,0.0029031915,0.0029031915,0.520089432,2779.0852,43.228592,0.0027357655,0.000152873851,0.0,6669.73073,2775.355,0.0525445131,-132.3011679,0.000291656381
401.5,64.72421,6669.727000000001,-26.9322228,-26.9322228,-18.8108703,-18.8108703,-17.9152525,-17.9152525,0.0550320717,193.19214,193.19214,0.0011133557,0.0011133557,0.00336729528,0.00336729528,0.520210816,2779.0852,43.228592,0.00286528189,-1.027866e-06,0.0,6669.727000000001,2775.35476,0.0550320717,-144.249348,0.000332520423
402.0,62.2237808,6663.9587,-26.0371046,-26.0371046,-18.1705215,-18.1705215,-17.2937283,-17.2937283,0.0548529186,193.19214,193.19214,0.00110973126,0.00110973126,0.003356335,0.003356335,0.520331451,2779.0852,43.228592,0.00285595416,-1.5337553e-05,0.0,6663.9587,2772.95452,0.0548529186,-143.388848,0.000329467457
402.5,51.9542358,6652.38753,-21.6427352,-21.6427352,-15.0772012,-15.0772012,-14.2691786,-14.2691786,0.0540649145,193.19214,193.19214,0.00109378916,0.00109378916,0.00330812563,0.00330812563,0.520440475,2779.0852,43.228592,0.00281492624,-2.3054704e-05,0.0,6652.38753,2768.13916,0.0540649145,-139.603925,0.000316167601
403.0,41.1331407,6651.731470000001,-17.1159298,-17.1159298,-11.9224051,-11.9224051,-11.1817713,-11.1817713,0.0532414065,193.19214,193.19214,0.00107712874,0.00107712874,0.00325774404,0.00325774404,0.520530088,2779.0852,43.228592,0.00277204969,-2.331475e-05,0.0,6651.731470000001,2767.86564,0.0532414065,-135.648472,0.000302530481
403.5,30.3120454,6651.720780000001,-12.61402425,-12.61402425,-8.78650791,-8.78650791,-8.09723163,-8.09723163,0.0524196487,193.19214,193.19214,0.00106050373,0.00106050373,0.0032074692,0.0032074692,0.520599666,2779.0852,43.228592,0.00272926437,-2.3351222e-05,0.0,6651.720780000001,2767.86074,0.0524196487,-131.701423,0.000289194498
404.0,19.4909504,6651.72072,-8.11027814,-8.11027814,-5.64934864,-5.64934864,-4.94601161,-4.94601161,0.0515977786,193.19214,193.19214,0.00104387641,0.00104387641,0.00315718735,0.00315718735,0.520648133,2779.0852,43.228592,0.00268647312,-2.4029475e-05,0.0,6651.72072,2767.86023,0.0515977786,-127.7538351,0.000276128473
404.5,8.66985491,6651.72228,-3.60731101,-3.60731101,-2.51273279,-2.51273279,-2.026845794,-2.026845794,0.0507759414,193.19214,193.19214,0.00102724979,0.00102724979,0.00310690727,0.00310690727,0.520674391,2779.0852,43.228592,0.00264368363,-2.2863719e-05,0.0,6651.72228,2767.8604,0.0507759414,-123.806406,0.000263334764
405.0,-2.151240404,6651.72368,0.894714331,0.894714331,0.623228401,0.623228401,0.854707969,0.854707969,0.0499542158,193.19214,193.19214,0.00101062548,0.00101062548,0.00305663385,0.00305663385,0.520679585,2779.0852,43.228592,0.00260089992,-2.3908903e-05,0.0,6651.72368,2767.86045,0.0499542158,-119.8595108,0.000250814518
405.5,-12.972336,6651.72436,5.39813798,5.39813798,3.76016443,3.76016443,4.53218354,4.53218354,0.0491323974,193.19214,193.19214,0.00099399921,0.00099399921,0.00300635447,0.00300635447,0.520657037,2779.0852,43.228592,0.00255811136,-2.4740348e-05,0.0,6651.72436,2767.86035,0.0491323974,-115.9121734,0.000238564617
406.0,-23.7934313,6651.725939999999,9.90015058,9.90015058,6.89611899,6.89611899,7.65716341,7.65716341,0.048310585,193.19214,193.19214,0.00097737309,0.00097737309,0.00295607525,0.00295607525,0.520604129,2779.0852,43.228592,0.00251532319,-2.2837563e-05,0.0,6651.725939999999,2767.86038,0.048310585,-111.9648629,0.000226586564
406.5,-34.6145264,6651.72644,14.4037979,14.4037979,10.0332126,10.0332126,10.8065712,10.8065712,0.047488751,193.19214,193.19214,0.000960746542,0.000960746542,0.00290579446,0.00290579446,0.520520641,2779.0852,43.228592,0.00247253384,-2.4780908e-05,0.0,6651.72644,2767.86021,0.047488751,-108.0174464,0.000214879963
407.0,-42.0061408,6659.34228,17.6331907,17.6331907,12.2968465,12.2968465,13.0823455,13.0823455,0.0469159282,193.19214,193.19214,0.000949157758,0.000949157758,0.00287074841,0.00287074841,0.520404311,2779.0852,43.228592,0.00244270946,-5.253247e-06,0.0,6659.34228,2771.02888,0.0469159282,-105.2660814,0.000206870332
407.5,-42.23088,6669.310769999999,17.5880587,17.5880587,12.2836508,12.2836508,13.06727215,13.06727215,0.0467942703,192.313041,192.313041,0.000942392561,0.000942392561,0.00285028664,0.00285028664,0.520276818,2779.0852,43.228592,0.00243637526,-7.774015e-06,0.0,6669.310769999999,2775.1768,0.0467942703,-104.6817372,0.000205189089
408.0,-42.23088,6669.730939999999,17.5728879,17.5728879,12.27382915,12.27382915,13.057143,13.057143,0.0465502061,190.428143,190.428143,0.000928289054,0.000928289054,0.00280762958,0.00280762958,0.520149949,2779.0852,43.228592,0.00242366788,-6.937574e-06,0.0,6669.730939999999,2775.35144,0.0465502061,-103.5094509,0.00020183309
408.5,-42.23088,6669.73936,17.5725885,17.5725885,12.27363545,12.27363545,13.05694315,13.05694315,0.0463050745,188.54318,188.54318,0.000914260467,0.000914260467,0.00276519927,0.00276519927,0.520023133,2779.0852,43.228592,0.00241090491,-7.585923e-06,0.0,6669.73936,2775.35476,0.0463050745,-102.3320426,0.000198486526
409.0,-42.23088,6669.7397,17.5725824,17.5725824,12.2736324,12.2736324,13.05694,13.05694,0.0460598305,186.658009,186.658009,0.000900325406,0.000900325406,0.00272305181,0.00272305181,0.519896296,2779.0852,43.228592,0.00239813611,-6.611539e-06,0.0,6669.7397,2775.355,0.0460598305,-101.1540896,0.00019516261
409.5,-42.23088,6669.74,17.572582,17.572582,12.273633,12.273633,13.0569408,13.0569408,0.0458146566,184.773093,184.773093,0.000886489789,0.000886489789,0.00268120517,0.00268120517,0.519769467,2779.0852,43.228592,0.00238537096,-6.535625e-06,0.0,6669.74,2775.355,0.0458146566,-99.976477,0.000191863846
410.0,-42.23088,6669.74042,17.572582,17.572582,12.2736338,12.2736338,13.0569414,13.0569414,0.0455694728,182.887641,182.887641,0.000872748213,0.000872748213,0.00263964301,0.00263964301,0.519642633,2779.0852,43.228592,0.00237260534,-8.797067e-06,0.0,6669.74042,2775.355,0.0455694728,-98.7988165,0.000188589125
410.5,-42.23088,6669.74073,17.572582,17.572582,12.2736342,12.2736342,13.056942,13.056942,0.0453250668,181.008606,181.008606,0.000859148532,0.000859148532,0.00259851006,0.00259851006,0.519515771,2779.0852,43.228592,0.0023598802,-6.453552e-06,0.0,6669.74073,2775.355,0.0453250668,-97.6248956,0.000185348858
411.0,-42.23088,6669.741,17.5725802,17.5725802,12.273633,12.273633,13.056941,13.056941,0.0452213885,180.21358,180.21358,0.00085341449,0.00085341449,0.0025811672,0.0025811672,0.51938893,2779.0852,43.228592,0.00235448204,7.8524e-07,0.0,6669.741,2775.355,0.0452213885,-97.1269049,0.000183980612
411.5,-42.23088,6669.741,17.57258,17.57258,12.273633,12.273633,13.056941,13.056941,0.0452213594,180.21358,180.21358,0.000853413946,0.000853413946,0.00258116547,0.00258116547,0.519262086,2779.0852,43.228592,0.00235448054,1.17268e-07,0.0,6669.741,2775.355,0.0452213594,-97.126764,0.000183980225
412.0,-42.23088,6669.741,17.57258,17.57258,12.273633,12.273633,13.056941,13.056941,0.0452213322,180.21358,180.21358,0.000853413436,0.000853413436,0.00258116397,0.00258116397,0.519135218,2779.0852,43.228592,0.00235447919,5.32727e-07,0.0,6669.741,2775.355,0.0452213322,-97.1266364,0.000183979874
412.5,-42.23088,6669.741,17.57258,17.57258,12.273633,12.273633,13.056941,13.056941,0.0452213452,180.21358,180.21358,0.000853413694,0.000853413694,0.00258116478,0.00258116478,0.519008335,2779.0852,43.228592,0.00235447983,-1.99507e-07,0.0,6669.741,2775.355,0.0452213452,-97.1267019,0.000183980048
413.0,-42.23088,6669.741,17.57258,17.57258,12.273633,12.273633,13.056941,13.056941,0.0452213748,180.21358,180.21358,0.000853414244,0.000853414244,0.0025811664,0.0025811664,0.518881467,2779.0852,43.228592,0.0023544814,-1.065241e-06,0.0,6669.741,2775.355,0.0452213748,-97.1268409,0.000183980436
413.5,-33.7639978,6688.358839999999,14.4048354,14.4048354,10.08519931,10.08519931,10.85387194,10.85387194,0.045837855,180.21358,180.21358,0.000865048414,0.000865048414,0.00261634953,0.00261634953,0.518760949,2779.0852,43.228592,0.00238657884,4.2819754e-05,0.0,6688.358839999999,2783.10226,0.045837855,-100.0879025,0.000192224921
414.0,-9.26110526,6710.26078,3.885923098,3.885923098,2.730374157,2.730374157,3.281040738,3.281040738,0.0477207999,180.21358,180.21358,0.000900583188,0.000900583188,0.00272381049,0.00272381049,0.518696188,2779.0852,43.228592,0.00248461564,5.4699966e-05,0.0,6710.26078,2792.2169,0.0477207999,-109.1320205,0.000218206306
414.5,15.61241965,6711.11735,-6.49547145,-6.49547145,-4.56493419,-4.56493419,-3.95825207,-3.95825207,0.049612033,180.21358,180.21358,0.000936274403,0.000936274403,0.0028317433,0.0028317433,0.518698942,2779.0852,43.228592,0.00258308394,5.4434288e-05,0.0,6711.11735,2792.57445,0.049612033,-118.2159491,0.000245728999
415.0,40.4859438,6711.13269,-16.84699855,-16.84699855,-11.839871,-11.839871,-11.09096267,-11.09096267,0.0515010532,180.21358,180.21358,0.000971923832,0.000971923832,0.00293954871,0.00293954871,0.518753671,2779.0852,43.228592,0.00268143704,5.4875615e-05,0.0,6711.13269,2792.58189,0.0515010532,-127.289248,0.00027465665
415.5,64.8836603,6710.30935,-27.1056959,-27.1056959,-19.0468901,-19.0468901,-18.1444252,-18.1444252,0.0533617915,180.21358,180.21358,0.00100703956,0.00100703956,0.0030457389,0.0030457389,0.518854984,2779.0852,43.228592,0.00277831764,4.4867444e-05,0.0,6710.30935,2792.24044,0.0533617915,-136.2267,0.000304546682
416.0,72.92984,6678.701790000001,-30.621713,-30.621713,-21.4167693,-21.4167693,-20.4545186,-20.4545186,0.0536827015,177.863289,177.863289,0.00100007102,0.00100007102,0.00302465656,0.00302465656,0.51898794,2779.0852,43.228592,0.00279502596,-5.089292e-05,0.0,6678.701790000001,2779.08843,0.0536827015,-137.768083,0.00030984073
416.5,74.683304,6672.99202,-30.6920198,-30.6920198,-21.4481317,-21.4481317,-20.4839123,-20.4839123,0.0503563685,151.608095,151.608095,0.000800509127,0.000800509127,0.00242108487,0.00242108487,0.519123283,2779.0852,43.228592,0.0026218383,-8.9616583e-05,0.0,6672.99202,2776.71063,0.0503563685,-121.791126,0.000257129375
417.0,134.838761,6785.925289999999,-55.2302782,-55.2302782,-39.2799204,-39.2799204,-37.6583056,-37.6583056,0.0505544597,119.1359235,119.1359235,0.000630082385,0.000630082385,0.00190561342,0.00190561342,0.519293356,2779.0852,43.405596,0.002632152,5.1340227e-05,0.0,6785.925289999999,2823.70314,0.0505544597,-123.255955,0.000261108667
417.5,172.35739,6714.854249999999,-72.9422832,-72.9422832,-51.294591,-51.294591,-49.0914301,-49.0914301,0.0487932767,86.6637115,86.6637115,0.000444195045,0.000444195045,0.00134341621,0.00134341621,0.519557455,2779.0852,44.4273649,0.00254045482,-0.000138328211,0.0,6714.854249999999,2794.1289,0.0487932767,-117.3982738,0.000240304223
418.0,172.35739,6665.958909999999,-72.5729674,-72.5729674,-50.6566784,-50.6566784,-48.4690715,-48.4690715,0.0442614966,54.960525,54.960525,0.000255701731,0.000255701731,0.000773361531,0.000773361531,0.519833186,2774.02905,45.5570732,0.00230450464,-8.434661e-05,0.0,6665.958909999999,2773.78058,0.0442614966,-97.4585846,0.000180918599
418.5,160.104621,5988.00711,-77.3828187,-77.3828187,-48.6511068,-48.6511068,-46.3190633,-46.3190633,0.0423803343,45.06378,45.06378,0.000199995691,0.000199995691,0.000604891601,0.000604891601,0.520111844,2493.02397,46.6867809,0.00220656068,-6.4218524e-05,0.0,5988.00711,2491.67874,0.0423803343,-90.1320008,0.000160090498
419.0,133.0322984,5291.33195,-56.3357691,-56.3357691,-31.2236512,-31.2236512,-29.7266042,-29.7266042,0.0395079602,45.06378,45.06378,0.000186440765,0.000186440765,0.000563899209,0.000563899209,0.520336444,2238.2655,47.765457,0.00205700855,-7.7518167e-05,0.0,5291.33195,2201.78531,0.0395079602,-76.9739056,0.000127507782
419.5,105.95998,5320.23574,-44.008126,-44.008126,-24.5177258,-24.5177258,-23.3788467,-23.3788467,0.0375022326,45.06378,45.06378,0.000176975598,0.000176975598,0.000535274538,0.000535274538,0.520504193,2236.52,48.04178,0.00195257903,-5.3348077e-05,0.0,5320.23574,2213.81126,0.0375022326,-66.7366125,0.000104897904
420.0,78.8876602,5322.49376,-32.8246256,-32.8246256,-18.29545505,-18.29545505,-17.41423935,-17.41423935,0.0356572509,45.06378,45.06378,0.000168269003,0.000168269003,0.000508943653,0.000508943653,0.520639963,2236.52,48.04178,0.00185651881,-5.2948426e-05,0.0,5322.49376,2214.74975,0.0356572509,-56.8881434,8.503167e-05
420.5,51.81534,5322.53989,-21.561293,-21.561293,-12.01772625,-12.01772625,-11.33571485,-11.33571485,0.033807226,45.06378,45.06378,0.000159538609,0.000159538609,0.000482540484,0.000482540484,0.520739766,2236.52,48.04178,0.001760196,-5.3525044e-05,0.0,5322.53989,2214.76787,0.033807226,-47.0127555,6.6638551e-05
421.0,24.7430198,5322.54408,-10.29599648,-10.29599648,-5.73873598,-5.73873598,-5.16905891,-5.16905891,0.0319571389,45.06378,45.06378,0.000150807919,0.000150807919,0.000456136148,0.000456136148,0.520799928,2236.52,48.04178,0.00166386997,-5.5135871e-05,0.0,5322.54408,2214.76851,0.0319571389,-37.1370376,4.9775444e-05
421.5,-0.42169632,5326.90081,0.418236334,0.418236334,0.234515499,0.234515499,0.551328928,0.551328928,0.0302214376,45.06378,45.06378,0.000142617031,0.000142617031,0.000431364064,0.000431364064,0.520816651,2236.52,48.04178,0.00157349953,-3.5049987e-05,0.0,5326.90081,2216.58035,0.0302214376,-27.8719077,3.5318717e-05
422.0,-5.681987,5362.37315,2.54007327,2.54007327,1.42628526,1.42628526,1.8067532,1.8067532,0.029864934,45.06378,45.06378,0.000140934663,0.000140934663,0.000426275982,0.000426275982,0.520803418,2236.52,48.04178,0.00155493791,8.49202e-07,0.0,5362.37315,2231.34051,0.029864934,-25.9688982,3.248658e-05
422.5,-5.681987,5367.49685,2.36837859,2.36837859,1.3312252,1.3312252,1.68629387,1.68629387,0.0295837169,42.5593525,42.5593525,0.00013193926,0.00013193926,0.000399069228,0.000399069228,0.520789484,2236.52,48.04178,0.00154029618,-2.7730687e-05,0.0,5367.49685,2233.47236,0.0295837169,-24.4677692,3.0342994e-05
423.0,-5.681987,5367.60671,2.36440606,2.36440606,1.32901955,1.32901955,1.68349908,1.68349908,0.0281208037,30.0525645,30.0525645,8.868444e-05,8.868444e-05,0.000268247054,0.000268247054,0.520775822,2236.52,48.04178,0.00146412861,-4.596277e-05,0.0,5367.60671,2233.51712,0.0281208037,-16.65877215,1.9669088e-05
423.5,-5.681987,5367.61094,2.3643309,2.3643309,1.32897832,1.32897832,1.68344685,1.68344685,0.0265353528,16.50615435,16.50615435,4.6052439e-05,4.6052439e-05,0.000139302145,0.000139302145,0.520762178,2236.52,48.04178,0.00138158104,-4.6818609e-05,0.0,5367.61094,2233.518,0.0265353528,-8.19567587,9.15594e-06
424.0,-5.681987,5367.63598,2.36478124,2.36478124,1.32923771,1.32923771,1.68377517,1.68377517,0.006993281121,2.96214376,2.96214376,1.0360914e-05,1.0360914e-05,3.1341905e-05,3.1341905e-05,0.520748522,2236.52,48.04178,0.000364109897,-0.001180768487,0.0,5367.63598,2233.51701,0.006993281121,0.013607864,1.992693e-06
424.5,-5.681987,5367.68765,2.36428212,2.36428212,1.32896988,1.32896988,1.68343558,1.68343558,-0.0266158689,-10.58682497,-10.58682497,2.969322e-05,2.969322e-05,8.9818808e-05,8.9818808e-05,0.520734874,2236.52,48.04178,-0.00138577317,-4.8827238e-05,0.0,5367.68765,2233.51888,-0.0266158689,8.62546864,9.662753e-06
425.0,-5.681987,5367.68765,2.36432701,2.36432701,1.32899516,1.32899516,1.68346755,1.68346755,-0.0282013248,-24.132841,-24.132841,7.1455532e-05,7.1455532e-05,0.000216137982,0.000216137982,0.520721219,2236.52,48.04178,-0.00146832098,-4.4368508e-05,0.0,5367.68765,2233.518,-0.0282013248,17.0885929,2.0233029e-05
425.5,-5.681987,5367.68983,2.36432936,2.36432936,1.32899704,1.32899704,1.68346993,1.68346993,-0.0297867998,-37.6800092,-37.6800092,0.000117719559,0.000117719559,0.000356062183,0.000356062183,0.520707564,2236.52,48.04178,-0.00155086979,-4.5216519e-05,0.0,5367.68983,2233.518,-0.0297867998,25.5518188,3.1927546e-05
426.0,-5.681987,5367.692059999999,2.36432936,2.36432936,1.3289976,1.3289976,1.68347065,1.68347065,-0.0313722408,-51.2251063,-51.2251063,0.000168474927,0.000168474927,0.0005095702,0.0005095702,0.520693914,2236.52,48.04178,-0.00163341683,-4.6372123e-05,0.0,5367.692059999999,2233.518,-0.0313722408,34.0148634,4.4745862e-05
426.5,-5.681987,5367.6943,2.36432939,2.36432939,1.32899816,1.32899816,1.68347135,1.68347135,-0.0329577056,-64.7716111,-64.7716111,0.000223733184,0.000223733184,0.000676694703,0.000676694703,0.520680256,2236.52,48.04178,-0.00171596517,-4.4554863e-05,0.0,5367.6943,2233.518,-0.0329577056,42.4780386,5.8688528e-05
427.0,-5.681987,5367.69655,2.36432936,2.36432936,1.32899869,1.32899869,1.683472,1.683472,-0.0345431625,-78.3195956,-78.3195956,0.000283494987,0.000283494987,0.000857441115,0.000857441115,0.520666599,2236.52,48.04178,-0.00179851304,-4.6710033e-05,0.0,5367.69655,2233.518,-0.0345431625,50.9411685,7.3755193e-05
427.5,-5.681987,5367.6978,2.36431779,2.36431779,1.32899249,1.32899249,1.68346414,1.68346414,-0.0354567334,-86.111618,-86.111618,0.000319734354,0.000319734354,0.000967044521,0.000967044521,0.520652939,2236.52,48.04178,-0.00184607873,-4.534365e-06,0.0,5367.6978,2233.518,-0.0354567334,55.817786,8.2901076e-05
428.0,-5.681987,5367.6978,2.36431664,2.36431664,1.32899183,1.32899183,1.68346324,1.68346324,-0.035461297,-86.14961,-86.14961,0.000319916434,0.000319916434,0.000967595201,0.000967595201,0.520639277,2236.52,48.04178,-0.00184631635,-2.63197e-07,0.0,5367.6978,2233.518,-0.035461297,55.8421491,8.2947893e-05
428.5,-5.681987,5367.69608,2.36429323,2.36429323,1.32897826,1.32897826,1.68344612,1.68344612,-0.0341891237,-75.2511471,-75.2511471,0.000270224592,0.000270224592,0.000817305335,0.000817305335,0.52062562,2236.52,48.04178,-0.00178007976,9.3510478e-05,0.0,5367.69608,2233.518,-0.0341891237,49.051316,7.0447862e-05
429.0,-5.681987,5367.69121,2.36428857,2.36428857,1.32897443,1.32897443,1.68344129,1.68344129,-0.0307601316,-45.9501841,-45.9501841,0.000148898369,0.000148898369,0.00045036138,0.00045036138,0.520611967,2236.52,48.04178,-0.00160154701,0.000105289059,0.0,5367.69121,2233.518,-0.0307601316,30.7474417,3.9838254e-05
429.5,-5.681987,5367.68626,2.3642888,2.3642888,1.32897335,1.32897335,1.68344003,1.68344003,-0.0272993697,-16.38189666,-16.38189666,4.7716407e-05,4.7716407e-05,0.000144333532,0.000144333532,0.520598314,2236.52,48.04178,-0.00142136007,0.000100892586,0.0,5367.68626,2233.518,-0.0272993697,12.27397739,1.4256382e-05
430.0,-6.41518387,5365.94246,2.62659409,2.62659409,1.47588608,1.47588608,1.8695539,1.8695539,0.012298198,13.183835318,13.183835318,3.3149029e-05,3.3149029e-05,0.00010434859,0.00010434859,0.520584341,2236.52,48.04178,0.00064031397,0.000910295795,0.0,5365.94246,2232.81545,0.012298198,-5.71482184,6.949624e-06
430.5,-9.41691876,5362.53887,3.91152032,3.91152032,2.19656086,2.19656086,2.75324422,2.75324422,0.0293475255,42.7537853,42.7537853,0.000132222168,0.000132222168,0.000399925423,0.000399925423,0.520565588,2236.52,48.04178,0.00152799871,9.4874162e-05,0.0,5362.53887,2231.40914,0.0293475255,-23.2069839,2.8722496e-05
431.0,-12.5786932,5362.34405,5.23392026,5.23392026,2.93907297,2.93907297,3.58297712,3.58297712,0.0325917507,72.321991,72.321991,0.000247663831,0.000247663831,0.000749073989,0.000749073989,0.520539367,2236.52,48.04178,0.00169691146,9.3748748e-05,0.0,5362.34405,2231.32994,0.0325917507,-40.5245792,5.5518366e-05
431.5,-15.740467,5362.33558,6.54981601,6.54981601,3.67799962,3.67799962,4.36262268,4.36262268,0.0358364146,101.8927072,101.8927072,0.000383209525,0.000383209525,0.00115902698,0.00115902698,0.520506175,2236.52,48.04178,0.00186584707,9.6501049e-05,0.0,5362.33558,2231.32837,0.0358364146,-57.8445135,8.7025257e-05
432.0,-18.9022409,5362.33088,7.86532655,7.86532655,4.41671099,4.41671099,5.10083888,5.10083888,0.0390808513,131.4581564,131.4581564,0.000538826205,0.000538826205,0.00162968806,0.00162968806,0.520466221,2236.52,48.04178,0.00203477085,9.6982961e-05,0.0,5362.33088,2231.32831,0.0390808513,-75.163237,0.000123237523
432.5,-21.9132997,5362.6519,9.1417139,9.1417139,5.13377615,5.13377615,5.78145878,5.78145878,0.0423342113,161.026521,161.026521,0.000714706936,0.000714706936,0.00216164406,0.00216164406,0.520419758,2236.52,48.04178,0.00220415929,9.541332e-05,0.0,5362.6519,2231.46381,0.0423342113,-92.5295959,0.000164281232
433.0,-22.668253,5366.807409999999,9.45780665,9.45780665,5.31538727,5.31538727,5.95019088,5.95019088,0.0456563194,189.848913,189.848913,0.000908381096,0.000908381096,0.00274742393,0.00274742393,0.520369019,2236.52,48.04178,0.002377127,8.0115892e-05,0.0,5366.807409999999,2233.19479,0.0456563194,-110.2629224,0.000211045149
433.5,-22.668253,5367.56589,9.4330472,9.4330472,5.3022234,5.3022234,5.93830498,5.93830498,0.0466951729,198.68658,198.68658,0.000971558966,0.000971558966,0.00293851076,0.00293851076,0.520318049,2236.52,48.04178,0.00243121566,-3.47364e-07,0.0,5367.56589,2233.51109,0.0466951729,-115.808301,0.000226516729
434.0,-22.668253,5367.5823,9.43243925,9.43243925,5.30189769,5.30189769,5.93801059,5.93801059,0.0466951747,198.68658,198.68658,0.000971558994,0.000971558994,0.00293851082,0.00293851082,0.5202671,2236.52,48.04178,0.00243121565,1.826941e-06,0.0,5367.5823,2233.5179,0.0466951747,-115.8083091,0.000226516753
434.5,-22.668253,5367.5825,9.4324272,9.4324272,5.30189172,5.30189172,5.938005,5.938005,0.0466952361,198.68658,198.68658,0.000971560286,0.000971560286,0.00293851479,0.00293851479,0.520216154,2236.52,48.04178,0.00243121897,3.17508e-07,0.0,5367.5825,2233.518,0.0466952361,-115.8086406,0.000226517706
435.0,-22.668253,5367.5825,9.432427,9.432427,5.3018913,5.3018913,5.938005,5.938005,0.0466952243,198.68658,198.68658,0.000971560038,0.000971560038,0.00293851402,0.00293851402,0.520165206,2236.52,48.04178,0.00243121828,-1.218559e-06,0.0,5367.5825,2233.518,0.0466952243,-115.808576,0.000226517521
435.5,-22.668253,5367.5825,9.432427,9.432427,5.3018913,5.3018913,5.938005,5.938005,0.0466951906,198.68658,198.68658,0.000971559331,0.000971559331,0.00293851189,0.00293851189,0.520114263,2236.52,48.04178,0.00243121654,-3.50407e-07,0.0,5367.5825,2233.518,0.0466951906,-115.8083951,0.000226517009
436.0,-22.668253,5367.5825,9.432427,9.432427,5.3018913,5.3018913,5.938005,5.938005,0.0466952225,198.68658,198.68658,0.000971559992,0.000971559992,0.00293851391,0.00293851391,0.520063312,2236.52,48.04178,0.00243121823,6.6961e-07,0.0,5367.5825,2233.518,0.0466952225,-115.8085655,0.000226517492
436.5,-22.668253,5367.5825,9.432427,9.432427,5.3018913,5.3018913,5.938005,5.938005,0.046695162,198.68658,198.68658,0.00097155873,0.00097155873,0.00293851009,0.00293851009,0.520012361,2236.52,48.04178,0.00243121505,-2.402255e-06,0.0,5367.5825,2233.518,0.046695162,-115.80824,0.000226516558
437.0,-22.668253,5367.5825,9.432427,9.432427,5.3018913,5.3018913,5.938005,5.938005,0.0466952011,198.68658,198.68658,0.000971559563,0.000971559563,0.00293851258,0.00293851258,0.519961423,2236.52,48.04178,0.00243121708,-1.6472e-08,0.0,5367.5825,2233.518,0.0466952011,-115.808451,0.000226517163
437.5,-22.668253,5367.5825,9.432427,9.432427,5.3018913,5.3018913,5.938005,5.938005,0.04669518,198.68658,198.68658,0.000971559126,0.000971559126,0.00293851129,0.00293851129,0.51991046,2236.52,48.04178,0.00243121604,-9.3968e-07,0.0,5367.5825,2233.518,0.04669518,-115.8083405,0.000226516851
438.0,-22.668253,5367.5825,9.432427,9.432427,5.3018913,5.3018913,5.938005,5.938005,0.0466952023,198.68658,198.68658,0.00097155958,0.00097155958,0.00293851258,0.00293851258,0.519859531,2236.52,48.04178,0.00243121718,6.3196e-08,0.0,5367.5825,2233.518,0.0466952023,-115.8084584,0.00022651718
438.5,-22.668253,5367.5825,9.432427,9.432427,5.3018913,5.3018913,5.938005,5.938005,0.0466951441,198.68658,198.68658,0.00097155836,0.00097155836,0.00293850895,0.00293850895,0.519808558,2236.52,48.04178,0.00243121411,1.077932e-06,0.0,5367.5825,2233.518,0.0466951441,-115.8081449,0.000226516281
439.0,-22.668253,5367.5825,9.432427,9.432427,5.3018913,5.3018913,5.938005,5.938005,0.0466951742,198.68658,198.68658,0.000971559004,0.000971559004,0.00293851096,0.00293851096,0.519757611,2236.52,48.04178,0.00243121574,2.277386e-06,0.0,5367.5825,2233.518,0.0466951742,-115.8083103,0.000226516763
439.5,-22.668253,5367.5825,9.432427,9.432427,5.3018913,5.3018913,5.938005,5.938005,0.0466952132,198.68658,198.68658,0.000971559795,0.000971559795,0.00293851328,0.00293851328,0.519706658,2236.52,48.04178,0.00243121776,2.80502e-07,0.0,5367.5825,2233.518,0.0466952132,-115.8085134,0.000226517342
440.0,-22.668253,5367.5825,9.432427,9.432427,5.3018913,5.3018913,5.938005,5.938005,0.0466951772,198.68658,198.68658,0.000971559053,0.000971559053,0.00293851099,0.00293851099,0.519655706,2236.52,48.04178,0.00243121584,-1.55427e-07,0.0,5367.5825,2233.518,0.0466951772,-115.808324,0.000226516795
440.5,-22.668253,5367.582550000001,9.4324285,9.4324285,5.30189217,5.30189217,5.93800576,5.93800576,0.0466760997,198.516414,198.516414,0.000970333439,0.000970333439,0.00293480409,0.00293480409,0.519604751,2236.52,48.04178,0.00243022266,-2.4847589e-05,0.0,5367.582550000001,2233.518,0.0466760997,-115.7064901,0.000226225893
441.0,-22.456832,5368.02786,9.3806776,9.3806776,5.27322951,5.27322951,5.9117257,5.9117257,0.042120964,159.430397,159.430397,0.000707910269,0.000707910269,0.0021410888,0.0021410888,0.519553826,2236.52,48.04178,0.00219305639,-0.000229418544,0.0,5368.02786,2233.70055,0.042120964,-91.391286,0.000162407715
441.5,-18.4066695,5375.21464,7.70738793,7.70738793,4.33832564,4.33832564,5.02224044,5.02224044,0.0344050027,91.1493137,91.1493137,0.000332888854,0.000332888854,0.001006834834,0.001006834834,0.519506289,2236.52,48.04178,0.00179131966,-0.000219388195,0.0,5375.21464,2236.68656,0.0344050027,-50.2036747,7.3419165e-05
442.0,-12.9345967,5376.6981,5.38406136,5.38406136,3.03147352,3.03147352,3.68007712,3.68007712,0.0169692787,22.881068084,22.881068084,7.3234029e-05,7.3234029e-05,0.000221511064,0.000221511064,0.519469683,2236.52,48.04178,0.0008835169,-0.002903189075,0.0,5376.6981,2237.29369,0.0169692787,-10.09599723,1.4149517e-05
442.5,-8.8589259,5373.60726,3.61173862,3.61173862,2.03244453,2.03244453,2.56597157,2.56597157,-0.0281536626,-21.9102181,-21.9102181,6.4663169e-05,6.4663169e-05,0.000195594142,0.000195594142,0.519444606,2236.52,48.04178,-0.00146583942,-4.2018499e-05,0.0,5373.60726,2235.98124,-0.0281536626,16.8341724,1.9867657e-05
443.0,-8.636573,5367.98499,3.58306901,3.58306901,2.01416492,2.01416492,2.54575452,2.54575452,-0.0282555604,-22.862732,-22.862732,6.764889e-05,6.764889e-05,0.000204624966,0.000204624966,0.519423924,2236.52,48.04178,-0.00147114481,-7.07074e-07,0.0,5367.98499,2233.6417,-0.0282555604,17.3781025,2.0568134e-05
443.5,-8.636573,5367.693420000001,3.59352752,3.59352752,2.01993453,2.01993453,2.55246528,2.55246528,-0.0282561316,-22.862732,-22.862732,6.7650256e-05,6.7650256e-05,0.000204629102,0.000204629102,0.519402997,2236.52,48.04178,-0.00147117452,-5.29111e-07,0.0,5367.693420000001,2233.52037,-0.0282561316,17.3811505,2.0572156e-05
444.0,-8.636573,5037.9706,-9.15166588,-9.15166588,-4.33450191,-4.33450191,-3.76320932,-3.76320932,-0.0274567648,-22.862732,-22.862732,6.5736429e-05,6.5736429e-05,0.000198840309,0.000198840309,0.519393939,2068.16996,48.04178,-0.00142955499,7.419658e-05,0.0,5037.9706,2096.32067,-0.0274567648,13.1141508,1.5228616e-05
444.5,-8.636573,2599.01423,-21.8329619,-21.8329619,-5.99398455,-5.99398455,-5.51069603,-5.51069603,-0.026656107,-22.862732,-22.862732,6.3819511e-05,6.3819511e-05,0.000193042168,0.000193042168,0.51944367,1073.594695,48.04178,-0.00138786819,-4.674486e-06,0.0,2599.01423,1081.45345,-0.026656107,8.84025885,9.871159e-06
445.0,-8.636573,265.4663872,-8.19238236,-8.19238236,-0.6656563337,-0.6656563337,-0.5140355306,-0.5140355306,-0.0275119702,-22.862732,-22.862732,6.5868602e-05,6.5868602e-05,0.00019924009,0.00019924009,0.519463749,141.728771,48.04178,-0.00143242927,-7.1022114e-05,0.0,265.4663872,110.44645915,-0.0275119702,13.40883515,1.559754e-05
445.5,-8.636573,62.4639592,4.33121462,4.33121462,0.0268603078,0.0268603078,0.0760113914,0.0760113914,-0.0283027259,-22.862732,-22.862732,6.7761812e-05,6.7761812e-05,0.000204966526,0.000204966526,0.519464083,35.18426,48.04178,-0.00147360053,4.80927e-06,0.0,62.4639592,25.97518877,-0.0283027259,17.6298708,2.0901346e-05
446.0,-8.636573,94.7652756,6.85505426,6.85505426,0.1010144763,0.1010144763,0.2196356092,0.2196356092,-0.0284171475,-22.5046738,-22.5046738,6.6916308e-05,6.6916308e-05,0.000202409229,0.000202409229,0.519463356,52.365945,48.04178,-0.00147955792,-6.6017316e-05,0.0,94.7652756,39.4159389,-0.0284171475,18.240646,2.1763858e-05
446.5,3.148470788,3627.67867,150.2733065,52.0153466,70.28323563,17.25507233,74.3466139,18.6112994,-0.02267408671,4.88260481,1.76247777,8.87825e-07,6.22977e-07,2.9818314e-05,2.9017175e-05,0.5193613,1832.234032,48.04178,-0.001180541629,-0.003489770497,0.0,3627.67867,1509.490597,-0.02267408671,14.781687627,1.8496781e-05
447.0,25.2179865,7994.54335,297.880634,24.0266624,249.031931,19.729875,264.077049,20.894273,0.009755039016,48.8229717,3.49477203,6.3087788e-05,4.299454e-06,0.00019083445,1.3005433e-05,0.519093359,4150.74106,48.04178,0.000507902688,-0.004339040361,0.0,7994.54335,3326.59421,0.009755039016,-1.00716753,1.082628e-06
447.5,47.2875017,11158.31795,72.3949764,-8.3105098,78.3240165,-10.6681105,88.7257352,-8.5348415,0.0341104821,92.754848,56.53580848,0.00034062882,0.000239066684,0.001030269191,0.000723054614,0.518871727,4321.217,48.04178,0.0017759853,0.00036677311,0.0,11158.31795,4643.07841,0.0341104821,-48.63153214,8.2102146e-05
448.0,69.357017,10571.6865,-34.4090535,-34.4090535,-38.136883,-38.136883,-36.1474586,-36.1474586,0.0460713295,136.6868056,136.6868056,0.000661587732,0.000661587732,0.00200094086,0.00200094086,0.519036871,4321.217,48.04178,0.00239873484,0.000156015412,0.0,10571.6865,4398.98378,0.0460713295,-112.478243,0.000217648313
448.5,91.4265329,10410.9996,-38.1695995,-38.1695995,-41.613099,-41.613099,-39.5488752,-39.5488752,0.0523796342,180.626166,180.626166,0.000993282209,0.000993282209,0.00300414078,0.00300414078,0.51925623,4321.217,48.04178,0.00272718097,0.00019119302,0.0,10410.9996,4332.1243,0.0523796342,-146.151817,0.000321477395
449.0,113.4960476,10407.6382,-47.2291705,-47.2291705,-51.4743618,-51.4743618,-49.1183866,-49.1183866,0.0574095477,210.746677,210.746677,0.00126710921,0.00126710921,0.00383233092,0.00383233092,0.51951342,4321.217,48.04178,0.00298906682,7.463675e-05,0.0,10407.6382,4330.72855,0.0574095477,-173.00137,0.000416115332
449.5,135.5655645,10407.572199999999,-56.4098316,-56.4098316,-61.4798573,-61.4798573,-58.8170338,-58.8170338,0.0590285542,211.68642,211.68642,0.00130853027,0.00130853027,0.00395759353,0.00395759353,0.519813417,4321.217,48.04178,0.00307336142,4.2546178e-05,0.0,10407.572199999999,4330.70215,0.0590285542,-181.643585,0.000449170675
450.0,156.787517,10405.80855,-65.3856139,-65.3856139,-71.2497655,-71.2497655,-68.2974165,-68.2974165,0.0604884303,211.68642,211.68642,0.00134089242,0.00134089242,0.00405545669,0.00405545669,0.520153698,4321.217,48.04178,0.00314937096,3.4654807e-05,0.0,10405.80855,4329.96909,0.0604884303,-189.43637,0.000480012034
450.5,162.5342,10376.8686,-67.8263816,-67.8263816,-73.7045266,-73.7045266,-70.684225,-70.684225,0.0608853783,211.68642,211.68642,0.00134969188,0.00134969188,0.00408206627,0.00408206627,0.520520295,4321.217,48.04178,0.00317003826,-2.69137e-06,0.0,10376.8686,4317.92712,0.0608853783,-191.55527,0.000488535066
451.0,162.5342,10370.966649999998,-67.6365439,-67.6365439,-73.4563362,-73.4563362,-70.4436146,-70.4436146,0.0608735131,211.68642,211.68642,0.00134942885,0.00134942885,0.00408127085,0.00408127085,0.520887851,4321.217,48.04178,0.00316942048,8.68171e-07,0.0,10370.966649999998,4315.47125,0.0608735131,-191.491932,0.000488278334
451.5,162.5342,10370.8373,-67.6317719,-67.6317719,-73.4502353,-73.4502353,-70.4376995,-70.4376995,0.0608731657,211.68642,211.68642,0.00134942111,0.00134942111,0.00408124752,0.00408124752,0.521255149,4321.217,48.04178,0.00316940236,4.62374e-07,0.0,10370.8373,4315.4175,0.0608731657,-191.490075,0.000488270813
452.0,162.5342,10370.835,-67.6316788,-67.6316788,-73.450122,-73.450122,-70.437587,-70.437587,0.0608731104,211.68642,211.68642,0.00134941991,0.00134941991,0.00408124383,0.00408124383,0.521622436,4321.217,48.04178,0.00316939952,-3.045e-07,0.0,10370.835,4315.4165,0.0608731104,-191.489787,0.000488269634
452.5,162.5342,10370.835,-67.631676,-67.631676,-73.45012,-73.45012,-70.437584,-70.437584,0.060873149,211.68642,211.68642,0.0013494208,0.0013494208,0.00408124645,0.00408124645,0.521989719,4321.217,48.04178,0.00316940158,-4.26538e-07,0.0,10370.835,4315.4165,0.060873149,-191.489994,0.00048827048
453.0,162.5342,10370.835,-67.6316754,-67.6316754,-73.450119,-73.450119,-70.4375836,-70.4375836,0.0608584929,211.55684,211.55684,0.00134827183,0.00134827183,0.00407777138,0.00407777138,0.522357,4321.217,48.04178,0.00316863837,-1.3285782e-05,0.0,10370.835,4315.4165,0.0608584929,-191.411755,0.000487953891
453.5,162.5342,10370.8387,-67.6316405,-67.6316405,-73.4501016,-73.4501016,-70.4375678,-70.4375678,0.0580584175,187.594398,187.594398,0.00114228531,0.00114228531,0.00345475366,0.00345475366,0.52272427,4321.217,48.04178,0.00302285067,-0.000142097326,0.0,10370.8387,4315.4165,0.0580584175,-176.465024,0.000429587358
454.0,162.5342,10370.8458,-67.63164,-67.63164,-73.4501519,-73.4501519,-70.4376188,-70.4376188,0.0532072762,146.146539,146.146539,0.000816043821,0.000816043821,0.00246804046,0.00246804046,0.523091545,4321.217,48.04178,0.00277027268,-0.000140124131,0.0,10370.8458,4315.4165,0.0532072762,-150.569747,0.000336015015
454.5,162.5342,10370.85255,-67.63164,-67.63164,-73.4502006,-73.4502006,-70.4376635,-70.4376635,0.0483563404,104.6988515,104.6988515,0.000531917722,0.000531917722,0.00160873003,0.00160873003,0.523458816,4321.217,48.04178,0.00251770549,-0.000138175626,0.0,10370.85255,4315.4165,0.0483563404,-124.675573,0.000252970119
455.0,162.5342,10370.8587,-67.63164,-67.63164,-73.4502484,-73.4502484,-70.4377092,-70.4377092,0.0435050841,63.2500552,63.2500552,0.000289894686,0.000289894686,0.00087677398,0.00087677398,0.523826088,4321.217,48.04178,0.00226512155,-0.000136648598,0.0,10370.8587,4315.4165,0.0435050841,-98.779685,0.000180444085
455.5,162.5342,10370.8657,-67.63164,-67.63164,-73.4502964,-73.4502964,-70.4377574,-70.4377574,0.0386542332,21.803001,21.803001,8.9992917e-05,8.9992917e-05,0.000272200943,0.000272200943,0.524193359,4321.217,48.04178,0.00201255868,-0.000139368274,0.0,10370.8657,4315.4165,0.0386542332,-72.8859568,0.000118447106
456.0,162.5342,10370.872599999999,-67.63164,-67.63164,-73.4503442,-73.4503442,-70.4378025,-70.4378025,0.0338031825,-19.64573513,-19.64573513,-6.7806805e-05,-6.7806805e-05,-2.2417316e-05,-2.2417316e-05,0.524560621,4321.217,48.04178,0.00175998542,-0.000141763501,0.0,10370.872599999999,4315.4165,0.0338031825,-46.9911688,6.6970852e-05
456.5,157.216036,10358.9632,-65.6687109,-65.6687109,-71.2385612,-71.2385612,-68.2904086,-68.2904086,0.0286055377,-61.0913727,-61.0913727,-0.00018088964,-0.00018088964,-5.9805755e-05,-5.9805755e-05,0.524925934,4321.217,48.04178,0.00148936664,-0.000165595774,0.0,10358.9632,4310.45785,0.0286055377,-19.2462732,2.3704908e-05
457.0,139.763598,10341.9099,-58.1843248,-58.1843248,-63.013911,-63.013911,-60.309388,-60.309388,-0.0182472989,-102.5364825,-102.5364825,0.000214243075,0.000214243075,0.000748970807,0.000748970807,0.525269211,4321.217,48.04178,-0.000950057916,-0.001060660765,0.0,10341.9099,4303.3343,-0.0182472989,12.8316975,1.5759859e-05
457.5,121.849265,10341.1663,-50.7030295,-50.7030295,-54.9075519,-54.9075519,-52.4504917,-52.4504917,-0.0335091095,-143.9871486,-143.9871486,0.000507435931,0.000507435931,0.00153478136,0.00153478136,0.525579517,4321.217,48.04178,-0.00174467439,-0.000176183776,0.0,10341.1663,4303.01602,-0.0335091095,45.4214191,6.4435612e-05
458.0,103.934931,10341.152100000001,-43.2470739,-43.2470739,-46.8332492,-46.8332492,-44.6244919,-44.6244919,-0.0370217981,-163.49721,-163.49721,0.000633864573,0.000633864573,0.0019171669,0.0019171669,0.525855939,4321.217,48.04178,-0.00192756488,-3.7417887e-05,0.0,10341.152100000001,4303.00842,-0.0370217981,64.172065,9.9543453e-05
458.5,86.0205981,10341.1551,-35.793667,-35.793667,-38.7617944,-38.7617944,-36.7806585,-36.7806585,-0.0382460275,-163.49721,-163.49721,0.000654825088,0.000654825088,0.00198055611,0.00198055611,0.52609651,4321.217,48.04178,-0.0019913052,-3.511493e-05,0.0,10341.1551,4303.00885,-0.0382460275,70.70697,0.000113303461
459.0,68.1062655,10341.1603,-28.3396282,-28.3396282,-30.6896571,-30.6896571,-28.8897744,-28.8897744,-0.0389742705,-159.249818,-159.249818,0.000649972561,0.000649972561,0.00196587204,0.00196587204,0.52629872,4321.217,48.04178,-0.00202922166,-1.786523e-06,0.0,10341.1603,4303.01044,-0.0389742705,74.594315,0.00012177971
459.5,52.9123051,10347.6181,-21.8087017,-21.8087017,-23.6312977,-23.6312977,-21.9477231,-21.9477231,-0.0385811771,-146.898332,-146.898332,0.000593599671,0.000593599671,0.00179536348,0.00179536348,0.526460379,4321.217,48.04178,-0.00200875497,2.6457619e-05,0.0,10347.6181,4305.69789,-0.0385811771,72.4959891,0.000117176916
460.0,51.14302,10369.169,-21.217729,-21.217729,-23.0394268,-23.0394268,-21.3568864,-21.3568864,-0.0372254115,-134.354337,-134.354337,0.000523905347,0.000523905347,0.00158457062,0.00158457062,0.526601312,4321.217,48.04178,-0.00193816611,4.2518112e-05,0.0,10369.169,4314.6661,-0.0372254115,65.2589444,0.000101798339
460.5,51.14302,10370.934,-21.2796658,-21.2796658,-23.1106039,-23.1106039,-21.4267471,-21.4267471,-0.0357534306,-121.8116635,-121.8116635,0.000456233045,0.000456233045,0.00137989482,0.00137989482,0.526742791,4321.217,48.04178,-0.00186152649,3.9811701e-05,0.0,10370.934,4315.40131,-0.0357534306,57.4015545,8.6006419e-05
461.0,51.14302,10165.2634,-28.9016454,-28.9016454,-30.6091971,-30.6091971,-28.8185714,-28.8185714,-0.0338066294,-109.2650266,-109.2650266,0.000387134263,0.000387134263,0.00117090708,0.00117090708,0.526894524,4217.32348,48.04178,-0.00176016496,7.5579555e-05,0.0,10165.2634,4229.82134,-0.0338066294,47.0095741,6.6728389e-05
461.5,51.14302,8799.783039999998,-35.2499409,-35.2499409,-32.4975111,-32.4975111,-31.0047841,-31.0047841,-0.0319379184,-96.7225901,-96.7225901,0.000323643181,0.000323643181,0.000978879657,0.000978879657,0.52709295,3661.96009,48.04178,-0.00166286927,3.7136334e-05,0.0,8799.783039999998,3661.636,-0.0319379184,37.0344386,4.9581201e-05
462.0,51.14302,7330.67365,-34.8856508,-34.8856508,-26.7808824,-26.7808824,-25.6576965,-25.6576965,-0.0304927314,-84.177889,-84.177889,0.000268955065,0.000268955065,0.000813475608,0.000813475608,0.527271706,3054.33374,48.04178,-0.00158762461,4.4115426e-05,0.0,7330.67365,3050.32966,-0.0304927314,29.3200645,3.7489511e-05
462.5,51.14302,5872.14355,-34.8772991,-34.8772991,-21.4470844,-21.4470844,-20.4723548,-20.4723548,-0.0296876318,-77.30783,-77.30783,0.000240340888,0.000240340888,0.000726932476,0.000726932476,0.527422379,2446.70739,48.04178,-0.00154570658,9.07901e-07,0.0,5872.14355,2443.42494,-0.0296876318,25.0224651,3.1116752e-05
463.0,51.14302,4644.97865,-26.8184635,-26.8184635,-13.16108535,-13.16108535,-12.4398725,-12.4398725,-0.0301939994,-77.30783,-77.30783,0.000244440266,0.000244440266,0.000739330091,0.000739330091,0.527538042,1953.98803,48.04178,-0.00157207091,-2.290872e-05,0.0,4644.97865,1932.79229,-0.0301939994,27.7254408,3.5108803e-05
463.5,51.14302,4571.92483,-20.944051,-20.944051,-10.0277129,-10.0277129,-9.4153625,-9.4153625,-0.0305644479,-77.30783,-77.30783,0.000247439289,0.000247439289,0.000748399913,0.000748399913,0.527609063,1909.0674,48.04178,-0.00159135858,3.373177e-06,0.0,4571.92483,1902.39383,-0.0305644479,29.7028858,3.8028115e-05
464.0,51.14302,4581.60095,-21.2734531,-21.2734531,-10.2066654,-10.2066654,-9.5886072,-9.5886072,-0.0305436622,-77.30783,-77.30783,0.000247271023,0.000247271023,0.000747891054,0.000747891054,0.527678052,1909.0674,48.04178,-0.00159027638,6.99611e-07,0.0,4581.60095,1906.42013,-0.0305436622,29.5919361,3.7860218e-05
464.5,51.14302,4581.80076,-21.2808472,-21.2808472,-10.2106582,-10.2106582,-9.5924766,-9.5924766,-0.0305431768,-77.30783,-77.30783,0.000247267085,0.000247267085,0.00074787914,0.00074787914,0.527747373,1909.0674,48.04178,-0.00159025107,4.59176e-07,0.0,4581.80076,1906.50329,-0.0305431768,29.5893411,3.7856296e-05
465.0,51.14302,4581.80456,-21.2809861,-21.2809861,-10.21073275,-10.21073275,-9.59254885,-9.59254885,-0.0305431819,-77.30783,-77.30783,0.000247267124,0.000247267124,0.000747879274,0.000747879274,0.527816699,1909.0674,48.04178,-0.00159025136,-7.56527e-07,0.0,4581.80456,1906.50488,-0.0305431819,29.5893688,3.7856337e-05
465.5,51.14302,4581.8047,-21.280989,-21.280989,-10.210734,-10.210734,-9.59255,-9.59255,-0.030543192,-77.30783,-77.30783,0.000247267207,0.000247267207,0.000747879511,0.000747879511,0.52788601,1909.0674,48.04178,-0.00159025189,-5.50858e-07,0.0,4581.8047,1906.5049,-0.030543192,29.5894237,3.785642e-05
466.0,51.14302,4581.8047,-21.280989,-21.280989,-10.210734,-10.210734,-9.59255,-9.59255,-0.0305431383,-77.30783,-77.30783,0.000247266776,0.000247266776,0.000747878193,0.000747878193,0.527955311,1909.0674,48.04178,-0.00159024907,1.7912e-08,0.0,4581.8047,1906.5049,-0.0305431383,29.5891353,3.7855984e-05
466.5,51.14302,4581.8047,-21.280989,-21.280989,-10.210734,-10.210734,-9.59255,-9.59255,-0.0305431201,-77.30783,-77.30783,0.000247266627,0.000247266627,0.000747877752,0.000747877752,0.528024637,1909.0674,48.04178,-0.00159024812,1.65624e-07,0.0,4581.8047,1906.5049,-0.0305431201,29.5890393,3.7855838e-05
467.0,51.8788114,4583.20363,-21.439301,-21.439301,-10.2899703,-10.2899703,-9.6695046,-9.6695046,-0.0305025832,-77.30783,-77.30783,0.000246938453,0.000246938453,0.000746885279,0.000746885279,0.528093993,1909.0674,48.04178,-0.00158813754,1.066115e-05,0.0,4583.20363,1907.08704,-0.0305025832,29.3726537,3.7530992e-05
467.5,72.6218619,4621.42537,-29.9132758,-29.9132758,-14.4800006,-14.4800006,-13.7155311,-13.7155311,-0.0290967013,-77.30783,-77.30783,0.000235556917,0.000235556917,0.000712464353,0.000712464353,0.528173693,1909.0674,48.04178,-0.00151493935,5.7153384e-05,0.0,4621.42537,1922.99227,-0.0290967013,21.8680904,2.6732639e-05
468.0,102.2883345,4630.95834,-42.5549528,-42.5549528,-20.6372189,-20.6372189,-19.5974617,-19.5974617,-0.0270506035,-77.30783,-77.30783,0.000218992414,0.000218992414,0.000662368172,0.000662368172,0.5282875,1909.0674,48.04178,-0.00140840789,5.7662165e-05,0.0,4630.95834,1926.96015,-0.0270506035,10.94607203,1.2478874e-05
468.5,131.954809,4631.16095,-54.9079757,-54.9079757,-26.6289361,-26.6289361,-25.2469872,-25.2469872,-0.00801641856,-77.30783,-77.30783,6.4898176e-05,6.4898176e-05,0.000364236626,0.000364236626,0.528434516,1909.0674,48.04178,-0.000417380216,0.001047119918,0.0,4631.16095,1927.0556,-0.00801641856,0.34417458,2.671951e-06
469.0,161.621279,4631.08846,-67.2515639,-67.2515639,-32.6147553,-32.6147553,-30.8197792,-30.8197792,0.0269957452,-77.2140335,-77.2140335,-0.000218273219,-0.000218273219,-7.2165558e-05,-7.2165558e-05,0.528612019,1909.0674,48.04178,0.00140555167,6.2167186e-05,0.0,4631.08846,1927.04585,0.0269957452,-10.65323931,1.2127086e-05
469.5,191.086214,4630.85414,-79.571405,-79.571405,-38.5873744,-38.5873744,-36.3114545,-36.3114545,0.0302111184,-66.9628891,-66.9628891,-0.00021126313,-0.00021126313,-6.9848534e-05,-6.9848534e-05,0.528817974,1909.0674,48.04178,0.00157296226,0.000112144302,0.0,4630.85414,1926.95023,0.0302111184,-27.8168245,3.5493288e-05
470.0,202.62228,4595.43517,-84.7038989,-84.7038989,-40.7626481,-40.7626481,-38.273909,-38.273909,0.0330242701,-49.8584909,-49.8584909,-0.000172138421,-0.000172138421,-5.6912893e-05,-5.6912893e-05,0.529044791,1909.0674,48.04178,0.00171943085,5.8708036e-05,0.0,4595.43517,1912.21381,0.0330242701,-42.8333545,5.9321646e-05
470.5,202.62228,4582.046899999999,-84.3249156,-84.3249156,-40.4616943,-40.4616943,-37.9913992,-37.9913992,0.0350023366,-32.7540251,-32.7540251,-0.000119762351,-0.000119762351,-3.9595197e-05,-3.9595197e-05,0.529272921,1909.0674,48.04178,0.00182242024,5.414697e-05,0.0,4582.046899999999,1906.64395,0.0350023366,-53.3922266,7.8356052e-05
471.0,202.62228,4581.71631,-84.3128741,-84.3128741,-40.4529984,-40.4529984,-37.983275,-37.983275,0.0370033234,-15.65070035,-15.65070035,-6.0350222e-05,-6.0350222e-05,-1.9951514e-05,-1.9951514e-05,0.529500664,1909.0674,48.04178,0.00192660296,5.8272478e-05,0.0,4581.71631,1906.5076,0.0370033234,-64.0734402,9.9387207e-05
471.5,202.62228,4581.70735,-84.312646,-84.312646,-40.4528085,-40.4528085,-37.9830967,-37.9830967,0.0390053724,1.4560727,1.4560727,6.243455e-06,6.243455e-06,3.4770445e-05,3.4770445e-05,0.529728354,1909.0674,48.04178,0.002030841,5.9274474e-05,0.0,4581.70735,1906.50502,0.0390053724,-74.7603325,0.000122221344
472.0,183.893049,4538.994079999999,-78.9833957,-78.9833957,-37.6218421,-37.6218421,-35.3618396,-35.3618396,0.0398899696,18.5599657,18.5599657,7.7052952e-05,7.7052952e-05,0.000233070693,0.000233070693,0.529954761,1909.0674,48.04178,0.00207689814,-0.000158054551,0.0,4538.994079999999,1888.73226,0.0398899696,-79.4822922,0.000133329293
472.5,-6.9671438,4257.04158,4.4719246,4.4719246,2.05247303,2.05247303,2.65070349,2.65070349,0.0285963721,35.6633962,35.6633962,0.000105741179,0.000105741179,0.00031983485,0.00031983485,0.530061193,1909.0674,48.04178,0.00148888933,-0.000208191447,0.0,4257.04158,1771.4031,0.0285963721,-19.1973438,2.4456456e-05
473.0,-34.759655,4554.53123,15.41935735,15.41935735,7.35168364,7.35168364,7.93630196,7.93630196,0.0287283411,52.7675097,52.7675097,0.00015907061,0.00015907061,0.00048112913,0.00048112913,0.529990409,1909.0674,48.04178,0.00149576043,5.9890048e-05,0.0,4554.53123,1895.19081,0.0287283411,-19.9017936,2.4037617e-05
473.5,-34.759655,4581.17607,14.4838293,14.4838293,6.94846562,6.94846562,7.53019277,7.53019277,0.0307893555,69.8726333,69.8726333,0.000225583517,0.000225583517,0.000682295331,0.000682295331,0.529923444,1909.0674,48.04178,0.00160306859,5.5567835e-05,0.0,4581.17607,1906.27916,0.0307893555,-30.9034389,3.9930436e-05
474.0,-34.759655,4581.70595,14.4641162,14.4641162,6.93981255,6.93981255,7.52140731,7.52140731,0.0326140232,85.4454546,85.4454546,0.00029195323,0.00029195323,0.000883028639,0.000883028639,0.529857546,1909.0674,48.04178,0.00169807112,3.5541958e-05,0.0,4581.70595,1906.50074,0.0326140232,-40.643471,5.5556586e-05
474.5,-34.759655,4581.71562,14.46375755,14.46375755,6.93965481,6.93965481,7.52124709,7.52124709,0.0329468702,88.27897,88.27897,0.000304579035,0.000304579035,0.000921214795,0.000921214795,0.529791654,1909.0674,48.04178,0.00171540099,1.21296e-06,0.0,4581.71562,1906.50489,0.0329468702,-42.4201958,5.8543063e-05
475.0,-34.759655,4581.716,14.46375,14.46375,6.9396515,6.9396515,7.52124368,7.52124368,0.0329468326,88.27897,88.27897,0.000304578696,0.000304578696,0.000921213753,0.000921213753,0.529725772,1909.0674,48.04178,0.00171539905,3.97784e-07,0.0,4581.716,1906.505,0.0329468326,-42.4199965,5.854272e-05
475.5,-30.2620778,4592.245290000001,12.88872415,12.88872415,6.19594118,6.19594118,6.76256188,6.76256188,0.0332345842,88.27897,88.27897,0.000307238826,0.000307238826,0.000929258518,0.000929258518,0.52966122,1909.0674,48.04178,0.00173038102,2.8124113e-05,0.0,4592.245290000001,1910.88658,0.0332345842,-43.9560083,6.1215008e-05
476.0,-8.65376025,4618.63048,3.664751668,3.664751668,1.772016546,1.772016546,2.15758136,2.15758136,0.0347252345,88.27897,88.27897,0.000321019232,0.000321019232,0.000970932874,0.000970932874,0.529621338,1909.0674,48.04178,0.00180799279,4.8269873e-05,0.0,4618.63048,1921.86651,0.0347252345,-51.9130666,7.5558406e-05
476.5,14.60865577,4620.39501,-6.07762426,-6.07762426,-2.940647474,-2.940647474,-2.51353552,-2.51353552,0.0363188384,88.27897,88.27897,0.000335751377,0.000335751377,0.00101548501,0.00101548501,0.5296231,1909.0674,48.04178,0.00189096481,4.5591202e-05,0.0,4620.39501,1922.60168,0.0363188384,-60.4196835,9.1964296e-05
477.0,37.8710715,4620.42619,-15.7585963,-15.7585963,-7.6247952,-7.6247952,-7.07687032,-7.07687032,0.0379087045,88.27897,88.27897,0.000350448975,0.000350448975,0.00105993214,0.00105993214,0.529658913,1909.0674,48.04178,0.00197374225,4.6692666e-05,0.0,4620.42619,1922.61559,0.0379087045,-68.9063468,0.000109464125
477.5,61.1334877,4620.42505,-25.4383992,-25.4383992,-12.3083634,-12.3083634,-11.6236695,-11.6236695,0.0394983725,88.27897,88.27897,0.000365144749,0.000365144749,0.00110437326,0.00110437326,0.529726419,1909.0674,48.04178,0.00205650943,4.554603e-05,0.0,4620.42505,1922.61603,0.0394983725,-77.3919567,0.000128091919
478.0,84.395904,4620.4239,-35.1180716,-35.1180716,-16.9918663,-16.9918663,-16.1254563,-16.1254563,0.0410881511,88.27897,88.27897,0.000379841536,0.000379841536,0.00114881697,0.00114881697,0.529823054,1909.0674,48.04178,0.00213928227,4.5101285e-05,0.0,4620.4239,1922.61641,0.0410881511,-85.8781549,0.000147851201
478.5,107.658317,4710.89043,-36.23188154,-36.23188154,-17.552842327,-17.552842327,-16.631317606,-16.631317606,0.0421407894,88.27897,88.27897,0.000389572692,0.000389572692,0.00117824407,0.00117824407,0.529944371,1975.13198,48.04178,0.00219408855,-1.0666387e-05,0.0,4710.89043,1960.26088,0.0421407894,-91.4971061,0.000161667662
479.0,130.920735,8452.63884,-2.16149199,-2.16149199,-2.72358238,-2.72358238,-1.809849895,-1.809849895,0.0409754811,88.27897,88.27897,0.000378799953,0.000378799953,0.00114566718,0.00114566718,0.529987763,3556.22839,48.04178,0.00213341608,5.0630687e-05,0.0,8452.63884,3517.22934,0.0409754811,-85.276726,0.000146443404
479.5,150.359642,11723.2304,-58.9756178,-58.9756178,-72.523827,-72.523827,-69.39853735,-69.39853735,0.045368729,88.27897,88.27897,0.000419413558,0.000419413558,0.00126848175,0.00126848175,0.530163258,4796.7988,48.04178,0.00236215343,8.3144209e-05,0.0,11723.2304,4878.14937,0.045368729,-108.727774,0.000206975765
480.0,152.46312,11533.933,-63.9016488,-63.9016488,-77.1829757,-77.1829757,-73.9613486,-73.9613486,0.0457704982,88.27897,88.27897,0.00042312774,0.00042312774,0.00127971336,0.00127971336,0.530550911,4800.478,48.04178,0.0023830719,-2.45723e-06,0.0,11533.933,4799.38131,0.0457704982,-110.8724136,0.000212568117
480.5,152.46312,11521.33335,-63.4503006,-63.4503006,-76.5534979,-76.5534979,-73.3511506,-73.3511506,0.0457419912,88.27897,88.27897,0.000422864205,0.000422864205,0.00127891645,0.00127891645,0.530929864,4800.478,48.04178,0.00238158765,-1.127708e-06,0.0,11521.33335,4794.138489999999,0.0457419912,-110.7202416,0.000212143975
481.0,152.46312,11521.0878,-63.4412018,-63.4412018,-76.5408881,-76.5408881,-73.3389317,-73.3389317,0.0457414244,88.27897,88.27897,0.000422858962,0.000422858962,0.00127890062,0.00127890062,0.531308214,4800.478,48.04178,0.00238155812,-2.029666e-06,0.0,11521.0878,4794.03629,0.0457414244,-110.717216,0.000212135547
481.5,152.46312,11521.083,-63.4410322,-63.4410322,-76.5406545,-76.5406545,-73.3387045,-73.3387045,0.0457413496,88.27897,88.27897,0.000422858269,0.000422858269,0.00127889851,0.00127889851,0.531686563,4800.478,48.04178,0.00238155417,1.82144e-07,0.0,11521.083,4794.03463,0.0457413496,-110.7168166,0.000212134437
482.0,152.46312,11521.083,-63.44103,-63.44103,-76.54065,-76.54065,-73.3387,-73.3387,0.0457413467,88.27897,88.27897,0.000422858238,0.000422858238,0.00127889842,0.00127889842,0.532064897,4800.478,48.04178,0.00238155405,-3.93434e-07,0.0,11521.083,4794.034,0.0457413467,-110.7167984,0.000212134392
482.5,152.073822,11520.3996,-63.3655406,-63.3655406,-76.445076,-76.445076,-73.245975,-73.245975,0.045720382,88.27897,88.27897,0.000422664435,0.000422664435,0.00127831233,0.00127831233,0.532443218,4800.478,48.04178,0.00238046252,-4.938053e-06,0.0,11520.3996,4793.749699999999,0.045720382,-110.604891,0.000211823386
483.0,138.950008,11495.8417,-58.0281288,-58.0281288,-69.8581954,-69.8581954,-66.8576198,-66.8576198,0.0436776136,78.3892856,78.3892856,0.000359366127,0.000359366127,0.00108688094,0.00108688094,0.532811938,4800.478,48.04178,0.00227410434,-0.000111880165,0.0,11495.8417,4783.529970000001,0.0436776136,-99.7006385,0.000182715394
483.5,119.6722965,11489.16165,-49.8021572,-49.8021572,-59.9191114,-59.9191114,-57.2229234,-57.2229234,0.0395756301,54.706354,54.706354,0.000227564498,0.000227564498,0.000688271933,0.000688271933,0.533145317,4800.478,48.04178,0.00206053184,-0.0001189659,0.0,11489.16165,4780.74825,0.0395756301,-77.8043579,0.000129289585
484.0,100.394585,11489.0148,-41.7748512,-41.7748512,-50.2604429,-50.2604429,-47.8607987,-47.8607987,0.0354755119,30.9329894,30.9329894,0.000115757711,0.000115757711,0.000350129013,0.000350129013,0.533439098,4800.478,48.04178,0.00184705647,-0.000117614181,0.0,11489.0148,4780.68432,0.0354755119,-55.9180283,8.3403955e-05
484.5,81.1168725,11489.01735,-33.7532365,-33.7532365,-40.6094304,-40.6094304,-38.4684104,-38.4684104,0.0313756484,7.16032405,7.16032405,2.4368384e-05,2.4368384e-05,7.7639151e-05,7.7639151e-05,0.533690976,4800.478,48.04178,0.00163359432,-0.000114350092,0.0,11489.01735,4780.683,0.0313756484,-34.0330577,4.503837e-05
485.0,61.8391595,11489.02245,-25.7317745,-25.7317745,-30.9586091,-30.9586091,-29.0163399,-29.0163399,0.0272759039,-16.6127657,-16.6127657,-4.6609448e-05,-4.6609448e-05,-1.5408884e-05,-1.5408884e-05,0.533897559,4800.478,48.04178,0.0014201383,-0.000118306985,0.0,11489.02245,4780.68306,0.0272759039,-12.14871696,1.4190331e-05
485.5,49.1954503,11503.6429,-20.1965877,-20.1965877,-24.3298165,-24.3298165,-22.4860381,-22.4860381,-0.0181230654,-40.3841398,-40.3841398,8.5671376e-05,8.5671376e-05,0.000286510801,0.000286510801,0.53405876,4800.478,48.04178,-0.000943589616,-0.00115673838,0.0,11503.6429,4786.74025,-0.0181230654,7.121262135,8.050724e-06
486.0,48.92618,11520.5193,-20.3342837,-20.3342837,-24.5318097,-24.5318097,-22.6813234,-22.6813234,-0.0291544719,-64.158671,-64.158671,0.000196450052,0.000196450052,0.000594183247,0.000594183247,0.534206401,4800.478,48.04178,-0.00151794724,-7.97711e-05,0.0,11520.5193,4793.75612,-0.0291544719,22.1764696,2.722466e-05
486.5,48.92618,11521.1789,-20.3580464,-20.3580464,-24.5618816,-24.5618816,-22.7107132,-22.7107132,-0.0319353891,-87.9318948,-87.9318948,0.000294639121,0.000294639121,0.000891154483,0.000891154483,0.534355065,4800.478,48.04178,-0.00166273757,-8.1041469e-05,0.0,11521.1789,4794.02903,-0.0319353891,37.0209383,4.9665956e-05
487.0,48.92618,11521.1951,-20.3585138,-20.3585138,-24.5624808,-24.5624808,-22.7112985,-22.7112985,-0.0347177319,-111.7053885,-111.7053885,0.000406691149,0.000406691149,0.00123005477,0.00123005477,0.534503753,4800.478,48.04178,-0.00180760213,-8.3953647e-05,0.0,11521.1951,4794.034,-0.0347177319,51.8730149,7.5579285e-05
487.5,48.92618,11521.198,-20.358542,-20.358542,-24.5625216,-24.5625216,-22.7113374,-22.7113374,-0.0363924851,-125.9932174,-125.9932174,0.000480163723,0.000480163723,0.00145227281,0.00145227281,0.534652445,4800.478,48.04178,-0.00189479929,-8.282656e-06,0.0,11521.198,4794.034,-0.0363924851,60.8128075,9.2703857e-05
488.0,48.92618,11521.198,-20.358545,-20.358545,-24.562525,-24.562525,-22.7113404,-22.7113404,-0.0364085115,-126.128,-126.128,0.000480887016,0.000480887016,0.00145446043,0.00145446043,0.534801153,4800.478,48.04178,-0.00189563365,-2.15699e-07,0.0,11521.198,4794.034,-0.0364085115,60.8983536,9.2874626e-05
488.5,48.92618,11521.198,-20.358542,-20.358542,-24.5625212,-24.5625212,-22.7113364,-22.7113364,-0.0365041473,-126.948335,-126.948335,0.000485302722,0.000485302722,0.00146781576,0.00146781576,0.534949836,4800.478,48.04178,-0.00190061303,-1.0943336e-05,0.0,11521.198,4794.034,-0.0365041473,61.4088555,9.3903326e-05
489.0,48.92618,11521.199100000002,-20.3585374,-20.3585374,-24.5625173,-24.5625173,-22.7113328,-22.7113328,-0.0373357321,-134.058632,-134.058632,0.00052421225,0.00052421225,0.00158549817,0.00158549817,0.53509852,4800.478,48.04178,-0.00194391006,-2.778623e-05,0.0,11521.199100000002,4794.034,-0.0373357321,65.847836,0.000102998276
489.5,48.92618,11521.2005,-20.358538,-20.358538,-24.5625206,-24.5625206,-22.7113362,-22.7113362,-0.0383187354,-142.456968,-142.456968,0.000571712475,0.000571712475,0.0017291635,0.0017291635,0.53524721,4800.478,48.04178,-0.00199509072,-2.8288799e-05,0.0,11521.2005,4794.034,-0.0383187354,71.0950824,0.000114131933
490.0,48.92618,11502.5384,-22.1159001,-22.1159001,-26.6245561,-26.6245561,-24.7416409,-24.7416409,-0.0391920105,-150.855782,-150.855782,0.000619170975,0.000619170975,0.00187270399,0.00187270399,0.535396959,4786.86024,48.04178,-0.00204055838,-2.254142e-06,0.0,11502.5384,4786.26809,-0.0391920105,75.7566016,0.000124376594
490.5,48.92618,10746.3554,-30.8985242,-30.8985242,-34.7857402,-34.7857402,-32.8641684,-32.8641684,-0.0394437719,-157.731744,-157.731744,0.000651532403,0.000651532403,0.00197058589,0.00197058589,0.53558472,4467.53512,48.04178,-0.0020536666,-1.4468365e-05,0.0,10746.3554,4471.6148,-0.0394437719,77.1005007,0.000127391199
491.0,48.92618,9661.0376,-30.2801083,-30.2801083,-30.6350972,-30.6350972,-28.9760531,-28.9760531,-0.0395608578,-158.39627,-158.39627,0.000656204581,0.000656204581,0.00198471688,0.00198471688,0.535776376,4025.14997,48.04178,-0.00205976275,1.065228e-06,0.0,9661.0376,4020.00596,-0.0395608578,77.7255029,0.000128800587
491.5,48.92618,8598.7027,-30.2577219,-30.2577219,-27.2457006,-27.2457006,-25.9339507,-25.9339507,-0.0395622987,-158.39627,-158.39627,0.000656228478,0.000656228478,0.00198478907,0.00198478907,0.535950793,3582.76477,48.04178,-0.00205983776,-1.029212e-06,0.0,8598.7027,3577.96056,-0.0395622987,77.7331889,0.00012881802
492.0,48.92618,7627.59426,-25.9686936,-25.9686936,-20.8238652,-20.8238652,-19.8342501,-19.8342501,-0.0398312761,-158.39627,-158.39627,0.000660690061,0.000660690061,0.00199828173,0.00199828173,0.536105206,3189.59293,48.04178,-0.00207384225,-2.5455988e-05,0.0,7627.59426,3173.87506,-0.0398312761,79.168986,0.000132110854
492.5,48.92618,7495.786539999999,-19.9716331,-19.9716331,-15.6772638,-15.6772638,-14.8099302,-14.8099302,-0.0401991417,-158.304594,-158.304594,0.000666407077,0.000666407077,0.00201557074,0.00201557074,0.53621519,3128.21,48.04178,-0.00209299542,7.31836e-06,0.0,7495.786539999999,3119.0287,-0.0401991417,81.1326486,0.000136616246
493.0,48.92618,7507.498140000001,-20.3489142,-20.3489142,-15.9979786,-15.9979786,-15.12192755,-15.12192755,-0.0395344339,-152.82248,-152.82248,0.000632764213,0.000632764213,0.00191381658,0.00191381658,0.536319074,3128.21,48.04178,-0.00205838692,2.6582613e-05,0.0,7507.498140000001,3123.90231,-0.0395344339,77.5844505,0.000128499401
493.5,48.92618,7507.753229999999,-20.3583708,-20.3583708,-16.0059559,-16.0059559,-15.1297023,-15.1297023,-0.0385361836,-144.297803,-144.297803,0.00058238725,0.00058238725,0.00176144962,0.00176144962,0.536423519,3128.21,48.04178,-0.00200641238,2.8145127e-05,0.0,7507.753229999999,3124.00892,-0.0385361836,72.2558156,0.000116653706
494.0,48.92618,7507.75652,-20.3585497,-20.3585497,-16.0061038,-16.0061038,-15.1298466,-15.1298466,-0.0375384851,-135.773305,-135.773305,0.000533801184,0.000533801184,0.0016145,0.0016145,0.536527957,3128.21,48.04178,-0.0019544666,2.8845666e-05,0.0,7507.75652,3124.011,-0.0375384851,66.9301295,0.000105259858
494.5,48.92618,7507.75526,-20.358553,-20.358553,-16.006104,-16.006104,-15.1298467,-15.1298467,-0.0365407784,-127.2487764,-127.2487764,0.000486996188,0.000486996188,0.00147293767,0.00147293767,0.536632416,3128.21,48.04178,-0.00190252025,3.1041564e-05,0.0,7507.75526,3124.011,-0.0365407784,61.6043896,9.4311058e-05
495.0,49.3667117,7508.80077,-20.5071302,-20.5071302,-16.1251894,-16.1251894,-15.2463685,-15.2463685,-0.035515221,-118.7241315,-118.7241315,0.000441633848,0.000441633848,0.00133573888,0.00133573888,0.536736974,3128.21,48.04178,-0.0018491239,3.0454024e-05,0.0,7508.80077,3124.44672,-0.035515221,56.1299896,8.352491e-05
495.5,52.0631861,7512.443980000001,-21.6528232,-21.6528232,-17.0343146,-17.0343146,-16.1382056,-16.1382056,-0.0343318009,-110.1998455,-110.1998455,0.000396281167,0.000396281167,0.00119857049,0.00119857049,0.536844581,3128.21,48.04178,-0.00178750835,3.3706603e-05,0.0,7512.443980000001,3125.96339,-0.0343318009,49.8129226,7.1662114e-05
496.0,55.0711105,7512.750689999999,-22.9152613,-22.9152613,-18.0282015,-18.0282015,-17.1175507,-17.1175507,-0.0331346856,-101.7339504,-101.7339504,0.000353085136,0.000353085136,0.00106792512,0.00106792512,0.536958082,3128.21,48.04178,-0.00172517973,3.3506689e-05,0.0,7512.750689999999,3126.09168,-0.0331346856,43.4227509,6.0293448e-05
496.5,58.079035,7512.756200000001,-24.1672013,-24.1672013,-19.0131588,-19.0131588,-18.0911072,-18.0911072,-0.0325411769,-98.42696,-98.42696,0.000335409972,0.000335409972,0.00101446723,0.00101446723,0.537077403,3128.21,48.04178,-0.0016942783,4.234224e-06,0.0,7512.756200000001,3126.09427,-0.0325411769,40.2546168,5.4871109e-05
497.0,61.0869578,7512.755749999999,-25.4187791,-25.4187791,-19.9978165,-19.9978165,-19.0524626,-19.0524626,-0.0323355516,-98.42696,-98.42696,0.000333290531,0.000333290531,0.0010080576,0.0010080576,0.537202429,3128.21,48.04178,-0.00168357227,3.963594e-06,0.0,7512.755749999999,3126.09419,-0.0323355516,39.1569955,5.3037691e-05
497.5,64.0948832,7512.75566,-26.6703328,-26.6703328,-20.9824555,-20.9824555,-20.0111441,-20.0111441,-0.032130097,-98.42696,-98.42696,0.000331172865,0.000331172865,0.0010016533,0.0010016533,0.537333031,3128.21,48.04178,-0.00167287516,6.346882e-06,0.0,7512.75566,3126.09436,-0.032130097,38.0602846,5.1224685e-05
498.0,67.1028059,7512.75523,-27.9220264,-27.9220264,-21.9672043,-21.9672043,-20.9718649,-20.9718649,-0.0319244867,-98.42696,-98.42696,0.000329053586,0.000329053586,0.00099524411,0.00099524411,0.537469158,3128.21,48.04178,-0.00166216993,5.126957e-06,0.0,7512.75523,3126.09427,-0.0319244867,36.9627399,4.9429195e-05
498.5,68.624954,7509.71465,-28.6004949,-28.6004949,-22.4918749,-22.4918749,-21.4848025,-21.4848025,-0.031817447,-98.42696,-98.42696,0.000327950301,0.000327950301,0.00099190756,0.00099190756,0.537609927,3128.21,48.04178,-0.0016565968,-6.22076e-07,0.0,7509.71465,3124.82916,-0.031817447,36.3913648,4.8501176e-05
499.0,68.624954,7507.80365,-28.5573659,-28.5573659,-22.4522401,-22.4522401,-21.4462801,-21.4462801,-0.0318201357,-98.42696,-98.42696,0.00032797801,0.00032797801,0.00099199132,0.00099199132,0.537751571,3128.21,48.04178,-0.00165673681,-2.607384e-06,0.0,7507.80365,3124.03395,-0.0318201357,36.4057162,4.8524404e-05
499.5,68.624954,7507.7495,-28.555389,-28.555389,-22.4505238,-22.4505238,-21.4446089,-21.4446089,-0.0318203469,-98.42696,-98.42696,0.000327980191,0.000327980191,0.00099199795,0.00099199795,0.537893109,3128.21,48.04178,-0.00165674781,-2.951178e-06,0.0,7507.7495,3124.01145,-0.0318203469,36.4068472,4.8526235e-05
500.0,68.624954,7507.7485,-28.5553512,-28.5553512,-22.4504903,-22.4504903,-21.4445764,-21.4445764,-0.0318202238,-98.42696,-98.42696,0.000327978929,0.000327978929,0.0009919941,0.0009919941,0.53803465,3128.21,48.04178,-0.00165674142,-1.598019e-06,0.0,7507.7485,3124.011,-0.0318202238,36.4061898,4.8525171e-05
500.5,68.624954,7507.7485,-28.555351,-28.555351,-22.45049,-22.45049,-21.444576,-21.444576,-0.031820235,-98.42696,-98.42696,0.000327979036,0.000327979036,0.00099199445,0.00099199445,0.538176187,3128.21,48.04178,-0.00165674199,-1.427654e-06,0.0,7507.7485,3124.011,-0.031820235,36.4062487,4.8525266e-05
501.0,68.624954,7507.7485,-28.555351,-28.555351,-22.45049,-22.45049,-21.444576,-21.444576,-0.0318201955,-98.42696,-98.42696,0.000327978628,0.000327978628,0.0009919932,0.0009919932,0.538317715,3128.21,48.04178,-0.00165673992,6.44244e-07,0.0,7507.7485,3124.011,-0.0318201955,36.4060349,4.8524921e-05
501.5,68.624954,7507.7485,-28.555351,-28.555351,-22.45049,-22.45049,-21.444576,-21.444576,-0.0318201735,-98.42696,-98.42696,0.000327978403,0.000327978403,0.00099199256,0.00099199256,0.538459239,3128.21,48.04178,-0.00165673879,-1.612456e-06,0.0,7507.7485,3124.011,-0.0318201735,36.4059187,4.8524733e-05
502.0,68.624954,7507.7485,-28.555351,-28.555351,-22.45049,-22.45049,-21.444576,-21.444576,-0.0318202426,-98.42696,-98.42696,0.000327979103,0.000327979103,0.00099199465,0.00099199465,0.538600768,3128.21,48.04178,-0.00165674231,5.2332e-07,0.0,7507.7485,3124.011,-0.0318202426,36.4062803,4.8525318e-05
502.5,68.624954,7507.7485,-28.555351,-28.555351,-22.45049,-22.45049,-21.444576,-21.444576,-0.0318202266,-98.42696,-98.42696,0.000327978954,0.000327978954,0.00099199421,0.00099199421,0.538742295,3128.21,48.04178,-0.00165674158,1.96583e-07,0.0,7507.7485,3124.011,-0.0318202266,36.4062054,4.8525194e-05
503.0,68.624954,7507.7485,-28.555351,-28.555351,-22.45049,-22.45049,-21.444576,-21.444576,-0.0318202121,-98.42696,-98.42696,0.000327978793,0.000327978793,0.00099199372,0.00099199372,0.538883825,3128.21,48.04178,-0.00165674073,-3.51692e-06,0.0,7507.7485,3124.011,-0.0318202121,36.4061206,4.8525058e-05
503.5,68.624954,7507.7485,-28.555351,-28.555351,-22.45049,-22.45049,-21.444576,-21.444576,-0.0318202201,-98.42696,-98.42696,0.000327978884,0.000327978884,0.00099199399,0.00099199399,0.539025344,3128.21,48.04178,-0.00165674125,7.4562e-08,0.0,7507.7485,3124.011,-0.0318202201,36.4061705,4.852514e-05
504.0,68.624954,7507.7485,-28.555351,-28.555351,-22.45049,-22.45049,-21.444576,-21.444576,-0.0318202346,-98.42696,-98.42696,0.000327979028,0.000327979028,0.00099199442,0.00099199442,0.539166871,3128.21,48.04178,-0.00165674195,-2.181634e-06,0.0,7507.7485,3124.011,-0.0318202346,36.4062456,4.8525261e-05
504.5,66.5449514,7503.009939999999,-27.9609185,-27.9609185,-21.970217,-21.970217,-20.9765964,-20.9765964,-0.0319445797,-98.42696,-98.42696,0.000329260695,0.000329260695,0.00099587045,0.00099587045,0.539308123,3128.21,48.04178,-0.00166321613,-2.1450415e-05,0.0,7503.009939999999,3122.03919,-0.0319445797,37.0700015,4.9612942e-05
505.0,41.1178593,7461.16769,-17.3253565,-17.3253565,-13.5392425,-13.5392425,-12.70936081,-12.70936081,-0.0336949384,-98.5212635,-98.5212635,0.000347645579,0.000347645579,0.00105147029,0.00105147029,0.539426629,3128.21,48.04178,-0.00175434969,-7.0310361e-05,0.0,7461.16769,3104.62729,-0.0336949384,46.4133684,6.5604105e-05
505.5,21.0755582,7480.46541,-8.3190466,-8.3190466,-6.51647246,-6.51647246,-5.69094978,-5.69094978,-0.0365256042,-110.645876,-110.645876,0.000423658145,0.000423658145,0.00128136392,0.00128136392,0.539487002,3128.21,48.04178,-0.00190173023,-7.3061912e-05,0.0,7480.46541,3112.65555,-0.0365256042,61.5233946,9.424583e-05
506.0,20.79608,7506.78321,-8.6179166,-8.6179166,-6.77462119,-6.77462119,-5.9464622,-5.9464622,-0.0389186612,-131.151048,-131.151048,0.000534937146,0.000534937146,0.00161792614,0.00161792614,0.539530116,3128.21,48.04178,-0.00202632636,-6.6426407e-05,0.0,7506.78321,3123.60525,-0.0389186612,74.297475,0.00012122693
506.5,20.79608,7507.7432,-8.6526887,-8.6526887,-6.80282202,-6.80282202,-5.97545889,-5.97545889,-0.0413168108,-151.660082,-151.660082,0.000656611298,0.000656611298,0.00198593114,0.00198593114,0.539574595,3128.21,48.04178,-0.00215118755,-6.5949708e-05,0.0,7507.7432,3124.00327,-0.0413168108,87.0987354,0.000150845896
507.0,20.79608,7507.76346,-8.65338735,-8.65338735,-6.80338983,-6.80338983,-5.97604323,-5.97604323,-0.0426681425,-163.187787,-163.187787,0.000729155367,0.000729155367,0.00220534296,0.00220534296,0.539619117,3128.21,48.04178,-0.0022215456,-7.294808e-06,0.0,7507.76346,3124.01089,-0.0426681425,94.3121135,0.000168562085
507.5,19.3876124,7504.54466,-8.14325257,-8.14325257,-6.39973587,-6.39973587,-5.56586547,-5.56586547,-0.0427627923,-163.21503,-163.21503,0.000730894741,0.000730894741,0.0022106031,0.0022106031,0.53966302,3128.21,48.04178,-0.00222647362,-7.66154e-06,0.0,7504.54466,3122.67146,-0.0427627923,94.8173488,0.000169842725
508.0,14.0539883,7498.80879,-5.85891514,-5.85891514,-4.60086986,-4.60086986,-3.81251188,-3.81251188,-0.0431312312,-163.21503,-163.21503,0.000737192044,0.000737192044,0.00222964695,0.00222964695,0.539698554,3128.21,48.04178,-0.00224565663,-9.259865e-06,0.0,7498.80879,3120.28445,-0.0431312312,96.7840685,0.00017486023
508.5,8.48928825,7498.50855,-3.53276791,-3.53276791,-2.77407796,-2.77407796,-2.19323599,-2.19323599,-0.0435122128,-163.21503,-163.21503,0.000743703697,0.000743703697,0.00224933896,0.00224933896,0.539721422,3128.21,48.04178,-0.00226549268,-1.0095349e-05,0.0,7498.50855,3120.15937,-0.0435122128,98.817737,0.000180111363
509.0,2.92458805,7498.50382,-1.21682538,-1.21682538,-0.955501717,-0.955501717,-0.7487535235,-0.7487535235,-0.0438227566,-162.613361,-162.613361,0.000746263706,0.000746263706,0.00225707909,0.00225707909,0.539732804,3128.21,48.04178,-0.00228166136,8.710445e-06,0.0,7498.50382,3120.1572,-0.0438227566,100.4754099,0.000184440476
509.5,-2.640112013,7498.50089,1.098654678,1.098654678,0.862708789,0.862708789,1.100922575,1.100922575,-0.0417269156,-141.4299076,-141.4299076,0.000618883955,0.000618883955,0.00187181457,0.00187181457,0.539731948,3128.21,48.04178,-0.00217253998,9.7602912e-05,0.0,7498.50089,3120.15716,-0.0417269156,89.287863,0.000156260772
510.0,-8.20481211,7498.49586,3.41403184,3.41403184,2.68083655,2.68083655,3.39632986,3.39632986,-0.0384359524,-110.137361,-110.137361,0.000444203969,0.000444203969,0.00134349646,0.00134349646,0.5397135,3128.21,48.078039,-0.00200119377,0.000100402739,0.0,7498.49586,3120.15708,-0.0384359524,71.7677588,0.000115747822
510.5,-13.7695125,7498.49014,5.72953633,5.72953633,4.49906134,4.49906134,5.44619208,5.44619208,-0.0344147991,-78.8435119,-78.8435119,0.000285294364,0.000285294364,0.000862883259,0.000862883259,0.539676234,3128.21,52.120855,-0.00179182971,0.0001199994,0.0,7498.49014,3120.15702,-0.0344147991,54.2526182,7.8466088e-05
511.0,-19.3342125,7498.48502,8.0452069,8.0452069,6.31741412,6.31741412,7.27656169,7.27656169,-0.0306686418,-47.547479,-47.547479,0.000153575743,0.000153575743,0.000464508025,0.000464508025,0.53962138,3128.21,58.5646943,-0.00159678353,9.9921457e-05,0.0,7498.48502,3120.15702,-0.0306686418,36.7263513,4.737562e-05
511.5,-24.8989126,7498.48076,10.3605665,10.3605665,8.13552133,8.13552133,8.97178055,8.97178055,-0.0278708019,-16.25608527,-16.25608527,4.8153717e-05,4.8153717e-05,0.000145656088,0.000145656088,0.53954967,3128.21,60.19844,-0.00145111209,7.7091348e-05,0.0,7498.48076,3120.15694,-0.0278708019,19.2019782,2.2575997e-05
512.0,-29.2143473,7501.366980000001,12.2297728,12.2297728,9.6070374,9.6070374,10.4554786,10.4554786,-0.0255636302,10.99121651,10.99121651,-2.9202986e-05,-2.9202986e-05,-9.654226e-06,-9.654226e-06,0.539460643,3128.21,60.19844,-0.00133098764,3.7706892e-05,0.0,7501.366980000001,3121.3592,-0.0255636302,3.76996034,4.088653e-06
512.5,-29.513653,7507.381080000001,12.29364165,12.29364165,9.6649055,9.6649055,10.5162482,10.5162482,-0.0252230449,14.767678,14.767678,-3.9006623e-05,-3.9006623e-05,-1.2895235e-05,-1.2895235e-05,0.539363871,3128.21,60.19844,-0.00131325483,-1.37373e-06,0.0,7507.381080000001,3123.86196,-0.0252230449,1.49188556,1.576238e-06
513.0,-29.513653,7507.732379999999,12.2811087,12.2811087,9.6555046,9.6555046,10.5066508,10.5066508,-0.0252224409,14.767678,14.767678,-3.9005689e-05,-3.9005689e-05,-1.2894926e-05,-1.2894926e-05,0.539267415,3128.21,60.19844,-0.00131322338,5.6496e-07,0.0,7507.732379999999,3124.00812,-0.0252224409,1.48784467,1.57193e-06
513.5,-29.513653,7507.73927,12.2808537,12.2808537,9.65531325,9.65531325,10.50645505,10.50645505,-0.0252224413,14.767678,14.767678,-3.900569e-05,-3.900569e-05,-1.2894926e-05,-1.2894926e-05,0.539170971,3128.21,60.19844,-0.00131322343,2.996e-08,0.0,7507.73927,3124.01097,-0.0252224413,1.48784458,1.57193e-06
514.0,-29.513653,7507.739299999999,12.280849,12.280849,9.65531,9.65531,10.506452,10.506452,-0.0252224368,14.767678,14.767678,-3.9005682e-05,-3.9005682e-05,-1.2894924e-05,-1.2894924e-05,0.539074521,3128.21,60.19844,-0.00131322315,1.124413e-06,0.0,7507.739299999999,3124.011,-0.0252224368,1.48781568,1.5719e-06
514.5,-29.513653,7507.739299999999,12.280849,12.280849,9.65531,9.65531,10.506452,10.506452,-0.0252224354,14.767678,14.767678,-3.900568e-05,-3.900568e-05,-1.2894923e-05,-1.2894923e-05,0.538978075,3128.21,60.19844,-0.00131322311,-3.21402e-07,0.0,7507.739299999999,3124.011,-0.0252224354,1.48780728,1.571891e-06
515.0,-29.513653,7507.739299999999,12.280849,12.280849,9.65531,9.65531,10.506452,10.506452,-0.025222404,14.767678,14.767678,-3.9005632e-05,-3.9005632e-05,-1.2894907e-05,-1.2894907e-05,0.538881628,3128.21,60.19844,-0.00131322148,-1.070656e-06,0.0,7507.739299999999,3124.011,-0.025222404,1.48759857,1.571668e-06
515.5,-29.513653,7507.739299999999,12.280849,12.280849,9.65531,9.65531,10.506452,10.506452,-0.0252224369,14.767678,14.767678,-3.9005682e-05,-3.9005682e-05,-1.2894924e-05,-1.2894924e-05,0.538785179,3128.21,60.19844,-0.00131322317,-3.69035e-07,0.0,7507.739299999999,3124.011,-0.0252224369,1.48781581,1.5719e-06
516.0,-29.130698,7508.30414,12.2211475,12.2211475,9.60906325,9.60906325,10.4588972,10.4588972,-0.0252067193,14.767678,14.767678,-3.8981376e-05,-3.8981376e-05,-1.2886888e-05,-1.2886888e-05,0.538688736,3128.21,60.19844,-0.00131240485,7.106908e-06,0.0,7508.30414,3124.24603,-0.0252067193,1.382687575,1.460542e-06
516.5,-2.1567688414,7560.39218,1.437450687,1.437450687,1.129153608,1.129153608,1.798728228,1.798728228,0.0207668112,14.767678,14.767678,3.2115201e-05,3.2115201e-05,0.000104843872,0.000104843872,0.538621726,3128.21,60.19844,0.001081238019,0.001955763688,0.0,7560.39218,3145.94713,0.0207668112,-7.84668746,8.766261e-06
517.0,40.6202011,7578.41958,-16.88643,-16.88643,-13.4014619,-13.4014619,-12.54782585,-12.54782585,0.0285843741,14.767678,14.767678,4.420481e-05,4.420481e-05,0.000133714435,0.000133714435,0.538660528,3128.21,60.19844,0.00148826474,6.8838451e-05,0.0,7578.41958,3153.45308,0.0285843741,-23.9748612,2.8832156e-05
517.5,83.39717,7578.852000000001,-34.7029316,-34.7029316,-27.5421759,-27.5421759,-26.3945828,-26.3945828,0.0309184087,14.767678,14.767678,4.7814319e-05,4.7814319e-05,0.000144632709,0.000144632709,0.538789681,3128.21,60.19844,0.00160978777,6.8610097e-05,0.0,7578.852000000001,3153.63436,0.0309184087,-39.5865527,5.139467e-05
518.0,126.174139,7578.85592,-52.5030261,-52.5030261,-41.6693399,-41.6693399,-40.039863,-40.039863,0.0332515571,14.767678,14.767678,5.1422457e-05,5.1422457e-05,0.000155546823,0.000155546823,0.538993123,3128.21,60.19844,0.0017312647,7.0708306e-05,0.0,7578.85592,3153.63735,0.0332515571,-55.1923178,7.6999792e-05
518.5,168.95111,7578.85466,-70.3021959,-70.3021959,-55.795745,-55.795745,-53.5378385,-53.5378385,0.0355847425,14.767678,14.767678,5.5030653e-05,5.5030653e-05,0.000166461105,0.000166461105,0.539261121,3128.21,60.19844,0.00185274357,6.7455581e-05,0.0,7578.85466,3153.63819,0.0355847425,-70.7983309,0.0001056557
519.0,211.728078,7578.84852,-88.1023554,-88.1023554,-69.922888,-69.922888,-66.9854523,-66.9854523,0.038010171,15.7640858,15.7640858,6.2898e-05,6.2898e-05,0.000190257668,0.000190257668,0.539587108,3128.21,60.19844,0.00197902517,9.2405835e-05,0.0,7578.84852,3153.63702,0.038010171,-87.021334,0.000138741056
519.5,248.047848,7563.533969999999,-103.723292,-103.723292,-82.1506935,-82.1506935,-78.5808161,-78.5808161,0.0428135997,45.7226298,45.7226298,0.000206900256,0.000206900256,0.000625772738,0.000625772738,0.539965285,3128.21,60.19844,0.00222911892,0.000148828877,0.0,7563.533969999999,3147.26736,0.0428135997,-119.1501075,0.000214288881
520.0,249.60627,7506.707270000001,-104.0638555,-104.0638555,-81.8050354,-81.8050354,-78.2252257,-78.2252257,0.046929043,89.0229155,89.0229155,0.000438911482,0.000438911482,0.00132744628,0.00132744628,0.540365091,3128.21,60.19844,0.00244339234,0.000105213654,0.0,7506.707270000001,3123.62377,0.046929043,-146.677138,0.000288663829
520.5,245.477428,7500.88462,-102.1494366,-102.1494366,-80.2374502,-80.2374502,-76.7396041,-76.7396041,0.0507388978,132.325504,132.325504,0.000704522573,0.000704522573,0.00213075934,0.00213075934,0.540758806,3128.21,60.19844,0.0026417549,0.000108997458,0.0,7500.88462,3121.20314,0.0507388978,-172.160172,0.000366237112
521.0,241.348588,7438.388559999999,-106.276024,-106.276024,-82.6280379,-82.6280379,-78.9657693,-78.9657693,0.0548495238,175.621903,175.621903,0.001010704185,0.001010704185,0.00305680327,0.00305680327,0.541148877,3082.81601,60.19844,0.00285577744,0.000183536271,0.0,7438.388559999999,3095.20038,0.0548495238,-199.654981,0.000459393546
521.5,238.105064,5012.07692,-132.672349,-132.672349,-69.7947082,-69.7947082,-65.1937254,-65.1937254,0.060112808,218.922819,218.922819,0.00137952135,0.00137952135,0.00417231211,0.00417231211,0.541542879,2058.58796,60.19844,0.00312981392,0.000115954578,0.0,5012.07692,2085.59729,0.060112808,-234.859591,0.000591701387
522.0,237.86516,2061.00646,-112.3490289,-112.3490289,-24.9065776,-24.9065776,-21.62822045,-21.62822045,0.0631298814,262.222311,262.222311,0.00173407015,0.00173407015,0.00524473274,0.00524473274,0.541779897,901.05627,60.19844,0.00328689984,7.2557857e-05,0.0,2061.00646,857.636882,0.0631298814,-255.039935,0.000674494465
522.5,237.86516,1868.54695,-98.1570305,-98.1570305,-19.2085977,-19.2085977,-16.5404098,-16.5404098,0.065439741,294.569692,294.569692,0.00201876068,0.00201876068,0.00610587344,0.00610587344,0.54189392,788.66705,60.19844,0.0034071642,3.7749867e-05,0.0,1868.54695,777.554377,0.065439741,-270.489921,0.000741483521
523.0,237.86516,1892.20803,-98.9589305,-98.9589305,-19.608868,-19.608868,-16.9028203,-16.9028203,0.0656494824,296.37195,296.37195,0.0020374972,0.0020374972,0.00616254736,0.00616254736,0.542008449,788.66705,60.19844,0.0034180846,7.24875e-07,0.0,1892.20803,787.400072,0.0656494824,-271.892833,0.00074768331
523.5,237.86516,1892.69971,-98.977101,-98.977101,-19.6175628,-19.6175628,-16.9106728,-16.9106728,0.0656504044,296.37195,296.37195,0.00203752582,0.00203752582,0.00616263368,0.00616263368,0.542123554,788.66705,60.19844,0.00341813254,7.97152e-07,0.0,1892.69971,787.604646,0.0656504044,-271.898995,0.000747710723
524.0,237.86516,1892.7089,-98.9774435,-98.9774435,-19.6177266,-19.6177266,-16.91082,-16.91082,0.0656504684,296.37195,296.37195,0.0020375278,0.0020375278,0.00616263992,0.00616263992,0.542238656,788.66705,60.19844,0.00341813592,3.32463e-07,0.0,1892.7089,787.608462,0.0656504684,-271.899434,0.000747712691
524.5,237.86516,1892.71058,-98.9773945,-98.9773945,-19.6177342,-19.6177342,-16.9108304,-16.9108304,0.0642963964,281.813859,281.813859,0.0019037708,0.0019037708,0.00575805603,0.00575805603,0.542353756,788.66705,60.19844,0.0033476352,-0.000209231358,0.0,1892.71058,787.60835,0.0642963964,-262.842428,0.000709464346
525.0,237.86516,1892.7383,-98.9772322,-98.9772322,-19.6179889,-19.6179889,-16.9110893,-16.9110893,0.044472098,69.42704941,69.42704941,0.000384135406,0.000384135406,0.001238731736,0.001238731736,0.542468878,788.66705,60.19844,0.00231546973,-0.000740132651,0.0,1892.7383,787.608346,0.044472098,-130.2433269,0.000257819587
525.5,237.86516,1892.82293,-98.97682,-98.97682,-19.6187849,-19.6187849,-16.9118931,-16.9118931,-0.0161583164,-205.075298,-205.075298,0.00055866046,0.00055866046,0.001942330628,0.001942330628,0.542584041,788.66705,60.19844,-0.00084129364,-0.000751986437,0.0,1892.82293,787.608138,-0.0161583164,41.19122958,8.0719469e-05
526.0,237.86516,1893.82047,-98.8392996,-98.8392996,-19.6017716,-19.6017716,-16.9007155,-16.9007155,-0.0444218897,-346.8155,-346.8155,0.00161333339,0.00161333339,0.00487990132,0.00487990132,0.542699158,789.563115,60.19844,-0.00231285567,-2.349005e-06,0.0,1893.82047,788.006761,-0.0444218897,129.907501,0.000241724125
526.5,235.426367,1968.84601,-97.3076866,-97.3076866,-20.0614363,-20.0614363,-17.4101456,-17.4101456,-0.04457994,-346.8155,-346.8155,0.00161907354,0.00161907354,0.00489726271,0.00489726271,0.542815355,823.439147,60.19844,-0.00232108465,-3.4880073e-05,0.0,1968.84601,819.225329,-0.04457994,130.964656,0.00024457548
527.0,148.808804,1869.60587,-63.3694611,-63.3694611,-12.47865743,-12.47865743,-11.05239225,-11.05239225,-0.0491937052,-346.8155,-346.8155,0.00178663823,0.00178663823,0.00540406864,0.00540406864,0.542919527,846.74445,60.19844,-0.00256130339,-0.00020719395,0.0,1869.60587,777.928091,-0.0491937052,161.824819,0.000334647273
527.5,45.292057,1877.84019,-17.2566134,-17.2566134,-3.36602832,-3.36602832,-2.98062776,-2.98062776,-0.0549958604,-346.8155,-346.8155,0.0019973634,0.0019973634,0.0060414078,0.0060414078,0.542966539,846.74445,60.19844,-0.00286339653,-8.0597689e-05,0.0,1877.84019,781.351044,-0.0549958604,200.633783,0.000462393863
528.0,36.06275,2022.27756,-14.6518041,-14.6518041,-3.10320342,-3.10320342,-2.74462738,-2.74462738,-0.0554395932,-346.8155,-346.8155,0.00201347906,0.00201347906,0.0060901494,0.0060901494,0.542986168,846.74445,60.19844,-0.00288649975,1.627433e-06,0.0,2022.27756,841.452253,-0.0554395932,203.601783,0.000472813966
528.5,36.06275,2032.06717,-14.99867705,-14.99867705,-3.19168231,-3.19168231,-2.82884299,-2.82884299,-0.0554221172,-346.8155,-346.8155,0.00201284437,0.00201284437,0.00608822971,0.00608822971,0.543007707,846.74445,60.19844,-0.00288558988,2.11089e-07,0.0,2032.06717,845.525804,-0.0554221172,203.484892,0.000472393479
529.0,36.06275,2032.26056,-15.0058404,-15.0058404,-3.19351036,-3.19351036,-2.83058859,-2.83058859,-0.0554218374,-346.8155,-346.8155,0.00201283419,0.00201283419,0.00608819906,0.00608819906,0.543029404,846.74445,60.19844,-0.00288557531,-1.904057e-06,0.0,2032.26056,845.606271,-0.0554218374,203.483021,0.000472386751
529.5,36.06275,2032.26416,-15.0059745,-15.0059745,-3.19354452,-3.19354452,-2.83062125,-2.83062125,-0.0554217267,-346.8155,-346.8155,0.00201283019,0.00201283019,0.00608818694,0.00608818694,0.543051103,846.74445,60.19844,-0.00288556961,4.11958e-07,0.0,2032.26416,845.607767,-0.0554217267,203.482283,0.000472384099
530.0,36.06275,2032.2643,-15.005977,-15.005977,-3.193545,-3.193545,-2.830622,-2.830622,-0.0554217621,-346.8155,-346.8155,0.00201283153,0.00201283153,0.00608819088,0.00608819088,0.5430728,846.74445,60.19844,-0.00288557146,3.95325e-07,0.0,2032.2643,845.6078,-0.0554217621,203.482527,0.000472384958
530.5,36.06275,2032.2643,-15.005977,-15.005977,-3.193545,-3.193545,-2.830622,-2.830622,-0.0554217642,-346.8155,-346.8155,0.00201283162,0.00201283162,0.00608819102,0.00608819102,0.543094509,846.74445,60.19844,-0.0028855715,-2.4999e-08,0.0,2032.2643,845.6078,-0.0554217642,203.482531,0.000472384998
531.0,36.06275,2032.2643,-15.005977,-15.005977,-3.193545,-3.193545,-2.830622,-2.830622,-0.0554217839,-346.8155,-346.8155,0.00201283229,0.00201283229,0.00608819302,0.00608819302,0.543116208,846.74445,60.19844,-0.00288557253,-1.527702e-06,0.0,2032.2643,845.6078,-0.0554217839,203.482662,0.00047238545
531.5,36.06275,2032.2643,-15.005977,-15.005977,-3.193545,-3.193545,-2.830622,-2.830622,-0.0554217539,-346.8155,-346.8155,0.00201283122,0.00201283122,0.0060881899,0.0060881899,0.5431379,846.74445,60.19844,-0.00288557094,3.79085e-07,0.0,2032.2643,845.6078,-0.0554217539,203.482464,0.000472384747
532.0,36.06275,2032.26371,-15.00599465,-15.00599465,-3.19354794,-3.19354794,-2.8306247,-2.8306247,-0.0549333456,-341.565618,-341.565618,0.00196551333,0.00196551333,0.0059450588,0.0059450588,0.543159593,846.74445,60.19844,-0.00286014167,6.8074771e-05,0.0,2032.26371,845.607835,-0.0549333456,200.215646,0.000460859478
532.5,36.06275,2032.25649,-15.0060293,-15.0060293,-3.19354421,-3.19354421,-2.83062096,-2.83062096,-0.0498356451,-286.959895,-286.959895,0.00150117597,0.00150117597,0.00454051329,0.00454051329,0.5431813,846.74445,60.19844,-0.00259472647,0.000181018739,0.0,2032.25649,845.60783,-0.0498356451,166.118571,0.00034767306
533.0,36.06275,2032.24768,-15.006027,-15.006027,-3.19352985,-3.19352985,-2.8306073,-2.8306073,-0.043600035,-220.205697,-220.205697,0.001009008639,0.001009008639,0.00305183478,0.00305183478,0.54320301,846.74445,60.19844,-0.00227006522,0.000179340759,0.0,2032.24768,845.6078,-0.043600035,124.4103439,0.000228111335
533.5,36.06275,2032.23894,-15.006027,-15.006027,-3.19351611,-3.19351611,-2.83059418,-2.83059418,-0.0373640318,-153.448571,-153.448571,0.00060400289,0.00060400289,0.00182684108,0.00182684108,0.543224743,846.74445,60.19844,-0.00194538355,0.000178617134,0.0,2032.23894,845.6078,-0.0373640318,82.6994987,0.000130331977
534.0,34.2212975,2027.89729,-14.37506255,-14.37506255,-3.05312485,-3.05312485,-2.69756772,-2.69756772,-0.0312213658,-86.6901128,-86.6901128,0.000286824552,0.000286824552,0.000867521401,0.000867521401,0.543246298,846.74445,60.19844,-0.00162556147,0.000166108884,0.0,2027.89729,843.804798,-0.0312213658,41.6129495,5.52215e-05
534.5,24.2575234,2015.01265,-10.1289664,-10.1289664,-2.13745893,-2.13745893,-1.82431736,-1.82431736,-0.0095354183,-19.941572,-19.941572,6.0906989e-05,6.0906989e-05,0.00018659586,0.00018659586,0.543264058,846.74445,60.19844,-0.00049646799,0.00122832961,0.0,2015.01265,838.456087,-0.0095354183,3.81260079,1.0779009e-05
535.0,13.33734965,2013.99019,-5.55048318,-5.55048318,-1.170624824,-1.170624824,-0.898268265,-0.898268265,0.0285519601,30.3311593,30.3311593,9.0902575e-05,9.0902575e-05,0.000274955483,0.000274955483,0.543274575,846.74445,60.19844,0.00148657704,3.3441949e-05,0.0,2013.99019,838.052844,0.0285519601,-23.758051,2.8457772e-05
535.5,2.41717591,2013.97087,-1.005540655,-1.005540655,-0.2120710977,-0.2120710977,-0.1269363273,-0.1269363273,0.0282329759,33.277943,33.277943,9.8387912e-05,9.8387912e-05,0.000297595085,0.000297595085,0.543278596,846.74445,60.19844,0.00146996893,-1.9552937e-05,0.0,2013.97087,838.04462,0.0282329759,-21.6244574,2.5581719e-05
536.0,-8.5029978,2013.9727,3.53787782,3.53787782,0.746148117,0.746148117,1.015923319,1.015923319,0.0276374203,33.277943,33.277943,9.6312487e-05,9.6312487e-05,0.000291317914,0.000291317914,0.54327533,846.74445,60.19844,0.00143896097,-1.7095706e-05,0.0,2013.9727,838.045062,0.0276374203,-17.6409587,2.0430671e-05
536.5,-16.8869983,2019.81583,7.1725024,7.1725024,1.51725801,1.51725801,1.90571102,1.90571102,0.027172404,33.277943,33.277943,9.4691968e-05,9.4691968e-05,0.000286416606,0.000286416606,0.543262923,846.74445,60.19844,0.0014147495,-4.937858e-06,0.0,2019.81583,840.476133,0.027172404,-14.5305918,1.6539576e-05
537.0,-17.438093,2031.47482,7.28019909,7.28019909,1.5487555,1.5487555,1.93984469,1.93984469,0.0271483584,33.277943,33.277943,9.4608174e-05,9.4608174e-05,0.000286163163,0.000286163163,0.543247126,846.74445,60.19844,0.00141349757,9.56268e-07,0.0,2031.47482,845.327517,0.0271483584,-14.3697604,1.6341116e-05
537.5,-17.438093,2032.13547,7.25660697,7.25660697,1.54424025,1.54424025,1.93532713,1.93532713,0.0271495345,33.277943,33.277943,9.4612274e-05,9.4612274e-05,0.000286175567,0.000286175567,0.543231435,846.74445,60.19844,0.00141355882,-2.48271e-07,0.0,2032.13547,845.602417,0.0271495345,-14.37762665,1.635077e-05
538.0,-17.438093,2032.1484,7.25612795,7.25612795,1.54414818,1.54414818,1.93523479,1.93523479,0.0271495461,33.277943,33.277943,9.4612312e-05,9.4612312e-05,0.000286175686,0.000286175686,0.543215769,846.74445,60.19844,0.00141355942,7.9025e-08,0.0,2032.1484,845.607791,0.0271495461,-14.3777038,1.6350864e-05
538.5,-17.438093,2032.14842,7.25611698,7.25611698,1.54414585,1.54414585,1.93523244,1.93523244,0.0272917427,34.801807,34.801807,9.9469984e-05,9.9469984e-05,0.000300867289,0.000300867289,0.543200093,846.74445,60.19844,0.00142096299,8.206022e-06,0.0,2032.14842,845.6079,0.0272917427,-15.3288174,1.7525547e-05
539.0,-17.438093,2032.14807,7.256117,7.256117,1.54414553,1.54414553,1.93523207,1.93523207,0.0275658544,37.736686,37.736686,0.000108941045,0.000108941045,0.000329511432,0.000329511432,0.54318442,846.74445,60.19844,0.00143523476,7.76213e-06,0.0,2032.14807,845.6079,0.0275658544,-17.162269,1.9818594e-05
539.5,-17.438093,2032.14766,7.256117,7.256117,1.5441452,1.5441452,1.93523177,1.93523177,0.0278399715,40.6717543,40.6717543,0.000118581182,0.000118581182,0.000358668127,0.000358668127,0.543168746,846.74445,60.19844,0.00144950689,7.026755e-06,0.0,2032.14766,845.6079,0.0278399715,-18.9957638,2.2153798e-05
540.0,-17.438093,2032.14727,7.256117,7.256117,1.54414494,1.54414494,1.93523143,1.93523143,0.028114207,43.6069595,43.6069595,0.000128390767,0.000128390767,0.000388337685,0.000388337685,0.543153076,846.74445,60.19844,0.00146378515,8.216416e-06,0.0,2032.14727,845.6079,0.028114207,-20.8300465,2.4532142e-05
540.5,-17.438093,2032.14692,7.256117,7.256117,1.5441446,1.5441446,1.93523112,1.93523112,0.0283883504,46.5418332,46.5418332,0.000138367496,0.000138367496,0.000418512606,0.000418512606,0.543137397,846.74445,60.19844,0.00147805861,9.822516e-06,0.0,2032.14692,845.6079,0.0283883504,-22.6637126,2.6951802e-05
541.0,-17.438093,2032.14652,7.256117,7.256117,1.54414436,1.54414436,1.93523081,1.93523081,0.0286624748,49.4770763,49.4770763,0.00014851375,0.00014851375,0.00044920009,0.00044920009,0.543121719,846.74445,60.19844,0.00149233107,6.802329e-06,0.0,2032.14652,845.6079,0.0286624748,-24.4972522,2.9413406e-05
541.5,-17.438093,2309.17982,18.1541999,18.1541999,4.7561328,4.7561328,5.27448948,5.27448948,0.0283900398,52.4120025,52.4120025,0.00015578258,0.00015578258,0.000471185048,0.000471185048,0.543099633,988.791169,60.19844,0.00147814659,-1.3083542e-05,0.0,2309.17982,960.883365,0.0283900398,-22.6750143,2.7032305e-05
542.0,-17.438093,4421.74876,29.403733,29.403733,13.5750405,13.5750405,14.35609045,14.35609045,0.0280984357,55.3470791,55.3470791,0.00016286609,0.00016286609,0.000492609458,0.000492609458,0.543002778,1850.76951,60.19844,0.00146296398,1.2561027e-05,0.0,4421.74876,1839.93869,0.0280984357,-20.7245564,2.4395725e-05
542.5,-17.438093,6724.24884,31.5042778,27.6455208,22.415,19.3851089,23.5224532,20.3421943,0.0278611137,57.7697196,51.8359646,0.000168537997,0.000151802006,0.000509766807,0.0004591458,0.542804543,2810.67831,60.19844,0.00145060767,-7.1068861e-05,0.0,6724.24884,2798.02583,0.0278611137,-19.1371779,2.2462136e-05
543.0,-17.438093,8618.99366,94.5902394,22.1400588,86.4912381,19.9190763,92.1401187,21.1773581,0.009913750688,58.015903,12.722024368,6.023011e-05,2.2322306e-05,0.000182185606,6.7520833e-05,0.542534157,3703.02711,60.19844,0.000516166119,0.01683676128,0.0,8618.99366,3586.43273,0.009913750688,-0.899209672,9.6762e-07
543.5,-17.438093,9675.2551,24.196949838,8.043722038,24.295695693,8.126135193,26.667270323,9.216075123,0.02160080698,58.015903,43.8454359,0.000131233784,0.000121844214,0.000396933302,0.000368532021,0.542306102,3889.6597,60.19844,0.00112466058,0.000164728973,0.0,9675.2551,4025.95778,0.02160080698,-20.6953194,2.5678108e-05
544.0,-17.438093,9369.192299999999,6.06063324,6.06063324,5.94230588,5.94230588,7.56611795,7.56611795,0.0295206723,58.015903,58.015903,0.000179350218,0.000179350218,0.000542464242,0.000542464242,0.542250362,3889.6597,60.19844,0.0015370137,-6.02742e-06,0.0,9369.192299999999,3898.60732,0.0295206723,-30.2374889,3.7391369e-05
544.5,-17.438093,9335.8214,7.23094358,7.23094358,7.06929348,7.06929348,8.7370835,8.7370835,0.0294615866,58.015903,58.015903,0.000178991251,0.000178991251,0.000541378622,0.000541378622,0.542175359,3889.6597,60.19844,0.00153393734,-1.685163e-06,0.0,9335.8214,3884.72142,0.0294615866,-29.8422857,3.682789e-05
545.0,-17.438093,9335.1548,7.25564753,7.25564753,7.09294046,7.09294046,8.7599564,8.7599564,0.0294604303,58.015903,58.015903,0.000178984228,0.000178984228,0.000541357375,0.000541357375,0.542097407,3889.6597,60.19844,0.00153387713,7.8204e-08,0.0,9335.1548,3884.44407,0.0294604303,-29.8345495,3.6816898e-05
545.5,-14.43499605,9342.1048,6.18488355,6.18488355,6.04981532,6.04981532,7.6654978,7.6654978,0.0296148043,58.015903,58.015903,0.000179922112,0.000179922112,0.000544193829,0.000544193829,0.542021485,3889.6597,60.19844,0.00154191475,1.42905e-05,0.0,9342.1048,3887.33598,0.0296148043,-30.867114,3.8297957e-05
546.0,-1.587222497,9356.88545,0.692628073,0.692628073,0.678531726,0.678531726,1.208549864,1.208549864,0.0303227148,58.015903,58.015903,0.000184222959,0.000184222959,0.000557200895,0.000557200895,0.541981456,3889.6597,60.19844,0.0015787726,2.234454e-05,0.0,9356.88545,3893.48688,0.0303227148,-35.6021248,4.5233109e-05
546.5,12.01363908,9357.7601,-4.99847681,-4.99847681,-4.89822187,-4.89822187,-3.77596443,-3.77596443,0.0310661698,58.015903,58.015903,0.000188739754,0.000188739754,0.000570861012,0.000570861012,0.54199228,3889.6597,60.19844,0.00161748108,2.1111179e-05,0.0,9357.7601,3893.85113,0.0310661698,-40.574888,5.2812683e-05
547.0,25.6145002,9357.7761,-10.65831265,-10.65831265,-10.44454964,-10.44454964,-9.16185463,-9.16185463,0.0318080083,58.015903,58.015903,0.000193246728,0.000193246728,0.000584491339,0.000584491339,0.542039444,3889.6597,60.19844,0.00165610538,2.2744795e-05,0.0,9357.7761,3893.85843,0.0318080083,-45.536831,6.0684657e-05
547.5,39.2153619,9357.775099999997,-16.3176259,-16.3176259,-15.9903587,-15.9903587,-14.6595368,-14.6595368,0.0325497516,58.015903,58.015903,0.000197753124,0.000197753124,0.000598119842,0.000598119842,0.542123484,3889.6597,60.19844,0.00169472474,2.3811719e-05,0.0,9357.775099999997,3893.8585,0.0325497516,-50.4981395,6.8863938e-05
548.0,52.8162231,9357.774099999999,-21.9773998,-21.9773998,-21.5366179,-21.5366179,-20.1275281,-20.1275281,0.0332915907,58.015903,58.015903,0.000202260104,0.000202260104,0.000611750074,0.000611750074,0.542241316,3889.6597,60.19844,0.00173334916,2.0811539e-05,0.0,9357.774099999999,3893.85855,0.0332915907,-55.4600976,7.7352649e-05
548.5,65.0236545,9354.47215,-27.1946533,-27.1946533,-26.6394752,-26.6394752,-25.1412194,-25.1412194,0.0339646398,58.015903,58.015903,0.000206349153,0.000206349153,0.000624116307,0.000624116307,0.542390226,3889.6597,60.19844,0.00176839185,1.0701433e-05,0.0,9354.47215,3892.48484,0.0339646398,-59.9619291,8.531365e-05
549.0,67.03044,9337.1092,-27.9596811,-27.9596811,-27.3384241,-27.3384241,-25.8283918,-25.8283918,0.0340709037,58.015903,58.015903,0.000206994745,0.000206994745,0.000626068731,0.000626068731,0.542555683,3889.6597,60.19844,0.00177392453,7.0477e-07,0.0,9337.1092,3885.25995,0.0340709037,-60.672694,8.6589565e-05
549.5,67.03044,9335.17615,-27.8933562,-27.8933562,-27.2679131,-27.2679131,-25.7598786,-25.7598786,0.0340675726,58.015903,58.015903,0.000206974507,0.000206974507,0.000626007545,0.000626007545,0.54272107,3889.6597,60.19844,0.00177375115,1.549061e-06,0.0,9335.17615,3884.45555,0.0340675726,-60.6504161,8.6549305e-05
550.0,67.03044,9335.1367,-27.8918904,-27.8918904,-27.266364,-27.266364,-25.7583729,-25.7583729,0.0340674703,58.015903,58.015903,0.000206973883,0.000206973883,0.000626005634,0.000626005634,0.542886376,3889.6597,60.19844,0.00177374576,-4.47024e-07,0.0,9335.1367,3884.43905,0.0340674703,-60.6497241,8.6548056e-05
550.5,67.03044,9335.136,-27.891863,-27.891863,-27.2663352,-27.2663352,-25.7583452,-25.7583452,0.0340675124,58.015903,58.015903,0.000206974148,0.000206974148,0.000626006427,0.000626006427,0.543051659,3889.6597,60.19844,0.00177374802,1.03653e-06,0.0,9335.136,3884.4387,0.0340675124,-60.6500141,8.6548578e-05
551.0,67.03044,9335.136,-27.891863,-27.891863,-27.266335,-27.266335,-25.758345,-25.758345,0.0340674273,58.015903,58.015903,0.000206973628,0.000206973628,0.000626004854,0.000626004854,0.543216933,3889.6597,60.19844,0.00177374354,-1.419542e-06,0.0,9335.136,3884.4387,0.0340674273,-60.6494428,8.6547546e-05
551.5,67.03044,9335.1362,-27.8918546,-27.8918546,-27.2663276,-27.2663276,-25.7583376,-25.7583376,0.0338646244,55.8330281,55.8330281,0.000198140456,0.000198140456,0.000599289699,0.000599289699,0.543382199,3889.6597,60.19844,0.00176318452,-3.2944905e-05,0.0,9335.1362,3884.4387,0.0338646244,-59.2929535,8.4143002e-05
552.0,67.03044,9335.1404,-27.8918299,-27.8918299,-27.2663161,-27.2663161,-25.7583245,-25.7583245,0.0309428302,24.53282724,24.53282724,8.0806714e-05,8.0806714e-05,0.000244417847,0.000244417847,0.543547476,3889.6597,60.19844,0.00161105929,-0.000108975999,0.0,9335.1404,3884.4387,0.0309428302,-39.7498996,5.1849035e-05
552.5,67.03044,9335.1453,-27.891832,-27.891832,-27.266333,-27.266333,-25.7583399,-25.7583399,0.0271758937,-15.79376311,-15.79376311,-4.3634462e-05,-4.3634462e-05,-1.2508576e-05,-1.2508576e-05,0.543712753,3889.6597,60.19844,0.00141493122,-0.000105656163,0.0,9335.1453,3884.4387,0.0271758937,-14.55393435,1.6895314e-05
553.0,67.03044,9335.208,-27.8914105,-27.8914105,-27.2661033,-27.2661033,-25.7580968,-25.7580968,-0.0177463495,-56.1197259,-56.1197259,0.000120774522,0.000120774522,0.00040764894,0.00040764894,0.54387803,3889.6597,60.19844,-0.00092397568,-0.00104911186,0.0,9335.208,3884.43851,-0.0177463495,10.37666439,1.203379e-05
553.5,67.03044,9335.2269,-27.8918495,-27.8918495,-27.2665871,-27.2665871,-25.7585657,-25.7585657,-0.0303422033,-96.4486709,-96.4486709,0.000307770878,0.000307770878,0.000930878191,0.000930878191,0.5440433,3889.6597,60.19844,-0.00157978728,-0.000117155709,0.0,9335.2269,3884.43889,-0.0303422033,35.732478,4.5742925e-05
554.0,67.03044,9335.2308,-27.891832,-27.891832,-27.2665842,-27.2665842,-25.7585614,-25.7585614,-0.0341075315,-136.7517289,-136.7517289,0.000489745164,0.000489745164,0.00148126835,0.00148126835,0.54420857,3889.6597,60.19844,-0.00177583161,-9.9914168e-05,0.0,9335.2308,3884.4387,-0.0341075315,60.9176874,8.735886e-05
554.5,67.03044,9335.233,-27.8918634,-27.8918634,-27.2666217,-27.2666217,-25.7585973,-25.7585973,-0.0357851089,-154.68013,-154.68013,0.000579649557,0.000579649557,0.00175319096,0.00175319096,0.54437383,3889.6597,60.19844,-0.00186317583,-9.14893e-07,0.0,9335.233,3884.4387,-0.0357851089,72.1385316,0.000108133002
555.0,67.03044,9335.233,-27.891863,-27.891863,-27.26662,-27.26662,-25.758596,-25.758596,-0.0357850708,-154.68013,-154.68013,0.000579648926,0.000579648926,0.00175318906,0.00175318906,0.54453907,3889.6597,60.19844,-0.00186317382,-3.23695e-07,0.0,9335.233,3884.4387,-0.0357850708,72.1382701,0.000108132492
555.5,67.03044,9335.233,-27.891863,-27.891863,-27.26662,-27.26662,-25.758596,-25.758596,-0.0357851085,-154.68013,-154.68013,0.000579649535,0.000579649535,0.00175319093,0.00175319093,0.54470433,3889.6597,60.19844,-0.0018631758,-6.72616e-07,0.0,9335.233,3884.4387,-0.0357851085,72.1385261,0.000108132991
556.0,67.03044,9335.233,-27.891863,-27.891863,-27.26662,-27.26662,-25.758596,-25.758596,-0.035785011,-154.68013,-154.68013,0.000579647968,0.000579647968,0.00175318615,0.00175318615,0.54486957,3889.6597,60.19844,-0.00186317074,-1.37789e-07,0.0,9335.233,3884.4387,-0.035785011,72.1378759,0.000108131724
556.5,67.03044,9335.233,-27.891863,-27.891863,-27.26662,-27.26662,-25.758596,-25.758596,-0.0357850387,-154.68013,-154.68013,0.000579648388,0.000579648388,0.00175318749,0.00175318749,0.545034836,3889.6597,60.19844,-0.00186317214,-7.9215e-08,0.0,9335.233,3884.4387,-0.0357850387,72.1380548,0.000108132072
557.0,64.5381667,9329.8725,-26.949127,-26.949127,-26.3301734,-26.3301734,-24.844897,-24.844897,-0.0359159491,-154.68013,-154.68013,0.000581768904,0.000581768904,0.00175960037,0.00175960037,0.545198764,3889.6597,60.19844,-0.00186998813,-9.398905e-06,0.0,9329.8725,3882.20775,-0.0359159491,73.0136807,0.000109847699
557.5,58.0946998,9324.6185,-24.1803679,-24.1803679,-23.6114602,-23.6114602,-22.1875829,-22.1875829,-0.0362717972,-154.68013,-154.68013,0.000587532952,0.000587532952,0.00177703217,0.00177703217,0.545351792,3889.6597,60.19844,-0.00188851556,-9.630259e-06,0.0,9324.6185,3880.02131,-0.0362717972,75.3938473,0.000114552516
558.0,51.6035968,9324.433500000003,-21.4728117,-21.4728117,-20.9671775,-20.9671775,-19.5713094,-19.5713094,-0.0355039745,-142.645805,-142.645805,0.000530930699,0.000530930699,0.00160583249,0.00160583249,0.545489974,3889.6597,60.19844,-0.00184853834,6.0949226e-05,0.0,9324.433500000003,3879.9447,-0.0355039745,70.2580969,0.000104612345
558.5,45.1124945,9324.426,-18.7716186,-18.7716186,-18.3295772,-18.3295772,-16.989052,-16.989052,-0.0331201652,-113.3338159,-113.3338159,0.000393689502,0.000393689502,0.00119073781,0.00119073781,0.545613146,3889.6597,60.19844,-0.00172442371,6.8013969e-05,0.0,9324.426,3879.94309,-0.0331201652,54.3134762,7.5483729e-05
559.0,38.6910433,9324.5322,-16.0823524,-16.0823524,-15.7038053,-15.7038053,-14.3860328,-14.3860328,-0.0307208089,-83.8870431,-83.8870431,0.000270484436,0.000270484436,0.00081810077,0.00081810077,0.545720861,3889.6597,60.19844,-0.0015994996,7.0788874e-05,0.0,9324.5322,3879.98862,-0.0307208089,38.2648651,4.9374879e-05
559.5,36.373207,9332.5367,-15.05573315,-15.05573315,-14.7139972,-14.7139972,-13.3885357,-13.3885357,-0.028099951,-54.441886,-54.441886,0.000160904198,0.000160904198,0.000486675117,0.000486675117,0.545816084,3889.6597,60.19844,-0.00146304287,7.9557541e-05,0.0,9332.5367,3883.32098,-0.028099951,20.7346906,2.4581941e-05
560.0,36.373207,9335.1402,-15.1332587,-15.1332587,-14.7938744,-14.7938744,-13.4672597,-13.4672597,-0.01273170291,-25.0008248,-25.0008248,4.8352193e-05,4.8352193e-05,0.000165733389,0.000165733389,0.54591001,3889.6597,60.19844,-0.000662884718,0.001475541581,0.0,9335.1402,3884.41344,-0.01273170291,2.60585178,5.003431e-06
560.5,36.373207,9335.1432,-15.1350848,-15.1350848,-14.79566355,-14.79566355,-13.4690423,-13.4690423,0.0259268797,-11.231249,-11.231249,-3.0493475e-05,-3.0493475e-05,-1.008081e-05,-1.008081e-05,0.546004091,3889.6597,60.19844,0.00134990047,-1.3599e-07,0.0,9335.1432,3884.4371,0.0259268797,-6.1996355,6.732944e-06
561.0,36.373207,9335.146600000002,-15.13515515,-15.13515515,-14.79573855,-14.79573855,-13.46911585,-13.46911585,0.0259268245,-11.231249,-11.231249,-3.0493409e-05,-3.0493409e-05,-1.0080788e-05,-1.0080788e-05,0.546098176,3889.6597,60.19844,0.00134989759,-5.1012e-08,0.0,9335.146600000002,3884.43868,0.0259268245,-6.19926427,6.732527e-06
561.5,36.373207,9335.147,-15.1351595,-15.1351595,-14.795743,-14.795743,-13.46912,-13.46912,0.0259269135,-11.231249,-11.231249,-3.0493513e-05,-3.0493513e-05,-1.0080823e-05,-1.0080823e-05,0.54619225,3889.6597,60.19844,0.00134990222,2.210949e-06,0.0,9335.147,3884.4387,0.0259269135,-6.19985906,6.733196e-06
562.0,36.373207,9335.147,-15.1351595,-15.1351595,-14.795743,-14.795743,-13.46912,-13.46912,0.0259268892,-11.231249,-11.231249,-3.0493485e-05,-3.0493485e-05,-1.0080813e-05,-1.0080813e-05,0.546286317,3889.6597,60.19844,0.00134990096,-6.456e-08,0.0,9335.147,3884.4387,0.0259268892,-6.19969547,6.733012e-06
562.5,36.373207,9335.147,-15.1351595,-15.1351595,-14.795743,-14.795743,-13.4691201,-13.4691201,0.0259268756,-11.231249,-11.231249,-3.0493469e-05,-3.0493469e-05,-1.0080808e-05,-1.0080808e-05,0.5463804,3889.6597,60.19844,0.00134990025,-4.40271e-07,0.0,9335.147,3884.4387,0.0259268756,-6.1996055,6.732911e-06
563.0,36.373207,9335.147,-15.1351595,-15.1351595,-14.795743,-14.795743,-13.4691201,-13.4691201,0.025926896,-11.231249,-11.231249,-3.0493493e-05,-3.0493493e-05,-1.0080816e-05,-1.0080816e-05,0.546474486,3889.6597,60.19844,0.00134990133,-5.95869e-07,0.0,9335.147,3884.4387,0.025926896,-6.19974583,6.733068e-06
563.5,36.373207,9335.147,-15.1351595,-15.1351595,-14.795743,-14.795743,-13.46912,-13.46912,0.0259185996,-11.231249,-11.231249,-3.0483736e-05,-3.0483736e-05,-1.007759e-05,-1.007759e-05,0.546568551,3889.6597,60.7493801,0.00134946935,-1.547542e-06,0.0,9335.147,3884.4387,0.0259185996,-6.19969216,6.730855e-06
564.0,36.3920581,9335.1625,-15.1362687,-15.1362687,-14.7968522,-14.7968522,-13.4702208,-13.4702208,0.02335947392,-14.5323636,-14.5323636,-3.2882994e-05,-3.2882994e-05,-1.0870828e-05,-1.0870828e-05,0.546662627,3889.6597,63.5520177,0.001216226737,-0.001295061984,0.0,9335.1625,3884.44373,0.02335947392,-4.39257551,4.75293e-06
564.5,39.4587113,9341.3063,-16.3452622,-16.3452622,-15.98940725,-15.98940725,-14.66787585,-14.66787585,-0.0268708041,-45.3865092,-45.3865092,0.000128598365,0.000128598365,0.000388966421,0.000388966421,0.546759193,3889.6597,66.5961991,-0.00139904653,-7.9933484e-05,0.0,9341.3063,3886.97088,-0.0268708041,13.91982497,1.5869892e-05
565.0,44.725972,9343.924799999999,-18.6082658,-18.6082658,-18.2080719,-18.2080719,-16.8651103,-16.8651103,-0.0296418871,-82.3684642,-82.3684642,0.000256574771,0.000256574771,0.000776032918,0.000776032918,0.546867486,3889.6597,68.0181,-0.00154332482,-8.0614568e-05,0.0,9343.924799999999,3888.05875,-0.0296418871,35.0813714,4.3763504e-05
565.5,49.993233,9343.9942,-20.8024294,-20.8024294,-20.3551945,-20.3551945,-18.9627744,-18.9627744,-0.0324450332,-119.3506571,-119.3506571,0.000406405544,0.000406405544,0.00122920292,0.00122920292,0.546988472,3889.6597,68.0181,-0.00168927252,-8.206447e-05,0.0,9343.9942,3888.08617,-0.0324450332,56.2663372,7.6674192e-05
566.0,55.2604938,9343.9985,-22.9941905,-22.9941905,-22.4998439,-22.4998439,-21.0810136,-21.0810136,-0.0341306213,-142.790181,-142.790181,0.00051035878,0.00051035878,0.00154361791,0.00154361791,0.547121733,3889.6597,68.0181,-0.00177703382,-1.43482e-06,0.0,9343.9985,3888.08693,-0.0341306213,69.0052809,9.8656054e-05
566.5,58.1948261,9339.106,-24.2914989,-24.2914989,-23.7568199,-23.7568199,-22.3338576,-22.3338576,-0.0340141282,-143.13464,-143.13464,0.000509838609,0.000509838609,0.00154204541,0.00154204541,0.547265636,3889.6597,68.0181,-0.00177096852,2.97922e-07,0.0,9339.106,3886.05101,-0.0340141282,68.124875,9.7062994e-05
567.0,58.198975,9335.34925,-24.2213415,-24.2213415,-23.6786741,-23.6786741,-22.2570115,-22.2570115,-0.0340170892,-143.13464,-143.13464,0.00050988298,0.00050988298,0.00154217962,0.00154217962,0.547411797,3889.6597,68.0181,-0.00177112268,5.55236e-07,0.0,9335.34925,3884.48789,-0.0340170892,68.1472512,9.710333e-05
567.5,58.198975,9335.2329,-24.2171069,-24.2171069,-23.6742408,-23.6742408,-22.252621,-22.252621,-0.0340172864,-143.13464,-143.13464,0.000509885961,0.000509885961,0.00154218857,0.00154218857,0.54755775,3889.6597,68.0181,-0.00177113296,-3.66037e-07,0.0,9335.2329,3884.43964,-0.0340172864,68.148746,9.710602e-05
568.0,58.198975,9335.231,-24.2170254,-24.2170254,-23.6741548,-23.6741548,-22.2525358,-22.2525358,-0.0340173145,-143.13464,-143.13464,0.000509886374,0.000509886374,0.00154218982,0.00154218982,0.547703685,3889.6597,68.0181,-0.00177113441,-4.08569e-07,0.0,9335.231,3884.4387,-0.0340173145,68.1489534,9.7106393e-05
568.5,113.8893685,9466.74415,-45.2205961,-45.2205961,-45.1145816,-45.1145816,-43.0548934,-43.0548934,-0.031429684,-143.13464,-143.13464,0.000471100297,0.000471100297,0.0014248893,0.0014248893,0.547870771,3889.6597,68.0181,-0.00163640763,0.000174735783,0.0,9466.74415,3939.16385,-0.031429684,48.5927595,6.5949089e-05
569.0,178.49512,9402.3258,-76.339176,-76.339176,-75.1749056,-75.1749056,-72.2031049,-72.2031049,-0.0281182073,-143.13464,-143.13464,0.000421464504,0.000421464504,0.00127477519,0.00127477519,0.548208639,3889.6597,68.0181,-0.0014639934,-4.728372e-06,0.0,9402.3258,3912.36074,-0.0281182073,23.5660587,2.7758152e-05
569.5,178.49512,9336.755000000003,-74.3295723,-74.3295723,-72.675207,-72.675207,-69.7821425,-69.7821425,-0.0282076348,-143.13464,-143.13464,0.000422804936,0.000422804936,0.00127882912,0.00127882912,0.548575575,3889.6597,68.0181,-0.00146864951,-8.50504e-07,0.0,9336.755000000003,3885.07634,-0.0282076348,24.2419136,2.8643244e-05
570.0,178.49512,9335.2517,-74.274204,-74.274204,-72.6093695,-72.6093695,-69.7184226,-69.7184226,-0.0282101146,-143.13464,-143.13464,0.000422842106,0.000422842106,0.00127894153,0.00127894153,0.548939792,3889.6597,68.0181,-0.00146877863,-6.95576e-07,0.0,9335.2517,3884.45067,-0.0282101146,24.2606551,2.8667906e-05
570.5,178.49512,9315.7411,-75.9737841,-75.9737841,-74.1036984,-74.1036984,-71.1673385,-71.1673385,-0.0281348707,-143.13464,-143.13464,0.000421714273,0.000421714273,0.00127553056,0.00127553056,0.549304545,3875.99946,68.0181,-0.001464861,1.2891371e-05,0.0,9315.7411,3876.33211,-0.0281348707,23.6919938,2.7926581e-05
571.0,178.49512,8751.105599999999,-79.892662,-79.892662,-73.2748355,-73.2748355,-70.3742947,-70.3742947,-0.0279600355,-143.13464,-143.13464,0.000419093669,0.000419093669,0.00126760489,0.00126760489,0.549679807,3646.50399,68.0181,-0.00145575809,-1.2503005e-05,0.0,8751.105599999999,3641.38335,-0.0279600355,22.3706669,2.6208912e-05
571.5,178.49512,8580.177599999999,-73.9000299,-73.9000299,-66.4005591,-66.4005591,-63.7402791,-63.7402791,-0.0282267812,-143.13464,-143.13464,0.000423091921,0.000423091921,0.00127969705,0.00127969705,0.550027847,3580.2053,68.0181,-0.00146964637,1.78916e-07,0.0,8580.177599999999,3570.25865,-0.0282267812,24.3866112,2.8833823e-05
572.0,178.49512,8592.2454,-74.2625743,-74.2625743,-66.819818,-66.819818,-64.1440066,-64.1440066,-0.0282106452,-143.13464,-143.13464,0.000422850059,0.000422850059,0.00127896558,0.00127896558,0.550369461,3580.2053,68.0181,-0.00146880625,-7.04635e-07,0.0,8592.2454,3575.28024,-0.0282106452,24.2646637,2.8673183e-05
572.5,178.49512,8592.526450000001,-74.2729338,-74.2729338,-66.831329,-66.831329,-64.1550911,-64.1550911,-0.0282101563,-143.13464,-143.13464,0.000422842734,0.000422842734,0.00127894343,0.00127894343,0.55071155,3580.2053,68.0181,-0.00146878082,6.76486e-07,0.0,8592.526450000001,3575.39738,-0.0282101563,24.2609721,2.8668324e-05
573.0,178.49512,8592.532,-74.273129,-74.273129,-66.8315465,-66.8315465,-64.1553028,-64.1553028,-0.0282101624,-143.13464,-143.13464,0.000422842819,0.000422842819,0.00127894371,0.00127894371,0.551053645,3580.2053,68.0181,-0.00146878115,-1.678253e-06,0.0,8592.532,3575.39964,-0.0282101624,24.2610162,2.8668382e-05
573.5,178.49512,8592.531500000001,-74.273143,-74.273143,-66.831555,-66.831555,-64.1553076,-64.1553076,-0.0278332547,-138.565758,-138.565758,0.000404027839,0.000404027839,0.00122203542,0.00122203542,0.551395717,3580.2053,68.0181,-0.00144915718,3.1108412e-05,0.0,8592.531500000001,3575.3997,-0.0278332547,21.4125126,2.5002131e-05
574.0,170.242257,8575.08515,-71.1249494,-71.1249494,-63.8714382,-63.8714382,-61.3055544,-61.3055544,-0.0268276693,-121.742448,-121.742448,0.000342098532,0.000342098532,0.001034721594,0.001034721594,0.551734519,3580.2053,68.0181,-0.00139680071,1.6391099e-05,0.0,8575.08515,3568.14052,-0.0268276693,13.8127327,1.5528954e-05
574.5,150.787055,8560.5288,-62.7607653,-62.7607653,-56.2624029,-56.2624029,-53.9842775,-53.9842775,-0.0263327708,-104.2535048,-104.2535048,0.000287561173,0.000287561173,0.000869765244,0.000869765244,0.552049701,3580.2053,68.0181,-0.00137103345,1.3845442e-05,0.0,8560.5288,3562.08388,-0.0263327708,10.07250605,1.1116786e-05
575.0,131.273141,8560.0582,-54.6237751,-54.6237751,-48.9651459,-48.9651459,-46.9702914,-46.9702914,-0.0258297414,-86.7649515,-86.7649515,0.000234765292,0.000234765292,0.000710077682,0.000710077682,0.552334261,3580.2053,68.0181,-0.00134484292,1.6177202e-05,0.0,8560.0582,3561.88825,-0.0258297414,6.27082621,6.791377e-06
575.5,111.759228,8560.0496,-46.5039461,-46.5039461,-41.6864284,-41.6864284,-39.9651393,-39.9651393,-0.0253353642,-69.3928554,-69.3928554,0.000184173701,0.000184173701,0.000557058687,0.000557058687,0.552587331,3580.2053,68.0181,-0.00131910279,9.742782e-06,0.0,8560.0496,3561.88493,-0.0253353642,2.5345358,2.69529e-06
576.0,92.245314,8560.0488,-38.3838357,-38.3838357,-34.4075075,-34.4075075,-32.9197022,-32.9197022,-0.0257120476,-62.56632,-62.56632,0.000168463519,0.000168463519,0.000509541095,0.000509541095,0.552807077,3580.2053,68.0181,-0.0013387151,-2.5975326e-05,0.0,8560.0488,3561.88446,-0.0257120476,5.38134476,5.81901e-06
576.5,72.7314015,8560.051199999998,-30.2640481,-30.2640481,-27.1288874,-27.1288874,-25.8287962,-25.8287962,-0.0266540573,-62.56632,-62.56632,0.000174635505,0.000174635505,0.000528207417,0.000528207417,0.5529912,3580.2053,68.0181,-0.00138776145,-2.5897636e-05,0.0,8560.051199999998,3561.88473,-0.0266540573,12.50064925,1.3979941e-05
577.0,53.2174883,8560.052099999999,-22.1447436,-22.1447436,-19.8506934,-19.8506934,-18.69488435,-18.69488435,-0.0275960415,-62.56632,-62.56632,0.000180807322,0.000180807322,0.000546873094,0.000546873094,0.553136899,3580.2053,68.0181,-0.0014368065,-2.5715012e-05,0.0,8560.052099999999,3561.88474,-0.0275960415,19.6197559,2.270244e-05
577.5,35.0256948,8563.0663,-14.40384255,-14.40384255,-12.91562965,-12.91562965,-11.8525181,-11.8525181,-0.0284820878,-62.56632,-62.56632,0.000186612633,0.000186612633,0.00056443025,0.00056443025,0.553240917,3580.2053,68.0181,-0.0014829391,-1.7494005e-05,0.0,8563.0663,3563.13851,-0.0284820878,26.3161114,3.1409812e-05
578.0,31.154701,8588.666799999999,-12.83419035,-12.83419035,-11.54315585,-11.54315585,-10.4851764,-10.4851764,-0.0286675631,-62.56632,-62.56632,0.000187827854,0.000187827854,0.000568105458,0.000568105458,0.553317071,3580.2053,68.0181,-0.00149259602,9.18204e-07,0.0,8588.666799999999,3573.79096,-0.0286675631,27.7178545,3.3284276e-05
578.5,31.154701,8592.4516,-12.9606981,-12.9606981,-11.6620286,-11.6620286,-10.59986495,-10.59986495,-0.0286619274,-62.56632,-62.56632,0.000187790928,0.000187790928,0.000567993786,0.000567993786,0.553392559,3580.2053,68.0181,-0.00149230256,-8.76444e-07,0.0,8592.4516,3575.3658,-0.0286619274,27.675261,3.3226586e-05
579.0,31.154701,8592.5309,-12.96364415,-12.96364415,-11.66478805,-11.66478805,-10.60253235,-10.60253235,-0.0286617724,-62.56632,-62.56632,0.000187789912,0.000187789912,0.000567990711,0.000567990711,0.553468258,3580.2053,68.0181,-0.00149229449,6.479e-07,0.0,8592.5309,3575.39899,-0.0286617724,27.6740874,3.3224998e-05
579.5,31.154701,8592.533,-12.9636996,-12.9636996,-11.6648403,-11.6648403,-10.6025825,-10.6025825,-0.0286617772,-62.56632,-62.56632,0.000187789941,0.000187789941,0.000567990802,0.000567990802,0.553543955,3580.2053,68.0181,-0.00149229474,9.36023e-07,0.0,8592.533,3575.3997,-0.0286617772,27.6741246,3.3225048e-05
580.0,31.154701,8592.5341,-12.9636822,-12.9636822,-11.6648261,-11.6648261,-10.6025689,-10.6025689,-0.0297043237,-75.1969433,-75.1969433,0.000234575816,0.000234575816,0.000709495288,0.000709495288,0.553619652,3580.2053,68.0181,-0.00154657565,-6.6804805e-05,0.0,8592.5341,3575.3997,-0.0297043237,35.5532409,4.440357e-05
580.5,31.154701,8592.5377,-12.9636797,-12.9636797,-11.6648287,-11.6648287,-10.60257065,-10.60257065,-0.0322876084,-106.4445304,-106.4445304,0.000360609931,0.000360609931,0.001090688304,0.001090688304,0.553695352,3580.2053,68.0181,-0.00168107608,-7.4626227e-05,0.0,8592.5377,3575.3997,-0.0322876084,55.0765854,7.4665082e-05
581.0,31.154701,8592.5415,-12.96368,-12.96368,-11.664834,-11.664834,-10.6025742,-10.6025742,-0.0348849472,-137.862,-137.862,0.000504334495,0.000504334495,0.00152539139,0.00152539139,0.553771048,3580.2053,68.0181,-0.00181630829,-7.559388e-05,0.0,8592.5415,3575.3997,-0.0348849472,74.7061494,0.000109341072
581.5,31.154701,8592.545300000002,-12.96368,-12.96368,-11.664839,-11.664839,-10.6025782,-10.6025782,-0.0374822843,-169.276911,-169.276911,0.000665139915,0.000665139915,0.00201176331,0.00201176331,0.553846748,3580.2053,68.0181,-0.00195154039,-7.5914797e-05,0.0,8592.545300000002,3575.3997,-0.0374822843,94.3356916,0.000148288374
582.0,31.154701,8592.549,-12.96368,-12.96368,-11.6648441,-11.6648441,-10.6025822,-10.6025822,-0.0400795407,-200.692471,-200.692471,0.000843035305,0.000843035305,0.00254983384,0.00254983384,0.5539224,3580.2053,68.0181,-0.0020867683,-7.5023035e-05,0.0,8592.549,3575.3997,-0.0400795407,113.9646306,0.000191505481
582.5,31.154701,8592.5527,-12.963685,-12.963685,-11.6648529,-11.6648529,-10.6025906,-10.6025906,-0.0425618545,-230.709669,-230.709669,0.001028750066,0.001028750066,0.003111564,0.003111564,0.553998082,3580.2053,68.0181,-0.00221601168,-5.104461e-05,0.0,8592.5527,3575.3997,-0.0425618545,132.724887,0.000236740975
583.0,31.154701,8592.5534,-12.9637019,-12.9637019,-11.6648695,-11.6648695,-10.6026066,-10.6026066,-0.0432024995,-238.44302,-238.44302,0.00107875325,0.00107875325,0.00326280953,0.00326280953,0.554073781,3580.2053,68.0181,-0.0022493673,1.24068e-07,0.0,8592.5534,3575.3997,-0.0432024995,137.566607,0.000248949081
583.5,31.154701,8592.553,-12.963701,-12.963701,-11.664868,-11.664868,-10.602605,-10.602605,-0.0432025148,-238.44302,-238.44302,0.00107875359,0.00107875359,0.00326281071,0.00326281071,0.554149419,3580.2053,68.0181,-0.00224936809,-1.037113e-06,0.0,8592.553,3575.3997,-0.0432025148,137.566722,0.000248949367
584.0,31.154701,8592.553,-12.963701,-12.963701,-11.664868,-11.664868,-10.602605,-10.602605,-0.0432024847,-238.44302,-238.44302,0.00107875284,0.00107875284,0.00326280839,0.00326280839,0.554225118,3580.2053,68.0181,-0.00224936645,1.297418e-06,0.0,8592.553,3575.3997,-0.0432024847,137.566489,0.000248948772
584.5,31.154701,8592.553,-12.963701,-12.963701,-11.664868,-11.664868,-10.602605,-10.602605,-0.0432024572,-238.44302,-238.44302,0.00107875215,0.00107875215,0.00326280627,0.00326280627,0.55430078,3580.2053,68.0181,-0.00224936506,-1.066986e-06,0.0,8592.553,3575.3997,-0.0432024572,137.566282,0.000248948231
585.0,31.154701,8005.388220000001,-32.6973309,-32.6973309,-26.4344626,-26.4344626,-25.1286903,-25.1286903,-0.0423262513,-238.44302,-238.44302,0.0010568736,0.0010568736,0.00319663822,0.00319663822,0.554400615,3291.02047,68.0181,-0.00220374476,3.6097766e-05,0.0,8005.388220000001,3331.07649,-0.0423262513,130.9443002,0.000232333422
585.5,31.154701,4664.21774,-46.2883755,-46.2883755,-22.6796878,-22.6796878,-21.54005025,-21.54005025,-0.041721181,-238.44302,-238.44302,0.00104176515,0.00104176515,0.00315094536,0.00315094536,0.554575033,1934.09966,68.0181,-0.00217224138,-2.865137e-06,0.0,4664.21774,1940.79107,-0.041721181,126.3714401,0.000220848652
586.0,31.154701,1310.084452,-35.3919887,-35.3919887,-5.751568818,-5.751568818,-5.097799794,-5.097799794,-0.0415671337,-230.726263,-230.726263,0.00100427526,0.00100427526,0.0030375442,0.0030375442,0.554664025,575.820416,68.0181,-0.00216422086,-2.0990131e-05,0.0,1310.084452,545.111545,-0.0415671337,125.2072184,0.000218043167
586.5,31.154701,626.836243,-11.2664874,-11.2664874,-0.746586396,-0.746586396,-0.529730447,-0.529730447,-0.0409339033,-210.074667,-210.074667,0.000900849522,0.000900849522,0.00272470228,0.00272470228,0.554676004,284.59784,68.0181,-0.00213125129,5.4892266e-05,0.0,626.836243,260.807287,-0.0409339033,120.4215366,0.000206575566
587.0,31.154701,681.781133,-12.9155527,-12.9155527,-0.922124954,-0.922124954,-0.681785997,-0.681785997,-0.0391378817,-189.239265,-189.239265,0.00077591014,0.00077591014,0.00234680275,0.00234680275,0.554681007,284.59784,68.0181,-0.00203774016,4.8483897e-05,0.0,681.781133,283.671304,-0.0391378817,106.8479801,0.000175245087
587.5,22.3560526,664.293154,-9.62407466,-9.62407466,-0.672757021,-0.672757021,-0.466684056,-0.466684056,-0.037822847,-168.403087,-168.403087,0.000667134577,0.000667134577,0.0020177934,0.0020177934,0.554685881,284.59784,68.0181,-0.00196927208,2.1960882e-05,0.0,664.293154,276.395198,-0.037822847,96.9095265,0.000153548171
588.0,0.55858164,647.19906,-0.253693466,-0.253693466,-0.017342812,-0.017342812,0.0906259096,0.0906259096,-0.0371656668,-147.565088,-147.565088,0.000574439416,0.000574439416,0.00173742089,0.00173742089,0.554687454,284.59784,68.0181,-0.00193505544,1.8176953e-05,0.0,647.19906,269.282609,-0.0371656668,91.9428325,0.000143147282
588.5,-20.0099357,649.693302,8.50348805,8.50348805,0.579279031,0.579279031,0.870910636,0.870910636,-0.0364449879,-126.7289956,-126.7289956,0.000483830077,0.000483830077,0.00146336201,0.00146336201,0.554683474,284.59784,68.0181,-0.00189753283,3.0206891e-05,0.0,649.693302,270.320894,-0.0364449879,86.4962559,0.000132069389
589.0,-24.563963,678.488508,10.3742976,10.3742976,0.737042754,0.737042754,1.02682095,1.02682095,-0.0349416105,-105.8921942,-105.8921942,0.000387781314,0.000387781314,0.001172859,0.001172859,0.55467553,284.59784,68.0181,-0.00181925852,5.1563818e-05,0.0,678.488508,282.303681,-0.0349416105,75.1343884,0.000110048287
589.5,-24.563963,682.984015,10.2248264,10.2248264,0.73129916,0.73129916,1.02267421,1.02267421,-0.0332123723,-85.0561616,-85.0561616,0.00029613492,0.00029613492,0.000895674673,0.000895674673,0.55466735,284.59784,68.0181,-0.00172922454,5.1330038e-05,0.0,682.984015,284.175296,-0.0332123723,62.0655499,8.642299e-05
590.0,-24.563963,683.0781,10.2213131,10.2213131,0.731148637,0.731148637,1.02258291,1.02258291,-0.0322601742,-73.555151,-73.555151,0.000248489715,0.000248489715,0.000751572911,0.000751572911,0.554659164,284.59784,68.0181,-0.00167964766,4.758943e-06,0.0,683.0781,284.215003,-0.0322601742,54.8692428,7.414541e-05
590.5,-24.563963,683.079935,10.221248,10.221248,0.731145904,0.731145904,1.0225813,1.0225813,-0.032259628,-73.55058,-73.55058,0.000248470073,0.000248470073,0.0007515135,0.0007515135,0.554650985,284.59784,68.0181,-0.0016796193,1.056623e-06,0.0,683.079935,284.215777,-0.032259628,54.8651254,7.4138594e-05
591.0,-24.563963,683.07996,10.2212469,10.2212469,0.73114586,0.73114586,1.0225813,1.0225813,-0.0322596652,-73.55058,-73.55058,0.000248470357,0.000248470357,0.000751514364,0.000751514364,0.554642802,284.59784,68.0181,-0.00167962122,-1.530819e-06,0.0,683.07996,284.2158,-0.0322596652,54.8654031,7.4139053e-05
591.5,-24.563963,683.07996,10.2212467,10.2212467,0.73114586,0.73114586,1.0225813,1.0225813,-0.032259697,-73.55058,-73.55058,0.000248470612,0.000248470612,0.000751515118,0.000751515118,0.554634632,284.59784,68.0181,-0.00167962288,-1.651237e-06,0.0,683.07996,284.2158,-0.032259697,54.8656467,7.4139457e-05
592.0,-24.563963,683.07996,10.2212467,10.2212467,0.73114586,0.73114586,1.0225813,1.0225813,-0.0322596563,-73.55058,-73.55058,0.000248470293,0.000248470293,0.000751514164,0.000751514164,0.554626454,284.59784,68.0181,-0.00167962077,-3.3456e-07,0.0,683.07996,284.2158,-0.0322596563,54.8653382,7.4138946e-05
592.5,-24.563963,683.079464,10.2212401,10.2212401,0.731144847,0.731144847,1.0225803,1.0225803,-0.031875163,-68.893068,-68.893068,0.000230024576,0.000230024576,0.000695725182,0.000695725182,0.554618274,284.59784,68.0181,-0.00165960185,2.2504188e-05,0.0,683.079464,284.2158,-0.031875163,51.9595018,6.9391052e-05
593.0,-24.563963,683.078356,10.22124,10.22124,0.731143678,0.731143678,1.02257901,1.02257901,-0.0311029571,-59.5523175,-59.5523175,0.000194029808,0.000194029808,0.000586860408,0.000586860408,0.554610095,284.59784,68.0181,-0.00161939645,2.1846064e-05,0.0,683.078356,284.2158,-0.0311029571,46.1235057,6.0107011e-05
593.5,-24.563963,683.077268,10.22124,10.22124,0.73114252,0.73114252,1.0225777,1.0225777,-0.0303306863,-50.2111393,-50.2111393,0.000159544051,0.000159544051,0.000482559907,0.000482559907,0.554601911,284.59784,68.0181,-0.00157918763,2.1620873e-05,0.0,683.077268,284.2158,-0.0303306863,40.2870156,5.119978e-05
594.0,-10.554613187,714.362451,5.0423931,5.0423931,0.3642227259,0.3642227259,0.583783834,0.583783834,-0.0289123034,-40.8705326,-40.8705326,0.000123962096,0.000123962096,0.000374942391,0.000374942391,0.554594511,284.59784,68.0181,-0.00150533855,7.1089393e-05,0.0,714.362451,297.234615,-0.0289123034,29.5674921,3.6003859e-05
594.5,29.6136624,746.378969,-12.73777066,-12.73777066,-0.99217908,-0.99217908,-0.74271483,-0.74271483,-0.0261531182,-31.5295318,-31.5295318,8.6520469e-05,8.6520469e-05,0.000261701723,0.000261701723,0.55459555,284.59784,68.0181,-0.00136167973,5.7734058e-05,0.0,746.378969,310.558524,-0.0261531182,8.71476749,9.66946e-06
595.0,36.225365,689.509191,-15.2961338,-15.2961338,-1.10459742,-1.10459742,-0.837553732,-0.837553732,-0.01552340843,-22.1915756,-22.1915756,3.9747219e-05,3.9747219e-05,0.000137007488,0.000137007488,0.55460229,284.59784,68.0181,-0.000808236728,0.001351180737,0.0,689.509191,286.900798,-0.01552340843,0.798942077,1.254699e-06
595.5,36.225365,683.127258,-15.07851655,-15.07851655,-1.07867068,-1.07867068,-0.814789036,-0.814789036,0.0256791605,-12.84791875,-12.84791875,-3.4487299e-05,-3.4487299e-05,-1.1401172e-05,-1.1401172e-05,0.554608714,284.59784,68.0181,0.00133700279,2.3730843e-05,0.0,683.127258,284.269287,0.0256791605,-5.13280191,5.536618e-06
596.0,36.225365,683.000146,-15.073732,-15.073732,-1.07812769,-1.07812769,-0.814314612,-0.814314612,0.0264070033,-4.04482381,-4.04482381,-1.1149045e-05,-1.1149045e-05,-3.685753e-06,-3.685753e-06,0.554615096,284.59784,68.0181,0.0013748984,1.4851551e-05,0.0,683.000146,284.216822,0.0264070033,-10.6335196,1.1771164e-05
596.5,36.225365,682.997634,-15.0736427,-15.0736427,-1.07811738,-1.07811738,-0.814305528,-0.814305528,0.0265739575,-2.029653,-2.029653,-5.648155e-06,-5.648155e-06,-1.867219e-06,-1.867219e-06,0.554621463,284.59784,68.0181,0.00138359102,-1.021979e-06,0.0,682.997634,284.21587,0.0265739575,-11.8952889,1.3240971e-05
597.0,36.225365,682.9976,-15.073641,-15.073641,-1.0781173,-1.0781173,-0.8143054,-0.8143054,0.0265739831,-2.029653,-2.029653,-5.648161e-06,-5.648161e-06,-1.86722e-06,-1.86722e-06,0.554627845,284.59784,68.0181,0.00138359234,-2.9448e-08,0.0,682.9976,284.21585,0.0265739831,-11.8954813,1.3241198e-05
597.5,36.225365,682.9976,-15.073641,-15.073641,-1.07811728,-1.07811728,-0.8143054,-0.8143054,0.0265739745,-2.029653,-2.029653,-5.648159e-06,-5.648159e-06,-1.86722e-06,-1.86722e-06,0.554634218,284.59784,68.0181,0.00138359191,1.17012e-07,0.0,682.9976,284.21585,0.0265739745,-11.8954173,1.3241122e-05
598.0,36.225365,682.9976,-15.073641,-15.073641,-1.0781173,-1.0781173,-0.8143054,-0.8143054,0.026573967,-2.029653,-2.029653,-5.648158e-06,-5.648158e-06,-1.867219e-06,-1.867219e-06,0.554640602,284.59784,68.0181,0.00138359151,-2.828756e-06,0.0,682.9976,284.21585,0.026573967,-11.8953601,1.3241055e-05
598.5,36.225365,682.9976,-15.073641,-15.073641,-1.07811728,-1.07811728,-0.8143054,-0.8143054,0.0265739698,-2.029653,-2.029653,-5.648158e-06,-5.648158e-06,-1.86722e-06,-1.86722e-06,0.554646972,284.59784,68.0181,0.00138359165,-1.12959e-07,0.0,682.9976,284.21585,0.0265739698,-11.895385,1.3241085e-05
599.0,36.225365,682.9976,-15.073641,-15.073641,-1.0781173,-1.0781173,-0.8143054,-0.8143054,0.0265739766,-2.029653,-2.029653,-5.64816e-06,-5.64816e-06,-1.86722e-06,-1.86722e-06,0.554653348,284.59784,68.0181,0.001383592,5.48996e-07,0.0,682.9976,284.21585,0.0265739766,-11.89543135,1.3241139e-05
599.5,36.225365,682.9976,-15.073641,-15.073641,-1.07811726,-1.07811726,-0.8143054,-0.8143054,0.026573976,-2.029653,-2.029653,-5.648159e-06,-5.648159e-06,-1.86722e-06,-1.86722e-06,0.554659719,284.59784,68.0181,0.00138359196,4.74004e-07,0.0,682.9976,284.21585,0.026573976,-11.8954295,1.3241137e-05
600.0,36.225365,682.9976,-15.073641,-15.073641,-1.0781173,-1.0781173,-0.8143054,-0.8143054,0.0265739928,-2.029653,-2.029653,-5.648163e-06,-5.648163e-06,-1.867221e-06,-1.867221e-06,0.554666095,284.59784,68.0181,0.00138359283,2.10129e-07,0.0,682.9976,284.21585,0.0265739928,-11.8955536,1.3241283e-05
600.5,36.225365,682.9976,-15.073641,-15.073641,-1.0781173,-1.0781173,-0.8143054,-0.8143054,0.0265739567,-2.029653,-2.029653,-5.648155e-06,-5.648155e-06,-1.867219e-06,-1.867219e-06,0.554672477,284.59784,68.0181,0.00138359098,1.25789e-07,0.0,682.9976,284.21585,0.0265739567,-11.895283,1.3240964e-05
601.0,36.225365,682.9976,-15.073641,-15.073641,-1.07811728,-1.07811728,-0.8143054,-0.8143054,0.0265739912,-2.029653,-2.029653,-5.648163e-06,-5.648163e-06,-1.867221e-06,-1.867221e-06,0.554678844,284.59784,68.0181,0.00138359275,-6.32905e-07,0.0,682.9976,284.21585,0.0265739912,-11.8955414,1.3241269e-05
601.5,36.225365,682.9976,-15.073641,-15.073641,-1.07811726,-1.07811726,-0.8143054,-0.8143054,0.0265739427,-2.029653,-2.029653,-5.648152e-06,-5.648152e-06,-1.867218e-06,-1.867218e-06,0.554685228,284.59784,68.0181,0.00138359025,3.8081e-07,0.0,682.9976,284.21585,0.0265739427,-11.8951778,1.324084e-05
602.0,36.225365,682.9976,-15.073641,-15.073641,-1.07811728,-1.07811728,-0.8143054,-0.8143054,0.0265739405,-2.029653,-2.029653,-5.648152e-06,-5.648152e-06,-1.867217e-06,-1.867217e-06,0.554691599,284.59784,68.0181,0.00138359011,-1.52686e-07,0.0,682.9976,284.21585,0.0265739405,-11.895161,1.324082e-05
602.5,36.225365,682.9976,-15.073641,-15.073641,-1.07811726,-1.07811726,-0.8143054,-0.8143054,0.0265739334,-2.029653,-2.029653,-5.64815e-06,-5.64815e-06,-1.867217e-06,-1.867217e-06,0.55469797,284.59784,68.0181,0.00138358971,-6.24168e-07,0.0,682.9976,284.21585,0.0265739334,-11.8951047,1.3240754e-05
603.0,31.0191666,672.092318,-13.0759245,-13.0759245,-0.92123066,-0.92123066,-0.681668192,-0.681668192,0.0273592973,10.433272805,10.433272805,3.0285999e-05,3.0285999e-05,9.2963058e-05,9.2963058e-05,0.554704042,284.59784,68.0181,0.00142448023,5.0965411e-05,0.0,672.092318,279.678551,0.0273592973,-17.8305447,2.050774e-05
603.5,19.34182705,663.80841,-8.05763633,-8.05763633,-0.560152407,-0.560152407,-0.366396678,-0.366396678,0.0290366858,37.6249997,37.6249997,0.000114802227,0.000114802227,0.000347239405,0.000347239405,0.554708146,284.59784,68.0181,0.0015118146,4.8353138e-05,0.0,663.80841,276.232537,0.0290366858,-30.5075188,3.7179831e-05
604.0,7.65880284,917.578219,12.41952413,12.41952413,2.15945413,2.15945413,2.566183464,2.566183464,0.030028531,64.8151584,64.8151584,0.00020353857,0.00020353857,0.000615621712,0.000615621712,0.554707117,436.369729,68.0181,0.00156345569,-3.2882933e-05,0.0,917.578219,381.828607,0.030028531,-38.0034581,4.7913432e-05
604.5,-4.0242216625,4735.601079999999,90.9121744,41.2134837,49.9344216,19.4027185,52.5040608,20.4919911,0.0269837827,92.0072494,52.3939497,0.00025804775,0.000154293608,0.000780513368,0.000466681608,0.554566278,2119.15357,68.0181,0.00140492884,-0.00016917874,0.0,4735.601079999999,1970.53431,0.0269837827,-17.96689683,2.167505e-05
605.0,-15.7072462,7289.86378,40.8831451,11.9195905,29.965114179,8.879019579,31.678504909,9.574326709,0.0312948339,119.2005211,88.353589,0.000393823847,0.00030954443,0.001191163449,0.00093623953,0.554332168,2887.652,68.0181,0.00162938664,0.000217094611,0.0,7289.86378,3033.38443,0.0312948339,-47.57363066,6.803816e-05
605.5,-27.0908851,6968.59731,9.34821069,9.34821069,6.80398514,6.80398514,7.58395859,7.58395859,0.0358722645,146.384547,146.384547,0.00055024569,0.00055024569,0.00166425199,0.00166425199,0.554278084,2887.652,68.0181,0.00186771363,3.9501614e-05,0.0,6968.59731,2899.70571,0.0358722645,-82.1678646,0.000123524243
606.0,-30.566551,6927.68018,12.7948033,12.7948033,9.2821682,9.2821682,10.0637144,10.0637144,0.0378631567,173.57782,173.57782,0.000688769647,0.000688769647,0.00208323402,0.00208323402,0.55419288,2887.652,68.0181,0.00197137073,6.3001059e-05,0.0,6927.68018,2882.68097,0.0378631567,-97.214162,0.000154315418
606.5,-30.566551,6930.24513,12.7212897,12.7212897,9.232267,9.232267,10.01265535,10.01265535,0.0400529459,200.021191,200.021191,0.000839359587,0.000839359587,0.00253871557,0.00253871557,0.554102004,2887.652,68.0181,0.00208538359,4.9339424e-05,0.0,6930.24513,2883.74953,0.0400529459,-113.7636387,0.000190966108
607.0,-30.566551,6930.306570000001,12.71901295,12.71901295,9.23069675,9.23069675,10.0110468,10.0110468,0.0407063831,207.90804,207.90804,0.000886262536,0.000886262536,0.00268058156,0.00268058156,0.554011281,2887.652,68.0181,0.00211940528,4.93077e-07,0.0,6930.306570000001,2883.77555,0.0407063831,-118.702034,0.000202399431
607.5,-30.566551,6930.3078,12.7189677,12.7189677,9.2306655,9.2306655,10.0110154,10.0110154,0.0407064023,207.90804,207.90804,0.000886262959,0.000886262959,0.00268058286,0.00268058286,0.553920578,2887.652,68.0181,0.00211940628,1.04344e-07,0.0,6930.3078,2883.7761,0.0407064023,-118.7021825,0.000202399776
608.0,-30.566551,6930.308,12.718967,12.718967,9.230665,9.230665,10.011015,10.011015,0.0407064019,207.90804,207.90804,0.000886262954,0.000886262954,0.00268058281,0.00268058281,0.553829856,2887.652,68.0181,0.00211940621,-1.582001e-06,0.0,6930.308,2883.7761,0.0407064019,-118.7021745,0.000202399763
608.5,-30.566551,6930.308,12.718967,12.718967,9.230665,9.230665,10.011015,10.011015,0.0407064132,207.90804,207.90804,0.000886263197,0.000886263197,0.00268058351,0.00268058351,0.553739136,2887.652,68.0181,0.00211940682,4.8597e-08,0.0,6930.308,2883.7761,0.0407064132,-118.7022644,0.000202399966
609.0,-30.566551,6930.308,12.718967,12.718967,9.230665,9.230665,10.011015,10.011015,0.0407063824,207.90804,207.90804,0.000886262538,0.000886262538,0.00268058154,0.00268058154,0.553648412,2887.652,68.0181,0.00211940524,-5.23393e-07,0.0,6930.308,2883.7761,0.0407063824,-118.7020316,0.000202399425
609.5,-30.566551,6930.30957,12.7189969,12.7189969,9.2306887,9.2306887,10.01103905,10.01103905,0.0393958518,192.023126,192.023126,0.000794162948,0.000794162948,0.00240201179,0.00240201179,0.553557682,2887.652,68.0181,0.00205117156,-0.000111523076,0.0,6930.30957,2883.77603,0.0393958518,-108.7976089,0.000180029967
610.0,-30.566551,6930.31694,12.7190111,12.7190111,9.230709,9.230709,10.0110606,10.0110606,0.034247482,129.7366828,129.7366828,0.000468328884,0.000468328884,0.00141649057,0.00141649057,0.553466968,2887.652,68.0181,0.0017831182,-0.000156609853,0.0,6930.31694,2883.7761,0.034247482,-69.8884553,0.000101019336
610.5,-30.566551,6930.324409999999,12.71901,12.71901,9.23071885,9.23071885,10.01107015,10.01107015,0.0288512127,64.466884,64.466884,0.000197816133,0.000197816133,0.00059831563,0.00059831563,0.553376247,2887.652,68.0181,0.00150215784,-0.000155743233,0.0,6930.324409999999,2883.7761,0.0288512127,-29.1057974,3.5935348e-05
611.0,-30.566551,6930.38088,12.7194435,12.7194435,9.2311082,9.2311082,10.0114721,10.0114721,-0.0120062548,-0.800436,-0.800436,3.9134117e-05,3.9134117e-05,0.000126718776,0.000126718776,0.553285541,2887.652,68.0181,-0.00062511372,-0.000914028744,0.0,6930.38088,2883.77564,-0.0120062548,11.45583843,1.543924e-05
611.5,-30.4624231,6930.53464,12.7061866,12.7061866,9.2216901,9.2216901,10.00181115,10.00181115,-0.0319240138,-66.0793846,-66.0793846,0.000223940276,0.000223940276,0.000677323471,0.000677323471,0.553194836,2887.652,68.0181,-0.00166214531,-0.000160713429,0.0,6930.53464,2883.82804,-0.0319240138,52.3286965,7.0730516e-05
612.0,-21.0046433,6949.018480000001,8.94492146,8.94492146,6.50797015,6.50797015,7.32575152,7.32575152,-0.0368717076,-131.3442795,-131.3442795,0.000509754598,0.000509754598,0.00154177289,0.00154177289,0.553113669,2887.652,68.0181,-0.00191975031,-0.000131122947,0.0,6949.018480000001,2891.51644,-0.0368717076,89.7212229,0.000139131406
612.5,-5.512592101,6956.0333,2.299869292,2.299869292,1.6752717134,1.6752717134,2.110141751,2.110141751,-0.0415114874,-196.619247,-196.619247,0.000857338809,0.000857338809,0.00259308346,0.00259308346,0.55307293,2887.652,68.0181,-0.0021613236,-0.000137854769,0.0,6956.0333,2894.4325,-0.0415114874,124.786674,0.00021754686
613.0,9.7064065,6955.75405,-4.10191626,-4.10191626,-2.9877384,-2.9877384,-2.44562667,-2.44562667,-0.0461696889,-261.884627,-261.884627,0.00126883129,0.00126883129,0.00383773876,0.00383773876,0.553075077,2887.652,68.0181,-0.002403856,-0.000138674607,0.0,6955.75405,2894.31365,-0.0461696889,159.991332,0.000309992876
613.5,14.811016,6936.17576,-6.33766264,-6.33766264,-4.60346577,-4.60346577,-3.86982236,-3.86982236,-0.0513142173,-327.156731,-327.156731,0.00176106748,0.00176106748,0.00532667035,0.00532667035,0.553101689,2887.652,68.0181,-0.00267170937,-0.000158075454,0.0,6936.17576,2886.16396,-0.0513142173,198.871456,0.000428229473
614.0,14.811016,6930.57675,-6.16780547,-6.16780547,-4.4763977,-4.4763977,-3.74938497,-3.74938497,-0.0567125743,-392.357658,-392.357658,0.00233319346,0.00233319346,0.00705731287,0.00705731287,0.553130393,2887.652,68.0181,-0.00295277839,-0.000145671076,0.0,6930.57675,2883.83107,-0.0567125743,239.669896,0.000570105611
614.5,14.811016,6930.45013,-6.16306779,-6.16306779,-4.47287765,-4.47287765,-3.74606347,-3.74606347,-0.0590945834,-421.12228,-421.12228,0.00260606063,0.00260606063,0.0078827353,0.0078827353,0.553158789,2887.652,68.0181,-0.00307679935,4.20204e-07,0.0,6930.45013,2883.77701,-0.0590945834,257.672087,0.000637828131
615.0,14.811016,6930.4478,-6.16297531,-6.16297531,-4.47280876,-4.47280876,-3.74599859,-3.74599859,-0.0590945896,-421.12228,-421.12228,0.00260606085,0.00260606085,0.00788273635,0.00788273635,0.553187205,2887.652,68.0181,-0.00307679957,-1.61958e-07,0.0,6930.4478,2883.776,-0.0590945896,257.672132,0.000637828295
615.5,14.811016,6930.4478,-6.1629734,-6.1629734,-4.4728074,-4.4728074,-3.7459972,-3.7459972,-0.0590945921,-421.12228,-421.12228,0.00260606098,0.00260606098,0.0078827366,0.0078827366,0.553215603,2887.652,68.0181,-0.00307679982,-3.1221e-08,0.0,6930.4478,2883.776,-0.0590945921,257.672154,0.000637828374
616.0,14.811016,6930.4478,-6.1629734,-6.1629734,-4.4728074,-4.4728074,-3.7459972,-3.7459972,-0.0590946045,-421.12228,-421.12228,0.00260606149,0.00260606149,0.0078827383,0.0078827383,0.553244005,2887.652,68.0181,-0.00307680044,-8.15322e-07,0.0,6930.4478,2883.776,-0.0590946045,257.672248,0.000637828743
616.5,14.8281531,6930.46542,-6.16475826,-6.16475826,-4.47411416,-4.47411416,-3.7472328,-3.7472328,-0.0590940092,-421.12228,-421.12228,0.00260603526,0.00260603526,0.00788265895,0.00788265895,0.553272408,2887.652,68.0181,-0.00307676944,5.08249e-07,0.0,6930.46542,2883.78334,-0.0590940092,257.667747,0.000637811177
617.0,16.67816455,6934.09881,-6.89826284,-6.89826284,-5.0091356,-5.0091356,-4.26220612,-4.26220612,-0.0590064231,-421.12228,-421.12228,0.00260217273,0.00260217273,0.007870976,0.007870976,0.553302094,2887.652,68.0181,-0.00307220919,4.109396e-06,0.0,6934.09881,2885.29526,-0.0590064231,257.005815,0.000635230382
617.5,19.7613974,6935.542729999999,-8.22151082,-8.22151082,-5.97118867,-5.97118867,-5.21967309,-5.21967309,-0.0588557969,-421.12228,-421.12228,0.00259553012,0.00259553012,0.00785088465,0.00785088465,0.553337722,2887.652,68.0181,-0.00306436669,4.165216e-06,0.0,6935.542729999999,2885.89616,-0.0588557969,255.867435,0.000630802297
618.0,22.84463,6935.57789,-9.5058441,-9.5058441,-6.90401896,-6.90401896,-6.19142076,-6.19142076,-0.0587068442,-421.12228,-421.12228,0.00258896135,0.00258896135,0.0078310164,0.0078310164,0.553380144,2887.652,68.0181,-0.00305661138,3.240603e-06,0.0,6935.57789,2885.91102,-0.0587068442,254.741725,0.000626437619
618.5,25.9278626,6935.57882,-10.788797,-10.788797,-7.83581802,-7.83581802,-7.16277392,-7.16277392,-0.0585580022,-421.12228,-421.12228,0.00258239736,0.00258239736,0.00781116285,0.00781116285,0.553429472,2887.652,68.0181,-0.00304886181,4.844285e-06,0.0,6935.57882,2885.91135,-0.0585580022,253.616832,0.000622090157
619.0,29.0110955,6935.5784,-12.0718331,-12.0718331,-8.7676767,-8.7676767,-8.06255786,-8.06255786,-0.0584091492,-421.12228,-421.12228,0.00257583306,0.00257583306,0.00779130812,0.00779130812,0.553485166,2887.652,68.0181,-0.00304111173,3.241371e-06,0.0,6935.5784,2885.91128,-0.0584091492,252.491869,0.000617756463
619.5,32.0943276,5755.36582,-28.9535035,-28.9535035,-18.01300309,-18.01300309,-17.10550254,-17.10550254,-0.0575664778,-421.12228,-421.12228,0.00253867141,0.00253867141,0.00767890727,0.00767890727,0.553584389,2384.56571,68.0181,-0.00299723746,-1.7472776e-05,0.0,5755.36582,2394.81658,-0.0575664778,246.123328,0.000593645156
620.0,35.1775607,5353.492319999999,-13.84382595,-13.84382595,-7.76356655,-7.76356655,-7.17176598,-7.17176598,-0.0581468737,-421.12228,-421.12228,0.00256426678,0.00256426678,0.00775632424,0.00775632424,0.553651159,2238.52,68.0181,-0.0030274562,5.994801e-06,0.0,5353.492319999999,2227.59373,-0.0581468737,250.509708,0.000610155796
620.5,38.2607936,5377.14226,-15.9015123,-15.9015123,-8.95405015,-8.95405015,-8.33984405,-8.33984405,-0.0579635036,-421.12228,-421.12228,0.00255618018,0.00255618018,0.00773186516,0.00773186516,0.553708563,2238.52,68.0181,-0.0030179089,4.855549e-06,0.0,5377.14226,2237.43474,-0.0579635036,249.123879,0.000604865789
621.0,41.3440262,5377.65089,-17.203188,-17.203188,-9.6879115,-9.6879115,-9.0697669,-9.0697669,-0.057813871,-421.12228,-421.12228,0.00254958137,0.00254958137,0.00771190604,0.00771190604,0.553771686,2238.52,68.0181,-0.00301011814,2.798116e-06,0.0,5377.65089,2237.64648,-0.057813871,247.993012,0.000600565693
621.5,44.3998212,5377.61974,-18.4822605,-18.4822605,-10.40815415,-10.40815415,-9.7703388,-9.7703388,-0.0576659684,-421.12228,-421.12228,0.00254305899,0.00254305899,0.00769217811,0.00769217811,0.553839577,2238.52,68.0181,-0.00300241755,5.1104e-06,0.0,5377.61974,2237.63366,-0.0576659684,246.875237,0.000596329271
622.0,45.540333,5373.86441,-18.9886217,-18.9886217,-10.6858461,-10.6858461,-10.0387189,-10.0387189,-0.0576093863,-421.12228,-421.12228,0.00254056364,0.00254056364,0.00768463063,0.00768463063,0.553911065,2238.52,68.0181,-0.00299947152,-7.2625e-08,0.0,5373.86441,2236.071,-0.0576093863,246.447613,0.000594711693
622.5,45.540333,5372.56048,-18.9508435,-18.9508435,-10.6619954,-10.6619954,-10.0156741,-10.0156741,-0.0576110819,-421.12228,-421.12228,0.00254063846,0.00254063846,0.00768485682,0.00768485682,0.553982899,2238.52,68.0181,-0.00299955982,-1.8458e-08,0.0,5372.56048,2235.5284,-0.0576110819,246.460426,0.000594760118
623.0,45.540333,5372.52225,-18.9497744,-18.9497744,-10.6613176,-10.6613176,-10.0150194,-10.0150194,-0.052422071,-358.271494,-358.271494,0.0019777282,0.0019777282,0.00598207543,0.00598207543,0.554054713,2238.52,68.0181,-0.00272939047,0.000285290966,0.0,5372.52225,2235.51552,-0.052422071,207.24413,0.000457814793
623.5,45.540333,5372.50709,-18.949752,-18.949752,-10.6612749,-10.6612749,-10.0149789,-10.0149789,-0.0421840018,-234.432881,-234.432881,0.001046556778,0.001046556778,0.00316543744,0.00316543744,0.554126532,2238.52,68.0181,-0.00219633846,0.000301909882,0.0,5372.50709,2235.5151,-0.0421840018,129.8692392,0.00023221596
624.0,45.540333,5372.49255,-18.94975,-18.94975,-10.6612459,-10.6612459,-10.01495085,-10.01495085,-0.0319459258,-110.600523,-110.600523,0.00038095133,0.00038095133,0.001152217003,0.001152217003,0.554198358,2238.52,68.0181,-0.0016632862,0.000297457561,0.0,5372.49255,2235.5151,-0.0319459258,52.4943015,7.2982045e-05
624.5,45.540333,5372.42539,-18.9501986,-18.9501986,-10.6613642,-10.6613642,-10.0150668,-10.0150668,0.0167617848,13.20712279,13.20712279,9.092245e-05,9.092245e-05,0.000284360028,0.000284360028,0.554270216,2238.52,68.0181,0.000872713575,0.003120761615,0.0,5372.42539,2235.51565,0.0167617848,-24.24572373,3.4054997e-05
625.0,45.540333,5372.39322,-18.9497301,-18.9497301,-10.66103675,-10.66103675,-10.01475065,-10.01475065,0.0385158602,137.060528,137.060528,0.000563768833,0.000563768833,0.00170513909,0.00170513909,0.55434206,2238.52,68.0181,0.00200535422,0.000282273769,0.0,5372.39322,2235.51496,0.0385158602,-102.1470186,0.000167536286
625.5,45.540333,5372.38557,-18.9496745,-18.9496745,-10.6609903,-10.6609903,-10.014706,-10.014706,0.0442251233,206.038061,206.038061,0.000954213345,0.000954213345,0.00288607671,0.00288607671,0.554413881,2238.52,68.0181,0.00230261088,2.5239096e-05,0.0,5372.38557,2235.51513,0.0442251233,-145.295151,0.000269159144
626.0,45.540333,5372.3857,-18.9496686,-18.9496686,-10.6609878,-10.6609878,-10.0147036,-10.0147036,0.044233904,206.13704,206.13704,0.000954860458,0.000954860458,0.00288803404,0.00288803404,0.554485713,2238.52,68.0181,0.00230306805,1.658253e-06,0.0,5372.3857,2235.5154,0.044233904,-145.361512,0.000269335324
626.5,49.9855494,5382.249959999999,-20.1559107,-20.1559107,-11.3650101,-11.3650101,-10.6989672,-10.6989672,0.0444191219,206.13704,206.13704,0.000958858691,0.000958858691,0.00290012553,0.00290012553,0.554557911,2238.52,68.0181,0.00231271151,3.4805784e-05,0.0,5382.249959999999,2239.62006,0.0444191219,-146.761307,0.000273102655
627.0,114.5291085,5491.939280000001,-47.0239148,-47.0239148,-27.0626857,-27.0626857,-25.8036776,-25.8036776,0.0475331637,206.13704,206.13704,0.00102608034,0.00102608034,0.00310341649,0.00310341649,0.554670783,2238.52,68.0181,0.00247484621,0.000120280052,0.0,5491.939280000001,2285.26423,0.0475331637,-170.295885,0.000339510126
627.5,163.028314,5436.882869999999,-69.0466472,-69.0466472,-39.3117978,-39.3117978,-37.3666081,-37.3666081,0.0499590143,206.13704,206.13704,0.00107844623,0.00107844623,0.00326177904,0.00326177904,0.55487467,2238.52,68.0181,0.00260114972,1.12993e-05,0.0,5436.882869999999,2262.3563,0.0499590143,-188.629414,0.000394742176
628.0,163.32408,5374.45698,-68.0361045,-68.0361045,-38.2915401,-38.2915401,-36.3910872,-36.3910872,0.0499231543,206.13704,206.13704,0.00107767216,0.00107767216,0.00325943809,0.00325943809,0.555096169,2238.52,68.0181,0.0025992827,6.12136e-07,0.0,5374.45698,2236.38039,0.0499231543,-188.358398,0.000393890601
628.5,163.32408,5372.41763,-67.96183,-67.96183,-38.2352069,-38.2352069,-36.3377594,-36.3377594,0.0499198175,206.13704,206.13704,0.0010776001,0.0010776001,0.00325922033,0.00325922033,0.555315516,2238.52,68.0181,0.00259910895,-1.72386e-07,0.0,5372.41763,2235.53185,0.0499198175,-188.333182,0.000393811545
629.0,163.32408,5372.37876,-67.9603865,-67.9603865,-38.2341176,-38.2341176,-36.3367283,-36.3367283,0.0499197678,206.13704,206.13704,0.00107759903,0.00107759903,0.003259217,0.003259217,0.5555348,2238.52,68.0181,0.00259910632,2.24526e-07,0.0,5372.37876,2235.51562,0.0499197678,-188.332805,0.000393810362
629.5,129.2739025,5291.53765,-55.7337431,-55.7337431,-31.0104001,-31.0104001,-29.4923367,-29.4923367,0.0483655511,206.13704,206.13704,0.00104404875,0.00104404875,0.00315775569,0.00315775569,0.55574737,2238.52,68.0181,0.00251818501,-0.00012694044,0.0,5291.53765,2201.87614,0.0483655511,-176.586711,0.000358637987
630.0,70.225105,5300.12829,-27.3026946,-27.3026946,-15.1613702,-15.1613702,-14.3884897,-14.3884897,0.0453401872,206.13704,206.13704,0.00097874139,0.00097874139,0.00296025502,0.00296025502,0.555876062,2238.52,68.0181,0.00236066744,2.459735e-06,0.0,5300.12829,2205.44901,0.0453401872,-153.722325,0.00029195125
630.5,70.225105,5370.529970000001,-29.1531631,-29.1531631,-16.3957695,-16.3957695,-15.58278835,-15.58278835,0.0454225053,206.13704,206.13704,0.00098051833,0.00098051833,0.00296562891,0.00296562891,0.555980703,2238.52,68.0181,0.00236495341,-9.9577e-08,0.0,5370.529970000001,2234.74369,0.0454225053,-154.344448,0.000293664006
631.0,70.225105,5372.34973,-29.2198796,-29.2198796,-16.4388454,-16.4388454,-15.6245472,-15.6245472,0.045122744,202.469093,202.469093,0.000956759893,0.000956759893,0.00289376761,0.00289376761,0.556087837,2238.52,68.0181,0.00234934611,-1.9220282e-05,0.0,5372.34973,2235.50067,0.045122744,-152.07898,0.000287455112
631.5,70.225105,5372.38497,-29.2211562,-29.2211562,-16.4396714,-16.4396714,-15.625348,-15.625348,0.0444716127,194.592826,194.592826,0.00090627411,0.00090627411,0.00274106561,0.00274106561,0.556195046,2238.52,68.0181,0.0023154445,-1.9625754e-05,0.0,5372.38497,2235.51496,0.0444716127,-147.158014,0.000274140341
632.0,70.225105,5372.38635,-29.2211798,-29.2211798,-16.4396902,-16.4396902,-15.6253655,-15.6253655,0.0438205255,186.717565,186.717565,0.000856867806,0.000856867806,0.00259162955,0.00259162955,0.556302224,2238.52,68.0181,0.00228154518,-1.9790424e-05,0.0,5372.38635,2235.5154,0.0438205255,-142.237372,0.000261094852
632.5,70.225105,5372.38735,-29.22118,-29.22118,-16.4396926,-16.4396926,-15.6253686,-15.6253686,0.0431694212,178.841952,178.841952,0.000808533545,0.000808533545,0.00244543665,0.00244543665,0.556409426,2238.52,68.0181,0.00224764503,-2.028259e-05,0.0,5372.38735,2235.5154,0.0431694212,-137.31661,0.000248317466
633.0,70.225105,5372.38828,-29.22118,-29.22118,-16.4396954,-16.4396954,-15.6253714,-15.6253714,0.0425182942,170.966655,170.966655,0.000761274246,0.000761274246,0.00230249564,0.00230249564,0.556516618,2238.52,68.0181,0.00221374363,-1.9740797e-05,0.0,5372.38828,2235.5154,0.0425182942,-132.395675,0.000235808053
633.5,70.225105,5372.389150000001,-29.22118,-29.22118,-16.4396988,-16.4396988,-15.6253743,-15.6253743,0.041867212,163.091403,163.091403,0.000715089888,0.000715089888,0.00216280676,0.00216280676,0.55662381,2238.52,68.0181,0.00217984456,-1.8956292e-05,0.0,5372.389150000001,2235.5154,0.041867212,-127.4750784,0.000223567898
634.0,70.225105,5372.3901,-29.22118,-29.22118,-16.4397013,-16.4397013,-15.6253771,-15.6253771,0.0412160773,155.215945,155.215945,0.000669977652,0.000669977652,0.00202636131,0.00202636131,0.556731008,2238.52,68.0181,0.0021459428,-1.8195784e-05,0.0,5372.3901,2235.5154,0.0412160773,-122.5540834,0.00021159518
634.5,70.225105,5372.391,-29.22118,-29.22118,-16.439704,-16.439704,-15.62537985,-15.62537985,0.040564943,147.339759,147.339759,0.000625936368,0.000625936368,0.0018931555,0.0018931555,0.556838192,2238.52,68.0181,0.00211204116,-1.8623109e-05,0.0,5372.391,2235.5154,0.040564943,-117.6330976,0.000199890921
635.0,70.225105,5372.39188,-29.2211828,-29.2211828,-16.439708,-16.439708,-15.625383,-15.625383,0.0400051509,140.572396,140.572396,0.000588915925,0.000588915925,0.00178118502,0.00178118502,0.556945387,2238.52,68.0181,0.00208289519,-8.663374e-06,0.0,5372.39188,2235.5154,0.0400051509,-113.4024352,0.000190035036
635.5,70.225105,5372.392,-29.221186,-29.221186,-16.4397097,-16.4397097,-15.625385,-15.625385,0.0399336665,139.7098,139.7098,0.000584244512,0.000584244512,0.00176705611,0.00176705611,0.557052577,2238.52,68.0181,0.0020791733,9.9625e-08,0.0,5372.392,2235.5154,0.0399336665,-112.8621822,0.000188788807
636.0,70.225105,5372.392,-29.221186,-29.221186,-16.439709,-16.439709,-15.625385,-15.625385,0.0399336038,139.7098,139.7098,0.000584243603,0.000584243603,0.0017670533,0.0017670533,0.557159758,2238.52,68.0181,0.00207917001,-7.29376e-07,0.0,5372.392,2235.5154,0.0399336038,-112.8617065,0.000188787714
636.5,70.225105,5372.39264,-29.2211756,-29.2211756,-16.439706,-16.439706,-15.6253817,-15.6253817,0.0394003013,133.2479335,133.2479335,0.000549991018,0.000549991018,0.00166345532,0.00166345532,0.557266943,2238.52,68.0181,0.00205140328,-3.3547092e-05,0.0,5372.39264,2235.51525,0.0394003013,-108.8312416,0.000179667436
637.0,70.225105,5372.3948,-29.2211736,-29.2211736,-16.4397115,-16.4397115,-15.6253866,-15.6253866,0.0379091304,115.208791,115.208791,0.000457597738,0.000457597738,0.00138400994,0.00138400994,0.55737413,2238.52,68.0181,0.00197376447,-4.322898e-05,0.0,5372.3948,2235.5154,0.0379091304,-97.5616194,0.000154980856
637.5,69.843152,5371.60075,-29.1269342,-29.1269342,-16.3843057,-16.3843057,-15.5716992,-15.5716992,0.0363850299,96.9614655,96.9614655,0.000369695439,0.000369695439,0.00111815031,0.00111815031,0.557481291,2238.52,68.0181,0.00189441111,-4.5640126e-05,0.0,5371.60075,2235.18405,0.0363850299,-86.043123,0.000131203412
638.0,62.7088748,5359.00031,-26.1771691,-26.1771691,-14.6907373,-14.6907373,-13.93402,-13.93402,0.0345331149,78.7138922,78.7138922,0.000284965566,0.000284965566,0.000861888856,0.000861888856,0.557584184,2238.52,68.0181,0.00179798991,-5.8270031e-05,0.0,5359.00031,2229.93975,0.0345331149,-72.047149,0.0001043203
638.5,53.1041772,5356.47243,-22.0991869,-22.0991869,-12.39606935,-12.39606935,-11.7023424,-11.7023424,0.0325571691,60.4669024,60.4669024,0.000206465753,0.000206465753,0.0006244706,0.0006244706,0.55767392,2238.52,68.0181,0.00169511098,-5.3468142e-05,0.0,5356.47243,2228.88674,0.0325571691,-57.1138131,7.7990725e-05
639.0,43.499481,5356.41986,-18.1006084,-18.1006084,-10.15304705,-10.15304705,-9.5208011,-9.5208011,0.0305848702,42.2196997,42.2196997,0.000135533868,0.000135533868,0.000409940832,0.000409940832,0.557749591,2238.52,68.0181,0.00159242187,-5.5923938e-05,0.0,5356.41986,2228.86369,0.0305848702,-42.2080297,5.4175817e-05
639.5,33.8947841,5356.42173,-14.10387465,-14.10387465,-7.91118991,-7.91118991,-7.31627856,-7.31627856,0.0286126542,23.9718992,23.9718992,7.2138236e-05,7.2138236e-05,0.000218202581,0.000218202581,0.557810757,2238.52,68.0181,0.00148973714,-5.6153253e-05,0.0,5356.42173,2228.86329,0.0286126542,-27.3028742,3.2824784e-05
640.0,24.2900871,5356.42429,-10.10742525,-10.10742525,-5.66949142,-5.66949142,-5.11116538,-5.11116538,0.0266402938,5.72527334,5.72527334,1.6283182e-05,1.6283182e-05,5.1546582e-05,5.1546582e-05,0.557856839,2238.52,68.0181,0.00138704486,-5.4623097e-05,0.0,5356.42429,2228.86322,0.0266402938,-12.39663023,1.3935094e-05
640.5,14.68539035,5356.460700000001,-6.11021914,-6.11021914,-3.42738411,-3.42738411,-2.87500134,-2.87500134,-0.00222011564,-12.5192537,-12.5192537,1.4978288e-05,1.4978288e-05,6.7261062e-05,6.7261062e-05,0.557886936,2238.52,68.0181,-0.000115591821,-0.001096445812,0.0,5356.460700000001,2228.86161,-0.00222011564,2.25268209,4.191867e-06
641.0,5.08069352,5356.50299,-2.114321278,-2.114321278,-1.185990097,-1.185990097,-0.937965566,-0.937965566,-0.0272281828,-30.0139236,-30.0139236,8.5798323e-05,8.5798323e-05,0.000259517688,0.000259517688,0.557901417,2238.52,68.0181,-0.00141765369,-4.0623522e-05,0.0,5356.50299,2228.86454,-0.0272281828,16.8396417,1.9281125e-05
641.5,-2.631834872,5360.92855,1.2176811845,1.2176811845,0.683755256,0.683755256,0.8661496762,0.8661496762,-0.0279891416,-34.638393,-34.638393,0.000101525685,0.000101525685,0.000307084836,0.000307084836,0.557901204,2238.52,68.0181,-0.00145727354,-4.381556e-06,0.0,5360.92855,2230.70568,-0.0279891416,22.590638,2.6486351e-05
642.0,-3.2913287,5371.760469999999,1.39536121,1.39536121,0.784929883,0.784929883,0.994269725,0.994269725,-0.0280168526,-34.638393,-34.638393,0.000101626201,0.000101626201,0.000307388844,0.000307388844,0.557893031,2238.52,68.0181,-0.00145871632,-1.93916e-07,0.0,5371.760469999999,2235.21285,-0.0280168526,22.8000651,2.6757408e-05
642.5,-3.2913287,5372.47293,1.37007638,1.37007638,0.770810503,0.770810503,0.976381524,0.976381524,-0.0280156726,-34.638393,-34.638393,0.000101621918,0.000101621918,0.000307375894,0.000307375894,0.5578852,2238.52,68.0181,-0.00145865487,2.5379e-08,0.0,5372.47293,2235.50922,-0.0280156726,22.7911451,2.6745813e-05
643.0,-3.2913287,5372.48692,1.36955612,1.36955612,0.770519806,0.770519806,0.976013233,0.976013233,-0.0280156248,-34.638393,-34.638393,0.000101621746,0.000101621746,0.000307375381,0.000307375381,0.557877394,2238.52,68.0181,-0.0014586524,7.13029e-07,0.0,5372.48692,2235.51508,-0.0280156248,22.790787,2.6745348e-05
643.5,-3.27228105,5372.52234,1.36560885,1.36560885,0.768304002,0.768304002,0.973206356,0.973206356,-0.0280149494,-34.638393,-34.638393,0.000101619296,0.000101619296,0.000307367968,0.000307367968,0.557869616,2238.52,68.0181,-0.0014586172,-8.9519e-08,0.0,5372.52234,2235.52971,-0.0280149494,22.7856818,2.6738713e-05
644.0,-2.69631298,5373.59067,1.13075487,1.13075487,0.636296924,0.636296924,0.805989886,0.805989886,-0.0279873316,-34.638393,-34.638393,0.000101519118,0.000101519118,0.000307064974,0.000307064974,0.557862353,2238.52,68.0181,-0.00145717926,1.92243e-06,0.0,5373.59067,2235.97438,-0.0279873316,22.5769562,2.6467701e-05
644.5,-1.86335028,5382.99708,2.336706987,2.336706987,1.330501294,1.330501294,1.50441041,1.50441041,-0.0280157616,-34.638393,-34.638393,0.000101622244,0.000101622244,0.00030737688,0.00030737688,0.557856505,2248.05462,68.0181,-0.00145865952,-1.218059e-05,0.0,5382.99708,2239.88846,-0.0280157616,22.7918202,2.6759524e-05
645.0,-1.03038765,6832.208379999999,23.90642,23.90642,17.0593105,17.0593105,17.9668643,17.9668643,-0.0289500131,-34.638393,-34.638393,0.000105011074,0.000105011074,0.000317626371,0.000317626371,0.557753956,2875.56927,68.0181,-0.00150730191,-2.726968e-06,0.0,6832.208379999999,2842.91547,-0.0289500131,29.8524846,3.6201513e-05
645.5,-0.197424979,8983.0222,11.44542213,10.97152263,10.399620908,9.950544608,11.45430549,10.97396729,-0.0282949187,-34.638393,-33.9551517,0.000102634836,0.000100595449,0.000310440124,0.000304271519,0.557544962,3716.32655,68.0181,-0.00147319401,4.1500703e-05,0.0,8983.0222,3737.88525,-0.0282949187,24.901568,2.9584144e-05
646.0,0.635537676,9187.3243,-0.986268234,-0.986268234,-0.950081851,-0.950081851,-0.691000309,-0.691000309,-0.027793966,-34.638393,-34.638393,0.000100817717,0.000100817717,0.000304943591,0.000304943591,0.557513452,3818.3977,68.0181,-0.00144711157,-1.24484e-06,0.0,9187.3243,3822.89719,-0.027793966,21.1155824,2.4583521e-05
646.5,1.46850031,9166.04155,-0.628117187,-0.628117187,-0.602904514,-0.602904514,-0.439206287,-0.439206287,-0.0277851661,-34.638393,-34.638393,0.000100785797,0.000100785797,0.000304847055,0.000304847055,0.557516952,3818.3977,68.0181,-0.00144665342,1.523811e-06,0.0,9166.04155,3814.04134,-0.0277851661,21.0490807,2.4498269e-05
647.0,2.30146297,9165.5884,-0.957962056,-0.957962056,-0.919469293,-0.919469293,-0.669831768,-0.669831768,-0.027745694,-34.638393,-34.638393,0.000100642622,0.000100642622,0.000304414014,0.000304414014,0.557521274,3818.3977,68.0181,-0.00144459826,1.76173e-06,0.0,9165.5884,3813.85276,-0.027745694,20.7507688,2.4116771e-05
647.5,3.133834,9165.5799,-1.30426854,-1.30426854,-1.25185946,-1.25185946,-0.911977783,-0.911977783,-0.027705554,-34.638393,-34.638393,0.00010049702,0.00010049702,0.000303973635,0.000303973635,0.557527454,3818.3977,68.0181,-0.00144250836,4.53406e-07,0.0,9165.5799,3813.84911,-0.027705554,20.4474054,2.3729819e-05
648.0,3.5033426,9164.653900000001,-1.46985695,-1.46985695,-1.41065187,-1.41065187,-1.02770432,-1.02770432,-0.027687126,-34.638393,-34.638393,0.000100430176,0.000100430176,0.000303771464,0.000303771464,0.557535197,3818.3977,68.0181,-0.00144154887,2.501662e-06,0.0,9164.653900000001,3813.46394,-0.027687126,20.3081337,2.3552472e-05
648.5,3.5033426,9164.2048,-1.45820371,-1.45820371,-1.39939914,-1.39939914,-1.01952887,-1.01952887,-0.0276876779,-34.638393,-34.638393,0.000100432175,0.000100432175,0.000303777515,0.000303777515,0.557543181,3818.3977,68.0181,-0.00144157758,7.60607e-07,0.0,9164.2048,3813.27725,-0.0276876779,20.312301,2.3557775e-05
649.0,3.5033426,9164.1931,-1.45777517,-1.45777517,-1.39898611,-1.39898611,-1.01922855,-1.01922855,-0.0276876729,-34.638393,-34.638393,0.000100432159,0.000100432159,0.000303777467,0.000303777467,0.55755112,3818.3977,68.0181,-0.00144157736,2.89406e-07,0.0,9164.1931,3813.27234,-0.0276876729,20.3122683,2.3557733e-05
649.5,3.5033426,9164.193,-1.45776357,-1.45776357,-1.39897498,-1.39897498,-1.01922048,-1.01922048,-0.0277717067,-35.6588966,-35.6588966,0.000103731757,0.000103731757,0.000313756764,0.000313756764,0.557559095,3818.3977,68.0181,-0.0014459526,-1.3930511e-05,0.0,9164.193,3813.2722,-0.0277717067,20.9473571,2.4374735e-05
650.0,3.5033426,9164.1947,-1.45775382,-1.45775382,-1.39896588,-1.39896588,-1.01921373,-1.01921373,-0.0289616028,-50.0603589,-50.0603589,0.000152069813,0.000152069813,0.000459954936,0.000459954936,0.557567039,3818.3977,68.0181,-0.00150790534,-4.5121579e-05,0.0,9164.1947,3813.2722,-0.0289616028,29.9400743,3.638256e-05
650.5,3.5033426,9164.1969,-1.45775449,-1.45775449,-1.39896685,-1.39896685,-1.01921435,-1.01921435,-0.0304898892,-68.545965,-68.545965,0.000219104119,0.000219104119,0.000662698818,0.000662698818,0.557574988,3818.3977,68.0181,-0.00158747662,-4.2055241e-05,0.0,9164.1969,3813.2722,-0.0304898892,41.4902015,5.3050535e-05
651.0,3.5033426,9164.199,-1.45775451,-1.45775451,-1.3989672,-1.3989672,-1.01921447,-1.01921447,-0.0320183548,-87.0344543,-87.0344543,0.000292066689,0.000292066689,0.00088337377,0.00088337377,0.557582937,3818.3977,68.0181,-0.00166705724,-4.6455532e-05,0.0,9164.199,3813.2722,-0.0320183548,53.041684,7.1199565e-05
651.5,3.5033426,9164.2012,-1.45775451,-1.45775451,-1.3989675,-1.3989675,-1.01921457,-1.01921457,-0.0335466944,-105.5192379,-105.5192379,0.000370933111,0.000370933111,0.00112190632,0.00112190632,0.5575909,3818.3977,68.0181,-0.00174663125,-4.2263984e-05,0.0,9164.2012,3813.2722,-0.0335466944,64.5922087,9.0825966e-05
652.0,3.5033426,9164.2034,-1.4577545,-1.4577545,-1.39896784,-1.39896784,-1.01921468,-1.01921468,-0.0350753403,-124.0084422,-124.0084422,0.000455737189,0.000455737189,0.00137839916,0.00137839916,0.557598849,3818.3977,68.0181,-0.00182622121,-4.1235229e-05,0.0,9164.2034,3813.2722,-0.0350753403,76.1450554,0.000111935798
652.5,3.5033426,9164.2056,-1.4577545,-1.4577545,-1.39896816,-1.39896816,-1.01921488,-1.01921488,-0.0366036705,-142.495138,-142.495138,0.00054644631,0.00054644631,0.00165275432,0.00165275432,0.55760678,3818.3977,68.0181,-0.00190579479,-4.0767303e-05,0.0,9164.2056,3813.2722,-0.0366036705,87.6955111,0.000134520274
653.0,3.5033426,9164.2076,-1.45775888,-1.45775888,-1.39897269,-1.39897269,-1.01921808,-1.01921808,-0.0380088412,-159.486194,-159.486194,0.000634913957,0.000634913957,0.00192033239,0.00192033239,0.55761472,3818.3977,68.0181,-0.00197895595,-2.6768397e-05,0.0,9164.2076,3813.2722,-0.0380088412,98.315185,0.000156557377
653.5,3.5033426,9164.208,-1.45776736,-1.45776736,-1.39898089,-1.39898089,-1.019224,-1.019224,-0.0382823869,-162.78633,-162.78633,0.000652597766,0.000652597766,0.00197381874,0.00197381874,0.557622677,3818.3977,68.0181,-0.00199319834,-1.6916e-07,0.0,9164.208,3813.2722,-0.0382823869,100.3825257,0.000160970291
654.0,3.5033426,9164.208,-1.45776681,-1.45776681,-1.39898038,-1.39898038,-1.01922361,-1.01922361,-0.0382823694,-162.78633,-162.78633,0.000652597465,0.000652597465,0.00197381785,0.00197381785,0.557630613,3818.3977,68.0181,-0.00199319736,-1.91805e-07,0.0,9164.208,3813.2722,-0.0382823694,100.3823916,0.000160970001
654.5,3.5033426,9164.208,-1.4577668,-1.4577668,-1.39898036,-1.39898036,-1.0192236,-1.0192236,-0.0382823573,-162.78633,-162.78633,0.000652597259,0.000652597259,0.00197381721,0.00197381721,0.55763854,3818.3977,68.0181,-0.00199319672,1.60649e-07,0.0,9164.208,3813.2722,-0.0382823573,100.3823016,0.00016096981
655.0,3.120317797,9163.8831,-1.42555516,-1.42555516,-1.36802906,-1.36802906,-0.99668674,-0.99668674,-0.0382950055,-162.78633,-162.78633,0.000652812845,0.000652812845,0.00197446927,0.00197446927,0.557646489,3818.3977,68.0181,-0.00199385524,-9.808519e-06,0.0,9163.8831,3813.137,-0.0382950055,100.477883,0.000161176766
655.5,-26.6141867,9112.030499999997,11.06097816,11.06097816,10.55216552,10.55216552,11.8462589,11.8462589,-0.0397346669,-162.78633,-162.78633,0.000677354705,0.000677354705,0.00204868856,0.00204868856,0.557603432,3818.3977,68.0181,-0.00206881223,-3.9227453e-05,0.0,9112.030499999997,3791.55998,-0.0397346669,111.3582235,0.000185394962
656.0,-30.406239,9160.3701,12.7889498,12.7889498,12.2680247,12.2680247,13.6382853,13.6382853,-0.0399254039,-162.78633,-162.78633,0.000680606178,0.000680606178,0.00205852169,0.00205852169,0.557469011,3818.3977,68.0181,-0.00207874304,1.31856e-06,0.0,9160.3701,3811.67431,-0.0399254039,112.7997355,0.000188645322
656.5,-30.406239,9164.13495,12.6550538,12.6550538,12.1446244,12.1446244,13.5132426,13.5132426,-0.0399194195,-162.78633,-162.78633,0.000680504177,0.000680504177,0.00205821314,0.00205821314,0.557337891,3818.3977,68.0181,-0.00207843149,-3.37236e-07,0.0,9164.13495,3813.24091,-0.0399194195,112.7545102,0.000188541411
657.0,-30.406239,9164.2084,12.65230375,12.65230375,12.1420829,12.1420829,13.5106613,13.5106613,-0.0395754806,-158.618241,-158.618241,0.000657534731,0.000657534731,0.00198874011,0.00198874011,0.557207172,3818.3977,68.0181,-0.00206052406,3.0933901e-05,0.0,9164.2084,3813.27173,-0.0395754806,110.1551653,0.000182649786
657.5,-30.406239,9164.2075,12.6522464,12.6522464,12.1420268,12.1420268,13.5106035,13.5106035,-0.0379491415,-138.940963,-138.940963,0.000552473447,0.000552473447,0.00167097457,0.00167097457,0.557076453,3818.3977,68.0181,-0.00197584765,4.9617748e-05,0.0,9164.2075,3813.2722,-0.0379491415,97.8640038,0.000155645224
658.0,-30.406239,9164.205,12.652246,12.652246,12.1420228,12.1420228,13.5105986,13.5105986,-0.0362030355,-117.8216508,-117.8216508,0.000447001433,0.000447001433,0.00135197007,0.00135197007,0.55694574,3818.3977,68.0181,-0.00188493545,4.9674013e-05,0.0,9164.205,3813.2722,-0.0362030355,84.6676894,0.000128475678
658.5,-30.406239,9164.2025,12.652246,12.652246,12.1420195,12.1420195,13.5105942,13.5105942,-0.0344567234,-96.6987146,-96.6987146,0.000349236658,0.000349236658,0.00105627949,0.00105627949,0.556815009,3818.3977,68.0181,-0.00179401251,4.8754569e-05,0.0,9164.2025,3813.2722,-0.0344567234,71.4698178,0.000103233452
659.0,-30.406239,9164.2,12.65224595,12.65224595,12.14201605,12.14201605,13.51059065,13.51059065,-0.0327105032,-75.5764732,-75.5764732,0.00025920086,0.00025920086,0.000783967846,0.000783967846,0.556684275,3818.3977,68.0181,-0.00170309436,4.9641004e-05,0.0,9164.2,3813.2722,-0.0327105032,58.2726354,7.992327e-05
659.5,-30.406239,9164.1981,12.6522566,12.6522566,12.1420242,12.1420242,13.5105979,13.5105979,-0.0314784626,-60.6872639,-60.6872639,0.00020006313,0.00020006313,0.000605107472,0.000605107472,0.556553545,3818.3977,68.0181,-0.00163894738,1.1414812e-05,0.0,9164.1981,3813.2722,-0.0314784626,48.9614141,6.456206e-05
660.0,-30.406239,9164.198,12.6522603,12.6522603,12.142028,12.142028,13.5106012,13.5106012,-0.0314324527,-60.133778,-60.133778,0.000197936265,0.000197936265,0.000598674967,0.000598674967,0.55642281,3818.3977,68.0181,-0.00163655179,-3.81223e-07,0.0,9164.198,3813.2722,-0.0314324527,48.6136885,6.40067e-05
660.5,-23.6732153,9178.2088,10.0648141,10.0648141,9.67223107,9.67223107,11.1011263,11.1011263,-0.0311174209,-60.133778,-60.133778,0.000195952454,0.000195952454,0.000592675367,0.000592675367,0.556300502,3818.3977,68.0181,-0.00162014949,2.065061e-05,0.0,9178.2088,3819.1023,-0.0311174209,46.2328156,6.0275412e-05
661.0,-8.99405306,9188.3197,3.753758186,3.753758186,3.61180893,3.61180893,4.76466255,4.76466255,-0.0303998395,-60.133778,-60.133778,0.000191433702,0.000191433702,0.000579009409,0.000579009409,0.556228599,3818.3977,68.0181,-0.00158278812,2.0262967e-05,0.0,9188.3197,3823.31002,-0.0303998395,40.8096459,5.1979582e-05
661.5,5.68510886,9188.6221,-2.365182723,-2.365182723,-2.275851397,-2.275851397,-1.664009956,-1.664009956,-0.0296907324,-60.133778,-60.133778,0.000186968313,0.000186968313,0.000565504763,0.000565504763,0.556217248,3818.3977,68.0181,-0.001545868,1.9108021e-05,0.0,9188.6221,3823.43614,-0.0296907324,35.4505191,4.4102304e-05
662.0,20.3642707,9188.6277,-8.47342756,-8.47342756,-8.15339307,-8.15339307,-6.90818126,-6.90818126,-0.0289821208,-60.133778,-60.133778,0.000182506049,0.000182506049,0.000552009506,0.000552009506,0.556248411,3818.3977,68.0181,-0.00150897363,2.0972575e-05,0.0,9188.6277,3823.43879,-0.0289821208,30.0951426,3.654862e-05
662.5,34.1242022,9186.531200000001,-14.3206234,-14.3206234,-13.7762663,-13.7762663,-12.5155172,-12.5155172,-0.0283123045,-60.133778,-60.133778,0.000178288088,0.000178288088,0.000539253021,0.000539253021,0.556318688,3818.3977,68.0181,-0.00147409923,1.2799415e-05,0.0,9186.531200000001,3822.56698,-0.0283123045,25.0329634,2.9695482e-05
663.0,37.149105,9167.23865,-15.55956855,-15.55956855,-14.9370732,-14.9370732,-13.6652173,-13.6652173,-0.0281667879,-60.133778,-60.133778,0.000177371739,0.000177371739,0.000536481693,0.000536481693,0.556412764,3818.3977,68.0181,-0.00146652279,7.0347e-08,0.0,9167.23865,3814.53922,-0.0281667879,23.9332088,2.8237545e-05
663.5,37.149105,9164.2582,-15.46039365,-15.46039365,-14.83701315,-14.83701315,-13.5659885,-13.5659885,-0.0281711923,-60.133778,-60.133778,0.000177399474,0.000177399474,0.000536565576,0.000536565576,0.556507466,3818.3977,68.0181,-0.00146675212,-2.66786e-07,0.0,9164.2582,3813.29906,-0.0281711923,23.9664971,2.8281237e-05
664.0,37.149105,9164.194800000001,-15.4580624,-15.4580624,-14.8346737,-14.8346737,-13.5636684,-13.5636684,-0.0281712749,-60.133778,-60.133778,0.000177399997,0.000177399997,0.000536567161,0.000536567161,0.556601981,3818.3977,68.0181,-0.00146675641,-1.80183e-07,0.0,9164.194800000001,3813.2728,-0.0281712749,23.9671211,2.8282056e-05
664.5,37.149105,9164.194,-15.4580181,-15.4580181,-14.8346297,-14.8346297,-13.5636244,-13.5636244,-0.0281712682,-60.133778,-60.133778,0.000177399954,0.000177399954,0.000536567029,0.000536567029,0.556696514,3818.3977,68.0181,-0.00146675606,-9.3093e-08,0.0,9164.194,3813.2722,-0.0281712682,23.9670717,2.8281991e-05
665.0,37.149105,9164.194,-15.458017,-15.458017,-14.834629,-14.834629,-13.563623,-13.563623,-0.0281712845,-60.133778,-60.133778,0.00017740006,0.00017740006,0.000536567332,0.000536567332,0.556791027,3818.3977,68.0181,-0.00146675694,1.24826e-07,0.0,9164.194,3813.2722,-0.0281712845,23.9671969,2.8282156e-05
665.5,37.149105,9164.194,-15.458017,-15.458017,-14.834629,-14.834629,-13.563623,-13.563623,-0.0281712769,-60.133778,-60.133778,0.000177400006,0.000177400006,0.00053656718,0.00053656718,0.556885547,3818.3977,68.0181,-0.00146675655,9.57682e-07,0.0,9164.194,3813.2722,-0.0281712769,23.9671376,2.8282078e-05
666.0,37.149105,9164.194,-15.458017,-15.458017,-14.834629,-14.834629,-13.563623,-13.563623,-0.0281712801,-60.133778,-60.133778,0.000177400028,0.000177400028,0.000536567255,0.000536567255,0.556980067,3818.3977,68.0181,-0.0014667567,-1.861436e-06,0.0,9164.194,3813.2722,-0.0281712801,23.967161,2.8282109e-05
666.5,37.149105,9164.194,-15.458017,-15.458017,-14.834629,-14.834629,-13.563623,-13.563623,-0.0281712976,-60.133778,-60.133778,0.000177400139,0.000177400139,0.000536567568,0.000536567568,0.557074576,3818.3977,68.0181,-0.0014667576,-1.859818e-06,0.0,9164.194,3813.2722,-0.0281712976,23.9672924,2.8282281e-05
667.0,37.149105,9323.66175,-10.8627592,-10.8627592,-10.5647884,-10.5647884,-9.24066362,-9.24066362,-0.0283753711,-60.133778,-60.133778,0.000178685232,0.000178685232,0.000540454139,0.000540454139,0.557159962,3894.34345,68.0181,-0.00147738282,-6.780154e-06,0.0,9323.66175,3879.62783,-0.0283753711,25.5095939,3.0326578e-05
667.5,37.149105,10013.8074,-8.8499054,-8.8499054,-9.2824622,-9.2824622,-7.75124171,-7.75124171,-0.0284650238,-60.133778,-60.133778,0.000179249791,0.000179249791,0.000542161542,0.000542161542,0.557216015,4173.71949,68.0181,-0.00148205068,9.06517e-07,0.0,10013.8074,4166.80259,-0.0284650238,26.1871493,3.1223995e-05
668.0,37.149105,10713.8299,-8.9580445,-8.9580445,-10.0505198,-10.0505198,-8.4033915,-8.4033915,-0.0284602028,-60.133778,-60.133778,0.000179219429,0.000179219429,0.000542069729,0.000542069729,0.557275064,4464.1057,68.0181,-0.00148179964,8.39827e-07,0.0,10713.8299,4458.08711,-0.0284602028,26.1507131,3.1175264e-05
668.5,37.149105,11402.742699999999,-9.9281664,-9.9281664,-11.8803453,-11.8803453,-10.13118995,-10.13118995,-0.0281106506,-56.407908,-56.407908,0.000166502589,0.000166502589,0.000503607605,0.000503607605,0.557338581,4747.7647,68.0181,-0.00146359994,6.6533106e-05,0.0,11402.742699999999,4744.74902,-0.0281106506,23.5089488,2.7812366e-05
669.0,37.149105,11626.394,-15.89378835,-15.89378835,-19.3512457,-19.3512457,-17.55375,-17.55375,0.0150427793,4.319827423,4.319827423,4.9344851e-05,4.9344851e-05,0.000156859386,0.000156859386,0.557437914,4837.012,68.0181,0.000783212419,0.002251314598,0.0,11626.394,4837.83712,0.0150427793,-15.94348703,2.0756074e-05
669.5,37.149105,11609.2543,-15.47534695,-15.47534695,-18.8136625,-18.8136625,-17.0161266,-17.0161266,0.0337604448,84.4047175,84.4047175,0.000302980614,0.000302980614,0.00091637895,0.00091637895,0.557554545,4837.012,68.0181,0.00175776029,0.000193182909,0.0,11609.2543,4830.71608,0.0337604448,-66.2076435,9.4771477e-05
670.0,37.6012092,11609.83065,-15.61966805,-15.61966805,-18.9900777,-18.9900777,-17.1931374,-17.1931374,0.0397794377,156.943126,156.943126,0.000655709606,0.000655709606,0.00198321836,0.00198321836,0.557670204,4837.012,68.0181,0.00207114329,0.00011450564,0.0,11609.83065,4830.95933,0.0397794377,-111.6965887,0.00018660782
670.5,39.5324054,11612.04065,-16.4448163,-16.4448163,-19.9970651,-19.9970651,-18.2086427,-18.2086427,0.0409273496,169.65399,169.65399,0.000727120381,0.000727120381,0.00219920534,0.00219920534,0.557789616,4837.012,68.0181,0.00213091011,4.258049e-06,0.0,11612.04065,4831.879709999999,0.0409273496,-120.3720115,0.000206361317
671.0,41.5764495,11612.1718,-17.3001787,-17.3001787,-21.0374281,-21.0374281,-19.2645615,-19.2645615,0.0410262093,169.65399,169.65399,0.000728876722,0.000728876722,0.00220451687,0.00220451687,0.557915317,4837.012,68.0181,0.00213605728,2.602004e-06,0.0,11612.1718,4831.93432,0.0410262093,-121.1191445,0.000208143729
671.5,43.6204931,11612.1742,-18.1507811,-18.1507811,-22.071786,-22.071786,-20.2759755,-20.2759755,0.0411249777,169.65399,169.65399,0.000730631459,0.000730631459,0.00220982349,0.00220982349,0.558046969,4837.012,68.0181,0.00214119972,2.906027e-06,0.0,11612.1742,4831.935449999999,0.0411249777,-121.8655968,0.000209930691
672.0,45.6645378,11612.174,-19.0012584,-19.0012584,-23.1059872,-23.1059872,-21.2794726,-21.2794726,0.041223601,169.65399,169.65399,0.000732383619,0.000732383619,0.00221512232,0.00221512232,0.558184398,4837.012,68.0181,0.00214633448,2.818177e-06,0.0,11612.174,4831.935449999999,0.041223601,-122.6109472,0.000211721176
672.5,47.7085809,11612.174,-19.8518467,-19.8518467,-24.140322,-24.140322,-22.2878858,-22.2878858,0.0413222532,169.65399,169.65399,0.000734136268,0.000734136268,0.00222042265,0.00222042265,0.558327504,4837.012,68.0181,0.002151471,2.919275e-06,0.0,11612.174,4831.935449999999,0.0413222532,-123.3565125,0.00021351835
673.0,49.7526255,11612.174,-20.702381,-20.702381,-25.1745919,-25.1745919,-23.3010208,-23.3010208,0.0414209166,169.65399,169.65399,0.000735889141,0.000735889141,0.00222572361,0.00222572361,0.558476264,4837.012,68.0181,0.00215660795,3.532206e-06,0.0,11612.174,4831.9355,0.0414209166,-124.1021725,0.000215321904
673.5,51.7109201,11611.9933,-21.5315352,-21.5315352,-26.1824515,-26.1824515,-24.2928683,-24.2928683,0.0415161089,169.65399,169.65399,0.00073758035,0.00073758035,0.00223083806,0.00223083806,0.558630627,4837.012,68.0181,0.00216156419,3.051039e-06,0.0,11611.9933,4831.86034,0.0415161089,-124.8215909,0.000217067758
674.0,52.226254,11609.307850000003,-21.7491338,-21.7491338,-26.4409427,-26.4409427,-24.5481991,-24.5481991,0.0415411737,169.65399,169.65399,0.000738025644,0.000738025644,0.00223218472,0.00223218472,0.558788791,4837.012,68.0181,0.00216286918,6.67197e-07,0.0,11609.307850000003,4830.74303,0.0415411737,-125.0110171,0.000217528243
674.5,52.226254,11602.2815,-22.5080178,-22.5080178,-27.3443817,-27.3443817,-25.4415473,-25.4415473,0.0415747754,169.65399,169.65399,0.000738622618,0.000738622618,0.0022339901,0.0022339901,0.558947513,4831.60472,68.0181,0.00216461872,5.223687e-06,0.0,11602.2815,4827.81945,0.0415747754,-125.264968,0.000218148083
675.0,52.226254,11223.2791,-27.2803415,-27.2803415,-32.0661161,-32.0661161,-30.1313488,-30.1313488,0.0417870812,169.65399,169.65399,0.000742394463,0.000742394463,0.00224539675,0.00224539675,0.559126103,4670.53328,68.0181,0.00217567255,-2.85649e-07,0.0,11223.2791,4670.113670000001,0.0417870812,-126.8694774,0.000222068952
675.5,52.226254,10651.829000000002,-26.9457731,-26.9457731,-30.0570615,-30.0570615,-28.229157,-28.229157,0.0417722212,169.65399,169.65399,0.000742130469,0.000742130469,0.00224459845,0.00224459845,0.559308848,4438.1293,68.0181,0.00217489884,-4.6883e-07,0.0,10651.829000000002,4432.32908,0.0417722212,-126.7571788,0.00022179347
676.0,52.226254,10093.6896,-26.9322278,-26.9322278,-28.4676032,-28.4676032,-26.7412179,-26.7412179,0.0417715913,169.65399,169.65399,0.000742119273,0.000742119273,0.00224456458,0.00224456458,0.559483026,4205.72535,68.0181,0.00217486604,7.0207e-08,0.0,10093.6896,4200.08315,0.0417715913,-126.7524186,0.00022178179
676.5,52.226254,9544.513799999999,-26.060156,-26.060156,-26.0643986,-26.0643986,-24.5208601,-24.5208601,0.0417329303,169.65399,169.65399,0.000741432433,0.000741432433,0.00224248741,0.00224248741,0.559649074,3979.8313,68.0181,0.00217285315,-6.04011e-06,0.0,9544.513799999999,3971.56693,0.0417329303,-126.4602408,0.000221067747
677.0,52.226254,9377.74405,-21.3900356,-21.3900356,-21.0059982,-21.0059982,-19.5921521,-19.5921521,0.0415251869,169.65399,169.65399,0.000737741612,0.000737741612,0.00223132582,0.00223132582,0.559790501,3912.909,68.0181,0.00216203686,8.89078e-07,0.0,9377.74405,3902.17278,0.0415251869,-124.890201,0.000217234414
677.5,52.226254,9390.57955,-21.7191323,-21.7191323,-21.3581436,-21.3581436,-19.9354041,-19.9354041,0.0415398796,169.65399,169.65399,0.000738002664,0.000738002664,0.00223211523,0.00223211523,0.559922455,3912.909,68.0181,0.00216280183,3.97549e-07,0.0,9390.57955,3907.51372,0.0415398796,-125.0012412,0.000217504463
678.0,52.226254,9390.916500000001,-21.7314882,-21.7314882,-21.3710605,-21.3710605,-19.9480493,-19.9480493,0.0415404517,169.65399,169.65399,0.000738012806,0.000738012806,0.00223214598,0.00223214598,0.560055082,3912.909,68.0181,0.00216283157,6.88915e-07,0.0,9390.916500000001,3907.65397,0.0415404517,-125.0055622,0.00021751497
678.5,52.226254,9390.923,-21.7317252,-21.7317252,-21.3713074,-21.3713074,-19.9482918,-19.9482918,0.041540446,169.65399,169.65399,0.000738012731,0.000738012731,0.00223214569,0.00223214569,0.560187724,3912.909,68.0181,0.00216283139,-6.38456e-07,0.0,9390.923,3907.65664,0.041540446,-125.0055245,0.000217514882
679.0,52.226254,9390.923,-21.73173,-21.73173,-21.3713122,-21.3713122,-19.948296,-19.948296,0.0415404393,169.65399,169.65399,0.000738012597,0.000738012597,0.00223214534,0.00223214534,0.560320376,3912.909,68.0181,0.00216283097,-1.42196e-07,0.0,9390.923,3907.6567,0.0415404393,-125.00547,0.000217514752
679.5,52.226254,9390.923,-21.73173,-21.73173,-21.371313,-21.371313,-19.948296,-19.948296,0.0415404365,169.65399,169.65399,0.000738012556,0.000738012556,0.00223214519,0.00223214519,0.560453021,3912.909,68.0181,0.00216283086,2.32483e-07,0.0,9390.923,3907.6567,0.0415404365,-125.0054549,0.000217514705
680.0,54.5213897,9396.3623,-22.4943609,-22.4943609,-22.1348792,-22.1348792,-20.7032276,-20.7032276,0.0419444618,173.314329,173.314329,0.0007614025,0.0007614025,0.00230288979,0.00230288979,0.560586301,3912.909,68.0181,0.00218386663,3.2000104e-05,0.0,9396.3623,3909.92025,0.0419444618,-128.058899,0.000225044537
680.5,69.3329741,9360.4671,-33.5360385,-33.5360385,-32.7653323,-32.7653323,-31.0990436,-31.0990436,0.0439343756,186.128197,186.128197,0.000856666945,0.000856666945,0.00259102053,0.00259102053,0.560740815,3874.09847,68.0181,0.00228747284,8.7270396e-05,0.0,9360.4671,3894.98516,0.0439343756,-143.097802,0.000263576595
681.0,86.0215719,7737.04507,-57.331046,-57.331046,-46.3720196,-46.3720196,-44.5133725,-44.5133725,0.0465836462,199.357979,199.357979,0.00097271564,0.00097271564,0.00294201109,0.00294201109,0.560979702,3193.82524,68.0181,0.00242540887,5.220909e-05,0.0,7737.04507,3219.46878,0.0465836462,-163.119841,0.0003183759
681.5,102.71017,5516.57017,-63.0784436,-63.0784436,-36.3115438,-36.3115438,-34.574178,-34.574178,0.0484296309,212.585832,212.585832,0.00107835392,0.00107835392,0.00326152306,0.00326152306,0.561214188,2286.57079,68.0181,0.00252152137,5.3986194e-05,0.0,5516.57017,2295.51387,0.0484296309,-177.070991,0.000359302673
682.0,119.3987691,4232.59716,-51.0840854,-51.0840854,-22.6627088,-22.6627088,-21.4263713,-21.4263713,0.0494876891,225.816826,225.816826,0.00117040133,0.00117040133,0.00353993793,0.00353993793,0.561386526,1783.48445,68.0181,0.00257660986,3.8451728e-05,0.0,4232.59716,1761.24382,0.0494876891,-185.067342,0.000383690194
682.5,136.087366,4302.73084,-56.4746064,-56.4746064,-25.4472525,-25.4472525,-24.0497546,-24.0497546,0.05131759,239.047192,239.047192,0.00128485095,0.00128485095,0.00388610598,0.00388610598,0.561531945,1783.0293,68.0181,0.00267188492,6.1285664e-05,0.0,4302.73084,1790.42801,0.05131759,-198.896942,0.000427642511
683.0,152.775964,4306.89049,-63.5683877,-63.5683877,-28.6704084,-28.6704084,-27.0404107,-27.0404107,0.0532236691,252.27649,252.27649,0.00140629779,0.00140629779,0.00425343989,0.00425343989,0.561695811,1783.0293,68.0181,0.00277112622,5.5212833e-05,0.0,4306.89049,1792.16003,0.0532236691,-213.302266,0.000475636283
683.5,169.464564,4306.96863,-70.5158065,-70.5158065,-31.8043707,-31.8043707,-29.9249083,-29.9249083,0.0551231753,265.506512,265.506512,0.00153284942,0.00153284942,0.00463621728,0.00463621728,0.561875185,1783.0293,68.0181,0.00287002531,5.763601e-05,0.0,4306.96863,1792.19363,0.0551231753,-227.657899,0.00052575497
684.0,184.185462,4302.32697,-76.8264504,-76.8264504,-34.6127408,-34.6127408,-32.4890299,-32.4890299,0.0569361039,278.736377,278.736377,0.00166209569,0.00166209569,0.00502714916,0.00502714916,0.562069214,1783.0293,68.0181,0.00296441663,4.5197064e-05,0.0,4302.32697,1790.26321,0.0569361039,-241.359235,0.000575688837
684.5,186.38991,4281.3496,-77.633021,-77.633021,-34.8061502,-34.8061502,-32.6527723,-32.6527723,0.0581315474,291.963647,291.963647,0.00177745871,0.00177745871,0.00537609969,0.00537609969,0.56227034,1783.0293,68.0181,0.00302665818,2.9161742e-05,0.0,4281.3496,1781.53511,0.0581315474,-250.393872,0.000609741883
685.0,186.38991,4279.23196,-77.5598418,-77.5598418,-34.7561257,-34.7561257,-32.6059775,-32.6059775,0.0587858498,299.909028,299.909028,0.00184625235,0.00184625235,0.00558418928,0.00558418928,0.56247102,1783.0293,68.0181,0.00306072489,3.548741e-06,0.0,4279.23196,1780.65434,0.0587858498,-255.338812,0.000628750469
685.5,186.38991,4279.189,-77.5582501,-77.5582501,-34.7550627,-34.7550627,-32.6049841,-32.6049841,0.0587919802,299.98325,299.98325,0.00184690146,0.00184690146,0.00558615257,0.00558615257,0.562671616,1783.0293,68.0181,0.00306104408,-1.34372e-07,0.0,4279.189,1780.63643,0.0587919802,-255.385145,0.000628930034
686.0,186.38991,4279.1882,-77.558215,-77.558215,-34.7550421,-34.7550421,-32.6049635,-32.6049635,0.0586747993,298.558111,298.558111,0.00183452119,0.00183452119,0.00554870425,0.00554870425,0.562872206,1783.0293,68.0181,0.00305494299,-2.4117217e-05,0.0,4279.1882,1780.63608,0.0586747993,-254.499538,0.000625514192
686.5,186.38991,4279.19106,-77.5582,-77.5582,-34.7550557,-34.7550557,-32.6049794,-32.6049794,0.0567320299,275.043441,275.043441,0.00163471266,0.00163471266,0.00494431983,0.00494431983,0.563072794,1783.0293,68.0181,0.00295379141,-7.7280674e-05,0.0,4279.19106,1780.6361,0.0567320299,-239.816932,0.000570069797
687.0,186.38991,4279.19466,-77.5582,-77.5582,-34.7550862,-34.7550862,-32.6050083,-32.6050083,0.0541639282,243.981807,243.981807,0.00138456212,0.00138456212,0.00418767327,0.00418767327,0.563273383,1783.0293,68.0181,0.00282008147,-7.481771e-05,0.0,4279.19466,1780.6361,0.0541639282,-220.408327,0.000500237613
687.5,186.38991,4279.19822,-77.5582,-77.5582,-34.7551151,-34.7551151,-32.6050377,-32.6050377,0.0515957051,212.917571,212.917571,0.00115110197,0.00115110197,0.00348152616,0.00348152616,0.563473963,1783.0293,68.0181,0.00268636516,-7.4158071e-05,0.0,4279.19822,1780.6361,0.0515957051,-200.998814,0.000434578113
688.0,186.38991,4279.20173,-77.5582,-77.5582,-34.7551444,-34.7551444,-32.6050664,-32.6050664,0.0490276821,181.856398,181.856398,0.000934370288,0.000934370288,0.00282599204,0.00282599204,0.563674556,1783.0293,68.0181,0.0025526593,-7.2149728e-05,0.0,4279.20173,1780.6361,0.0490276821,-181.590806,0.000373099243
688.5,186.38991,4279.20538,-77.5582,-77.5582,-34.7551739,-34.7551739,-32.6050948,-32.6050948,0.046459504,150.791915,150.791915,0.000734326128,0.000734326128,0.00222094495,0.00222094495,0.563875135,1783.0293,68.0181,0.00241894543,-8.0365208e-05,0.0,4279.20538,1780.6361,0.046459504,-162.181638,0.000315792513
689.0,186.38991,4279.20898,-77.5582,-77.5582,-34.7552024,-34.7552024,-32.6051235,-32.6051235,0.0438914521,119.7311639,119.7311639,0.000551009804,0.000551009804,0.00166650463,0.00166650463,0.564075717,1783.0293,68.0181,0.00228523799,-7.4441772e-05,0.0,4279.20898,1780.6361,0.0438914521,-142.773405,0.000262664127
689.5,186.38991,4279.2127,-77.5582,-77.5582,-34.7552319,-34.7552319,-32.6051523,-32.6051523,0.0413232521,88.6671854,88.6671854,0.000384384001,0.000384384001,0.001162555545,0.001162555545,0.564276311,1783.0293,68.0181,0.00215152293,-7.4821542e-05,0.0,4279.2127,1780.6361,0.0413232521,-123.364059,0.00021370854
690.0,186.032659,4278.67283,-77.500484,-77.500484,-34.7250173,-34.7250173,-32.5773337,-32.5773337,0.0387420934,57.6054776,57.6054776,0.000234417389,0.000234417389,0.000708999154,0.000708999154,0.564476867,1783.0293,68.0181,0.0020171332,-7.9818955e-05,0.0,4278.67283,1780.40997,0.0387420934,-103.8567811,0.000168723701
690.5,161.841164,4232.02975,-67.8216876,-67.8216876,-30.064043,-30.064043,-28.2879949,-28.2879949,0.0353867275,30.934172,30.934172,0.00011504471,0.00011504471,0.000347973651,0.000347973651,0.56466937,1783.0293,68.0181,0.00184243381,-9.1193286e-05,0.0,4232.02975,1760.99949,0.0353867275,-78.4983826,0.000116610918
691.0,123.70256,4216.13164,-51.4857964,-51.4857964,-22.7317806,-22.7317806,-21.4886046,-21.4886046,0.0332451035,27.56027,27.56027,9.594885e-05,9.594885e-05,0.000290220394,0.000290220394,0.564829045,1783.0293,68.0181,0.0017309287,-5.4673825e-05,0.0,4216.13164,1754.38295,0.0332451035,-62.3129171,8.6863655e-05
691.5,85.8661895,4216.16662,-35.6462086,-35.6462086,-15.7380817,-15.7380817,-14.890982,-14.890982,0.0314142097,27.56027,27.56027,9.0664702e-05,9.0664702e-05,0.000274238021,0.000274238021,0.564951185,1783.0293,68.0181,0.00163560203,-4.8614118e-05,0.0,4216.16662,1754.39631,0.0314142097,-48.4758201,6.3871337e-05
692.0,71.42391,4262.19163,-29.2280415,-29.2280415,-13.0460782,-13.0460782,-12.32547815,-12.32547815,0.0306975784,27.56027,27.56027,8.8596427e-05,8.8596427e-05,0.000267982324,0.000267982324,0.56504203,1783.0293,68.0181,0.00159829013,2.452474e-06,0.0,4262.19163,1773.54732,0.0306975784,-43.0598293,5.5368872e-05
692.5,71.42391,4278.81663,-29.7049161,-29.7049161,-13.3100791,-13.3100791,-12.57991285,-12.57991285,0.0307188182,27.56027,27.56027,8.8657726e-05,8.8657726e-05,0.000268167729,0.000268167729,0.565129782,1783.0293,68.0181,0.00159939596,-9.83872e-07,0.0,4278.81663,1780.46512,0.0307188182,-43.2203486,5.5613647e-05
693.0,71.42391,4279.222019999999,-29.7196899,-29.7196899,-13.3179601,-13.3179601,-12.5875093,-12.5875093,0.0289565908,6.19607885,6.19607885,2.2088809e-05,2.2088809e-05,0.000112644038,0.000112644038,0.565218046,1783.0293,68.0181,0.00150764441,-0.000135156068,0.0,4279.222019999999,1780.63274,0.0289565908,-29.90219845,3.7093259e-05
693.5,71.42391,4279.2945,-29.719532,-29.719532,-13.3181155,-13.3181155,-12.5876615,-12.5876615,-0.0177781177,-72.209326,-72.209326,0.000172540547,0.000172540547,0.000574752321,0.000574752321,0.565306314,1783.0293,68.0181,-0.00092562967,-0.000830805591,0.0,4279.2945,1780.63572,-0.0177781177,18.8703886,2.3743774e-05
694.0,71.42391,4279.31903,-29.7199805,-29.7199805,-13.3183922,-13.3183922,-12.5879285,-12.5879285,-0.034247325,-153.6969962,-153.6969962,0.000555955901,0.000555955901,0.00168153711,0.00168153711,0.565394581,1783.0293,68.0181,-0.00178311002,-0.00018883976,0.0,4279.31903,1780.63621,-0.034247325,69.8872709,0.000101441767
694.5,71.42391,4279.32778,-29.7199618,-29.7199618,-13.31841125,-13.31841125,-12.58794735,-12.58794735,-0.0409835949,-235.17421,-235.17421,0.001014060717,0.001014060717,0.00306715408,0.00306715408,0.565482839,1783.0293,68.0181,-0.00213383848,-0.000188516575,0.0,4279.32778,1780.636,-0.0409835949,120.7970874,0.000208559482
695.0,71.42391,4279.33736,-29.719961,-29.719961,-13.31844075,-13.31844075,-12.587976,-12.587976,-0.0477199039,-316.656218,-316.656218,0.00158714193,0.00158714193,0.00480060699,0.00480060699,0.565571071,1783.0293,68.0181,-0.00248456896,-0.000195242827,0.0,4279.33736,1780.636,-0.0477199039,171.707184,0.000344408403
695.5,71.42391,4279.34584,-29.7199826,-29.7199826,-13.3184771,-13.3184771,-12.5880114,-12.5880114,-0.0538079046,-390.269672,-390.269672,0.002201004,0.002201004,0.00665748511,0.00665748511,0.565659317,1783.0293,68.0181,-0.00280154479,-0.000119609216,0.0,4279.34584,1780.63604,-0.0538079046,217.717657,0.000491197272
696.0,71.42391,4279.34707,-29.7200178,-29.7200178,-13.3184976,-13.3184976,-12.5880309,-12.5880309,-0.0548563707,-402.9147,-402.9147,0.00231456186,0.00231456186,0.00700099359,0.00700099359,0.565747557,1783.0293,68.0181,-0.00285613386,-3.7881e-07,0.0,4279.34707,1780.636,-0.0548563707,225.641504,0.000518483179
696.5,71.42391,4279.347,-29.720016,-29.720016,-13.318496,-13.318496,-12.58803,-12.58803,-0.0548563536,-402.9147,-402.9147,0.00231456111,0.00231456111,0.00700099137,0.00700099137,0.565835775,1783.0293,68.0181,-0.00285613301,-4.09357e-07,0.0,4279.347,1780.636,-0.0548563536,225.641379,0.000518482716
697.0,71.42391,4279.347,-29.720016,-29.720016,-13.318496,-13.318496,-12.58803,-12.58803,-0.0548563247,-402.9147,-402.9147,0.00231455989,0.00231455989,0.00700098781,0.00700098781,0.56592399,1783.0293,68.0181,-0.00285613154,-5.22499e-07,0.0,4279.347,1780.636,-0.0548563247,225.641164,0.000518481959
697.5,71.42391,4279.346739999999,-29.7200245,-29.7200245,-13.3184989,-13.3184989,-12.5880326,-12.5880326,-0.0546248172,-400.103433,-400.103433,0.00228887823,0.00228887823,0.00692330114,0.00692330114,0.566012205,1783.0293,68.0181,-0.00284407794,3.7358777e-05,0.0,4279.346739999999,1780.636,-0.0546248172,223.891525,0.000512332237
698.0,71.42391,4279.34341,-29.7200428,-29.7200428,-13.3184961,-13.3184961,-12.5880293,-12.5880293,-0.052028371,-368.681444,-368.681444,0.0020098022,0.0020098022,0.0060791079,0.0060791079,0.566100415,1783.0293,68.0181,-0.0027088922,9.1357303e-05,0.0,4279.34341,1780.636,-0.052028371,204.268715,0.000445444554
698.5,71.42391,4279.33885,-29.720041,-29.720041,-13.31848145,-13.31848145,-12.58801495,-12.58801495,-0.0488154368,-329.818749,-329.818749,0.00168709268,0.00168709268,0.00510294195,0.00510294195,0.566188634,1783.0293,68.0181,-0.00254160861,9.2081843e-05,0.0,4279.33885,1780.636,-0.0488154368,179.986751,0.000368302269
699.0,71.663792,4279.89923,-29.7944471,-29.7944471,-13.3535843,-13.3535843,-12.6218161,-12.6218161,-0.0457661289,-293.070348,-293.070348,0.00140522916,0.00140522916,0.00425034773,0.00425034773,0.566276899,1783.0293,68.0181,-0.00238284441,6.5491075e-05,0.0,4279.89923,1780.87095,-0.0457661289,156.941408,0.00030103037
699.5,73.8125985,4283.18764,-30.7002872,-30.7002872,-13.7701456,-13.7701456,-13.0230336,-13.0230336,-0.0449437154,-284.4037,-284.4037,0.00133854446,0.00133854446,0.00404863993,0.00404863993,0.566366433,1783.0293,68.0181,-0.00234002486,2.830592e-06,0.0,4283.18764,1782.23975,-0.0449437154,150.725958,0.000283756789
700.0,76.3682995,4283.57873,-31.7770514,-31.7770514,-14.25440105,-14.25440105,-13.4873844,-13.4873844,-0.0448197576,-284.4037,-284.4037,0.00133485266,0.00133485266,0.00403747448,0.00403747448,0.566458885,1783.0293,68.0181,-0.00233357087,3.110829e-06,0.0,4283.57873,1782.4026,-0.0448197576,149.789138,0.000281215375
700.5,78.923995,4283.58656,-32.8408699,-32.8408699,-14.7316304,-14.7316304,-13.9417685,-13.9417685,-0.0446964022,-284.4037,-284.4037,0.00133117878,0.00133117878,0.00402636311,0.00402636311,0.566554168,1783.0293,68.0181,-0.00232714833,4.057661e-06,0.0,4283.58656,1782.40589,-0.0446964022,148.856871,0.000278695961
701.0,81.479691,4283.58676,-33.9042829,-33.9042829,-15.2086534,-15.2086534,-14.3961119,-14.3961119,-0.0445730365,-284.4037,-284.4037,0.00132750464,0.00132750464,0.00401525098,0.00401525098,0.566652272,1783.0293,68.0181,-0.00232072518,2.987433e-06,0.0,4283.58676,1782.40604,-0.0445730365,147.924523,0.000276185983
701.5,84.0353911,4283.58638,-34.9678277,-34.9678277,-15.68573245,-15.68573245,-14.8506908,-14.8506908,-0.0444496915,-284.4037,-284.4037,0.00132383108,0.00132383108,0.00400414067,0.00400414067,0.566753164,1783.0293,68.0181,-0.00231430311,4.61811e-06,0.0,4283.58638,1782.40598,-0.0444496915,146.992341,0.000273686071
702.0,86.5910859,4283.5862,-36.0311544,-36.0311544,-16.1627151,-16.1627151,-15.30535905,-15.30535905,-0.0443263097,-284.4037,-284.4037,0.00132015645,0.00132015645,0.00399302696,0.00399302696,0.566856858,1783.0293,68.0181,-0.00230787918,2.747214e-06,0.0,4283.5862,1782.40598,-0.0443263097,146.05987,0.000271195035
702.5,88.7830325,4282.72267,-36.9728551,-36.9728551,-16.5817828,-16.5817828,-15.7048875,-15.7048875,-0.0442191065,-284.4037,-284.4037,0.00131696363,0.00131696363,0.00398337052,0.00398337052,0.566963229,1783.0293,68.0181,-0.00230229753,1.962112e-06,0.0,4282.72267,1782.04664,-0.0442191065,145.249676,0.000269038187
703.0,89.058205,4279.60797,-37.0674125,-37.0674125,-16.6121125,-16.6121125,-15.7335255,-15.7335255,-0.0442066717,-284.4037,-284.4037,0.00131659331,0.00131659331,0.00398225064,0.00398225064,0.567070947,1783.0293,68.0181,-0.00230165017,-9.4097e-07,0.0,4279.60797,1780.75064,-0.0442066717,145.155705,0.00026878841
703.5,89.058205,4279.33788,-37.0579809,-37.0579809,-16.6068379,-16.6068379,-15.7284697,-15.7284697,-0.0442070811,-284.4037,-284.4037,0.0013166055,0.0013166055,0.00398228748,0.00398228748,0.567178597,1783.0293,68.0181,-0.00230167148,7.38429e-07,0.0,4279.33788,1780.63827,-0.0442070811,145.158799,0.000268796628
704.0,89.058205,4279.3325,-37.0577797,-37.0577797,-16.6067273,-16.6067273,-15.728363,-15.728363,-0.0442071267,-284.4037,-284.4037,0.00131660684,0.00131660684,0.00398229154,0.00398229154,0.567286223,1783.0293,68.0181,-0.00230167384,-1.302877e-06,0.0,4279.3325,1780.63602,-0.0442071267,145.159138,0.000268797526
704.5,89.058205,4279.3325,-37.057777,-37.057777,-16.6067244,-16.6067244,-15.728361,-15.728361,-0.0442070986,-284.4037,-284.4037,0.00131660603,0.00131660603,0.00398228894,0.00398228894,0.567393863,1783.0293,68.0181,-0.00230167238,-1.197418e-06,0.0,4279.3325,1780.636,-0.0442070986,145.158926,0.000268796975
705.0,89.058205,4279.3322,-37.0577832,-37.0577832,-16.6067264,-16.6067264,-15.728363,-15.728363,-0.0440238993,-282.179778,-282.179778,0.00130099523,0.00130099523,0.00393506953,0.00393506953,0.567501479,1783.0293,68.0181,-0.00229213397,2.7318589e-05,0.0,4279.3322,1780.636,-0.0440238993,143.774382,0.000265154284
705.5,89.058205,4279.32938,-37.057796,-37.057796,-16.6067224,-16.6067224,-15.72835835,-15.72835835,-0.042127357,-259.227933,-259.227933,0.00114416199,0.00114416199,0.00346068352,0.00346068352,0.567609119,1783.0293,68.0181,-0.00219338924,6.5682875e-05,0.0,4279.32938,1780.636,-0.042127357,129.4411426,0.00022855543
706.0,89.058205,4279.32607,-37.057796,-37.057796,-16.6067091,-16.6067091,-15.7283459,-15.7283459,-0.03981052,-231.204634,-231.204634,0.000964441157,0.000964441157,0.00291707402,0.00291707402,0.567716749,1783.0293,68.0181,-0.00207276158,6.6002999e-05,0.0,4279.32607,1780.636,-0.03981052,111.9314915,0.000186794867
706.5,89.058205,4279.32284,-37.057796,-37.057796,-16.6066963,-16.6066963,-15.72833345,-15.72833345,-0.0374938729,-203.18323,-203.18323,0.000798329179,0.000798329179,0.00241463481,0.00241463481,0.567824379,1783.0293,68.0181,-0.00195214379,6.640594e-05,0.0,4279.32284,1780.636,-0.0374938729,94.42328,0.000148435685
707.0,89.058205,4279.31986,-37.057793,-37.057793,-16.6066834,-16.6066834,-15.7283206,-15.7283206,-0.0352578892,-175.16153,-175.16153,0.000647220342,0.000647220342,0.00195758101,0.00195758101,0.567932018,1783.0293,67.445738,-0.00183572577,5.7739425e-05,0.0,4279.31986,1780.636,-0.0352578892,76.9128006,0.000113713237
707.5,89.058205,4279.31716,-37.057793,-37.057793,-16.606672,-16.606672,-15.72831025,-15.72831025,-0.0333016077,-147.14085,-147.14085,0.000513615483,0.000513615483,0.00155347458,0.00155347458,0.568039644,1783.0293,64.3290516,-0.00173387066,5.5234488e-05,0.0,4279.31716,1780.636,-0.0333016077,59.4033049,8.2985172e-05
708.0,89.058205,4279.31413,-37.0577936,-37.0577936,-16.6066622,-16.6066622,-15.7282997,-15.7282997,-0.0311765288,-119.1175515,-119.1175515,0.00038944114,0.00038944114,0.00117789764,0.00117789764,0.56814729,1783.0293,60.9458362,-0.00162322699,6.4206085e-05,0.0,4279.31413,1780.636,-0.0311765288,41.8944584,5.4847311e-05
708.5,89.058205,4279.31056,-37.057796,-37.057796,-16.60665,-16.60665,-15.72828775,-15.72828775,-0.0286753698,-91.0944045,-91.0944045,0.000274184214,0.000274184214,0.000829297019,0.000829297019,0.568254909,1783.0293,59.72098,-0.00149300248,8.016999e-05,0.0,4279.31056,1780.636,-0.0286753698,24.3885216,2.9453955e-05
709.0,89.058205,4279.30651,-37.0578311,-37.0578311,-16.6066499,-16.6066499,-15.72828755,-15.72828755,-0.0255389393,-63.0765943,-63.0765943,0.000169988772,0.000169988772,0.000514154507,0.000514154507,0.568362558,1783.0293,59.72098,-0.00132970208,0.000588223167,0.0,4279.30651,1780.63615,-0.0255389393,6.980506964,7.76786e-06
709.5,89.058205,4279.23487,-37.0581739,-37.0581739,-16.6065242,-16.6065242,-15.7281611,-15.7281611,0.0254025132,-35.0535003,-35.0535003,-9.1042135e-05,-9.1042135e-05,-3.0099321e-05,-3.0099321e-05,0.568470186,1783.0293,59.72098,0.00132259901,0.001475035945,0.0,4279.23487,1780.63605,0.0254025132,-10.2590328,1.1597568e-05
710.0,89.058205,4279.22975,-37.057776,-37.057776,-16.6063264,-16.6063264,-15.7279722,-15.7279722,0.0288401181,-11.1207665,-11.1207665,-3.3424629e-05,-3.3424629e-05,-1.1049884e-05,-1.1049884e-05,0.568577833,1783.0293,59.72098,0.00150158019,3.9511075e-05,0.0,4279.22975,1780.63595,0.0288401181,-25.4817372,3.082372e-05
710.5,89.058205,4223.7639,-38.5519878,-38.5519878,-17.0480979,-17.0480979,-16.1416083,-16.1416083,0.0291911263,-8.206217,-8.206217,-2.5085484e-05,-2.5085484e-05,-8.292987e-06,-8.292987e-06,0.568686473,1756.95454,59.72098,0.00151985564,3.127054e-06,0.0,4223.7639,1757.55638,0.0291911263,-27.8109069,3.4006552e-05
711.0,89.058205,4009.32218,-39.0811794,-39.0811794,-16.4086061,-16.4086061,-15.5077791,-15.5077791,0.0292180939,-8.206217,-8.206217,-2.5108658e-05,-2.5108658e-05,-8.300648e-06,-8.300648e-06,0.568795378,1670.22313,59.72098,0.00152125973,-8.11182e-07,0.0,4009.32218,1668.32565,0.0292180939,-27.9898539,3.4256353e-05
711.5,88.7781697,3804.43754,-38.3373729,-38.3373729,-15.2774721,-15.2774721,-14.4095668,-14.4095668,0.0292302537,-7.57514815,-7.57514815,-2.3183299e-05,-2.3183299e-05,-7.664146e-06,-7.664146e-06,0.568898792,1587.3472,59.72098,0.00152189287,1.986488e-06,0.0,3804.43754,1583.07159,0.0292302537,-28.0705437,3.4369805e-05
712.0,83.2527044,3754.17147,-34.607096,-34.607096,-13.6051982,-13.6051982,-12.81969195,-12.81969195,0.0297235407,1.664883477,1.664883477,5.256208e-06,5.256208e-06,2.2281823e-05,2.2281823e-05,0.568993078,1569.9836,59.72098,0.00154757617,2.1497324e-05,0.0,3754.17147,1562.15582,0.0297235407,-31.3438332,3.903664e-05
712.5,75.757246,3755.41058,-31.5220492,-31.5220492,-12.3965372,-12.3965372,-11.6744047,-11.6744047,0.0304383542,13.6146879,13.6146879,4.3470415e-05,4.3470415e-05,0.000131492702,0.000131492702,0.569079169,1569.9836,59.72098,0.00158479343,2.0279578e-05,0.0,3755.41058,1562.67185,0.0304383542,-36.0870959,4.602267e-05
713.0,68.2617878,3755.44089,-28.4041366,-28.4041366,-11.170462,-11.170462,-10.50322825,-10.50322825,0.0311515916,25.5651812,25.5651812,8.347203e-05,8.347203e-05,0.000252483369,0.000252483369,0.569157834,1569.9836,59.72098,0.00162192861,2.045912e-05,0.0,3755.44089,1562.6848,0.0311515916,-40.8198984,5.3276518e-05
713.5,60.7663248,3755.44034,-25.2852104,-25.2852104,-9.9438839,-9.9438839,-9.3326407,-9.3326407,0.0318646825,37.5152701,37.5152701,0.0001252569,0.0001252569,0.000378858148,0.000378858148,0.569228837,1569.9836,59.72098,0.00165905617,2.1050973e-05,0.0,3755.44034,1562.68502,0.0318646825,-45.5517326,6.0811596e-05
714.0,53.2708643,3755.4394,-22.1662509,-22.1662509,-8.7172925,-8.7172925,-8.15077608,-8.15077608,0.0323419444,46.9546331,46.9546331,0.000159030685,0.000159030685,0.000481005556,0.000481005556,0.569292068,1569.9836,59.72098,0.00168390513,2.572449e-06,0.0,3755.4394,1562.68492,0.0323419444,-48.7186808,6.6002584e-05
714.5,49.767426,3763.48078,-20.597275,-20.597275,-8.1176313,-8.1176313,-7.57231243,-7.57231243,0.0322112027,47.671467,47.671467,0.000160802977,0.000160802977,0.000486365959,0.000486365959,0.56934863,1569.9836,59.72098,0.00167709798,8.24874e-07,0.0,3763.48078,1566.03094,0.0322112027,-47.8511206,6.4563593e-05
715.0,49.767426,3767.79757,-20.7042661,-20.7042661,-8.16913375,-8.16913375,-7.62190444,-7.62190444,0.0322165857,47.671467,47.671467,0.00016082985,0.00016082985,0.000486447226,0.000486447226,0.569404183,1569.9836,59.72098,0.00167737823,-1.803585e-06,0.0,3767.79757,1567.82719,0.0322165857,-47.8868399,6.462258e-05
715.5,49.767426,3907.43922,-16.7489607,-16.7489607,-6.82311409,-6.82311409,-6.31362711,-6.31362711,0.0320165571,47.671467,47.671467,0.000159831278,0.000159831278,0.000483427235,0.000483427235,0.56945673,1636.21559,59.72098,0.00166696358,-7.30744e-06,0.0,3907.43922,1625.93298,0.0320165571,-46.559517,6.2446468e-05
716.0,49.767426,4498.37833,-15.0667301,-15.0667301,-7.09893821,-7.09893821,-6.56310363,-6.56310363,0.0319312518,47.671467,47.671467,0.00015940542,0.00015940542,0.000482139304,0.000482139304,0.569502198,1875.43481,59.72098,0.00166252209,3.53259e-07,0.0,4498.37833,1871.82711,0.0319312518,-45.9934595,6.1517781e-05
716.5,49.767426,5096.24254,-15.1565446,-15.1565446,-8.08873559,-8.08873559,-7.50291258,-7.50291258,0.0319358119,47.671467,47.671467,0.00015942819,0.00015942819,0.000482208165,0.000482208165,0.569553908,2123.4749,59.72098,0.00166275958,-2.96705e-07,0.0,5096.24254,2120.60277,0.0319358119,-46.0237242,6.1567046e-05
717.0,49.767426,5422.32668,-20.6302942,-20.6302942,-11.7144118,-11.7144118,-11.03570165,-11.03570165,0.0322126112,47.671467,47.671467,0.000160810012,0.000160810012,0.000486387221,0.000486387221,0.56962017,2250.3914,59.72098,0.00167717131,9.666348e-06,0.0,5422.32668,2256.28892,0.0322126112,-47.8604678,6.4580144e-05
717.5,49.767426,5401.8745,-20.7440589,-20.7440589,-11.7345646,-11.7345646,-11.0552919,-11.0552919,0.0325161991,50.8415879,50.8415879,0.000173277376,0.000173277376,0.000524094006,0.000524094006,0.569699244,2250.3914,59.72098,0.0016929778,3.0841089e-05,0.0,5401.8745,2247.77889,0.0325161991,-49.8749739,6.7970586e-05
718.0,49.767426,5400.90982,-20.7093129,-20.7093129,-11.7128135,-11.7128135,-11.0341621,-11.0341621,0.0345389571,72.3540386,72.3540386,0.000262184695,0.000262184695,0.000792987875,0.000792987875,0.56977755,2250.3914,59.72098,0.00179829409,7.2626104e-05,0.0,5400.90982,2247.37859,0.0345389571,-63.2973181,9.1697879e-05
718.5,49.767426,5400.887940000001,-20.7086243,-20.7086243,-11.7123771,-11.7123771,-11.03373825,-11.03373825,0.0368414337,96.8080104,96.8080104,0.000373974393,0.000373974393,0.00113109032,0.00113109032,0.569855824,2250.3914,59.72098,0.00191817412,6.9791767e-05,0.0,5400.887940000001,2247.37087,0.0368414337,-78.5757854,0.000121380594
719.0,63.9449492,5433.29946,-25.8380592,-25.8380592,-14.718028,-14.718028,-13.9513435,-13.9513435,0.0398831122,121.2642375,121.2642375,0.000507463799,0.000507463799,0.00153482264,0.00153482264,0.569937957,2250.3914,59.72098,0.00207654112,0.000126955666,0.0,5433.29946,2260.85929,0.0398831122,-98.7593394,0.000165509947
719.5,118.0484276,5491.77382,-49.007797,-49.007797,-28.1863017,-28.1863017,-26.8876798,-26.8876798,0.0451926242,145.718483,145.718483,0.000690768109,0.000690768109,0.0020892083,0.0020892083,0.570070635,2250.3914,59.72098,0.0023529845,0.000155818742,0.0,5491.77382,2285.19398,0.0451926242,-133.9914845,0.000254324444
720.0,174.551247,5494.85182,-72.629315,-72.629315,-41.7923652,-41.7923652,-39.692752,-39.692752,0.0506072145,170.173414,170.173414,0.000902989645,0.000902989645,0.00273105273,0.00273105273,0.570274052,2250.3914,59.72098,0.00263489866,0.000157398598,0.0,5494.85182,2286.47794,0.0506072145,-169.920882,0.000360874414
720.5,228.799665,5490.20521,-95.5851555,-95.5851555,-54.9514954,-54.9514954,-51.8582332,-51.8582332,0.0547311254,182.06297,182.06297,0.00104348116,0.00104348116,0.00315594566,0.00315594566,0.570537646,2250.3914,59.72098,0.00284961289,6.4523732e-05,0.0,5490.20521,2284.5469,0.0547311254,-197.285776,0.000452452006
721.0,243.31538,5416.04875,-101.7361625,-101.7361625,-57.7020558,-57.7020558,-54.3283727,-54.3283727,0.0555367299,182.06297,182.06297,0.00105884044,0.00105884044,0.00320239186,0.00320239186,0.57083753,2250.3914,59.72098,0.00289155722,-3.321276e-06,0.0,5416.04875,2253.69031,0.0555367299,-202.63149,0.000471385234
721.5,243.31538,5401.192779999999,-101.2575535,-101.2575535,-57.2724466,-57.2724466,-53.9227075,-53.9227075,0.0555124878,182.06297,182.06297,0.00105837829,0.00105837829,0.00320099428,0.00320099428,0.571137207,2250.3914,59.72098,0.0028902951,-9.6806e-07,0.0,5401.192779999999,2247.50862,0.0555124878,-202.470635,0.000470805303
722.0,243.31538,5400.86774,-101.245562,-101.245562,-57.2622168,-57.2622168,-53.913076,-53.913076,0.0555118564,182.06297,182.06297,0.00105836624,0.00105836624,0.00320095783,0.00320095783,0.571436405,2250.3914,59.72098,0.00289026219,-1.044105e-06,0.0,5400.86774,2247.37337,0.0555118564,-202.466444,0.000470790192
722.5,243.31538,5400.86186,-101.2453336,-101.2453336,-57.2620226,-57.2620226,-53.9128931,-53.9128931,0.0554898087,181.826008,181.826008,0.00105657276,0.00105657276,0.00319553331,0.00319553331,0.571735606,2250.3914,59.72098,0.00288911431,-1.0004877e-05,0.0,5400.86186,2247.3708,0.0554898087,-202.320146,0.000470264113
723.0,243.31538,5400.86315,-101.245316,-101.245316,-57.2620281,-57.2620281,-53.9128988,-53.9128988,0.0543790355,170.01744,170.01744,0.000968440971,0.000968440971,0.00292897496,0.00292897496,0.572034775,2250.3914,59.72098,0.00283128113,-4.9653072e-05,0.0,5400.86315,2247.3708,0.0543790355,-194.949425,0.000444127063
723.5,243.31538,5400.86538,-101.245316,-101.245316,-57.2620545,-57.2620545,-53.9129242,-53.9129242,0.0526747298,151.916243,151.916243,0.00083824942,0.00083824942,0.00253520954,0.00253520954,0.572333946,2250.3914,59.72098,0.00274254531,-4.9753574e-05,0.0,5400.86538,2247.3708,0.0526747298,-183.640227,0.000405256634
724.0,243.31538,5400.867850000001,-101.245316,-101.245316,-57.2620801,-57.2620801,-53.9129497,-53.9129497,0.0509702564,133.814594,133.814594,0.00071451435,0.00071451435,0.00216097728,0.00216097728,0.572633115,2250.3914,59.72098,0.00265380074,-5.032002e-05,0.0,5400.867850000001,2247.3708,0.0509702564,-172.329917,0.000367997381
724.5,243.31538,5400.8703,-101.245316,-101.245316,-57.2621049,-57.2621049,-53.9129753,-53.9129753,0.049266002,115.714255,115.714255,0.000597250684,0.000597250684,0.00180632234,0.00180632234,0.572932288,2250.3914,59.72098,0.00256506759,-5.0095581e-05,0.0,5400.8703,2247.3708,0.049266002,-161.021044,0.000332357614
725.0,243.31538,5400.87258,-101.245316,-101.245316,-57.262131,-57.262131,-53.9130011,-53.9130011,0.0475615093,97.6127358,97.6127358,0.00048643943,0.00048643943,0.00147118714,0.00147118714,0.573231443,2250.3914,59.72098,0.00247632207,-4.9449179e-05,0.0,5400.87258,2247.3708,0.0475615093,-149.71061,0.00029832786
725.5,243.31538,5400.875,-101.245316,-101.245316,-57.2621546,-57.2621546,-53.9130249,-53.9130249,0.0458571694,79.5124222,79.5124222,0.000382097278,0.000382097278,0.00115562137,0.00115562137,0.573530605,2250.3914,59.72098,0.00238758436,-4.8527963e-05,0.0,5400.875,2247.3708,0.0458571694,-138.401177,0.000265915989
726.0,243.31538,5400.877460000001,-101.245316,-101.245316,-57.2621803,-57.2621803,-53.9130503,-53.9130503,0.0441527944,61.4105069,61.4105069,0.000284208436,0.000284208436,0.000859575005,0.000859575005,0.573829749,2250.3914,59.72098,0.00229884494,-4.8576777e-05,0.0,5400.877460000001,2247.3708,0.0441527944,-127.0915116,0.000235118285
726.5,243.31538,5400.87996,-101.245316,-101.245316,-57.262206,-57.262206,-53.9130758,-53.9130758,0.0424484064,43.3089277,43.3089277,0.000192782847,0.000192782847,0.000583077352,0.000583077352,0.574128903,2250.3914,59.72098,0.0022101049,-4.7826388e-05,0.0,5400.87996,2247.3708,0.0424484064,-115.7817706,0.000205935263
727.0,243.31538,5400.88235,-101.245316,-101.245316,-57.262231,-57.262231,-53.9131013,-53.9131013,0.0407439944,25.2078815,25.2078815,0.000107820972,0.000107820972,0.000326128165,0.000326128165,0.574428047,2250.3914,59.72098,0.00212136356,-4.874218e-05,0.0,5400.88235,2247.3708,0.0407439944,-104.471867,0.000178366674
727.5,243.31538,5400.88458,-101.2453178,-101.2453178,-57.2622574,-57.2622574,-53.9131262,-53.9131262,0.0390661595,7.39136808,7.39136808,3.0465728e-05,3.0465728e-05,9.2155623e-05,9.2155623e-05,0.574727186,2250.3914,59.72098,0.00203400592,-3.8643256e-05,0.0,5400.88458,2247.3708,0.0390661595,-93.33831,0.000152795698
728.0,243.31538,5400.8853,-101.24533,-101.24533,-57.2622724,-57.2622724,-53.913143,-53.913143,0.0384906084,1.289618,1.289618,5.198098e-06,5.198098e-06,1.5723744e-05,1.5723744e-05,0.575026311,2250.3914,59.72098,0.00200403948,5.44177e-07,0.0,5400.8853,2247.3708,0.0384906084,-89.5191566,0.000144330917
728.5,243.31538,5400.8853,-101.24533,-101.24533,-57.26227,-57.26227,-53.9131406,-53.9131406,0.0384905402,1.289618,1.289618,5.198089e-06,5.198089e-06,1.5723716e-05,1.5723716e-05,0.57532545,2250.3914,59.72098,0.00200403589,1.70635e-07,0.0,5400.8853,2247.3708,0.0384905402,-89.5186968,0.000144329916
729.0,243.155867,5400.62947,-101.217456,-101.217456,-57.2437992,-57.2437992,-53.896026,-53.896026,0.0384838327,1.289618,1.289618,5.197183e-06,5.197183e-06,1.5720976e-05,1.5720976e-05,0.57562455,2250.3914,59.72098,0.00200368671,-3.383289e-06,0.0,5400.62947,2247.26432,0.0384838327,-89.4741896,0.000144233104
729.5,236.047814,5387.11723,-98.3473026,-98.3473026,-55.4819251,-55.4819251,-52.2716331,-52.2716331,0.0380978703,1.289618,1.289618,5.14506e-06,5.14506e-06,1.5563307e-05,1.5563307e-05,0.575921031,2250.3914,59.72098,0.00198359128,-1.8247791e-05,0.0,5387.11723,2241.64145,0.0380978703,-86.913074,0.000138707873
730.0,225.26449,5383.03643,-93.7385806,-93.7385806,-52.8414119,-52.8414119,-49.8464735,-49.8464735,0.0374988079,1.289618,1.289618,5.064157e-06,5.064157e-06,1.5318585e-05,1.5318585e-05,0.576207662,2250.3914,59.72098,0.00195240073,-1.7199115e-05,0.0,5383.03643,2239.9431,0.0374988079,-82.9378985,0.000130282483
730.5,214.481159,5382.94132,-89.2474584,-89.2474584,-50.3088179,-50.3088179,-47.5186376,-47.5186376,0.0369057727,1.289618,1.289618,4.984069e-06,4.984069e-06,1.5076325e-05,1.5076325e-05,0.576483934,2250.3914,59.72098,0.00192152393,-1.7186666e-05,0.0,5382.94132,2239.90309,0.0369057727,-79.0027133,0.000122138784
731.0,203.69783,5382.9402,-84.7604925,-84.7604925,-47.7795049,-47.7795049,-45.1906098,-45.1906098,0.0363129499,1.289618,1.289618,4.904009e-06,4.904009e-06,1.4834152e-05,1.4834152e-05,0.576749806,2250.3914,59.72098,0.0018906582,-1.6342626e-05,0.0,5382.9402,2239.90237,0.0363129499,-75.0689425,0.000114193422
731.5,192.914502,5382.941440000001,-80.2735815,-80.2735815,-45.2502426,-45.2502426,-42.8582548,-42.8582548,0.0357201081,1.289618,1.289618,4.823946e-06,4.823946e-06,1.4591971e-05,1.4591971e-05,0.577005042,2250.3914,59.72098,0.00185979147,-1.804811e-05,0.0,5382.941440000001,2239.90246,0.0357201081,-71.1350381,0.00010644317
732.0,184.646207,5388.73389,-76.6878281,-76.6878281,-43.2753058,-43.2753058,-41.0333911,-41.0333911,0.0352578491,1.289618,1.289618,4.761519e-06,4.761519e-06,1.4403134e-05,1.4403134e-05,0.57724993,2250.3914,59.72098,0.00183572373,-5.98572e-06,0.0,5388.73389,2242.31252,0.0352578491,-68.0676535,0.000100528475
732.5,184.10658,5400.227000000001,-76.5844779,-76.5844779,-43.3093236,-43.3093236,-41.0704493,-41.0704493,0.0362763189,12.37882424,12.37882424,4.774068e-05,4.774068e-05,0.000144407054,0.000144407054,0.577491121,2250.3914,59.72098,0.00188875101,6.8124987e-05,0.0,5400.227000000001,2247.09554,0.0362763189,-74.8258704,0.000113879716
733.0,184.10658,5400.8716,-76.6076512,-76.6076512,-43.3275991,-43.3275991,-41.0876975,-41.0876975,0.0392107428,43.5362184,43.5362184,0.000179574996,0.000179574996,0.000543135235,0.000543135235,0.577732688,2250.3914,59.72098,0.00204153381,8.4670515e-05,0.0,5400.8716,2247.36538,0.0392107428,-94.297728,0.000155082094
733.5,184.10658,5400.88002,-76.6081216,-76.6081216,-43.3279322,-43.3279322,-41.0880127,-41.0880127,0.0421804283,75.0753147,75.0753147,0.000332426155,0.000332426155,0.001005408582,0.001005408582,0.577974268,2250.3914,59.72098,0.00219615243,8.4957838e-05,0.0,5400.88002,2247.37064,0.0421804283,-114.0035599,0.000201629373
734.0,184.10658,5400.87604,-76.60813,-76.60813,-43.3279061,-43.3279061,-41.0879856,-41.0879856,0.0451502461,106.614867,106.614867,0.000504897315,0.000504897315,0.00152702718,0.00152702718,0.578215832,2250.3914,59.72098,0.00235077802,8.1130115e-05,0.0,5400.87604,2247.3708,0.0451502461,-133.7102784,0.000253081643
734.5,184.10658,5400.87184,-76.60813,-76.60813,-43.3278729,-43.3278729,-41.0879523,-41.0879523,0.0481199218,138.155231,138.155231,0.000696988209,0.000696988209,0.00210799501,0.00210799501,0.578457393,2250.3914,59.72098,0.00250539621,8.6689903e-05,0.0,5400.87184,2247.3708,0.0481199218,-153.416051,0.000309434176
735.0,184.10658,5400.86781,-76.608125,-76.608125,-43.3278375,-43.3278375,-41.0879187,-41.0879187,0.0509658933,168.373037,168.373037,0.000899172613,0.000899172613,0.00271950323,0.00271950323,0.578698953,2250.3914,59.72098,0.00265357357,6.0404052e-05,0.0,5400.86781,2247.37076,0.0509658933,-172.30096,0.00036797327
735.5,184.10658,5400.8667,-76.60811,-76.60811,-43.327818,-43.327818,-41.0879004,-41.0879004,0.0517168877,176.33067,176.33067,0.000954968129,0.000954968129,0.00288825912,0.00288825912,0.578940488,2250.3914,59.72098,0.00269267465,-1.001095e-06,0.0,5400.8667,2247.37076,0.0517168877,-177.284309,0.000384053113
736.0,184.10658,5400.8667,-76.60811,-76.60811,-43.32782,-43.32782,-41.087902,-41.087902,0.0517168562,176.33067,176.33067,0.000954967521,0.000954967521,0.00288825733,0.00288825733,0.579182017,2250.3914,59.72098,0.00269267297,1.425038e-06,0.0,5400.8667,2247.3708,0.0517168562,-177.284095,0.000384052422
736.5,184.10658,5400.8667,-76.60811,-76.60811,-43.32782,-43.32782,-41.087902,-41.087902,0.0517168697,176.33067,176.33067,0.000954967786,0.000954967786,0.00288825808,0.00288825808,0.579423559,2250.3914,59.72098,0.00269267371,2.08194e-07,0.0,5400.8667,2247.3708,0.0517168697,-177.284185,0.000384052706
737.0,184.10658,5400.8667,-76.60811,-76.60811,-43.32782,-43.32782,-41.087902,-41.087902,0.0517168583,176.33067,176.33067,0.000954967586,0.000954967586,0.00288825751,0.00288825751,0.579665089,2250.3914,59.72098,0.0026926731,-3.91578e-07,0.0,5400.8667,2247.3708,0.0517168583,-177.284115,0.000384052481
737.5,184.10658,5400.8667,-76.60811,-76.60811,-43.32782,-43.32782,-41.087902,-41.087902,0.051716871,176.33067,176.33067,0.000954967813,0.000954967813,0.00288825816,0.00288825816,0.579906612,2250.3914,59.72098,0.00269267372,1.875836e-06,0.0,5400.8667,2247.3708,0.051716871,-177.284193,0.000384052743
738.0,184.10658,5400.8667,-76.60811,-76.60811,-43.32782,-43.32782,-41.087902,-41.087902,0.0517168983,176.33067,176.33067,0.000954968323,0.000954968323,0.00288825968,0.00288825968,0.580148138,2250.3914,59.72098,0.00269267522,-5.2956e-08,0.0,5400.8667,2247.3708,0.0517168983,-177.284375,0.00038405334
738.5,184.10658,5400.8667,-76.60811,-76.60811,-43.32782,-43.32782,-41.087902,-41.087902,0.0517169053,176.33067,176.33067,0.000954968442,0.000954968442,0.00288826009,0.00288826009,0.580389656,2250.3914,59.72098,0.00269267555,-2.70906e-07,0.0,5400.8667,2247.3708,0.0517169053,-177.284419,0.000384053482
739.0,184.10658,5400.8667,-76.60811,-76.60811,-43.32782,-43.32782,-41.087902,-41.087902,0.0517168756,176.33067,176.33067,0.000954967892,0.000954967892,0.00288825848,0.00288825848,0.580631162,2250.3914,59.72098,0.00269267399,-4.90602e-07,0.0,5400.8667,2247.3708,0.0517168756,-177.284227,0.000384052841
739.5,184.10658,5400.8667,-76.60811,-76.60811,-43.32782,-43.32782,-41.087902,-41.087902,0.0517168755,176.33067,176.33067,0.000954967891,0.000954967891,0.00288825841,0.00288825841,0.580872662,2250.3914,59.72098,0.00269267402,2.87148e-07,0.0,5400.8667,2247.3708,0.0517168755,-177.284223,0.000384052826
740.0,184.10658,5400.86709,-76.6080945,-76.6080945,-43.3278145,-43.3278145,-41.0878971,-41.0878971,0.0513312924,172.217247,172.217247,0.000926223521,0.000926223521,0.00280131987,0.00280131987,0.581114166,2250.3914,59.72098,0.0026725983,-5.8255601e-05,0.0,5400.86709,2247.37074,0.0513312924,-174.725621,0.000375809324
740.5,173.851771,5376.66173,-73.268798,-73.268798,-41.2698339,-41.2698339,-39.1624031,-39.1624031,0.0455747881,116.512907,116.512907,0.000561449697,0.000561449697,0.00169806946,0.00169806946,0.581354341,2250.3914,59.72098,0.00237288205,-0.000249480092,0.0,5376.66173,2237.29523,0.0455747881,-136.5273915,0.000262433001
741.0,102.2192864,5274.70736,-42.8821131,-42.8821131,-23.696146,-23.696146,-22.56809705,-22.56809705,0.0349310975,45.5852394,45.5852394,0.000173631337,0.000173631337,0.000525159385,0.000525159385,0.581549024,2250.3914,59.72098,0.00181871111,-0.000328228397,0.0,5274.70736,2194.86505,0.0349310975,-65.8994309,9.9315934e-05
741.5,53.1347188,5334.8323,-20.9146615,-20.9146615,-11.6837129,-11.6837129,-11.0087386,-11.0087386,0.00775195917,-25.333363457,-25.333363457,2.55978e-05,2.55978e-05,0.00013087108,0.00013087108,0.581652389,2250.3914,59.72098,0.000403610967,-0.002074292866,0.0,5334.8323,2219.86767,0.00775195917,-3.532675666,1.2487226e-05
742.0,52.682022,5398.77736,-21.8410202,-21.8410202,-12.3480279,-12.3480279,-11.6530299,-11.6530299,-0.0311589313,-96.2697741,-96.2697741,0.000318208726,0.000318208726,0.000962445799,0.000962445799,0.58173242,2250.3914,59.72098,-0.00162231078,-0.000188227461,0.0,5398.77736,2246.45289,-0.0311589313,40.8686045,5.4359901e-05
742.5,52.682022,6034.07439,-8.94026791,-8.94026791,-5.56966554,-5.56966554,-4.91311145,-4.91311145,-0.0377262284,-159.061954,-159.061954,0.000629971293,0.000629971293,0.00190538477,0.00190538477,0.581793451,2535.5062,59.72098,-0.0019642415,-0.00012393116,0.0,6034.07439,2510.80091,-0.0377262284,84.4469754,0.000133890288
743.0,52.682022,7510.470859999999,-8.52300515,-8.52300515,-6.70673387,-6.70673387,-5.86371447,-5.86371447,-0.0386538721,-168.65175,-168.65175,0.000682672594,0.000682672594,0.00206478416,0.00206478416,0.581831168,3130.35586,59.72098,-0.00201253994,-1.452704e-06,0.0,7510.470859999999,3125.13975,-0.0386538721,90.602517,0.000146697223
743.5,52.682022,8931.1503,-10.0545918,-10.0545918,-9.48695594,-9.48695594,-8.28059394,-8.28059394,-0.0385770412,-168.65175,-168.65175,0.000681315664,0.000681315664,0.0020606805,0.0020606805,0.581878739,3716.02918,59.72098,-0.00200853966,2.2859218e-05,0.0,8931.1503,3716.29504,-0.0385770412,90.0926909,0.000145589798
744.0,52.682022,9441.237949999999,-22.8177532,-22.8177532,-22.5607563,-22.5607563,-21.1105131,-21.1105131,-0.0379302824,-168.65175,-168.65175,0.000669893143,0.000669893143,0.00202613621,0.00202613621,0.581982859,3917.2637,59.72098,-0.00197486568,7.00332e-07,0.0,9441.237949999999,3928.54663,-0.0379302824,85.8010141,0.000136322557
744.5,52.682022,9402.6121,-21.9625406,-21.9625406,-21.6251835,-21.6251835,-20.1954355,-20.1954355,-0.0379735584,-168.652965,-168.652965,0.000670662294,0.000670662294,0.0020284623,0.0020284623,0.582118437,3917.2637,59.72098,-0.00197711891,-2.302328e-06,0.0,9402.6121,3912.47406,-0.0379735584,86.0881834,0.000136934681
745.0,52.682022,9401.509300000002,-21.9221514,-21.9221514,-21.5828791,-21.5828791,-20.1539728,-20.1539728,-0.0393366612,-183.127528,-183.127528,0.000754926257,0.000754926257,0.00228332851,0.00228332851,0.582251934,3917.2637,59.72098,-0.00204808973,-6.8669088e-05,0.0,9401.509300000002,3912.01454,-0.0393366612,95.1332686,0.00015689501
745.5,52.682022,9401.4918,-21.9213736,-21.9213736,-21.5820731,-21.5820731,-20.1531822,-20.1531822,-0.0418164552,-209.46441,-209.46441,0.000917810995,0.000917810995,0.00277599703,0.00277599703,0.582385353,3917.2637,59.72098,-0.00217720184,-6.8927134e-05,0.0,9401.4918,3912.00577,-0.0418164552,111.5883499,0.000195599621
746.0,52.682022,9401.494900000002,-21.9213588,-21.9213588,-21.5820664,-21.5820664,-20.1531738,-20.1531738,-0.0442963008,-235.803271,-235.803271,0.00109438459,0.00109438459,0.00331007689,0.00331007689,0.582518773,3917.2637,59.72098,-0.00230631676,-7.5231402e-05,0.0,9401.494900000002,3912.0056,-0.0442963008,128.043782,0.000237723637
746.5,52.682022,9401.4985,-21.921358,-21.921358,-21.5820735,-21.5820735,-20.1531809,-20.1531809,-0.046776216,-262.139117,-262.139117,0.00128462492,0.00128462492,0.0038855023,0.0038855023,0.582652179,3917.2637,59.72098,-0.00243543516,-7.4119494e-05,0.0,9401.4985,3912.0056,-0.046776216,144.499666,0.000283267524
747.0,52.682022,9401.502100000002,-21.921358,-21.921358,-21.5820816,-21.5820816,-20.1531878,-20.1531878,-0.0492559613,-288.476092,-288.476092,0.00148854473,0.00148854473,0.00450231337,0.00450231337,0.582785573,3917.2637,59.72098,-0.00256454481,-7.7185377e-05,0.0,9401.502100000002,3912.0056,-0.0492559613,160.954425,0.00033222682
747.5,52.682022,9401.5056,-21.921358,-21.921358,-21.5820894,-21.5820894,-20.1531941,-20.1531941,-0.0517359358,-314.812583,-314.812583,0.001706148,0.001706148,0.00516052361,0.00516052361,0.582918987,3917.2637,59.72098,-0.00269366637,-6.9981238e-05,0.0,9401.5056,3912.0056,-0.0517359358,177.410704,0.000384609541
748.0,52.682022,9401.5092,-21.921358,-21.921358,-21.5820976,-21.5820976,-20.153201,-20.153201,-0.0542157146,-341.15017,-341.15017,0.00193742949,0.00193742949,0.00586011821,0.00586011821,0.583052367,3917.2637,59.72098,-0.00282277769,-7.3272111e-05,0.0,9401.5092,3912.0056,-0.0542157146,193.865681,0.000440406601
748.5,52.682022,9401.512700000001,-21.9213584,-21.9213584,-21.5821061,-21.5821061,-20.1532085,-20.1532085,-0.0566905211,-367.43146,-367.43146,0.00218185147,0.00218185147,0.00659947231,0.00659947231,0.583185749,3917.2637,59.72098,-0.00295163024,-6.5965232e-05,0.0,9401.512700000001,3912.0056,-0.0566905211,210.287667,0.000499496869
749.0,52.682022,9401.514,-21.9213799,-21.9213799,-21.5821293,-21.5821293,-20.1532309,-20.1532309,-0.0577602294,-378.7731,-378.7731,0.00229106093,0.00229106093,0.00692982376,0.00692982376,0.583319137,3917.2637,59.72098,-0.00300732526,4.54679e-07,0.0,9401.514,3912.0056,-0.0577602294,217.385893,0.000525955364
749.5,52.682022,9401.514,-21.92138,-21.92138,-21.582129,-21.582129,-20.15323,-20.15323,-0.0577602733,-378.7731,-378.7731,0.00229106269,0.00229106269,0.00692982902,0.00692982902,0.583452517,3917.2637,59.72098,-0.00300732759,-8.84268e-07,0.0,9401.514,3912.0056,-0.0577602733,217.386183,0.000525956474
750.0,52.682022,9401.514,-21.92138,-21.92138,-21.582129,-21.582129,-20.15323,-20.15323,-0.0577602643,-378.7731,-378.7731,0.00229106233,0.00229106233,0.00692982789,0.00692982789,0.583585899,3917.2637,59.72098,-0.00300732706,1.465933e-06,0.0,9401.514,3912.0056,-0.0577602643,217.386121,0.000525956231
750.5,52.682022,9401.514,-21.92138,-21.92138,-21.582129,-21.582129,-20.15323,-20.15323,-0.0577602846,-378.7731,-378.7731,0.00229106321,0.00229106321,0.00692983042,0.00692983042,0.583719269,3917.2637,59.72098,-0.00300732817,-3.53681e-07,0.0,9401.514,3912.0056,-0.0577602846,217.386265,0.000525956756
751.0,59.7926454,9418.5371,-24.3191364,-24.3191364,-23.9935348,-23.9935348,-22.5217946,-22.5217946,-0.0573987355,-378.7731,-378.7731,0.00227672231,0.00227672231,0.00688645592,0.00688645592,0.583854648,3917.2637,59.72098,-0.00298850387,3.4118073e-05,0.0,9418.5371,3919.08922,-0.0573987355,214.987145,0.000516954484
751.5,76.51301,9423.58,-32.3764353,-32.3764353,-31.9507193,-31.9507193,-30.3269876,-30.3269876,-0.0564227687,-378.7731,-378.7731,0.00223801052,0.00223801052,0.00676937037,0.00676937037,0.58402709,3917.2637,59.72098,-0.00293768943,-7.99907e-07,0.0,9423.58,3921.18826,-0.0564227687,208.510954,0.000492801415
752.0,76.51301,9402.1096,-31.859509,-31.859509,-31.3684475,-31.3684475,-29.7668814,-29.7668814,-0.056448906,-378.7731,-378.7731,0.00223904725,0.00223904725,0.00677250591,0.00677250591,0.584213721,3917.2637,59.72098,-0.00293905037,8.58386e-07,0.0,9402.1096,3912.25422,-0.056448906,208.684391,0.000493439733
752.5,76.51301,9401.5232,-31.8380574,-31.8380574,-31.3453694,-31.3453694,-29.7446273,-29.7446273,-0.0562104579,-376.217718,-376.217718,0.00221473842,0.00221473842,0.00669897327,0.00669897327,0.584399261,3917.2637,59.72098,-0.00292663538,4.0016236e-05,0.0,9401.5232,3912.01032,-0.0562104579,207.102122,0.000487677432
753.0,76.51301,9401.507399999999,-31.8376722,-31.8376722,-31.3449375,-31.3449375,-29.7442119,-29.7442119,-0.0528431148,-340.427691,-340.427691,0.00188554381,0.00188554381,0.00570319,0.00570319,0.584584797,3917.2637,59.72098,-0.00275131235,0.000125111416,0.0,9401.507399999999,3912.00573,-0.0528431148,184.757569,0.000409386627
753.5,76.51301,9401.501,-31.8376622,-31.8376622,-31.3449072,-31.3449072,-29.7441834,-29.7441834,-0.0485222598,-294.53901,-294.53901,0.00149833615,0.00149833615,0.0045319475,0.0045319475,0.584770314,3917.2637,59.72098,-0.00252634422,0.00012381292,0.0,9401.501,3912.0056,-0.0485222598,156.085832,0.000317671882
754.0,76.51301,9401.4949,-31.837662,-31.837662,-31.3448868,-31.3448868,-29.744166,-29.744166,-0.0442012739,-248.649621,-248.649621,0.00115264918,0.00115264918,0.00348632475,0.00348632475,0.584955848,3917.2637,59.72098,-0.00230136911,0.00012016253,0.0,9401.4949,3912.0056,-0.0442012739,127.4132159,0.000236333521
754.5,76.51301,9401.4886,-31.837662,-31.837662,-31.3448668,-31.3448668,-29.7441472,-29.7441472,-0.0398807051,-202.762018,-202.762018,0.000848507485,0.000848507485,0.0025663889,0.0025663889,0.585141374,3917.2637,59.72098,-0.00207641573,0.000123722848,0.0,9401.4886,3912.0056,-0.0398807051,98.7433643,0.00016538078
755.0,76.212202,9400.9276,-31.7753011,-31.7753011,-31.2816265,-31.2816265,-29.6828829,-29.6828829,-0.03557324,-156.873294,-156.873294,0.000586073644,0.000586073644,0.00177262412,0.00177262412,0.585326893,3917.2637,59.72098,-0.00185214472,0.000119446043,0.0,9400.9276,3911.7747,-0.03557324,70.1604738,0.000104960159
755.5,67.169008,9384.156,-28.0871239,-28.0871239,-27.6020662,-27.6020662,-26.0769345,-26.0769345,-0.0317453485,-110.984726,-110.984726,0.000370374355,0.000370374355,0.001120224707,0.001120224707,0.585504969,3917.2637,59.72098,-0.00165284299,0.000102267872,0.0,9384.156,3904.79802,-0.0317453485,44.7598694,5.9813701e-05
756.0,54.1024055,9379.8239,-22.5161073,-22.5161073,-22.1165265,-22.1165265,-20.6926298,-20.6926298,-0.0289304292,-73.4097375,-73.4097375,0.000222601856,0.000222601856,0.000673281122,0.000673281122,0.58565624,3917.2637,59.72098,-0.0015062823,2.9808755e-05,0.0,9379.8239,3902.99714,-0.0289304292,26.0810118,3.1643075e-05
756.5,41.035804,9379.72755,-17.07538175,-17.07538175,-16.7721699,-16.7721699,-15.4283004,-15.4283004,-0.0293052638,-69.77523,-69.77523,0.000214129017,0.000214129017,0.000647653699,0.000647653699,0.585777333,3917.2637,59.72098,-0.00152579832,-2.3763889e-05,0.0,9379.72755,3902.95663,-0.0293052638,28.5682864,3.5080433e-05
757.0,27.9692013,9379.7274,-11.6383758,-11.6383758,-11.4317098,-11.4317098,-10.14923404,-10.14923404,-0.030023684,-69.77523,-69.77523,0.000219378403,0.000219378403,0.000663529319,0.000663529319,0.585866395,3917.2637,59.72098,-0.00156320335,-2.1286764e-05,0.0,9379.7274,3902.95606,-0.030023684,33.3354841,4.1935514e-05
757.5,14.9025996,9379.72795,-6.20071652,-6.20071652,-6.09060882,-6.09060882,-4.83119294,-4.83119294,-0.0307420996,-69.77523,-69.77523,0.000224627753,0.000224627753,0.000679404732,0.000679404732,0.585920591,3917.2637,59.72098,-0.00160060814,-2.0160722e-05,0.0,9379.72795,3902.95586,-0.0307420996,38.1026471,4.9077456e-05
758.0,1.835997633,9379.729,-0.7639301783,-0.7639301783,-0.7503650153,-0.7503650153,-0.3139767426,-0.3139767426,-0.0314594721,-69.77523,-69.77523,0.000229869477,0.000229869477,0.00069525704,0.00069525704,0.585939971,3917.2637,59.72098,-0.00163795857,-2.1185554e-05,0.0,9379.729,3902.95597,-0.0314594721,42.8628848,5.6495263e-05
758.5,-11.23060436,9379.7299,4.67360343,4.67360343,4.59061448,4.59061448,6.0229828,6.0229828,-0.0321788143,-69.77523,-69.77523,0.000235125602,0.000235125602,0.000711152795,0.000711152795,0.585917097,3917.2637,59.72098,-0.00167541166,-2.095977e-05,0.0,9379.7299,3902.95616,-0.0321788143,47.6362036,6.4220823e-05
759.0,-24.2972064,9379.7303,10.11024493,10.11024493,9.93071865,9.93071865,11.4271092,11.4271092,-0.0328971967,-69.77523,-69.77523,0.000240374714,0.000240374714,0.000727027281,0.000727027281,0.585838787,3917.2637,59.72098,-0.00171281472,-2.1377544e-05,0.0,9379.7303,3902.95591,-0.0328971967,52.4031482,7.2223095e-05
759.5,-35.6340071,9383.8254,14.9776971,14.9776971,14.71849605,14.71849605,16.1893849,16.1893849,-0.0335284084,-69.77523,-69.77523,0.000244986884,0.000244986884,0.00074097543,0.00074097543,0.585702605,3917.2637,59.72098,-0.00174567921,-1.1190768e-05,0.0,9383.8254,3904.65953,-0.0335284084,56.5916609,7.9483105e-05
760.0,-37.170856,9399.96225,15.5199428,15.5199428,15.27723,15.27723,16.7559092,16.7559092,-0.0336082444,-69.77523,-69.77523,0.000245570227,0.000245570227,0.000742739577,0.000742739577,0.585530069,3917.2637,59.72098,-0.00174983588,-4.25751e-07,0.0,9399.96225,3911.37409,-0.0336082444,57.1214218,8.0414331e-05
760.5,-37.170856,9401.4496,15.4681993,15.4681993,15.2287132,15.2287132,16.7085166,16.7085166,-0.033605625,-69.77523,-69.77523,0.000245551082,0.000245551082,0.000742681676,0.000742681676,0.585357824,3917.2637,59.72098,-0.00174969947,5.34923e-07,0.0,9401.4496,3911.9929,-0.033605625,57.1040348,8.0383587e-05
761.0,-37.170856,9401.47955,15.46708925,15.46708925,15.22766855,15.22766855,16.707495,16.707495,-0.033605563,-69.77523,-69.77523,0.000245550631,0.000245550631,0.000742680321,0.000742680321,0.585185765,3917.2637,59.72098,-0.00174969626,1.75641e-07,0.0,9401.47955,3912.00545,-0.033605563,57.1036247,8.038286e-05
761.5,-37.170856,9401.48,15.4670688,15.4670688,15.2276492,15.2276492,16.7074762,16.7074762,-0.0336055153,-69.77523,-69.77523,0.000245550288,0.000245550288,0.000742679267,0.000742679267,0.585013675,3917.2637,59.72098,-0.0017496938,-3.52022e-07,0.0,9401.48,3912.0056,-0.0336055153,57.1033113,8.0382305e-05
762.0,-37.170856,9401.48,15.467068,15.467068,15.227649,15.227649,16.707476,16.707476,-0.0336055502,-69.77523,-69.77523,0.000245550544,0.000245550544,0.000742680042,0.000742680042,0.58484158,3917.2637,59.72098,-0.00174969561,-9.95787e-07,0.0,9401.48,3912.0056,-0.0336055502,57.103546,8.038272e-05
762.5,-37.170856,9401.48,15.467068,15.467068,15.227649,15.227649,16.707476,16.707476,-0.0336055948,-69.77523,-69.77523,0.000245550871,0.000245550871,0.000742681019,0.000742681019,0.584669458,3917.2637,59.72098,-0.00174969796,-5.99197e-07,0.0,9401.48,3912.0056,-0.0336055948,57.1038396,8.0383242e-05
763.0,-37.170856,9401.48,15.467068,15.467068,15.227649,15.227649,16.707476,16.707476,-0.0336055389,-69.77523,-69.77523,0.000245550459,0.000245550459,0.00074267979,0.00074267979,0.584497331,3917.2637,59.72098,-0.00174969505,8.65353e-07,0.0,9401.48,3912.0056,-0.0336055389,57.1034701,8.0382586e-05
763.5,-37.170856,9401.48,15.467068,15.467068,15.227649,15.227649,16.707476,16.707476,-0.0336055183,-69.77523,-69.77523,0.000245550307,0.000245550307,0.00074267933,0.00074267933,0.584325169,3917.2637,59.72098,-0.00174969396,1.21009e-07,0.0,9401.48,3912.0056,-0.0336055183,57.1033315,8.0382341e-05
764.0,-37.170856,9401.4799,15.4670647,15.4670647,15.2276455,15.2276455,16.7074726,16.7074726,-0.0335291731,-68.96016,-68.96016,0.00024215092,0.00024215092,0.000732397968,0.000732397968,0.584153003,3917.2637,59.72098,-0.00174571897,1.3111228e-05,0.0,9401.4799,3912.0056,-0.0335291731,56.5967312,7.9493276e-05
764.5,-37.170856,9401.4788,15.4670548,15.4670548,15.2276328,15.2276328,16.7074592,16.7074592,-0.0323668359,-56.6057652,-56.6057652,0.000192072574,0.000192072574,0.000580939312,0.000580939312,0.583980817,3917.2637,59.72098,-0.00168520114,4.189286e-05,0.0,9401.4788,3912.0056,-0.0323668359,48.8838526,6.6328263e-05
765.0,-37.170856,9401.476700000003,15.467056,15.467056,15.2276308,15.2276308,16.7074561,16.7074561,-0.0308527812,-40.5260758,-40.5260758,0.000131145877,0.000131145877,0.00039666935,0.00039666935,0.583808622,3917.2637,59.72098,-0.00160637086,4.414858e-05,0.0,9401.476700000003,3912.0056,-0.0308527812,38.8370913,5.0243998e-05
765.5,-36.6530545,9402.4909,15.3510813,15.3510813,15.1150125,15.1150125,16.5958516,16.5958516,-0.0293155425,-24.4480967,-24.4480967,7.5280458e-05,7.5280458e-05,0.000227706815,0.000227706815,0.583636497,3917.2637,59.72098,-0.00152633351,4.8833155e-05,0.0,9402.4909,3912.42858,-0.0293155425,28.6364944,3.5226224e-05
766.0,-23.0007123,9427.4632,9.76414952,9.76414952,9.63820843,9.63820843,11.19294873,11.19294873,-0.02705634,-8.36757403,-8.36757403,2.4069657e-05,2.4069657e-05,7.2808214e-05,7.2808214e-05,0.583492551,3917.2637,59.72098,-0.00140870659,7.5409134e-05,0.0,9427.4632,3922.8212,-0.02705634,13.64518283,1.5619833e-05
766.5,-3.698818225,9433.42085,1.543686117,1.543686117,1.524933469,1.524933469,2.318766386,2.318766386,0.0046401013,7.710580697,7.710580697,1.4202697e-05,1.4202697e-05,5.0438696e-05,5.0438696e-05,0.583431748,3917.2637,59.72098,0.00024158998,0.001913186958,0.0,9433.42085,3925.31865,0.0046401013,-3.094843376,5.016026e-06
767.0,15.60307545,9433.513,-6.49294304,-6.49294304,-6.41421819,-6.41421819,-5.19076696,-5.19076696,0.0280881563,23.794534,23.794534,7.0346655e-05,7.0346655e-05,0.000212783844,0.000212783844,0.583443396,3917.2637,59.72098,0.00146242873,7.881784e-05,0.0,9433.513,3925.37068,0.0280881563,-20.4919663,2.4261975e-05
767.5,34.8473481,9433.4821,-14.5209623,-14.5209623,-14.3448375,-14.3448375,-13.0162182,-13.0162182,0.0306612863,39.8734334,39.8734334,0.000128383493,0.000128383493,0.000388314642,0.000388314642,0.583508093,3917.2637,59.72098,0.00159640055,7.166696e-05,0.0,9433.4821,3925.35934,0.0306612863,-37.5663975,4.8398667e-05
768.0,43.014603,9411.3897,-18.1704408,-18.1704408,-17.9081886,-17.9081886,-16.5551397,-16.5551397,0.0326378684,55.9532669,55.9532669,0.000191444659,0.000191444659,0.000579039917,0.000579039917,0.583613881,3917.2637,59.72098,0.00169931263,4.3579929e-05,0.0,9411.3897,3916.16779,0.0326378684,-50.6823339,6.9339821e-05
768.5,43.014603,9401.6383,-17.9079651,-17.9079651,-17.6310586,-17.6310586,-16.2891767,-16.2891767,0.033867481,69.144982,69.144982,0.000245266544,0.000245266544,0.000741820439,0.000741820439,0.583725126,3917.2637,59.72098,0.00176333327,1.7007228e-05,0.0,9401.6383,3912.1108,0.033867481,-58.8416355,8.3484299e-05
769.0,43.014603,9401.3904,-17.8988702,-17.8988702,-17.6216397,-17.6216397,-16.2801232,-16.2801232,0.033988979,70.434906,70.434906,0.000250700197,0.000250700197,0.000758254356,0.000758254356,0.583835857,3917.2637,59.72098,0.00176965913,5.60489e-07,0.0,9401.3904,3912.00772,0.033988979,-59.6478525,8.492226e-05
769.5,43.014603,9401.386,-17.8986967,-17.8986967,-17.6214602,-17.6214602,-16.2799509,-16.2799509,0.0339889865,70.434906,70.434906,0.000250700255,0.000250700255,0.000758254543,0.000758254543,0.583946563,3917.2637,59.72098,0.00176965954,-1.291772e-06,0.0,9401.386,3912.0059,0.0339889865,-59.6479054,8.4922357e-05
770.0,43.014603,9401.386,-17.8986894,-17.8986894,-17.6214529,-17.6214529,-16.2799439,-16.2799439,0.0339031343,69.5176277,69.5176277,0.000246836007,0.000246836007,0.000746567251,0.000746567251,0.584057258,3917.2637,59.72098,0.00176518955,-1.5026435e-05,0.0,9401.386,3912.00581,0.0339031343,-59.0782154,8.3905196e-05
770.5,43.873467,9403.3559,-18.1495325,-18.1495325,-17.8723072,-17.8723072,-16.5228766,-16.5228766,0.0326418829,55.6719823,55.6719823,0.000190535425,0.000190535425,0.000576289936,0.000576289936,0.584168113,3917.2637,59.72098,0.00169952161,-4.3901971e-05,0.0,9403.3559,3912.82477,0.0326418829,-50.7089695,6.9386942e-05
771.0,53.2290158,9418.422900000001,-22.0768245,-22.0768245,-21.7745476,-21.7745476,-20.3432584,-20.3432584,0.0314613887,37.6567799,37.6567799,0.000124228735,0.000124228735,0.000375748928,0.000375748928,0.584289623,3917.2637,59.72098,0.0016380584,-2.8372671e-05,0.0,9418.422900000001,3919.09357,0.0314613887,-42.8756085,5.6529036e-05
771.5,64.7536619,9313.45405,-30.4224299,-30.4224299,-29.6243645,-29.6243645,-28.0732852,-28.0732852,0.0305784389,19.643125,19.643125,6.2993331e-05,6.2993331e-05,0.000190543407,0.000190543407,0.584442124,3864.96198,59.72098,0.00159208701,-2.4271379e-05,0.0,9313.45405,3875.4148,0.0305784389,-37.0166476,4.7422597e-05
772.0,76.2783089,8730.46325,-37.5133094,-37.5133094,-34.2730753,-34.2730753,-32.754837,-32.754837,0.0296322659,1.629049397,1.629049397,5.223571e-06,5.223571e-06,2.8265971e-05,2.8265971e-05,0.584635501,3628.18764,59.72098,0.00154282392,-3.1846466e-05,0.0,8730.46325,3632.82752,0.0296322659,-30.7381653,3.8180097e-05
772.5,87.8029553,8121.14814,-42.1855099,-42.1855099,-35.8513832,-35.8513832,-34.3946756,-34.3946756,0.0285632353,-16.38650655,-16.38650655,-4.884882e-05,-4.884882e-05,-1.6149169e-05,-1.6149169e-05,0.58484065,3375.80454,59.72098,0.0014871641,-3.1921994e-05,0.0,8121.14814,3379.28641,0.0285632353,-23.6444349,2.8315389e-05
773.0,99.3276017,7790.58088,-41.397975,-41.397975,-33.7751043,-33.7751043,-32.4287744,-32.4287744,0.0272182749,-34.4019113,-34.4019113,-9.787121e-05,-9.787121e-05,-3.2357233e-05,-3.2357233e-05,0.585044682,3247.1921,59.72098,0.00141713784,-4.1298548e-05,0.0,7790.58088,3241.73418,0.0272182749,-14.7197304,1.6815113e-05
773.5,110.8522481,7811.416340000001,-46.0905059,-46.0905059,-37.7026101,-37.7026101,-36.2220803,-36.2220803,0.0261502747,-52.4160181,-52.4160181,-0.000143374173,-0.000143374173,-4.7401854e-05,-4.7401854e-05,0.585252609,3247.1921,59.72098,0.00136153166,-3.3201963e-05,0.0,7811.416340000001,3250.40324,0.0261502747,-7.63283597,8.386477e-06
774.0,122.376894,7812.40984,-50.9206198,-50.9206198,-41.658859,-41.658859,-40.0289976,-40.0289976,0.01375678285,-70.4258885,-70.4258885,-9.3290637e-05,-9.3290637e-05,6.6219411e-05,6.6219411e-05,0.585479921,3247.1921,59.72098,0.000716256177,-0.001797484326,0.0,7812.40984,3250.80943,0.01375678285,-0.954304603,1.542041e-06
774.5,133.90154,7812.47431,-55.717292,-55.717292,-45.5834535,-45.5834535,-43.7900526,-43.7900526,-0.0259573704,-88.4459371,-88.4459371,0.00024058348,0.00024058348,0.000727675175,0.000727675175,0.585725122,3247.1921,59.72098,-0.00135148798,-3.083287e-05,0.0,7812.47431,3250.8131,-0.0259573704,6.35278816,6.933274e-06
775.0,144.053125,7809.241189999999,-60.0700313,-60.0700313,-49.1239215,-49.1239215,-47.1759223,-47.1759223,-0.0266478106,-101.7665645,-101.7665645,0.000283988899,0.000283988899,0.000858959227,0.000858959227,0.585987384,3247.1921,59.72098,-0.00138743622,-4.844277e-06,0.0,7809.241189999999,3249.46739,-0.0266478106,10.9343163,1.2206081e-05
775.5,145.56122,7794.77605,-60.620302,-60.620302,-49.4823627,-49.4823627,-47.5192969,-47.5192969,-0.0266339321,-102.45683,-102.45683,0.000285762238,0.000285762238,0.000864323045,0.000864323045,0.58625839,3247.1921,59.72098,-0.00138671361,-1.599418e-06,0.0,7794.77605,3243.44833,-0.0266339321,10.8422267,1.2096019e-05
776.0,145.56122,7793.328350000001,-60.5702057,-60.5702057,-49.4322799,-49.4322799,-47.4714656,-47.4714656,-0.0266015387,-102.081416,-102.081416,0.000284378651,0.000284378651,0.000860138269,0.000860138269,0.586529108,3247.1921,59.72098,-0.00138502705,1.6267468e-05,0.0,7793.328350000001,3242.84594,-0.0266015387,10.62727455,1.1844209e-05
776.5,145.56122,7793.26665,-60.5695687,-60.5695687,-49.4313687,-49.4313687,-47.4705971,-47.4705971,-0.002257340641,-82.9088665,-82.9088665,3.9181955e-05,3.9181955e-05,0.000336245036,0.000336245036,0.586799782,3247.1921,59.72098,-0.00011752996,0.001446533828,0.0,7793.26665,3242.83442,-0.002257340641,-1.03223021,4.762929e-06
777.0,145.56122,7793.220200000001,-60.5690703,-60.5690703,-49.4306687,-49.4306687,-47.4699293,-47.4699293,0.0279604667,-53.4421825,-53.4421825,-0.000155773237,-0.000155773237,-5.1501516e-05,-5.1501516e-05,0.587070451,3247.1921,59.72098,0.00145578054,7.9690468e-05,0.0,7793.220200000001,3242.83282,0.0279604667,-19.6446653,2.3184408e-05
777.5,145.56122,7793.21814,-60.5691175,-60.5691175,-49.4306923,-49.4306923,-47.4699514,-47.4699514,0.0307342134,-23.9842328,-23.9842328,-7.648698e-05,-7.648698e-05,-2.5286932e-05,-2.5286932e-05,0.587341106,3247.1921,59.72098,0.00160019757,7.9817002e-05,0.0,7793.21814,3242.8335,0.0307342134,-38.0503184,4.9162048e-05
778.0,145.56122,7793.21435,-60.56912,-60.56912,-49.4306682,-49.4306682,-47.4699298,-47.4699298,0.033508098,5.47537173,5.47537173,1.9918778e-05,1.9918778e-05,7.3521058e-05,7.3521058e-05,0.587611749,3247.1921,59.72098,0.00174462173,7.8529634e-05,0.0,7793.21435,3242.8335,0.033508098,-56.4568865,7.9418412e-05
778.5,145.56122,7793.21038,-60.56912,-60.56912,-49.4306439,-49.4306439,-47.4699063,-47.4699063,0.0362820498,34.9368909,34.9368909,0.00013344685,0.00013344685,0.000403627966,0.000403627966,0.5878824,3247.1921,59.72098,0.00188904937,7.8547204e-05,0.0,7793.21038,3242.8335,0.0362820498,-74.863898,0.000113953013
779.0,145.56122,7793.20642,-60.56912,-60.56912,-49.4306195,-49.4306195,-47.4698827,-47.4698827,0.0390558525,64.3953795,64.3953795,0.000264077846,0.000264077846,0.000798703722,0.000798703722,0.588153056,3247.1921,59.72098,0.0020334693,8.0298275e-05,0.0,7793.20642,3242.8335,0.0390558525,-93.2699273,0.000152763013
779.5,137.9916896,7775.49047,-57.9093375,-57.9093375,-47.1587463,-47.1587463,-45.2978963,-45.2978963,0.0414394473,93.855268,93.855268,0.000407635932,0.000407635932,0.00123288012,0.00123288012,0.588421854,3247.1921,59.72098,0.00215757274,4.3172631e-05,0.0,7775.49047,3235.4632,0.0414394473,-109.0866559,0.000189402559
780.0,102.1852689,7732.11888,-42.6243356,-42.6243356,-34.5144596,-34.5144596,-33.144631,-33.144631,0.0407610875,107.73397,107.73397,0.000459861507,0.000459861507,0.00139084068,0.00139084068,0.588655762,3247.1921,59.72098,0.00212225353,-6.127596e-05,0.0,7732.11888,3217.41552,0.0407610875,-104.5852956,0.000178672636
780.5,63.7351811,7729.26722,-26.5227744,-26.5227744,-21.4677434,-21.4677434,-20.4536799,-20.4536799,0.038642025,107.73397,107.73397,0.000435954488,0.000435954488,0.00131854411,0.00131854411,0.588825031,3247.1921,59.72098,0.00201192306,-5.9511282e-05,0.0,7729.26722,3216.22768,0.038642025,-90.5238974,0.000146627513
781.0,25.28509687,7729.21204,-10.5205412,-10.5205412,-8.51533856,-8.51533856,-7.69865391,-7.69865391,0.036528009,107.73397,107.73397,0.000412104433,0.000412104433,0.00124641876,0.00124641876,0.588921243,3247.1921,59.72098,0.00190185542,-6.2728349e-05,0.0,7729.21204,3216.20344,0.036528009,-76.4960013,0.000117147606
781.5,-13.16498843,7729.217110000001,5.476407922,5.476407922,4.432615936,4.432615936,5.141671715,5.141671715,0.0344140669,107.73397,107.73397,0.000388255203,0.000388255203,0.00117429482,0.00117429482,0.588929626,3247.1921,59.72098,0.00179179159,-5.8704494e-05,0.0,7729.217110000001,3216.20436,0.0344140669,-62.4685946,9.0153033e-05
782.0,-38.9544109,7757.16476,16.7585807,16.7585807,13.6143498,13.6143498,14.540126,14.540126,0.0329669966,107.73397,107.73397,0.000371929537,0.000371929537,0.00112492278,0.00112492278,0.588827444,3247.1921,59.72098,0.00171644894,-1.3316618e-05,0.0,7757.16476,3227.8328,0.0329669966,-52.8663204,7.3006958e-05
782.5,-39.634254,7791.77817,16.5441042,16.5441042,13.4992054,13.4992054,14.43800475,14.43800475,0.0329544945,107.73397,107.73397,0.000371788486,0.000371788486,0.00112449619,0.00112449619,0.588684658,3247.1921,59.72098,0.00171579793,-4.11535e-07,0.0,7791.77817,3242.2357,0.0329544945,-52.783354,7.2861859e-05
783.0,-39.634254,7793.1874,16.4931308,16.4931308,13.4600553,13.4600553,14.39974445,14.39974445,0.0329570341,107.73397,107.73397,0.000371817134,0.000371817134,0.00112458283,0.00112458283,0.588544595,3247.1921,59.72098,0.00171593019,-5.2131e-08,0.0,7793.1874,3242.82204,0.0329570341,-52.8002076,7.2890738e-05
783.5,-39.634254,7793.214620000001,16.4921241,16.4921241,13.45928075,13.45928075,14.398987,14.398987,0.0329570442,107.73397,107.73397,0.000371817256,0.000371817256,0.00112458321,0.00112458321,0.588404657,3247.1921,59.72098,0.00171593073,-8.26243e-07,0.0,7793.214620000001,3242.83334,0.0329570442,-52.8002787,7.2890862e-05
784.0,-39.634254,7793.214999999999,16.4921052,16.4921052,13.4592664,13.4592664,14.39897275,14.39897275,0.0329570777,107.73397,107.73397,0.000371817631,0.000371817631,0.00112458434,0.00112458434,0.588264707,3247.1921,59.72098,0.00171593247,-1.631396e-06,0.0,7793.214999999999,3242.8335,0.0329570777,-52.8004995,7.2891239e-05
784.5,-39.634254,7793.214999999999,16.492105,16.492105,13.459266,13.459266,14.3989725,14.3989725,0.0329571455,107.73397,107.73397,0.000371818396,0.000371818396,0.00112458667,0.00112458667,0.588124754,3247.1921,59.72098,0.00171593599,1.756016e-06,0.0,7793.214999999999,3242.8335,0.0329571455,-52.8009489,7.289201e-05
785.0,-39.634254,7793.214999999999,16.492105,16.492105,13.459266,13.459266,14.3989725,14.3989725,0.0329570609,107.73397,107.73397,0.000371817441,0.000371817441,0.00112458376,0.00112458376,0.587984787,3247.1921,59.72098,0.0017159316,1.374158e-06,0.0,7793.214999999999,3242.8335,0.0329570609,-52.8003858,7.2891047e-05
785.5,-39.634254,7793.214999999999,16.492105,16.492105,13.459266,13.459266,14.3989725,14.3989725,0.0329570788,107.73397,107.73397,0.000371817652,0.000371817652,0.00112458438,0.00112458438,0.5878448,3247.1921,59.72098,0.00171593253,-5.19209e-07,0.0,7793.214999999999,3242.8335,0.0329570788,-52.8005071,7.2891253e-05
786.0,-39.634254,7793.214999999999,16.492105,16.492105,13.459266,13.459266,14.3989725,14.3989725,0.0329570614,107.73397,107.73397,0.000371817451,0.000371817451,0.0011245838,0.0011245838,0.58770482,3247.1921,59.72098,0.0017159316,-1.382127e-06,0.0,7793.214999999999,3242.8335,0.0329570614,-52.8003925,7.2891056e-05
786.5,-39.634254,7793.214999999999,16.492105,16.492105,13.459266,13.459266,14.3989725,14.3989725,0.0329570835,107.73397,107.73397,0.000371817695,0.000371817695,0.00112458453,0.00112458453,0.587564817,3247.1921,59.72098,0.00171593274,-8.13583e-07,0.0,7793.214999999999,3242.8335,0.0329570835,-52.8005362,7.2891303e-05
787.0,-39.634254,7793.214999999999,16.492105,16.492105,13.459266,13.459266,14.3989725,14.3989725,0.0329570797,107.73397,107.73397,0.000371817648,0.000371817648,0.00112458436,0.00112458436,0.587424812,3247.1921,59.72098,0.00171593252,-3.26799e-07,0.0,7793.214999999999,3242.8335,0.0329570797,-52.8005064,7.2891252e-05
787.5,-39.634254,7793.214999999999,16.492105,16.492105,13.459266,13.459266,14.3989725,14.3989725,0.0329570079,107.73397,107.73397,0.00037181685,0.00037181685,0.00112458195,0.00112458195,0.5872848,3247.1921,59.72098,0.00171592884,-1.84009e-07,0.0,7793.214999999999,3242.8335,0.0329570079,-52.8000366,7.2890446e-05
788.0,-39.634254,7793.21599,16.4921266,16.4921266,13.4592853,13.4592853,14.39899175,14.39899175,0.0321678129,99.3249836,99.3249836,0.000335551835,0.000335551835,0.001014897845,0.001014897845,0.587144782,3247.1921,59.72098,0.00167483886,-8.8173148e-05,0.0,7793.21599,3242.8335,0.0321678129,-47.5632012,6.4329516e-05
788.5,-39.634254,7793.22243,16.4921473,16.4921473,13.45931315,13.45931315,14.3990213,14.3990213,0.0275794569,50.5753183,50.5753183,0.000148433776,0.000148433776,0.000448958355,0.000448958355,0.58700475,3247.1921,59.72098,0.00143594301,-0.000155168173,0.0,7793.22243,3242.8335,0.0275794569,-17.11641094,2.0364916e-05
789.0,-39.634254,7793.292380000001,16.492525,16.492525,13.45974215,13.45974215,14.39946455,14.39946455,-0.0223943848,-3.335570894,-3.335570894,2.2797397e-05,2.2797397e-05,8.866105e-05,8.866105e-05,0.586864708,3247.1921,59.72098,-0.00116597873,-0.003314884037,0.0,7793.292380000001,3242.83343,-0.0223943848,15.8714065,1.8909072e-05
789.5,-38.847589,7795.1356,16.2545186,16.2545186,13.2685201,13.2685201,14.2103137,14.2103137,-0.032521072,-57.2749375,-57.2749375,0.000197342359,0.000197342359,0.000596877199,0.000596877199,0.58672495,3247.1921,59.72098,-0.00169323152,-0.000148319174,0.0,7795.1356,3243.59451,-0.032521072,49.907309,6.8538268e-05
790.0,-31.2097142,7796.872100000001,11.80029555,11.80029555,9.64284444,9.64284444,10.5735042,10.5735042,-0.0371144183,-111.196625,-111.196625,0.000434157623,0.000434157623,0.00131311817,0.00131311817,0.586601225,3238.60685,59.72098,-0.0019323872,-0.000121803996,0.0,7796.872100000001,3244.31433,-0.0371144183,80.3872184,0.000125390028
790.5,-21.984175,7188.4299,0.195242139,0.195242139,0.169713871,0.169713871,0.3001865004,0.3001865004,-0.0395013589,-146.076586,-146.076586,0.000604272663,0.000604272663,0.00182763844,0.00182763844,0.586556898,2979.27332,59.72098,-0.00205666486,-1.5353668e-05,0.0,7188.4299,2991.13567,-0.0395013589,96.2261526,0.000159223804
791.0,-12.75863555,6266.30844,-3.10435216,-3.10435216,-2.00773907,-2.00773907,-1.602927026,-1.602927026,-0.0390817296,-146.7078,-146.7078,0.00060042063,0.00060042063,0.00181599069,0.00181599069,0.58656222,2604.28578,59.72098,-0.00203481658,1.5437789e-05,0.0,6266.30844,2607.43443,-0.0390817296,93.4416346,0.000152974597
791.5,-3.533095494,5365.73668,-6.92124518,-6.92124518,-3.85919882,-3.85919882,-3.28487964,-3.28487964,-0.0385756918,-146.7078,-146.7078,0.000592646247,0.000592646247,0.00179247971,0.00179247971,0.586580979,2229.29822,59.72098,-0.00200846937,1.4626809e-05,0.0,5365.73668,2232.70012,-0.0385756918,90.0837324,0.00014556812
792.0,5.69244428,4662.67706,-4.92964989,-4.92964989,-2.430572786,-2.430572786,-2.070244268,-2.070244268,-0.038363254,-146.7078,-146.7078,0.00058938255,0.00058938255,0.00178260968,0.00178260968,0.586604887,1948.63745,59.72098,-0.00199740869,4.28225e-06,0.0,4662.67706,1940.15202,-0.038363254,88.6740715,0.000142498186
792.5,14.9179841,4649.86198,-6.05749398,-6.05749398,-2.95009823,-2.95009823,-2.46396931,-2.46396931,-0.0379937168,-146.7078,-146.7078,0.000583705266,0.000583705266,0.00176544061,0.00176544061,0.586618351,1932.8151,59.72098,-0.00197816848,1.7695106e-05,0.0,4649.86198,1934.81972,-0.0379937168,86.2219493,0.00013722671
793.0,21.588368,4648.28349,-9.1043078,-9.1043078,-4.43159111,-4.43159111,-3.91908199,-3.91908199,-0.0376128631,-146.7078,-146.7078,0.000577854121,0.000577854121,0.00174774569,0.00174774569,0.586643492,1932.8151,59.72098,-0.00195833903,2.847463e-06,0.0,4648.28349,1934.1631,-0.0376128631,83.6947279,0.000131863419
793.5,21.877132,4639.25228,-9.1191988,-9.1191988,-4.43030221,-4.43030221,-3.91800572,-3.91800572,-0.0376021985,-146.7078,-146.7078,0.000577690298,0.000577690298,0.00174725024,0.00174725024,0.586673231,1932.8151,59.72098,-0.00195778384,4.592e-08,0.0,4639.25228,1930.40513,-0.0376021985,83.6239644,0.000131714202
794.0,21.877132,4638.817440000001,-9.103555,-9.103555,-4.42228705,-4.42228705,-3.90969229,-3.90969229,-0.0376029993,-146.7078,-146.7078,0.000577702587,0.000577702587,0.00174728738,0.00174728738,0.58670267,1932.8151,59.72098,-0.00195782546,1.488429e-06,0.0,4638.817440000001,1930.22426,-0.0376029993,83.629271,0.00013172536
794.5,21.877132,4638.80906,-9.1032422,-9.1032422,-4.42212711,-4.42212711,-3.90952647,-3.90952647,-0.0376030731,-146.7078,-146.7078,0.000577703713,0.000577703713,0.00174729083,0.00174729083,0.586732122,1932.8151,59.72098,-0.00195782928,-1.6349e-08,0.0,4638.80906,1930.22075,-0.0376030731,83.6297632,0.000131726397
795.0,21.877132,4638.809,-9.1032361,-9.1032361,-4.42212404,-4.42212404,-3.90952338,-3.90952338,-0.0376030879,-146.7078,-146.7078,0.000577703943,0.000577703943,0.00174729154,0.00174729154,0.58676153,1932.8151,59.72098,-0.00195783009,-8.07272e-07,0.0,4638.809,1930.2207,-0.0376030879,83.6298624,0.000131726599
795.5,21.877132,4638.809,-9.103236,-9.103236,-4.422124,-4.422124,-3.9095232,-3.9095232,-0.0376030599,-146.7078,-146.7078,0.00057770352,0.00057770352,0.00174729022,0.00174729022,0.586790981,1932.8151,59.72098,-0.00195782869,-8.00721e-07,0.0,4638.809,1930.2207,-0.0376030599,83.6296784,0.000131726222
796.0,21.877132,4638.809,-9.103236,-9.103236,-4.422124,-4.422124,-3.9095232,-3.9095232,-0.037603061,-146.7078,-146.7078,0.00057770354,0.00057770354,0.00174729027,0.00174729027,0.586820414,1932.8151,59.72098,-0.00195782871,-1.51243e-07,0.0,4638.809,1930.2207,-0.037603061,83.6296864,0.000131726233
796.5,21.877132,4638.809,-9.103236,-9.103236,-4.422124,-4.422124,-3.9095232,-3.9095232,-0.0376030874,-146.7078,-146.7078,0.000577703951,0.000577703951,0.00174729148,0.00174729148,0.586849852,1932.8151,59.72098,-0.00195783005,2.007784e-06,0.0,4638.809,1930.2207,-0.0376030874,83.6298561,0.000131726591
797.0,21.877132,4638.80872,-9.1032445,-9.1032445,-4.42212788,-4.42212788,-3.90952731,-3.90952731,-0.0374199361,-144.749461,-144.749461,0.000567361768,0.000567361768,0.00171601102,0.00171601102,0.586879273,1932.8151,59.72098,-0.00194829421,4.5748311e-05,0.0,4638.80872,1930.22072,-0.0374199361,82.4145318,0.000129216281
797.5,21.877132,4638.80345,-9.10328,-9.10328,-4.42214004,-4.42214004,-3.9095408,-3.9095408,-0.0336745223,-104.9403571,-104.9403571,0.000372451246,0.000372451246,0.001126497796,0.001126497796,0.586908721,1932.8151,59.72098,-0.0017532867,0.000146916648,0.0,4638.80345,1930.22071,-0.0336745223,57.5612211,8.1790794e-05
798.0,21.877132,4638.79629,-9.1032771,-9.1032771,-4.4221319,-4.4221319,-3.90953322,-3.90953322,-0.0285698166,-50.72653,-50.72653,0.000154155436,0.000154155436,0.000466262841,0.000466262841,0.586938155,1932.8151,59.72098,-0.00148750678,0.000145200934,0.0,4638.79629,1930.2207,-0.0285698166,23.6881069,2.8945686e-05
798.5,21.877132,4638.74001,-9.10371595,-9.10371595,-4.42229134,-4.42229134,-3.90970674,-3.90970674,0.012068532,3.4802333,3.4802333,3.5699897e-05,3.5699897e-05,0.000111113642,0.000111113642,0.586967618,1932.8151,59.72098,0.000628356235,-0.006326605565,0.0,4638.74001,1930.221,0.012068532,-9.44165916,1.2516394e-05
799.0,21.877132,4638.71126,-9.1032521,-9.1032521,-4.42203864,-4.42203864,-3.90944665,-3.90944665,0.0316237812,57.702111,57.702111,0.000193479827,0.000193479827,0.000585196181,0.000585196181,0.586997038,1932.8151,59.72098,0.00164651351,0.000143574106,0.0,4638.71126,1930.22045,0.0316237812,-43.9531917,5.8820479e-05
799.5,27.0404877,4649.252109999999,-11.0960183,-11.0960183,-5.40301052,-5.40301052,-4.90237787,-4.90237787,0.0370041369,111.9173275,111.9173275,0.000436350681,0.000436350681,0.00131975153,0.00131975153,0.587028703,1932.8151,59.72098,0.00192664533,0.000160611327,0.0,4649.252109999999,1934.60972,0.0370041369,-79.6554254,0.000124209877
800.0,37.4206647,4655.78958,-15.5639605,-15.5639605,-7.5882806,-7.5882806,-7.03878022,-7.03878022,0.0404517168,142.351632,142.351632,0.000603017189,0.000603017189,0.00182383311,0.00182383311,0.587072833,1932.8151,59.72098,0.00210614588,2.9917295e-05,0.0,4655.78958,1937.33207,0.0404517168,-102.5324045,0.000173743365
800.5,47.8008431,4655.972589999999,-19.8900709,-19.8900709,-9.69784835,-9.69784835,-9.0960526,-9.0960526,0.0410297267,142.42062,142.42062,0.000611927714,0.000611927714,0.00185077973,0.00185077973,0.587131292,1932.8151,59.72098,0.00213624033,1.8658127e-05,0.0,4655.972589999999,1937.40851,0.0410297267,-106.367889,0.000182816558
801.0,58.18102,4655.97484,-24.2099357,-24.2099357,-11.80409995,-11.80409995,-11.1397418,-11.1397418,0.0416003372,142.42062,142.42062,0.000620437945,0.000620437945,0.00187651556,0.00187651556,0.587203328,1932.8151,59.72098,0.00216594962,1.6308436e-05,0.0,4655.97484,1937.40979,0.0416003372,-110.154268,0.000191956877
801.5,68.5611989,4655.9742,-28.5288245,-28.5288245,-13.9098694,-13.9098694,-13.16970815,-13.16970815,0.0421710247,142.42062,142.42062,0.000628949311,0.000628949311,0.00190225473,0.00190225473,0.587288506,1932.8151,59.72098,0.00219566283,1.5820996e-05,0.0,4655.9742,1937.40987,0.0421710247,-113.9411586,0.000201279472
802.0,78.941374,4655.97407,-32.8477364,-32.8477364,-16.0156524,-16.0156524,-15.1948026,-15.1948026,0.0417577597,131.931213,131.931213,0.000578711175,0.000578711175,0.00175030634,0.00175030634,0.587386356,1932.8151,59.72098,0.00217414589,-0.000116137485,0.0,4655.97407,1937.40959,0.0417577597,-111.1988724,0.000194904417
802.5,88.9417617,4655.20124,-37.0752113,-37.0752113,-18.0737395,-18.0737395,-17.1633501,-17.1633501,0.0344759513,48.67767673,48.67767673,0.000182992024,0.000182992024,0.000553470266,0.000553470266,0.587496463,1932.8151,59.72098,0.00179501362,-0.000253103915,0.0,4655.20124,1937.08369,0.0344759513,-62.8792312,9.2521696e-05
803.0,91.688644,4644.22007,-37.5779011,-37.5779011,-18.274255,-18.274255,-17.3547365,-17.3547365,0.0055238704,-48.33969985,-48.33969985,4.0715572e-05,4.0715572e-05,0.000252581995,0.000252581995,0.587614749,1936.4614,59.72098,0.00028760407,-0.001312473712,0.0,4644.22007,1932.49744,0.0055238704,-3.470978447,1.7767114e-05
803.5,91.688644,5404.76555,-25.2078454,-25.2078454,-14.2721362,-14.2721362,-13.5296224,-13.5296224,-0.0342853672,-145.3573015,-145.3573015,0.00052952302,0.00052952302,0.001601584564,0.001601584564,0.58771732,2269.26175,59.72098,-0.00178509074,-0.000269430223,0.0,5404.76555,2248.94289,-0.0342853672,61.6145794,9.0392588e-05
804.0,89.2301739,6748.21142,-25.1365784,-25.1365784,-17.727047,-17.727047,-16.8615044,-16.8615044,-0.0435067054,-242.371502,-242.371502,0.001112341205,0.001112341205,0.00336440847,0.00336440847,0.58782278,2814.68676,59.72098,-0.00226520595,-0.000280686181,0.0,6748.21142,2807.95524,-0.0435067054,122.8042894,0.000225940111
804.5,67.3062202,7964.014319999999,-19.7870079,-19.7870079,-16.52880725,-16.52880725,-15.5622262,-15.5622262,-0.0536348926,-339.156269,-339.156269,0.00191290699,0.00191290699,0.00578595176,0.00578595176,0.587930234,3323.26734,59.72098,-0.00279253685,-0.000252418301,0.0,7964.014319999999,3313.85382,-0.0536348926,190.011541,0.000429034866
805.0,42.6627128,8216.7635,-18.1856878,-18.1856878,-15.65293135,-15.65293135,-14.6417655,-14.6417655,-0.0584721304,-380.72516,-380.72516,0.00233125154,0.00233125154,0.00705138962,0.00705138962,0.58804109,3431.6284,59.72098,-0.00304439092,-3.2165034e-05,0.0,8216.7635,3419.02189,-0.0584721304,222.10983,0.000544043002
805.5,36.830574,8230.5422,-15.1473778,-15.1473778,-13.055614,-13.055614,-12.06778095,-12.06778095,-0.0588245896,-380.72516,-380.72516,0.00234530388,0.00234530388,0.00709389154,0.00709389154,0.588128707,3431.6284,59.72098,-0.00306274196,1.112651e-06,0.0,8230.5422,3424.75495,-0.0588245896,224.448631,0.000553050134
806.0,36.830574,8235.87325,-15.3211359,-15.3211359,-13.21384575,-13.21384575,-12.223934,-12.223934,-0.0588157987,-380.72516,-380.72516,0.00234495337,0.00234495337,0.00709283142,0.00709283142,0.588214044,3431.6284,59.72098,-0.00306228417,6.28285e-07,0.0,8235.87325,3426.97327,-0.0588157987,224.390299,0.000552823725
806.5,36.830574,8235.9882,-15.3253926,-15.3253926,-13.2177021,-13.2177021,-12.2277489,-12.2277489,-0.0588155426,-380.72516,-380.72516,0.00234494317,0.00234494317,0.00709280049,0.00709280049,0.588299653,3431.6284,59.72098,-0.00306227082,-4.67203e-07,0.0,8235.9882,3427.02129,-0.0588155426,224.388597,0.000552817124
807.0,36.830574,8235.9907,-15.325473,-15.325473,-13.2177748,-13.2177748,-12.2278208,-12.2278208,-0.058815486,-380.72516,-380.72516,0.00234494088,0.00234494088,0.00709279376,0.00709279376,0.5883853,3431.6284,59.72098,-0.00306226792,1.03435e-07,0.0,8235.9907,3427.0222,-0.058815486,224.388224,0.000552815688
807.5,36.830574,8235.991,-15.325475,-15.325475,-13.217776,-13.217776,-12.227822,-12.227822,-0.0588155389,-380.72516,-380.72516,0.00234494301,0.00234494301,0.0070928001,0.0070928001,0.58847091,3431.6284,59.72098,-0.00306227067,-1.559803e-06,0.0,8235.991,3427.0222,-0.0588155389,224.388571,0.000552817051
808.0,36.830574,8235.991,-15.325475,-15.325475,-13.217776,-13.217776,-12.227822,-12.227822,-0.0588155583,-380.72516,-380.72516,0.00234494379,0.00234494379,0.00709280241,0.00709280241,0.588556519,3431.6284,59.72098,-0.00306227172,-1.8398e-07,0.0,8235.991,3427.0222,-0.0588155583,224.388704,0.000552817552
808.5,36.830574,8235.991,-15.325475,-15.325475,-13.217776,-13.217776,-12.227822,-12.227822,-0.0588155193,-380.72516,-380.72516,0.00234494221,0.00234494221,0.0070927977,0.0070927977,0.58864215,3431.6284,59.72098,-0.00306226963,8.5724e-07,0.0,8235.991,3427.0222,-0.0588155193,224.388444,0.000552816535
809.0,36.830574,8235.991,-15.325475,-15.325475,-13.217776,-13.217776,-12.227822,-12.227822,-0.0588156034,-380.72516,-380.72516,0.00234494558,0.00234494558,0.00709280794,0.00709280794,0.588727771,3431.6284,59.72098,-0.00306227402,-5.2269e-07,0.0,8235.991,3427.0222,-0.0588156034,224.389002,0.000552818725
809.5,-5.32885007,8146.84223,1.57103745,1.57103745,1.273580823,1.273580823,2.19983133,2.19983133,-0.0610973236,-380.72516,-380.72516,0.0024359165,0.0024359165,0.00736795219,0.00736795219,0.588780696,3431.6284,59.72098,-0.00318107327,-0.000115468734,0.0,8146.84223,3389.92545,-0.0610973236,239.529729,0.000613649634
810.0,-28.73801,8216.51037,12.61381495,12.61381495,10.85214965,10.85214965,11.88996665,11.88996665,-0.0624536464,-380.72516,-380.72516,0.00248999235,0.00248999235,0.00753150603,0.00753150603,0.588684592,3431.6284,59.72098,-0.00325169119,4.180787e-06,0.0,8216.51037,3418.91419,-0.0624536464,248.529837,0.000650167279
810.5,-28.73801,8235.5882,11.9731688,11.9731688,10.32600425,10.32600425,11.355782,11.355782,-0.0624211825,-380.72516,-380.72516,0.00248869804,0.00248869804,0.00752759133,0.00752759133,0.588579049,3431.6284,59.72098,-0.00325000096,4.52217e-07,0.0,8235.5882,3426.85249,-0.0624211825,248.314415,0.00064926581
811.0,-28.73801,8235.988099999999,11.95838145,11.95838145,10.3137533,10.3137533,11.3432508,11.3432508,-0.0624204589,-380.72516,-380.72516,0.00248866917,0.00248866917,0.00752750415,0.00752750415,0.58847514,3431.6284,59.72098,-0.00324996326,-1.339382e-06,0.0,8235.988099999999,3427.01901,-0.0624204589,248.309616,0.00064924574
811.5,-28.73801,8235.9958,11.958103,11.958103,10.3135226,10.3135226,11.3430149,11.3430149,-0.0624204228,-380.72516,-380.72516,0.00248866772,0.00248866772,0.00752749976,0.00752749976,0.588371264,3431.6284,59.72098,-0.00324996142,-1.43654e-07,0.0,8235.9958,3427.02216,-0.0624204228,248.309373,0.000649244727
812.0,-28.5705221,8236.3915,11.904866,11.904866,10.2680961,10.2680961,11.29621025,11.29621025,-0.0624120789,-380.72516,-380.72516,0.00248833505,0.00248833505,0.00752649363,0.00752649363,0.588267444,3431.6284,59.72098,-0.00324952695,1.238983e-06,0.0,8236.3915,3427.18689,-0.0624120789,248.254007,0.000649013227
812.5,-27.2251667,8238.388649999999,11.33623375,11.33623375,9.7800151,9.7800151,10.791273,10.791273,-0.0623376668,-380.72516,-380.72516,0.00248536832,0.00248536832,0.00751752039,0.00751752039,0.588166454,3431.6284,59.72098,-0.00324565257,1.682427e-06,0.0,8238.388649999999,3428.01796,-0.0623376668,247.760227,0.000646950205
813.0,-25.6546778,8238.60355,10.6752482,10.6752482,9.2100122,9.2100122,10.1985861,10.1985861,-0.0613071914,-370.676023,-370.676023,0.002380759,0.002380759,0.00720108402,0.00720108402,0.588071736,3431.6284,59.72098,-0.00319200028,8.6739982e-05,0.0,8238.60355,3428.10804,-0.0613071914,240.922341,0.000618949566
813.5,-24.0841884,8238.602799999999,10.02153905,10.02153905,8.6460271,8.6460271,9.6755996,9.6755996,-0.0572736321,-328.741694,-328.741694,0.00197331434,0.00197331434,0.00596860181,0.00596860181,0.587982942,3431.6284,59.72098,-0.00298199024,0.00013353175,0.0,8238.602799999999,3428.1099,-0.0572736321,214.156994,0.000514193122
814.0,-22.5136989,8238.597,9.36809075,9.36809075,8.08226224,8.08226224,9.17918905,9.17918905,-0.0530195523,-284.480765,-284.480765,0.00158111934,0.00158111934,0.00478227853,0.00478227853,0.587899306,3431.6284,59.72098,-0.00276049874,0.00012427051,0.0,8238.597,3428.1099,-0.0530195523,185.928351,0.000413339145
814.5,-21.0328438,8238.3886,8.73954335,8.73954335,7.53980027,7.53980027,8.6875039,8.6875039,-0.0487696337,-240.216836,-240.216836,0.00122844107,0.00122844107,0.00371551536,0.00371551536,0.587820778,3431.6284,59.72098,-0.0025392238,0.000122039187,0.0,8238.3886,3428.02576,-0.0487696337,157.727311,0.000322625509
815.0,-20.692318,8236.3164,8.5987435,8.5987435,7.41645919,7.41645919,8.57327585,8.57327585,-0.0445830425,-195.952831,-195.952831,0.0009164431,0.0009164431,0.00277182417,0.00277182417,0.587745575,3431.6284,59.72098,-0.00232124618,0.000120257149,0.0,8236.3164,3427.166,-0.0445830425,129.9465034,0.000243071807
815.5,-20.692318,8235.9725,8.6099207,8.6099207,7.42578994,7.42578994,8.5817707,8.5817707,-0.0404157326,-151.687203,-151.687203,0.00064358386,0.00064358386,0.00194653554,0.00194653554,0.587670505,3431.6284,59.72098,-0.00210427234,0.000120230677,0.0,8235.9725,3427.02533,-0.0404157326,102.2936319,0.000173574348
816.0,-20.692318,8235.9594,8.61019285,8.61019285,7.42601281,7.42601281,8.58197155,8.58197155,-0.0363631118,-108.6536048,-108.6536048,0.000414961577,0.000414961577,0.00125506145,0.00125506145,0.587595444,3431.6284,59.72098,-0.00189326992,9.6967833e-05,0.0,8235.9594,3427.02226,-0.0363631118,75.4017971,0.000115154119
816.5,-20.692318,8254.7708,9.5823875,9.5823875,8.28679692,8.28679692,9.3894672,9.3894672,-0.0352050738,-95.863144,-95.863144,0.000353415448,0.000353415448,0.00106891546,0.00106891546,0.587518904,3442.14761,59.72098,-0.00183297591,-3.393744e-06,0.0,8254.7708,3434.85046,-0.0352050738,67.717448,9.9861743e-05
817.0,-20.692318,8484.0614,11.2296617,11.2296617,9.9762403,9.9762403,11.0607581,11.0607581,-0.0352885826,-95.863144,-95.863144,0.000354253782,0.000354253782,0.00107145072,0.00107145072,0.58742424,3536.44651,59.72098,-0.00183732386,7.59046e-07,0.0,8484.0614,3530.25999,-0.0352885826,68.27159,0.00010091666
817.5,-20.692318,8756.6558,11.12299775,11.12299775,10.1997107,10.1997107,11.37149335,11.37149335,-0.0352832387,-95.863144,-95.863144,0.000354200119,0.000354200119,0.00107128845,0.00107128845,0.587322007,3648.61806,59.72098,-0.00183704559,-1.25735e-07,0.0,8756.6558,3643.68849,-0.0352832387,68.2361211,0.00010084895
818.0,-20.692318,8936.8318,9.0149468,9.0149468,8.43578394,8.43578394,9.8267721,9.8267721,-0.0351766138,-95.863144,-95.863144,0.000353129743,0.000353129743,0.00106805144,0.00106805144,0.587223658,3719.84067,59.72098,-0.00183149413,5.25786e-06,0.0,8936.8318,3718.6611,-0.0351766138,67.528596,9.9502468e-05
818.5,-20.692318,8919.038250000001,8.3634431,8.3634431,7.81143759,7.81143759,9.2465646,9.2465646,-0.0351434779,-95.863144,-95.863144,0.000352797107,0.000352797107,0.00106704553,0.00106704553,0.587141037,3715.60907,59.72098,-0.00182976888,7.44422e-07,0.0,8919.038250000001,3711.25706,-0.0351434779,67.3087184,9.908426e-05
819.0,-20.692318,8894.8745,8.39722515,8.39722515,7.82175491,7.82175491,9.2445304,9.2445304,-0.0350052706,-94.37411,-94.37411,0.000345964693,0.000345964693,0.0010463809,0.0010463809,0.587059255,3706.15967,59.72098,-0.00182257302,7.938976e-06,0.0,8894.8745,3701.20267,-0.0350052706,66.3916225,9.7353211e-05
819.5,-20.692318,8877.8621,8.55375235,8.55375235,7.95230184,7.95230184,9.35636905,9.35636905,-0.0346062615,-90.0514916,-90.0514916,0.000326358033,0.000326358033,0.000987080754,0.000987080754,0.586977202,3699.3972,59.72098,-0.00180179836,1.3935488e-05,0.0,8877.8621,3694.12376,-0.0346062615,63.7439306,9.2405796e-05
820.0,-20.692318,8877.8548,8.61342925,8.61342925,8.00779125,8.00779125,9.4074243,9.4074243,-0.0341959857,-85.6613795,-85.6613795,0.000306768669,0.000306768669,0.000927833634,0.000927833634,0.58689385,3699.124,59.72098,-0.00178043697,1.1274476e-05,0.0,8877.8548,3694.12088,-0.0341959857,61.0214702,8.741096e-05
820.5,-20.692318,8877.9429,8.61028975,8.61028975,8.00495255,8.00495255,9.4048709,9.4048709,-0.0337823501,-81.27143,-81.27143,0.000287527948,0.000287527948,0.000869641055,0.000869641055,0.586810494,3699.124,59.72098,-0.00175890083,1.2709684e-05,0.0,8877.9429,3694.15805,-0.0337823501,58.2767304,8.2469672e-05
821.0,-20.692318,8877.944,8.6102241,8.6102241,8.0048921,8.0048921,9.40481655,9.40481655,-0.03336909,-76.88163,-76.88163,0.000268671065,0.000268671065,0.000812609204,0.000812609204,0.586727124,3699.124,59.72098,-0.00173738413,1.1017384e-05,0.0,8877.944,3694.15888,-0.03336909,55.534472,7.7627845e-05
821.5,-20.692318,8877.9439,8.610223,8.610223,8.00489,8.00489,9.4048148,9.4048148,-0.0329557945,-72.4919924,-72.4919924,0.000250194455,0.000250194455,0.000756727255,0.000756727255,0.586643771,3699.124,59.72098,-0.00171586568,1.1096683e-05,0.0,8877.9439,3694.159,-0.0329557945,52.7919917,7.2880583e-05
822.0,-20.692318,8877.943,8.610223,8.610223,8.00488985,8.00488985,9.404814,9.404814,-0.032542459,-68.1023066,-68.1023066,0.000232097325,0.000232097325,0.000701992822,0.000701992822,0.586560406,3699.124,59.72098,-0.00169434504,1.1365313e-05,0.0,8877.943,3694.159,-0.032542459,50.0492238,6.8227781e-05
822.5,-20.692318,8877.943,8.610225,8.610225,8.0048913,8.0048913,9.404815,9.404815,-0.0322050308,-64.521531,-64.521531,0.000217601694,0.000217601694,0.000658150943,0.000658150943,0.586477046,3699.124,59.72098,-0.00167677663,5.667392e-06,0.0,8877.943,3694.159,-0.0322050308,47.8101637,6.4496631e-05
823.0,-20.0817963,8879.3375,8.4368365,8.4368365,7.8448398,7.8448398,9.2560654,9.2560654,-0.0321437548,-64.183105,-64.183105,0.000216045851,0.000216045851,0.000653445347,0.000653445347,0.586393823,3699.124,59.72098,-0.00167358625,6.053398e-06,0.0,8879.3375,3694.73919,-0.0321437548,47.4035609,6.3826517e-05
823.5,-12.09431024,8892.6208,5.10415746,5.10415746,4.752909,4.752909,6.09020164,6.09020164,-0.0317044156,-64.183105,-64.183105,0.000213092944,0.000213092944,0.000644515068,0.000644515068,0.586324158,3699.124,59.72098,-0.00165071177,1.4494003e-05,0.0,8892.6208,3700.2666,-0.0317044156,44.488254,5.908915e-05
824.0,-2.087699531,8894.56375,0.846283033,0.846283033,0.78828075,0.78828075,1.169248503,1.169248503,-0.0311494934,-64.183105,-64.183105,0.00020936318,0.00020936318,0.000633235328,0.000633235328,0.586293867,3699.124,59.72098,-0.00162181936,1.4719294e-05,0.0,8894.56375,3701.0755,-0.0311494934,40.8059744,5.3249666e-05
824.5,1.5959821,8882.2374,-0.790153549,-0.790153549,-0.734995486,-0.734995486,-0.542995307,-0.542995307,-0.0309412627,-64.183105,-64.183105,0.000207963613,0.000207963613,0.000629002675,0.000629002675,0.586294564,3699.124,59.72098,-0.0016109777,-8.39473e-07,0.0,8882.2374,3695.94656,-0.0309412627,39.4242239,5.1096346e-05
825.0,1.5959821,8878.0435,-0.667863069,-0.667863069,-0.620916695,-0.620916695,-0.458823388,-0.458823388,-0.0309475103,-64.183105,-64.183105,0.000208005608,0.000208005608,0.000629129669,0.000629129669,0.586298346,3699.124,59.72098,-0.001611303,9.54452e-07,0.0,8878.0435,3694.20137,-0.0309475103,39.4656846,5.1160404e-05
825.5,1.5959821,8877.9427,-0.664171446,-0.664171446,-0.617477559,-0.617477559,-0.456284354,-0.456284354,-0.0309476499,-64.183105,-64.183105,0.000208006541,0.000208006541,0.00062913251,0.00062913251,0.586301877,3699.124,59.72098,-0.00161131026,-3.47327e-07,0.0,8877.9427,3694.15969,-0.0309476499,39.466609,5.1161833e-05
826.0,1.5959821,8877.941,-0.664101241,-0.664101241,-0.61741217,-0.61741217,-0.456236077,-0.456236077,-0.0309476972,-64.183105,-64.183105,0.000208006863,0.000208006863,0.000629133466,0.000629133466,0.586305442,3699.124,59.72098,-0.0016113127,4.96169e-07,0.0,8877.941,3694.159,-0.0309476972,39.4669223,5.1162318e-05
826.5,1.5959821,8877.941,-0.664099944,-0.664099944,-0.61741095,-0.61741095,-0.456235167,-0.456235167,-0.0309476368,-64.183105,-64.183105,0.000208006457,0.000208006457,0.000629132247,0.000629132247,0.586309009,3699.124,59.72098,-0.00161130958,1.414308e-06,0.0,8877.941,3694.159,-0.0309476368,39.4665244,5.1161703e-05
827.0,1.5959821,8877.941,-0.664099927,-0.664099927,-0.61741093,-0.61741093,-0.456235152,-0.456235152,-0.0309477103,-64.183105,-64.183105,0.000208006948,0.000208006948,0.000629133737,0.000629133737,0.58631253,3699.124,59.72098,-0.00161131339,-2.621661e-06,0.0,8877.941,3694.159,-0.0309477103,39.4670101,5.1162453e-05
827.5,1.5959821,8877.941,-0.664099924,-0.664099924,-0.617410936,-0.617410936,-0.456235158,-0.456235158,-0.0309476457,-64.183105,-64.183105,0.000208006512,0.000208006512,0.000629132425,0.000629132425,0.58631611,3699.124,59.72098,-0.00161131,3.30833e-07,0.0,8877.941,3694.159,-0.0309476457,39.4665806,5.1161788e-05
828.0,1.5959821,8877.941,-0.664099927,-0.664099927,-0.617410918,-0.617410918,-0.456235146,-0.456235146,-0.03094765,-64.183105,-64.183105,0.000208006547,0.000208006547,0.000629132504,0.000629132504,0.586319667,3699.124,59.72098,-0.00161131024,1.39795e-07,0.0,8877.941,3694.159,-0.03094765,39.4666112,5.1161836e-05
828.5,1.5959821,8877.941,-0.664099921,-0.664099921,-0.617410918,-0.617410918,-0.456235149,-0.456235149,-0.0309476862,-64.183105,-64.183105,0.000208006789,0.000208006789,0.000629133241,0.000629133241,0.586323201,3699.124,59.72098,-0.00161131212,7.75252e-07,0.0,8877.941,3694.159,-0.0309476862,39.46685,5.1162205e-05
829.0,1.5959821,8877.941,-0.664099927,-0.664099927,-0.617410912,-0.617410912,-0.456235146,-0.456235146,-0.0309477143,-64.183105,-64.183105,0.000208006979,0.000208006979,0.000629133819,0.000629133819,0.586326777,3699.124,59.72098,-0.00161131363,4.00705e-07,0.0,8877.941,3694.159,-0.0309477143,39.4670369,5.1162495e-05
829.5,1.5959821,8877.941,-0.66409993,-0.66409993,-0.61741093,-0.61741093,-0.456235155,-0.456235155,-0.0309476646,-64.183105,-64.183105,0.000208006643,0.000208006643,0.000629132801,0.000629132801,0.586330318,3699.124,59.72098,-0.00161131101,5.3104e-08,0.0,8877.941,3694.159,-0.0309476646,39.4667065,5.1161984e-05
830.0,1.5959821,8877.941,-0.66409993,-0.66409993,-0.617410918,-0.617410918,-0.456235149,-0.456235149,-0.0309476684,-64.183105,-64.183105,0.000208006667,0.000208006667,0.000629132894,0.000629132894,0.58633387,3699.124,59.72098,-0.0016113112,6.28196e-07,0.0,8877.941,3694.159,-0.0309476684,39.4667315,5.1162023e-05
830.5,1.5959821,8877.941,-0.66409993,-0.66409993,-0.617410918,-0.617410918,-0.456235149,-0.456235149,-0.0309476737,-64.183105,-64.183105,0.000208006706,0.000208006706,0.000629133013,0.000629133013,0.586337446,3699.124,59.72098,-0.00161131149,1.85717e-07,0.0,8877.941,3694.159,-0.0309476737,39.4667683,5.1162079e-05
831.0,1.5959821,8877.941,-0.66409993,-0.66409993,-0.617410918,-0.617410918,-0.456235149,-0.456235149,-0.0309476918,-64.183105,-64.183105,0.000208006826,0.000208006826,0.000629133366,0.000629133366,0.586340967,3699.124,59.72098,-0.00161131245,3.72588e-07,0.0,8877.941,3694.159,-0.0309476918,39.4668872,5.1162264e-05
831.5,1.5959821,8877.941,-0.664099927,-0.664099927,-0.617410918,-0.617410918,-0.456235146,-0.456235146,-0.0309477056,-64.183105,-64.183105,0.00020800692,0.00020800692,0.000629133643,0.000629133643,0.586344542,3699.124,59.72098,-0.00161131314,1.089693e-06,0.0,8877.941,3694.159,-0.0309477056,39.4669799,5.1162406e-05
832.0,1.5959821,8877.942200000001,-0.66407066,-0.66407066,-0.617383824,-0.617383824,-0.456215099,-0.456215099,-0.0319947166,-75.3355279,-75.3355279,0.000254215755,0.000254215755,0.000768891682,0.000768891682,0.586348109,3699.124,59.72098,-0.00166582651,-0.000105803058,0.0,8877.942200000001,3694.15885,-0.0319947166,46.4145947,6.2654838e-05
832.5,1.45797495,8877.6889,-0.634312252,-0.634312252,-0.589705484,-0.589705484,-0.435766163,-0.435766163,-0.038477318,-144.1493775,-144.1493775,0.000585655453,0.000585655453,0.00177133676,0.00177133676,0.586351626,3699.124,59.72098,-0.00200334749,-0.000210473159,0.0,8877.6889,3694.04945,-0.038477318,89.4309611,0.000145351166
833.0,-2.4237601056,8870.5485,0.95158498,0.95158498,0.8838315256,0.8838315256,1.205827376,1.205827376,-0.0459282065,-221.031285,-221.031285,0.001068085735,0.001068085735,0.00323050268,0.00323050268,0.58635047,3699.124,59.72098,-0.00239128305,-0.000214168904,0.0,8870.5485,3691.07391,-0.0459282065,138.872557,0.000268475691
833.5,-7.97327083,8868.7758,3.31608085,3.31608085,3.07976127,3.07976127,4.13408857,4.13408857,-0.0527386227,-290.057972,-290.057972,0.00160389988,0.00160389988,0.00485119628,0.00485119628,0.586328542,3699.124,59.72098,-0.00274587191,-0.000108558022,0.0,8868.7758,3690.33229,-0.0527386227,184.064192,0.000407143555
834.0,-13.5227814,8868.7374,5.6270509,5.6270509,5.22602231,5.22602231,6.63536398,6.63536398,-0.054116441,-301.42056,-301.42056,0.00170816863,0.00170816863,0.00516658372,0.00516658372,0.586283024,3699.124,59.72098,-0.00281760896,-8.772629e-06,0.0,8868.7374,3690.31568,-0.054116441,193.206935,0.000437968294
834.5,-19.0722922,8868.7371,7.93615608,7.93615608,7.37056205,7.37056205,8.79977544,8.79977544,-0.0544216385,-301.42056,-301.42056,0.00171780208,0.00171780208,0.00519571875,0.00519571875,0.586215997,3699.124,59.72098,-0.00283349927,-9.937331e-06,0.0,8868.7371,3690.31532,-0.0544216385,195.232122,0.000445054886
835.0,-24.6218029,8868.7375,10.2452815,10.2452815,9.51512135,9.51512135,10.7589124,10.7589124,-0.0547266324,-301.42056,-301.42056,0.00172742913,0.00172742913,0.00522483441,0.00522483441,0.586128581,3699.124,59.72098,-0.00284937902,-8.498991e-06,0.0,8868.7375,3690.31529,-0.0547266324,197.255963,0.000452188523
835.5,-29.595653,8870.10065,12.37209455,12.37209455,11.49218555,11.49218555,12.74405445,12.74405445,-0.0550031301,-301.42056,-301.42056,0.00173615666,0.00173615666,0.00525122971,0.00525122971,0.586019423,3699.124,59.72098,-0.00286377507,-4.163442e-06,0.0,8870.10065,3690.88233,-0.0550031301,199.090712,0.000458699059
836.0,-27.2396834,8884.543450000001,11.55232235,11.55232235,10.74704555,10.74704555,12.00818475,12.00818475,-0.0548822736,-301.42056,-301.42056,0.00173234186,0.00173234186,0.00523969223,0.00523969223,0.58589859,3699.124,59.72098,-0.0028574825,1.4860933e-05,0.0,8884.543450000001,3696.89202,-0.0548822736,198.288739,0.000455855013
836.5,-13.4634664,8901.3462,5.62185808,5.62185808,5.2402339,5.2402339,6.57907407,6.57907407,-0.0541151044,-301.42056,-301.42056,0.00170812638,0.00170812638,0.00516645598,0.00516645598,0.585813206,3699.124,59.72098,-0.00281753927,2.2886771e-05,0.0,8901.3462,3703.88429,-0.0541151044,193.198059,0.000437950009
837.0,-7.248558,8885.56865,2.81026083,2.81026083,2.614842,2.614842,3.53989093,3.53989093,-0.0537613856,-301.42056,-301.42056,0.00169696139,0.00169696139,0.00513268904,0.00513268904,0.585775733,3699.124,59.72098,-0.00279912277,-4.67865e-07,0.0,8885.56865,3697.31937,-0.0537613856,190.850904,0.000429787016
837.5,-7.248558,8878.165299999999,3.00912575,3.00912575,2.79764214,2.79764214,3.78601709,3.78601709,-0.0537714004,-301.42056,-301.42056,0.0016972775,0.0016972775,0.00513364511,0.00513364511,0.58574533,3699.124,59.72098,-0.00279964416,-1.190321e-06,0.0,8878.165299999999,3694.23872,-0.0537714004,190.917366,0.000430016763
838.0,-7.248558,8877.977,3.01604373,3.01604373,2.80401455,2.80401455,3.79460523,3.79460523,-0.053771792,-301.42056,-301.42056,0.00169728988,0.00169728988,0.00513368242,0.00513368242,0.585714204,3699.124,59.72098,-0.00279966461,2.35329e-07,0.0,8877.977,3694.16031,-0.053771792,190.919958,0.000430025742
838.5,-7.248558,8877.974,3.01617594,3.01617594,2.80413628,2.80413628,3.79476931,3.79476931,-0.0537718211,-301.42056,-301.42056,0.00169729078,0.00169729078,0.0051336853,0.0051336853,0.585683078,3699.124,59.72098,-0.00279966609,1.773e-09,0.0,8877.974,3694.15885,-0.0537718211,190.920152,0.000430026405
839.0,-7.248558,8877.974,3.0161784,3.0161784,2.80413864,2.80413864,3.79477237,3.79477237,-0.0537717302,-301.42056,-301.42056,0.00169728795,0.00169728795,0.00513367658,0.00513367658,0.585651932,3699.124,59.72098,-0.00279966137,-1.143044e-06,0.0,8877.974,3694.1587,-0.0537717302,190.919552,0.000430024332
839.5,-7.248558,8877.974,3.0161784,3.0161784,2.8041387,2.8041387,3.7947724,3.7947724,-0.0537717943,-301.42056,-301.42056,0.00169728992,0.00169728992,0.0051336828,0.0051336828,0.585620786,3699.124,59.72098,-0.00279966473,6.26152e-07,0.0,8877.974,3694.1587,-0.0537717943,190.919977,0.000430025795
840.0,-7.248558,8877.974,3.0161784,3.0161784,2.8041387,2.8041387,3.7947724,3.7947724,-0.0537717985,-301.42056,-301.42056,0.00169729007,0.00169729007,0.00513368302,0.00513368302,0.585589648,3699.124,59.72098,-0.00279966492,1.416618e-06,0.0,8877.974,3694.1587,-0.0537717985,190.920003,0.000430025894
840.5,-7.248558,8877.974,3.0161784,3.0161784,2.8041387,2.8041387,3.7947724,3.7947724,-0.0537717251,-301.42056,-301.42056,0.00169728776,0.00169728776,0.00513367608,0.00513367608,0.585558501,3699.124,59.72098,-0.0027996611,1.75966e-07,0.0,8877.974,3694.1587,-0.0537717251,190.919517,0.000430024202
841.0,-7.248558,8877.974,3.0161784,3.0161784,2.8041387,2.8041387,3.7947724,3.7947724,-0.0537717972,-301.42056,-301.42056,0.00169729003,0.00169729003,0.0051336828,0.0051336828,0.585527368,3699.124,59.72098,-0.00279966484,-1.036863e-06,0.0,8877.974,3694.1587,-0.0537717972,190.919991,0.000430025845
841.5,-7.248558,8877.974,3.0161784,3.0161784,2.8041387,2.8041387,3.7947724,3.7947724,-0.0537717798,-301.42056,-301.42056,0.00169728947,0.00169728947,0.00513368124,0.00513368124,0.585496236,3699.124,59.72098,-0.00279966396,4.18501e-07,0.0,8877.974,3694.1587,-0.0537717798,190.919878,0.000430025463
842.0,-7.248558,8877.9723,3.01614585,3.01614585,2.80410791,2.80410791,3.79473055,3.79473055,-0.0526165071,-289.116082,-289.116082,0.00159524609,0.00159524609,0.00482502102,0.00482502102,0.585465084,3699.124,59.72098,-0.0027395139,0.000118527858,0.0,8877.9723,3694.15885,-0.0526165071,183.253876,0.000404444381
842.5,-7.248558,8877.961599999999,3.01611116,3.01611116,2.80407231,2.80407231,3.79468053,3.79468053,-0.0453790683,-212.21425,-212.21425,0.001014493803,0.001014493803,0.0030684026,0.0030684026,0.585433949,3699.124,59.72098,-0.00236269176,0.000238577847,0.0,8877.961599999999,3694.159,-0.0453790683,135.2286604,0.000258555221
843.0,-7.248558,8877.9499,3.01611315,3.01611315,2.80407064,2.80407064,3.79467606,3.79467606,-0.0372692671,-126.0862824,-126.0862824,0.000498128363,0.000498128363,0.001506605184,0.001506605184,0.585402842,3699.124,59.72098,-0.00194044954,0.00023335275,0.0,8877.9499,3694.159,-0.0372692671,81.4147446,0.000128607251
843.5,-7.248558,8877.93865,3.0161133,3.0161133,2.80406715,2.80406715,3.79466917,3.79466917,-0.02916004,-39.96208032,-39.96208032,0.000128063773,0.000128063773,0.000387344674,0.000387344674,0.585371738,3699.124,59.72098,-0.00151823714,0.000234526893,0.0,8877.93865,3694.159,-0.02916004,27.60463048,3.5225863e-05
844.0,-7.248558,8859.39445,1.27837474,1.27837474,1.20055912,1.20055912,2.19353345,2.19353345,0.0246603226,46.1564901,46.1564901,0.000143282227,0.000143282227,0.000437161791,0.000437161791,0.585341951,3685.65521,59.72098,0.001283956314,0.001271008513,0.0,8859.39445,3686.47382,0.0246603226,-26.49262293,3.3911051e-05
844.5,-7.248558,8132.384309999999,-5.73190651,-5.73190651,-4.95658668,-4.95658668,-4.070745095,-4.070745095,0.0374865364,132.292854,132.292854,0.000525012163,0.000525012163,0.00158791814,0.00158791814,0.585358167,3384.00975,59.72098,0.00195176177,0.000221016731,0.0,8132.384309999999,3383.96699,0.0374865364,-82.8564635,0.000131446869
845.0,-0.7755058964,7805.85232,1.187239846,1.187239846,0.963620444,0.963620444,1.4527129623,1.4527129623,0.043124099,193.50762,193.50762,0.000874221642,0.000874221642,0.00264412989,0.00264412989,0.585357292,3256.845,59.72098,0.00224528526,6.8994504e-05,0.0,7805.85232,3248.09801,0.043124099,-120.2654381,0.000217377061
845.5,15.941595,7843.26063,-6.59142969,-6.59142969,-5.41405714,-5.41405714,-4.58417898,-4.58417898,0.0443105307,195.89243,195.89243,0.000908977718,0.000908977718,0.0027492456,0.0027492456,0.585369921,3256.845,59.72098,0.00230705771,2.6122339e-05,0.0,7843.26063,3263.66453,0.0443105307,-128.1382115,0.000237854089
846.0,32.7814607,7844.37234,-13.64020965,-13.64020965,-11.2049011,-11.2049011,-10.3429754,-10.3429754,0.0452384032,195.89243,195.89243,0.000928011899,0.000928011899,0.00280680841,0.00280680841,0.585423964,3256.845,59.72098,0.00235536793,2.749207e-05,0.0,7844.37234,3264.12766,0.0452384032,-134.295255,0.000254501353
846.5,49.6213254,7844.39106,-20.6475859,-20.6475859,-16.9612221,-16.9612221,-16.0185724,-16.0185724,0.0461632777,195.880555,195.880555,0.000946926684,0.000946926684,0.00286400987,0.00286400987,0.585515389,3256.845,59.72098,0.00240352213,2.3834134e-05,0.0,7844.39106,3264.13598,0.0461632777,-140.432408,0.000271571149
847.0,66.4611923,7844.39147,-27.6551702,-27.6551702,-22.7176926,-22.7176926,-21.6632581,-21.6632581,0.0466466747,191.175732,191.175732,0.000933850606,0.000933850606,0.00282445091,0.00282445091,0.58564098,3256.845,59.72098,0.00242869053,2.759065e-06,0.0,7844.39147,3264.1365,0.0466466747,-143.640073,0.000280663276
847.5,82.5707175,7842.84378,-34.4779605,-34.4779605,-28.3164346,-28.3164346,-27.1247852,-27.1247852,0.0467514394,182.815446,182.815446,0.000895029649,0.000895029649,0.00270702461,0.00270702461,0.585798225,3256.845,59.72098,0.00243414522,-2.513697e-06,0.0,7842.84378,3263.49249,0.0467514394,-144.335262,0.000282655146
848.0,86.760544,7820.71231,-36.2430736,-36.2430736,-29.6825167,-29.6825167,-28.4558924,-28.4558924,0.0461962733,174.455986,174.455986,0.000844017532,0.000844017532,0.002552732,0.002552732,0.585975783,3256.845,59.72098,0.00240524013,-2.3466232e-05,0.0,7820.71231,3254.28309,0.0461962733,-140.651361,0.000272184486
848.5,86.760544,7816.45865,-36.1051784,-36.1051784,-29.5534481,-29.5534481,-28.3308611,-28.3308611,0.0454020741,166.095881,166.095881,0.000789758779,0.000789758779,0.00238862267,0.00238862267,0.586154101,3256.845,59.72098,0.00236388963,-2.1815796e-05,0.0,7816.45865,3252.51263,0.0454020741,-135.381321,0.000257482102
849.0,86.760544,7816.3671,-36.1017625,-36.1017625,-29.5503054,-29.5503054,-28.3278157,-28.3278157,0.0446147838,157.736824,157.736824,0.000737011008,0.000737011008,0.00222908426,0.00222908426,0.586332214,3256.845,59.72098,0.00232289874,-2.0421344e-05,0.0,7816.3671,3252.47409,0.0446147838,-130.1571225,0.000243254393
849.5,86.760544,7816.366379999999,-36.1016972,-36.1016972,-29.5502504,-29.5502504,-28.3277615,-28.3277615,0.0438276027,149.375393,149.375393,0.000685632527,0.000685632527,0.00207368806,0.00207368806,0.586510341,3256.845,59.72098,0.00228191367,-2.3984415e-05,0.0,7816.366379999999,3252.4734,0.0438276027,-124.933656,0.000229373204
850.0,86.760544,7816.36742,-36.1016996,-36.1016996,-29.5502554,-29.5502554,-28.3277669,-28.3277669,0.0431484239,142.16645,142.16645,0.000642393636,0.000642393636,0.00194291079,0.00194291079,0.586688459,3256.845,59.72098,0.00224655171,-1.0946875e-05,0.0,7816.36742,3252.4734,0.0431484239,-120.4268536,0.00021766304
850.5,86.760544,7816.3677,-36.101704,-36.101704,-29.550259,-29.550259,-28.32777,-28.32777,0.043059645,141.22678,141.22678,0.000636819125,0.000636819125,0.0019260506,0.0019260506,0.586866573,3256.845,59.72098,0.00224192949,1.035229e-06,0.0,7816.3677,3252.4734,0.043059645,-119.837747,0.000216148732
851.0,86.760544,7816.3677,-36.101704,-36.101704,-29.550259,-29.550259,-28.32777,-28.32777,0.0430596607,141.22678,141.22678,0.000636819356,0.000636819356,0.00192605123,0.00192605123,0.587044684,3256.845,59.72098,0.00224193023,2.234e-08,0.0,7816.3677,3252.4734,0.0430596607,-119.837848,0.000216148985
851.5,86.760544,7816.3677,-36.101704,-36.101704,-29.550259,-29.550259,-28.32777,-28.32777,0.0430607952,141.239576,141.239576,0.00063689385,0.00063689385,0.00192627657,0.00192627657,0.587222797,3256.845,59.72098,0.00224198932,1.9191e-06,0.0,7816.3677,3252.4734,0.0430607952,-119.8453819,0.000216168279
852.0,86.760544,7816.366680000001,-36.10171,-36.10171,-29.550262,-29.550262,-28.3277736,-28.3277736,0.0436466139,147.468963,147.468963,0.000674131569,0.000674131569,0.00203890311,0.00203890311,0.587400901,3256.845,59.72098,0.00227249037,2.9184199e-05,0.0,7816.366680000001,3252.4734,0.0436466139,-123.7326758,0.000226241292
852.5,86.760544,7816.36519,-36.10171,-36.10171,-29.5502568,-29.5502568,-28.327768,-28.327768,0.0446936589,158.58948,158.58948,0.000742348313,0.000742348313,0.00224522722,0.00224522722,0.587579001,3256.845,59.72098,0.00232700546,2.8689534e-05,0.0,7816.36519,3252.4734,0.0446936589,-130.680515,0.0002446752
853.0,86.760544,7816.36391,-36.10171,-36.10171,-29.5502513,-29.5502513,-28.3277632,-28.3277632,0.0457406587,169.709129,169.709129,0.000812998913,0.000812998913,0.00245891395,0.00245891395,0.587757097,3256.845,59.72098,0.00238151817,2.9776845e-05,0.0,7816.36391,3252.4734,0.0457406587,-137.628051,0.000263717766
853.5,86.6622706,7816.2303,-36.0878535,-36.0878535,-29.5384039,-29.5384039,-28.3162515,-28.3162515,0.0463471988,176.185497,176.185497,0.00085511069,0.00085511069,0.0025862842,0.0025862842,0.587935185,3256.845,59.72098,0.00241309814,1.32742e-07,0.0,7816.2303,3252.4182,0.0463471988,-141.652857,0.00027500307
854.0,78.9418335,7801.229649999999,-33.0086893,-33.0086893,-26.9669891,-26.9669891,-25.8183585,-25.8183585,0.0459339086,176.22548,176.22548,0.000847677599,0.000847677599,0.00256380589,0.00256380589,0.588108544,3256.845,59.72098,0.00239157989,-1.9907636e-05,0.0,7801.229649999999,3246.17605,0.0459339086,-138.910391,0.000267285373
854.5,66.5127918,7795.81114,-27.6814267,-27.6814267,-22.5984562,-22.5984562,-21.5537144,-21.5537144,0.0452426292,176.22548,176.22548,0.00083492053,0.00083492053,0.00252522707,0.00252522707,0.58826147,3256.845,59.72098,0.00235558796,-2.0514448e-05,0.0,7795.81114,3243.92094,0.0452426292,-134.323293,0.00025456933
855.0,54.0837478,7795.68051,-22.5053471,-22.5053471,-18.3725051,-18.3725051,-17.4132203,-17.4132203,0.0445591347,176.22548,176.22548,0.000822307152,0.000822307152,0.00248708256,0.00248708256,0.588390884,3256.845,59.72098,0.00232000138,-1.8687498e-05,0.0,7795.68051,3243.86626,0.0445591347,-129.78786,0.000242258278
855.5,41.654705,7795.67965,-17.3326466,-17.3326466,-14.14970875,-14.14970875,-13.2610685,-13.2610685,0.0438757956,176.22548,176.22548,0.000809696603,0.000809696603,0.00244894651,0.00244894651,0.588495728,3256.845,59.72098,0.00228442286,-1.9805877e-05,0.0,7795.67965,3243.86549,0.0438757956,-125.2534436,0.000230209626
856.0,29.2256611,7795.67982,-12.1613897,-12.1613897,-9.9280926,-9.9280926,-9.09223404,-9.09223404,0.0431924454,176.22548,176.22548,0.000797085864,0.000797085864,0.00241080979,0.00241080979,0.588574543,3256.845,59.72098,0.00224884384,-2.1506506e-05,0.0,7795.67982,3243.86518,0.0431924454,-120.7189681,0.000218420408
856.5,16.796618,7795.68118,-6.98891273,-6.98891273,-5.70548145,-5.70548145,-4.84400845,-4.84400845,0.0425091252,176.22548,176.22548,0.000784475663,0.000784475663,0.00237267452,0.00237267452,0.588625361,3256.845,59.72098,0.00221326628,-1.9701829e-05,0.0,7795.68118,3243.86531,0.0425091252,-116.1846816,0.00020689126
857.0,4.3675745366,7795.68196,-1.8175999425,-1.8175999425,-1.4838193711,-1.4838193711,-1.13640894093,-1.13640894093,0.0418258106,176.22548,176.22548,0.000771865605,0.000771865605,0.00233453949,0.00233453949,0.588647508,3256.845,59.72098,0.00217768909,-2.0180567e-05,0.0,7795.68196,3243.86527,0.0418258106,-111.6504419,0.000195621779
857.5,-8.06146877,7795.6828,3.35442546,3.35442546,2.738425676,2.738425676,3.45224346,3.45224346,0.0411425067,176.22548,176.22548,0.000759255719,0.000759255719,0.00229640479,0.00229640479,0.588639124,3256.845,59.72098,0.00214211238,-2.0330004e-05,0.0,7795.6828,3243.86521,0.0411425067,-107.1162627,0.000184612018
858.0,-20.4905122,7795.68429,8.52599405,8.52599405,6.96029886,6.96029886,7.95089793,7.95089793,0.0404591369,176.22548,176.22548,0.000746644584,0.000746644584,0.0022582663,0.0022582663,0.588589999,3256.845,59.72098,0.00210653223,-2.1335491e-05,0.0,7795.68429,3243.8654,0.0404591369,-102.5816415,0.000173860773
858.5,-31.3822004,7799.31369,13.1982961,13.1982961,10.77990755,10.77990755,11.7094516,11.7094516,0.0405033301,183.146535,183.146535,0.00077708759,0.00077708759,0.00235034935,0.00235034935,0.58850061,3256.845,59.72098,0.00210883322,3.6857366e-05,0.0,7799.31369,3245.37568,0.0405033301,-102.874898,0.000174594115
859.0,-32.952106,7814.82748,13.76508145,13.76508145,11.2648778,11.2648778,12.2094234,12.2094234,0.0425094089,205.329542,205.329542,0.000914461425,0.000914461425,0.0027658561,0.0027658561,0.588387357,3256.845,59.72098,0.002213281,6.1512999e-05,0.0,7814.82748,3251.83216,0.0425094089,-116.1865644,0.000206991053
859.5,-32.952106,7816.33416,13.7127516,13.7127516,11.2242246,11.2242246,12.16860065,12.16860065,0.0446517261,228.053982,228.053982,0.00106678174,0.00106678174,0.00322657553,0.00322657553,0.58827417,3256.845,59.72098,0.00232482222,6.2393983e-05,0.0,7816.33416,3252.46048,0.0446517261,-130.4022666,0.000244005105
860.0,-32.952106,7816.361879999999,13.7116198,13.7116198,11.2233377,11.2233377,12.1677081,12.1677081,0.0467913944,250.778147,250.778147,0.00122922873,0.00122922873,0.00371793076,0.00371793076,0.588161083,3256.845,59.72098,0.00243622544,6.4693925e-05,0.0,7816.361879999999,3252.4732,0.0467913944,-144.600383,0.000283520768
860.5,-32.952106,7816.359399999999,13.7115982,13.7115982,11.2233166,11.2233166,12.16768625,12.16768625,0.0489309762,273.50124,273.50124,0.00140185133,0.00140185133,0.00424007106,0.00424007106,0.588047996,3256.845,59.72098,0.00254762422,6.1556185e-05,0.0,7816.359399999999,3252.4734,0.0489309762,-158.797927,0.000325579749
861.0,-32.952106,7816.35638,13.711598,13.711598,11.2233118,11.2233118,12.1676814,12.1676814,0.0510703842,296.221213,296.221213,0.00158463441,0.00158463441,0.00479295148,0.00479295148,0.587934898,3256.845,59.72098,0.00265901397,5.7002544e-05,0.0,7816.35638,3252.4734,0.0510703842,-172.994322,0.000370179884
861.5,-32.952106,7816.35335,13.7115998,13.7115998,11.22330955,11.22330955,12.16767755,12.16767755,0.0531784823,318.608226,318.608226,0.00177463888,0.00177463888,0.00536768243,0.00536768243,0.587821792,3256.845,59.72098,0.00276877354,5.0856141e-05,0.0,7816.35335,3252.4734,0.0531784823,-186.982962,0.000416601496
862.0,-32.952106,7816.352349999999,13.71161645,13.71161645,11.2233214,11.2233214,12.1676892,12.1676892,0.0539077617,326.33746,326.33746,0.00184224271,0.00184224271,0.00557217376,0.00557217376,0.58770867,3256.845,59.72098,0.00280674396,-1.202994e-06,0.0,7816.352349999999,3252.4734,0.0539077617,-191.822213,0.000433150481
862.5,-32.952106,7816.352499999999,13.711616,13.711616,11.223321,11.223321,12.167688,12.167688,0.0539077189,326.33746,326.33746,0.00184224117,0.00184224117,0.00557216933,0.00557216933,0.587595536,3256.845,59.72098,0.00280674169,7.48043e-07,0.0,7816.352499999999,3252.4734,0.0539077189,-191.821921,0.000433149481
863.0,-32.952106,7816.352499999999,13.711616,13.711616,11.223321,11.223321,12.167688,12.167688,0.0539077459,326.33746,326.33746,0.00184224216,0.00184224216,0.00557217215,0.00557217215,0.587482413,3256.845,59.72098,0.00280674314,-1.53555e-06,0.0,7816.352499999999,3252.4734,0.0539077459,-191.822103,0.000433150113
863.5,-32.952106,7816.352499999999,13.711616,13.711616,11.223321,11.223321,12.167688,12.167688,0.0539077864,326.33746,326.33746,0.00184224352,0.00184224352,0.00557217639,0.00557217639,0.587369278,3256.845,59.72098,0.00280674524,1.089829e-06,0.0,7816.352499999999,3252.4734,0.0539077864,-191.822373,0.000433151047
864.0,-32.952106,7816.352499999999,13.711616,13.711616,11.223321,11.223321,12.167688,12.167688,0.05390776,326.33746,326.33746,0.00184224266,0.00184224266,0.00557217357,0.00557217357,0.587256133,3256.845,59.72098,0.00280674387,-5.08128e-07,0.0,7816.352499999999,3252.4734,0.05390776,-191.822196,0.000433150436
864.5,-32.952106,7816.352499999999,13.711616,13.711616,11.223321,11.223321,12.167688,12.167688,0.0539077945,326.33746,326.33746,0.00184224384,0.00184224384,0.00557217723,0.00557217723,0.587142981,3256.845,59.72098,0.00280674563,1.63116e-07,0.0,7816.352499999999,3252.4734,0.0539077945,-191.822428,0.000433151244
865.0,-32.952106,7816.352499999999,13.711616,13.711616,11.223321,11.223321,12.167688,12.167688,0.0539077167,326.33746,326.33746,0.00184224115,0.00184224115,0.00557216909,0.00557216909,0.58702984,3256.845,59.72098,0.00280674157,-4.0833e-07,0.0,7816.352499999999,3252.4734,0.0539077167,-191.82191,0.00043314944
865.5,-32.952106,7816.352499999999,13.711616,13.711616,11.223321,11.223321,12.167688,12.167688,0.0539076779,326.33746,326.33746,0.00184223986,0.00184223986,0.0055721651,0.0055721651,0.58691667,3256.845,59.72098,0.00280673962,4.3538e-08,0.0,7816.352499999999,3252.4734,0.0539076779,-191.821656,0.00043314856
866.0,-32.952106,7816.352499999999,13.711616,13.711616,11.223321,11.223321,12.167688,12.167688,0.0539077266,326.33746,326.33746,0.00184224147,0.00184224147,0.00557217011,0.00557217011,0.586803512,3256.845,59.72098,0.00280674206,-1.891e-08,0.0,7816.352499999999,3252.4734,0.0539077266,-191.821974,0.00043314966
866.5,-7.40050922,7873.18945,4.243165304,4.243165304,3.45681759,3.45681759,4.277631141,4.277631141,0.0533479101,306.089257,306.089257,0.00171056279,0.00171056279,0.00517384456,0.00517384456,0.586708171,3256.845,59.72098,0.00277759488,-2.7729677e-05,0.0,7873.18945,3276.12333,0.0533479101,-188.107227,0.000420384946
867.0,72.8716722,7949.64304,-30.2010672,-30.2010672,-25.1451033,-25.1451033,-23.9871864,-23.9871864,0.0522594851,247.097456,247.097456,0.00135284022,0.00135284022,0.00409175377,0.00409175377,0.586768643,3256.845,59.72098,0.0027209254,-3.1594602e-05,0.0,7949.64304,3307.93568,0.0522594851,-180.884809,0.00039599237
867.5,149.5775274,7940.658409999999,-62.9386687,-62.9386687,-52.3255783,-52.3255783,-50.2330894,-50.2330894,0.050877236,187.175024,187.175024,0.000998446654,0.000998446654,0.00301978484,0.00301978484,0.58699131,3256.845,59.72098,0.00264895759,-7.7111198e-05,0.0,7940.658409999999,3304.19632,0.050877236,-171.712659,0.000366088429
868.0,166.12393,7832.94592,-69.6797274,-69.6797274,-57.1566156,-57.1566156,-54.8558251,-54.8558251,0.0461399622,127.2511855,127.2511855,0.000617810576,0.000617810576,0.00186853272,0.00186853272,0.587292224,3256.845,59.72098,0.00240230825,-0.000169351809,0.0,7832.94592,3259.37359,0.0461399622,-140.277696,0.00027186692
868.5,166.12393,7816.720729999999,-69.1382612,-69.1382612,-56.5941686,-56.5941686,-54.3175715,-54.3175715,0.0404700565,67.3279668,67.3279668,0.000288258607,0.000288258607,0.00087183316,0.00087183316,0.587593426,3256.845,59.72098,0.00210710075,-0.000164122742,0.0,7816.720729999999,3252.61879,0.0404700565,-102.6541076,0.000174750357
869.0,166.12393,7816.385700000001,-69.1255909,-69.1255909,-56.5813699,-56.5813699,-54.3053283,-54.3053283,0.0348272357,7.40604272,7.40604272,2.9931493e-05,2.9931493e-05,0.000129586626,0.000129586626,0.587893988,3256.845,59.72098,0.00181330349,-0.000161425545,0.0,7816.385700000001,3252.47604,0.0348272357,-65.2102397,9.5861296e-05
869.5,166.12393,7816.38483,-69.1253914,-69.1253914,-56.5811965,-56.5811965,-54.3051633,-54.3051633,0.0310650024,-32.5105823,-32.5105823,-0.000105703995,-0.000105703995,-3.4946945e-05,-3.4946945e-05,0.588194547,3256.845,59.72098,0.00161742027,-3.3175227e-05,0.0,7816.38483,3252.47348,0.0310650024,-40.2453191,5.2383428e-05
870.0,166.12393,7816.38437,-69.1254,-69.1254,-56.5812,-56.5812,-54.3051652,-54.3051652,0.0309708189,-33.50131,-33.50131,-0.00010865334,-0.00010865334,-3.5922128e-05,-3.5922128e-05,0.588495112,3256.845,59.72098,0.00161251655,1.051324e-06,0.0,7816.38437,3252.4734,0.0309708189,-39.6203509,5.1399585e-05
870.5,166.12393,7816.3843,-69.1254,-69.1254,-56.5812,-56.5812,-54.305164,-54.305164,0.0309708463,-33.50131,-33.50131,-0.000108653438,-0.000108653438,-3.592216e-05,-3.592216e-05,0.588795646,3256.845,59.72098,0.00161251799,4.4585e-08,0.0,7816.3843,3252.4734,0.0309708463,-39.6205356,5.1399871e-05
871.0,166.12393,7816.3843,-69.1254,-69.1254,-56.5812,-56.5812,-54.305164,-54.305164,0.0309708356,-33.50131,-33.50131,-0.000108653399,-0.000108653399,-3.5922147e-05,-3.5922147e-05,0.589096185,3256.845,59.72098,0.00161251744,8.08296e-07,0.0,7816.3843,3252.4734,0.0309708356,-39.6204614,5.1399758e-05
871.5,166.12393,7128.399799999999,-86.1734459,-86.1734459,-63.9275262,-63.9275262,-61.0982808,-61.0982808,0.0318331911,-33.50131,-33.50131,-0.000111678758,-0.000111678758,-3.692244e-05,-3.692244e-05,0.589410652,2938.22448,59.72098,0.0016574166,2.5023372e-05,0.0,7128.399799999999,2966.19838,0.0318331911,-45.3427669,6.0519836e-05
872.0,164.899524,4843.37958,-89.8526586,-89.8526586,-45.6150271,-45.6150271,-42.8676447,-42.8676447,0.0319787747,-33.50131,-33.50131,-0.000112189499,-0.000112189499,-3.709131e-05,-3.709131e-05,0.58970816,2016.33067,59.72098,0.00166499644,-4.325932e-06,0.0,4843.37958,2015.38464,0.0319787747,-46.3088067,6.2032863e-05
872.5,161.35778,3229.88076,-71.5131051,-71.5131051,-24.3024844,-24.3024844,-22.4802712,-22.4802712,0.0309311909,-33.50131,-33.50131,-0.000108514314,-0.000108514314,-3.5876162e-05,-3.5876162e-05,0.589902194,1380.22532,59.72098,0.00161045327,-3.6836673e-05,0.0,3229.88076,1343.99529,0.0309311909,-39.3573926,5.1067459e-05
873.0,157.762625,3254.13066,-65.3764945,-65.3764945,-22.2783601,-22.2783601,-20.6926016,-20.6926016,0.0304976376,-33.50131,-33.50131,-0.000106993304,-0.000106993304,-3.5373261e-05,-3.5373261e-05,0.590038547,1361.5721,59.72098,0.00158788008,-4.284969e-06,0.0,3254.13066,1354.08561,0.0304976376,-36.4804797,4.6603719e-05
873.5,154.167469,3261.59657,-64.1446024,-64.1446024,-21.9088134,-21.9088134,-20.3633956,-20.3633956,0.0303134311,-33.50131,-33.50131,-0.000106347061,-0.000106347061,-3.5159592e-05,-3.5159592e-05,0.59017417,1361.5721,59.72098,0.00157828923,-5.618077e-06,0.0,3261.59657,1357.1921,0.0303134311,-35.2581479,4.4770487e-05
874.0,150.572312,3261.74437,-62.6542377,-62.6542377,-21.4007501,-21.4007501,-19.904723,-19.904723,0.0301160092,-33.50131,-33.50131,-0.000105654455,-0.000105654455,-3.4930592e-05,-3.4930592e-05,0.590307378,1361.5721,59.72098,0.00156801032,-6.899889e-06,0.0,3261.74437,1357.25353,0.0301160092,-33.94812,4.2826328e-05
874.5,146.977155,3261.74749,-61.1583315,-61.1583315,-20.8898145,-20.8898145,-19.4427344,-19.4427344,0.0299183357,-33.50131,-33.50131,-0.000104960968,-0.000104960968,-3.4701301e-05,-3.4701301e-05,0.590437925,1361.5721,59.72098,0.00155771838,-8.086421e-06,0.0,3261.74749,1357.25468,0.0299183357,-32.6364304,4.0901401e-05
875.0,143.382,3261.74781,-59.6623451,-59.6623451,-20.3788336,-20.3788336,-18.9800239,-18.9800239,0.0297206541,-33.50131,-33.50131,-0.000104267448,-0.000104267448,-3.4472002e-05,-3.4472002e-05,0.590565777,1361.5721,59.72098,0.00154742588,-5.141465e-06,0.0,3261.74781,1357.2547,0.0297206541,-31.3246771,3.8998109e-05
875.5,139.786842,3261.74808,-58.1662862,-58.1662862,-19.8678268,-19.8678268,-18.5155537,-18.5155537,0.0295230252,-33.50131,-33.50131,-0.000103574119,-0.000103574119,-3.4242763e-05,-3.4242763e-05,0.59069097,1361.5721,59.72098,0.0015371362,-7.180633e-06,0.0,3261.74808,1357.25468,0.0295230252,-30.0132782,3.7117044e-05
876.0,136.214558,3261.77463,-56.6729883,-56.6729883,-19.3579176,-19.3579176,-18.0509752,-18.0509752,0.0292513281,-34.3005701,-34.3005701,-0.00010504916,-0.00010504916,-3.4730498e-05,-3.4730498e-05,0.590813434,1361.5721,59.72098,0.00152299009,-1.7094785e-05,0.0,3261.77463,1357.26559,0.0292513281,-28.2103857,3.4572814e-05
876.5,134.80257,3266.04879,-56.0445296,-56.0445296,-19.1683457,-19.1683457,-17.8798596,-17.8798596,0.0284011649,-42.4866763,-42.4866763,-0.00012628174,-0.00012628174,-4.17508e-05,-4.17508e-05,0.590933766,1361.5721,59.72098,0.00147872579,-2.8508774e-05,0.0,3266.04879,1359.04359,0.0284011649,-22.5689888,2.6869548e-05
877.0,134.80257,3267.69358,-56.0908235,-56.0908235,-19.1938354,-19.1938354,-17.9037769,-17.9037769,0.0274636512,-52.4686895,-52.4686895,-0.000150818236,-0.000150818236,-4.9863184e-05,-4.9863184e-05,0.591053962,1361.5721,59.72098,0.0014299135,-2.7225999e-05,0.0,3267.69358,1359.7275,0.0274636512,-16.347962,1.8826854e-05
877.5,134.80257,3267.73535,-56.0923081,-56.0923081,-19.1945887,-19.1945887,-17.904481,-17.904481,0.0265237953,-62.4507411,-62.4507411,-0.00017337994,-0.00017337994,-5.7322682e-05,-5.7322682e-05,0.591174199,1361.5721,59.72098,0.00138097929,-2.6188582e-05,0.0,3267.73535,1359.74429,0.0265237953,-10.11139436,1.1254289e-05
878.0,134.80257,3850.78221,-33.9032012,-33.9032012,-12.26496735,-12.26496735,-11.3840082,-11.3840082,-0.0005946455,-72.4317106,-72.4317106,1.142074e-05,1.142074e-05,0.000288526489,0.000288526489,0.591284097,1658.16285,59.72098,-3.096061e-05,-0.001620172519,0.0,3850.78221,1602.33852,-0.0005946455,4.14884055,1.0218941e-05
878.5,134.80257,7954.960120000001,-15.1193141,-15.1193141,-13.04061225,-13.04061225,-12.03515828,-12.03515828,-0.0274158225,-82.4146453,-82.4146453,0.00023664188,0.00023664188,0.000715749778,0.000715749778,0.59134572,3323.39345,59.72098,-0.00142742328,2.7566959e-05,0.0,7954.960120000001,3310.10168,-0.0274158225,16.0305877,1.8421141e-05
879.0,134.80257,9956.0415,-58.2779223,-58.2779223,-60.7573465,-60.7573465,-58.1580812,-58.1580812,-0.0261698667,-92.3972955,-92.3972955,0.000253291386,0.000253291386,0.000766111236,0.000766111236,0.591553029,4087.2117,59.72098,-0.00136255176,-8.746708e-06,0.0,9956.0415,4142.76699,-0.0261698667,7.76284372,8.5335e-06
879.5,134.80257,9814.247350000001,-56.2707913,-56.2707913,-57.8321484,-57.8321484,-55.3434184,-55.3434184,-0.026744131,-97.41377,-97.41377,0.000272820794,0.000272820794,0.000825179218,0.000825179218,0.591863814,4087.2117,59.72098,-0.0013924512,-5.36794e-07,0.0,9814.247350000001,4083.76512,-0.026744131,11.57346845,1.2965265e-05
880.0,134.80257,9809.43875,-56.0958169,-56.0958169,-57.623981,-57.623981,-55.1425783,-55.1425783,-0.0267529766,-97.41377,-97.41377,0.000272911031,0.000272911031,0.000825452101,0.000825452101,0.592168069,4087.2117,59.72098,-0.00139291175,6.92172e-07,0.0,9809.43875,4081.76435,-0.0267529766,11.63216465,1.3035307e-05
880.5,134.80257,9809.3474,-56.0924094,-56.0924094,-57.6199412,-57.6199412,-55.1386815,-55.1386815,-0.0267531224,-97.41377,-97.41377,0.000272912513,0.000272912513,0.000825456605,0.000825456605,0.592472103,4087.2117,59.72098,-0.00139291934,-8.97123e-07,0.0,9809.3474,4081.72611,-0.0267531224,11.6331343,1.3036465e-05
881.0,134.80257,9809.346,-56.0923464,-56.0923464,-57.619866,-57.619866,-55.1386076,-55.1386076,-0.0267531536,-97.41377,-97.41377,0.000272912835,0.000272912835,0.000825457568,0.000825457568,0.5927761,4087.2117,59.72098,-0.00139292097,-9.60623e-07,0.0,9809.346,4081.7253,-0.0267531536,11.63334025,1.3036711e-05
881.5,134.80257,9797.985,-58.0601535,-58.0601535,-59.5511881,-59.5511881,-57.0138361,-57.0138361,0.0023082913,-72.0301471,-72.0301471,2.0696642e-05,2.0696642e-05,0.000284407004,0.000284407004,0.593080535,4075.25681,59.72098,0.000120182736,0.001623597588,0.0,9797.985,4077.0152,0.0023082913,-4.527846224,1.0726125e-05
882.0,134.80257,7961.02124,-85.9082511,-85.9082511,-71.6787882,-71.6787882,-68.7345634,-68.7345634,0.0322868682,-17.22002692,-17.22002692,-5.5829075e-05,-5.5829075e-05,-9.317268e-06,-9.317268e-06,0.593429624,3279.6524,59.72098,0.00168103761,0.000154031298,0.0,7961.02124,3312.6586,0.0322868682,-48.353219,6.5980736e-05
882.5,134.80257,4871.56754,-84.180882,-84.180882,-42.9528918,-42.9528918,-40.4571278,-40.4571278,0.0373603877,37.5895351,37.5895351,0.00014950041,0.00014950041,0.000452178096,0.000452178096,0.593728286,2028.72414,59.72098,0.00194519378,0.000145615383,0.0,4871.56754,2027.11705,0.0373603877,-82.019387,0.000128963086
883.0,134.490122,2185.53226,-70.4024863,-70.4024863,-16.73324625,-16.73324625,-15.0417991,-15.0417991,0.0418414429,92.3990726,92.3990726,0.000406246048,0.000406246048,0.001228675635,0.001228675635,0.593898096,945.52452,59.6307782,0.00217850293,0.000117388504,0.0,2185.53226,909.440538,0.0418414429,-111.5711955,0.000195755597
883.5,130.648262,1885.28073,-53.4446011,-53.4446011,-10.5521423,-10.5521423,-9.46529265,-9.46529265,0.0484856782,147.208671,147.208671,0.000752037779,0.000752037779,0.00227449551,0.00227449551,0.593971711,800.5211,53.6611596,0.00252443956,0.000280339287,0.0,1885.28073,784.50754,0.0484856782,-139.219371,0.000283868549
884.0,125.829422,1912.54852,-52.3366368,-52.3366368,-10.4820349,-10.4820349,-9.4239823,-9.4239823,0.0601879013,202.014711,202.014711,0.00127993978,0.00127993978,0.00387109079,0.00387109079,0.594039779,800.5211,44.2833366,0.00313372368,0.00041275779,0.0,1912.54852,795.860698,0.0601879013,-171.965835,0.000435129923
884.5,121.010582,1913.10901,-50.3531631,-50.3531631,-10.0877683,-10.0877683,-9.0813721,-9.0813721,0.0781856053,256.81897,256.81897,0.00211348922,0.00211348922,0.00639207703,0.00639207703,0.59410611,800.5211,34.9055149,0.00407078623,0.000655402301,0.0,1913.10901,796.104449,0.0781856053,-204.38472,0.000671909746
885.0,116.1917446,1913.07539,-48.34863,-48.34863,-9.6860098,-9.6860098,-8.73061975,-8.73061975,0.1068053614,299.813452,299.813452,0.00335744319,0.00335744319,0.0101541288,0.0101541288,0.594170079,800.5211,25.5276929,0.0055608932,0.000946332307,0.0,1913.07539,796.107156,0.1068053614,-229.381255,0.001027040463
885.5,111.3729056,1913.01189,-46.3434619,-46.3434619,-9.2839937,-9.2839937,-8.37871845,-8.37871845,0.156263903,302.97797,302.97797,0.00495790642,0.00495790642,0.01499327835,0.01499327835,0.594231701,800.5211,16.1498704,0.00813598543,0.00235958659,0.0,1913.01189,796.109632,0.156263903,-229.228904,0.00149980072
886.0,106.5540652,1910.20899,-44.3932571,-44.3932571,-8.880438,-8.880438,-8.0218489,-8.0218489,2.379075371,302.97797,302.97797,0.07548277656,0.07548277656,0.226593617,0.226593617,0.594290644,800.5211,7.5188351,0.1238681614,0.2069063348,0.0,1910.20899,796.241194,2.379075371,-180.882665,0.01507836211
886.5,101.7352252,1895.02916,-42.4259278,-42.4259278,-8.41957625,-8.41957625,-7.60625658,-7.60625658,13.0370883,302.97797,302.97797,0.413637855,0.413637855,1.22354777,1.22354777,0.594342617,800.5211,5.825669,0.678784788,0.326367915,0.0,1895.02916,796.14789,13.0370883,-145.64172,0.0795344017
887.0,96.9163852,1879.39369,-40.415842,-40.415842,-7.95449421,-7.95449421,-7.18688667,-7.18688667,24.1623027,302.97797,302.97797,0.766616182,0.766616182,2.22940621,2.22940621,0.59438451,800.5211,5.825669,1.25802659,0.317238221,0.0,1879.39369,796.137784,24.1623027,-145.64172,0.147405179
887.5,92.2806042,1864.63954,-38.4527349,-38.4527349,-7.50866241,-7.50866241,-6.784792,-6.784792,34.9726873,302.97797,302.97797,1.109605645,1.109605645,3.17362677,3.17362677,0.594416537,800.5211,5.825669,1.82087648,0.308393409,0.0,1864.63954,796.31057,34.9726873,-145.64172,0.213355287
888.0,91.02115,1856.13493,-37.9169938,-37.9169938,-7.37006702,-7.37006702,-6.65788032,-6.65788032,45.5695485,302.97797,302.97797,1.44582052,1.44582052,4.06898394,4.06898394,0.594439805,800.5211,5.825669,2.37260917,0.305955791,0.0,1856.13493,798.959173,45.5695485,-145.64172,0.278002781
888.5,91.02115,1842.61488,-37.9585706,-37.9585706,-7.32441624,-7.32441624,-6.61214917,-6.61214917,56.1480246,302.97797,302.97797,1.78145209,1.78145209,4.93441964,4.93441964,0.594456148,800.5211,5.825669,2.92338475,0.305981715,0.0,1842.61488,799.510067,56.1480246,-145.64172,0.342538115
889.0,91.02115,1827.83444,-37.9595902,-37.9595902,-7.26585934,-7.26585934,-6.55445593,-6.55445593,66.725436,302.97797,302.97797,2.11704987,2.11704987,5.77277381,5.77277381,0.594465619,800.5211,5.825669,3.47410481,0.305927403,0.0,1827.83444,799.535903,66.725436,-145.64172,0.407066951
889.5,91.02115,1813.02951,-37.959591,-37.959591,-7.20700826,-7.20700826,-6.49656807,-6.49656807,77.3007569,302.97797,302.97797,2.45258126,2.45258126,6.58522016,6.58522016,0.594468304,800.5211,5.825669,4.02471597,0.305861676,0.0,1813.02951,799.550299,77.3007569,-145.64172,0.471583029
890.0,91.02115,1798.22746,-37.95957,-37.95957,-7.14816447,-7.14816447,-6.43876631,-6.43876631,87.873638,302.97797,302.97797,2.78803524,2.78803524,7.37291573,7.37291573,0.594464272,800.5211,5.825669,4.57520016,0.305786283,0.0,1798.22746,799.564502,87.873638,-145.64172,0.536084212
890.5,91.02115,1783.4293,-37.9595464,-37.9595464,-7.08933562,-7.08933562,-6.38105757,-6.38105757,98.4437436,302.97797,302.97797,3.12340129,3.12340129,8.13695076,8.13695076,0.594453579,800.5211,5.825669,5.12553998,0.305701261,0.0,1783.4293,799.578671,98.4437436,-145.64172,0.600568492
891.0,91.083276,1770.62312,-37.9462972,-37.9462972,-7.0359739,-7.0359739,-6.32898713,-6.32898713,107.5570788,260.645208,260.645208,2.93079927,2.93079927,7.29969485,7.29969485,0.594440173,800.5211,5.825669,5.6000319,0.1687673464,0.0,1770.62312,799.571133,107.5570788,-145.64172,0.656165545
891.5,91.3856314,1770.40177,-37.9833952,-37.9833952,-7.04197388,-7.04197388,-6.33427398,-6.33427398,107.8674997,161.5345015,161.5345015,1.82916802,1.82916802,4.19951076,4.19951076,0.594444433,800.5211,5.825669,5.61619397,-0.15147412654,0.0,1770.40177,799.660289,107.8674997,-145.64172,0.658059303
892.0,91.7118046,1785.52277,-38.0306169,-38.0306169,-7.11095522,-7.11095522,-6.40111635,-6.40111635,97.0811126,62.168734,62.168734,0.6460485,0.6460485,1.480416903,1.480416903,0.594471327,800.5211,5.825669,5.05459354,-0.472401077,0.0,1785.52277,799.654153,97.0811126,-145.64172,0.592255582
892.5,92.0379786,1816.15809,-38.0770388,-38.0770388,-7.24179692,-7.24179692,-6.52884522,-6.52884522,75.1983204,-37.19703338,-37.19703338,-0.2693613464,-0.2693613464,-0.08873297256,-0.08873297256,0.594515015,800.5211,5.825669,3.91525129,-0.793974551,0.0,1816.15809,799.62453,75.1983204,-145.64172,0.458756849
893.0,92.3641524,1862.55089,-38.1207239,-38.1207239,-7.43530999,-7.43530999,-6.71880961,-6.71880961,42.0522947,-136.5627992,-136.5627992,-0.567989842,-0.567989842,-0.214163089,-0.214163089,0.594564851,800.5211,5.825669,2.18948111,-1.12508532,0.0,1862.55089,799.575199,42.0522947,-145.64172,0.256545338
893.5,92.690326,1915.831,-38.3768565,-38.3768565,-7.69957034,-7.69957034,-6.97551419,-6.97551419,4.908961368,-227.788152,-227.788152,-0.10323477068,-0.10323477068,-0.0282703948,-0.0282703948,0.594615819,800.5211,5.825669,0.2555883735,-0.679241895151,0.0,1915.831,800.057732,4.908961368,-13.6158903,0.03109770471
894.0,93.0164996,1922.44571,-38.7168329,-38.7168329,-7.7943961,-7.7943961,-7.06282787,-7.06282787,-0.208811888,-245.38945,-245.38945,0.00536586487,0.00536586487,0.0162238911,0.0162238911,0.59466721,800.5211,5.825669,-0.0108719315,4.721227e-06,0.0,1922.44571,799.821934,-0.208811888,118.9807985,0.00104068845
894.5,93.3426726,1922.09317,-38.8408565,-38.8408565,-7.81793125,-7.81793125,-7.08364508,-7.08364508,-0.208634811,-245.38945,-245.38945,0.0053613145,0.0053613145,0.016210139,0.016210139,0.59471874,800.5211,5.825669,-0.0108627119,5.284711e-06,0.0,1922.09317,799.675331,-0.208634811,118.8661779,0.00103880427
895.0,93.6539314,1922.05338,-38.9724866,-38.9724866,-7.84426363,-7.84426363,-7.10708085,-7.10708085,-0.208458382,-245.38945,-245.38945,0.00535678096,0.00535678096,0.0161964376,0.0161964376,0.594770466,800.5211,5.825669,-0.0108535262,3.843935e-06,0.0,1922.05338,799.658888,-0.208458382,118.7519812,0.0010369286
895.5,93.73329,1921.62366,-39.0057778,-39.0057778,-7.84920901,-7.84920901,-7.11130524,-7.11130524,-0.208412492,-245.38945,-245.38945,0.00535560168,0.00535560168,0.0161928734,0.0161928734,0.594822265,800.5211,5.825669,-0.0108511368,-1.23883e-07,0.0,1921.62366,799.480095,-0.208412492,118.7222741,0.00103644095
896.0,93.73329,1921.54416,-39.0031791,-39.0031791,-7.84836148,-7.84836148,-7.11051721,-7.11051721,-0.20841387,-245.38945,-245.38945,0.00535563706,0.00535563706,0.0161929809,0.0161929809,0.594874079,800.5211,5.825669,-0.0108512086,-3.922e-09,0.0,1921.54416,799.447028,-0.20841387,118.7231654,0.00103645561
896.5,93.73329,1921.54251,-39.0031173,-39.0031173,-7.84834189,-7.84834189,-7.11049918,-7.11049918,-0.2084139,-245.38945,-245.38945,0.005355638,0.005355638,0.016192984,0.016192984,0.594925884,800.5211,5.825669,-0.0108512107,-7.4e-11,0.0,1921.54251,799.446315,-0.2084139,118.72319,0.001036456
897.0,93.73329,1921.5425,-39.003117,-39.003117,-7.8483415,-7.8483415,-7.110499,-7.110499,-0.2084139,-245.38945,-245.38945,0.005355638,0.005355638,0.016192984,0.016192984,0.59497769,800.5211,5.825669,-0.010851211,-1e-12,0.0,1921.5425,799.4463,-0.2084139,118.72319,0.001036456
897.5,93.73329,1921.5425,-39.003117,-39.003117,-7.8483415,-7.8483415,-7.110499,-7.110499,-0.2084139,-245.38945,-245.38945,0.005355638,0.005355638,0.016192984,0.016192984,0.595029498,800.5211,5.825669,-0.010851211,-0.0,0.0,1921.5425,799.4463,-0.2084139,118.72319,0.001036456
898.0,93.73329,1921.53662,-39.0032517,-39.0032517,-7.84834481,-7.84834481,-7.11049944,-7.11049944,-0.203637483,-240.277779,-240.277779,0.00512770467,0.00512770467,0.01550382495,0.01550382495,0.595081299,800.5211,5.825669,-0.0106025231,0.00049135893,0.0,1921.53662,799.446646,-0.203637483,115.6314285,0.000987261539
898.5,93.73329,1921.49366,-39.0033966,-39.0033966,-7.84819912,-7.84819912,-7.11035148,-7.11035148,-0.173380474,-208.690663,-208.690663,0.00379942425,0.00379942425,0.0114878555,0.0114878555,0.595133107,800.5211,5.825669,-0.0090271713,0.00098271435,0.0,1921.49366,799.446469,-0.173380474,96.046168,0.000700121484
899.0,93.73329,1921.44586,-39.003387,-39.003387,-7.84800202,-7.84800202,-7.11015599,-7.11015599,-0.139406364,-173.390077,-173.390077,0.0025416137,0.0025416137,0.00768503535,0.00768503535,0.595184953,800.5211,5.825669,-0.00725828621,0.00098271478,0.0,1921.44586,799.4464,-0.139406364,74.0548435,0.000435020756
899.5,93.73329,1921.39826,-39.003387,-39.003387,-7.84780762,-7.84780762,-7.10996293,-7.10996293,-0.1054322485,-138.089488,-138.089488,0.00153498518,0.00153498518,0.00464159043,0.00464159043,0.595236828,800.5211,5.825669,-0.00548940105,0.0009827148,0.0,1921.39826,799.44645,-0.1054322485,52.0635165,0.000232511905
900.0,93.73329,1921.35066,-39.003387,-39.003387,-7.84761334,-7.84761334,-7.10977006,-7.10977006,-0.0714581324,-102.7888988,-102.7888988,0.000779538721,0.000779538721,0.00235742838,0.00235742838,0.59528873,800.5211,5.825669,-0.00372051581,0.0009827148,0.0,1921.35066,799.446503,-0.0714581324,30.0721892,9.2594951e-05
900.5,93.73329,1921.30216,-39.0034783,-39.0034783,-7.84743327,-7.84743327,-7.10958944,-7.10958944,-0.0361304584,-67.4883132,-67.4883132,0.000267960022,0.000267960022,0.000810436112,0.000810436112,0.595340621,800.5211,5.825669,-0.001881156663,0.00192421992,0.0,1921.30216,799.446903,-0.0361304584,8.262385203,1.5438682e-05
901.0,93.73329,1921.18515,-39.0037088,-39.0037088,-7.84700177,-7.84700177,-7.10915603,-7.10915603,0.046314784,-32.1901133,-32.1901133,-0.0001457449,-0.0001457449,-4.8185808e-05,-4.8185808e-05,0.595392517,800.5211,5.825669,0.00241141043,0.00102226386,0.0,1921.18515,799.446378,0.046314784,-13.7969865,2.9357556e-05
901.5,93.73329,1921.13799,-39.0033799,-39.0033799,-7.84674283,-7.84674283,-7.10890593,-7.10890593,0.0802997978,3.11048893,3.11048893,3.6517377e-05,3.6517377e-05,0.000167945922,0.000167945922,0.59544442,800.5211,5.825669,0.00418086303,0.00098271525,0.0,1921.13799,799.446596,0.0802997978,-35.7953679,0.000122982885
902.0,93.73329,1921.10352,-39.0031842,-39.0031842,-7.84656284,-7.84656284,-7.10873115,-7.10873115,0.1043833504,27.8983794,27.8983794,0.000305369343,0.000305369343,0.000923550992,0.000923550992,0.59549633,800.5211,5.825669,0.00543478935,0.000203657166,0.0,1921.10352,799.446319,0.1043833504,-51.3845685,0.000224782274
902.5,93.73329,1921.10306,-39.003111,-39.003111,-7.84654632,-7.84654632,-7.10871624,-7.10871624,0.105310598,28.800264,28.800264,0.000317612197,0.000317612197,0.000960568992,0.000960568992,0.595548208,800.5211,5.825669,0.00548306697,2.23e-10,0.0,1921.10306,799.446672,0.105310598,-51.9847696,0.000229317295
903.0,93.73329,1921.1033,-39.003117,-39.003117,-7.8465476,-7.8465476,-7.1087174,-7.1087174,0.1053106,28.800264,28.800264,0.0003176122,0.0003176122,0.000960569,0.000960569,0.595600098,800.5211,5.825669,0.005483067,5e-12,0.0,1921.1033,799.4467,0.1053106,-51.98477,0.0002293173
903.5,92.7651705,1918.7984,-38.6824039,-38.6824039,-7.77282937,-7.77282937,-7.0419324,-7.0419324,0.104825649,28.800264,28.800264,0.000316149617,0.000316149617,0.000956146461,0.000956146461,0.595651913,800.5211,5.825669,0.00545781794,-5.6908783e-05,0.0,1918.7984,798.487359,0.104825649,-51.6708657,0.000226893761
904.0,86.470935,2032.79492,-30.1814597,-30.1814597,-6.29651041,-6.29651041,-5.70933795,-5.70933795,0.0983492316,28.800264,28.800264,0.000296617022,0.000296617022,0.000897082949,0.000897082949,0.595700537,867.296213,5.825669,0.00512061905,-0.000413476172,0.0,2032.79492,845.918409,0.0983492316,-47.4787051,0.000196157747
904.5,79.369446,3301.87557,-18.9668486,-18.9668486,-6.53957793,-6.53957793,-6.05246551,-6.05246551,0.0908241244,29.6849628,29.6849628,0.000282318964,0.000282318964,0.000853844112,0.000853844112,0.595740527,1387.55735,5.825669,0.00472881932,-2.9138955e-05,0.0,3301.87557,1373.98782,0.0908241244,-42.6077297,0.000162099763
905.0,72.267957,4768.99748,-16.5287501,-16.5287501,-8.21803864,-8.21803864,-7.65127451,-7.65127451,0.089740438,32.4252893,32.4252893,0.000304688974,0.000304688974,0.00092147698,0.00092147698,0.595791424,1992.20539,5.825669,0.00467239646,-3.6716636e-05,0.0,4768.99748,1984.46746,0.089740438,-41.9062633,0.0001575309
905.5,65.1664679,6181.01115,-16.8444128,-16.8444128,-11.0151139,-11.0151139,-10.3086246,-10.3086246,0.0900647919,35.2243644,35.2243644,0.000332369858,0.000332369858,0.001005163828,0.001005163828,0.595850731,2569.89069,5.825669,0.0046892841,0.000207821252,0.0,6181.01115,2572.01694,0.0900647919,-42.1162158,0.000159050875
906.0,58.0649799,6541.49389,-24.9793285,-24.9793285,-17.115063,-17.115063,-16.2688936,-16.2688936,0.0945544382,37.9886364,37.9886364,0.000376096646,0.000376096646,0.00113736135,0.00113736135,0.595948969,2718.6045,5.825669,0.00492304051,-7.3071701e-05,0.0,6541.49389,2722.01914,0.0945544382,-45.0223482,0.000178333421
906.5,50.9634914,6513.39719,-21.2318469,-21.2318469,-14.4819057,-14.4819057,-13.6926106,-13.6926106,0.0911099358,38.96895,38.96895,0.000371803146,0.000371803146,0.00112438096,0.00112438096,0.596050862,2718.6045,5.825669,0.00474370033,-0.000116988718,0.0,6513.39719,2710.32589,0.0911099358,-42.7927332,0.00016335077
907.0,43.8620019,6512.7221,-18.2517511,-18.2517511,-12.4478899,-12.4478899,-11.71059235,-11.71059235,0.0871058019,38.96895,38.96895,0.000355462998,0.000355462998,0.0010749783,0.0010749783,0.596139352,2718.6045,5.825669,0.00453522223,-0.0001154622,0.0,6512.7221,2710.04255,0.0871058019,-40.2008712,0.000146715724
907.5,38.0414743,6515.73259,-15.7392528,-15.7392528,-10.7392097,-10.7392097,-10.02088515,-10.02088515,0.083768307,38.96895,38.96895,0.000341843284,0.000341843284,0.00103379977,0.00103379977,0.596215589,2718.6045,5.825669,0.00436145325,-4.7577717e-05,0.0,6515.73259,2711.29335,0.083768307,-38.0405224,0.000133487085
908.0,37.47515,6523.94594,-15.57278635,-15.57278635,-10.63911125,-10.63911125,-9.92024025,-9.92024025,0.0834716467,38.96895,38.96895,0.000340632674,0.000340632674,0.0010301395,0.0010301395,0.59628614,2718.6045,5.825669,0.00434600756,1.179571e-06,0.0,6523.94594,2714.71087,0.0834716467,-37.8484953,0.000132335456
908.5,37.47515,6524.52272,-15.59326135,-15.59326135,-10.65404,-10.65404,-9.9350133,-9.9350133,0.083482577,38.96895,38.96895,0.000340677278,0.000340677278,0.00103027436,0.00103027436,0.596356906,2718.6045,5.825669,0.00434657655,2.6273e-08,0.0,6524.52272,2714.95079,0.083482577,-37.85557,0.000132377522
909.0,37.47515,6524.53381,-15.5936793,-15.5936793,-10.65434385,-10.65434385,-9.93531415,-9.93531415,0.0834827988,38.96895,38.96895,0.000340678191,0.000340678191,0.00103027713,0.00103027713,0.59642771,2718.6045,5.825669,0.00434658827,4.86e-10,0.0,6524.53381,2714.95551,0.0834827988,-37.8557155,0.000132378388
909.5,37.47515,6524.534,-15.593687,-15.593687,-10.654349,-10.654349,-9.93532,-9.93532,0.0834828,38.96895,38.96895,0.0003406782,0.0003406782,0.0010302772,0.0010302772,0.596498506,2718.6045,5.825669,0.0043465886,9e-12,0.0,6524.534,2714.9556,0.0834828,-37.855717,0.0001323784
910.0,37.47515,6524.534,-15.593687,-15.593687,-10.654349,-10.654349,-9.93532,-9.93532,0.0834828,38.96895,38.96895,0.0003406782,0.0003406782,0.0010302772,0.0010302772,0.596569274,2718.6045,5.825669,0.0043465886,0.0,0.0,6524.534,2714.9556,0.0834828,-37.855717,0.0001323784
910.5,37.2207716,6524.1523,-15.5541143,-15.5541143,-10.6267035,-10.6267035,-9.9079402,-9.9079402,0.0833855604,38.96895,38.96895,0.00034028138,0.00034028138,0.00102907741,0.00102907741,0.596640067,2718.6045,5.825669,0.0043415257,-3.9135423e-05,0.0,6524.1523,2714.79669,0.0833855604,-37.7927737,0.000132006663
911.0,19.5105605,6489.8854,-8.47103425,-8.47103425,-5.7608933,-5.7608933,-5.12484487,-5.12484487,0.0737060999,38.96895,38.96895,0.000300781253,0.000300781253,0.000909645214,0.000909645214,0.59669916,2718.6045,5.825669,0.00383755776,-0.000466900657,0.0,6489.8854,2700.5322,0.0737060999,-31.5272907,9.7926102e-05
911.5,-8.52726943,6478.19752,3.538060157,3.538060157,2.400114888,2.400114888,2.915677889,2.915677889,0.0577699755,38.96895,38.96895,0.000235748808,0.000235748808,0.000713001001,0.000713001001,0.596707256,2718.6045,5.825669,0.00300783273,-0.000456366355,0.0,6478.19752,2695.65958,0.0577699755,-21.2118927,5.1886395e-05
912.0,-36.3791869,6478.152980000001,15.1926105,15.1926105,10.3066416,10.3066416,11.0646018,11.0646018,0.0420739838,38.96895,38.96895,0.000171696309,0.000171696309,0.000519302705,0.000519302705,0.596645489,2718.6045,5.825669,0.00219061033,-0.00041921784,0.0,6478.152980000001,2695.63186,0.0420739838,-11.0519308,2.0009089e-05
912.5,-47.1959564,6511.845029999999,20.0380044,20.0380044,13.66393805,13.66393805,14.4804919,14.4804919,0.0356867733,38.96895,38.96895,0.000145631256,0.000145631256,0.000440476358,0.000440476358,0.596516608,2718.6045,5.825669,0.00185805593,2.8338694e-05,0.0,6511.845029999999,2709.64765,0.0356867733,-6.91751196,1.0342003e-05
913.0,-42.7619142,6532.83473,17.8770861,17.8770861,12.22981145,12.22981145,13.0104631,13.0104631,0.0383181876,38.96895,38.96895,0.000156369585,0.000156369585,0.000472951949,0.000472951949,0.596383784,2718.6045,5.825669,0.00199506231,0.000109815635,0.0,6532.83473,2718.38319,0.0383181876,-8.62081746,1.3869283e-05
913.5,-36.2187918,6535.42394,15.0730516,15.0730516,10.31581125,10.31581125,11.084529,11.084529,0.0420381931,38.96895,38.96895,0.000171550252,0.000171550252,0.000518861653,0.000518861653,0.596272439,2718.6045,5.825669,0.00218874688,0.000106489184,0.0,6535.42394,2719.46273,0.0420381931,-11.02876365,1.9450763e-05
914.0,-29.6756682,6535.509889999999,12.3490049,12.3490049,8.45161872,8.45161872,9.18559165,9.18559165,0.0194285687,23.54741846,23.54741846,8.4509688e-05,8.4509688e-05,0.000264812463,0.000264812463,0.596181659,2718.6045,5.825669,0.001011561509,-0.002240002088,0.0,6535.509889999999,2719.48523,0.0194285687,-4.27092278,1.1574552e-05
914.5,-23.1325448,6535.629,9.6259317,9.6259317,6.58807758,6.58807758,7.33331601,7.33331601,-0.0616187787,-25.01170819,-25.01170819,0.000180342718,0.000180342718,0.000545429615,0.000545429615,0.596110004,2718.6045,5.825669,-0.00320822326,-0.00127443413,0.0,6535.629,2719.48746,-0.0616187787,23.7032092,6.5538658e-05
915.0,-17.5635603,6533.36691,7.23311833,7.23311833,4.94878282,4.94878282,5.77369856,5.77369856,-0.106239106,-74.6831561,-74.6831561,0.000850644196,0.000850644196,0.00257213081,0.00257213081,0.596055003,2718.6045,5.825669,-0.00553141065,-0.00132958266,0.0,6533.36691,2718.52012,-0.106239106,52.5857924,0.000238763836
915.5,-16.901918,6525.532639999999,7.00996977,7.00996977,4.79027667,4.79027667,5.61675808,5.61675808,-0.153679083,-124.3501095,-124.3501095,0.00202172306,0.00202172306,0.0061123583,0.0061123583,0.596008028,2718.6045,5.825669,-0.00800140503,-0.0013839472,0.0,6525.532639999999,2715.23261,-0.153679083,83.2935255,0.000541304248
916.0,-16.901918,6524.9464,7.03290759,7.03290759,4.805521,4.805521,5.63200787,5.63200787,-0.201491961,-174.017064,-174.017064,0.00369230422,0.00369230422,0.0111623876,0.0111623876,0.595960867,2718.6045,5.825669,-0.0104908149,-0.00138268277,0.0,6524.9464,2714.96065,-0.201491961,114.2426391,0.000969327789
916.5,-16.901918,6525.05224,7.03562102,7.03562102,4.8074531,4.8074531,5.63396174,5.63396174,-0.299009799,-223.67824,-223.67824,0.00712817924,0.00712817924,0.0215451663,0.0215451663,0.595913624,2718.6045,5.825669,-0.01556814655,-0.012669989684,0.0,6525.05224,2714.9478,-0.299009799,141.545207,0.0017840399
917.0,-16.901918,6487.45077,0.54477263,0.54477263,0.58745882,0.58745882,1.42279306,1.42279306,-1.610305248,-249.7458,-249.7458,0.0421148278,0.0421148278,0.126919188,0.126919188,0.595867493,2677.74257,5.825669,-0.0838416307,-0.0414810528,0.0,6487.45077,2698.53592,-1.610305248,145.64172,0.00982387072
917.5,-16.901918,1670.2195085,-50.1583717,-50.1583717,-15.002037728,-15.002037728,-13.648110568,-13.648110568,-0.844749433,-249.7458,-249.7458,0.02209300183,0.02209300183,0.0666603361,0.0666603361,0.595938598,671.4726668,5.825669,-0.0439824479,0.0341313192,0.0,1670.2195085,694.4974386,-0.844749433,145.147178,0.00514848012
918.0,-16.901918,-92.85306441,10.69800825,10.69800825,-0.13707065147,-0.13707065147,-0.069061357557,-0.069061357557,-1.97133371,-249.7458,-249.7458,0.0515569201,0.0515569201,0.155256423,0.155256423,0.595956764,10.094082,5.825669,-0.102638818,-0.0550909243,0.0,-92.85306441,-39.78789457,-1.97133371,145.64172,0.0120263705
918.5,-16.901918,26.3045731,7.14286545,7.14286545,0.0196412675,0.0196412675,0.0547005728,0.0547005728,-3.41934376,-249.7458,-249.7458,0.0894271901,0.0894271901,0.268542255,0.268542255,0.595954913,10.094082,5.825669,-0.178030436,-0.0327960185,0.0,26.3045731,8.9489975,-3.41934376,145.64172,0.0208601386
919.0,-16.901918,30.2857418,7.04101899,7.04101899,0.0223306075,0.0223306075,0.0620117758,0.0620117758,-4.35653456,-249.7458,-249.7458,0.1139378381,0.1139378381,0.341485465,0.341485465,0.595952035,10.094082,5.825669,-0.226825904,-0.02219329,0.0,30.2857418,10.0583724,-4.35653456,145.64172,0.0265775889
919.5,-16.901918,31.2230916,7.0372181,7.0372181,0.0230094022,0.0230094022,0.0638424487,0.0638424487,-4.99331543,-249.7458,-249.7458,0.130591774,0.130591774,0.390881288,0.390881288,0.595948638,10.094082,5.825669,-0.259980334,-0.01510301255,0.0,31.2230916,10.076599,-4.99331543,145.64172,0.0304623513
920.0,-16.901918,31.8283236,7.03585236,7.03585236,0.0234508735,0.0234508735,0.0650310926,0.0650310926,-5.42670669,-249.7458,-249.7458,0.141926391,0.141926391,0.424423529,0.424423529,0.595944933,10.094082,5.825669,-0.28254514,-0.0102794957,0.0,31.8283236,10.0753865,-5.42670669,145.64172,0.0331063096
920.5,-16.901918,32.2396633,7.03494533,7.03494533,0.0237508852,0.0237508852,0.0658380976,0.0658380976,-5.72168461,-249.7458,-249.7458,0.149641041,0.149641041,0.447217991,0.447217991,0.595940993,10.094082,5.825669,-0.29790336,-0.00699650853,0.0,32.2396633,10.0743124,-5.72168461,145.64172,0.0349058587
921.0,-16.901918,32.5196211,7.03432826,7.03432826,0.023955029,0.023955029,0.0663868746,0.0663868746,-5.92245446,-249.7458,-249.7458,0.154891846,0.154891846,0.462716204,0.462716204,0.595936864,10.094082,5.825669,-0.308356593,-0.00476201393,0.0,32.5196211,10.07357685,-5.92245446,145.64172,0.0361306811
921.5,-16.901918,32.5662373,7.0298742,7.0298742,0.0239742624,0.0239742624,0.0664397335,0.0664397335,-5.93687833,-243.995732,-243.995732,0.151780958,0.151780958,0.45326609,0.45326609,0.595932708,10.094082,5.825669,-0.309107569,0.01399793392,0.0,32.5662373,10.08455195,-5.93687833,145.64172,0.036218676
922.0,-13.82686335,37.4170044,5.95619473,5.95619473,0.0223025235,0.0223025235,0.0622815331,0.0622815331,-4.16026268,-215.220614,-215.220614,0.0946223265,0.0946223265,0.283205053,0.283205053,0.595929164,10.094082,5.825669,-0.216606879,0.0927782814,0.0,37.4170044,13.1403453,-4.16026268,145.64172,0.0253802075
922.5,3.028965035,54.146408,-1.220011421,-1.220011421,-0.00706314791,-0.00706314791,0.003914424489,0.003914424489,-0.630114916,-184.038875,-184.038875,0.01266134087,0.01266134087,0.03816398565,0.03816398565,0.595927706,10.094082,5.825669,-0.0328073583,0.06191164121,0.0,54.146408,22.1628003,-0.630114916,123.3530926,0.003665046273
923.0,21.5362048,55.1924149,-8.95932775,-8.95932775,-0.0517918741,-0.0517918741,-0.01966878595,-0.01966878595,-0.160276817,-152.862381,-152.862381,0.0025765512,0.0025765512,0.00778994451,0.00778994451,0.595927676,10.094082,5.825669,-0.00834492069,0.00116895949,0.0,55.1924149,22.8723869,-0.160276817,87.564215,0.000591529638
923.5,40.0434444,55.1964322,-16.66265415,-16.66265415,-0.096309242,-0.096309242,-0.0381142812,-0.0381142812,-0.119869265,-121.684723,-121.684723,0.00153835291,0.00153835291,0.0046514742,0.0046514742,0.595927876,10.094082,5.825669,-0.00624107409,0.0011687573,0.0,55.1964322,22.8976515,-0.119869265,61.408548,0.00031198881
924.0,58.5506848,55.1410203,-24.3636961,-24.3636961,-0.14068085,-0.14068085,-0.056281751,-0.056281751,-0.0794634169,-90.5075491,-90.5075491,0.000764031999,0.000764031999,0.00231045709,0.00231045709,0.595928211,10.094082,5.825669,-0.00413731633,0.00116875472,0.0,55.1410203,22.8981875,-0.0794634169,35.2539815,0.000120996895
924.5,77.0579243,55.0825417,-32.0648544,-32.0648544,-0.184953003,-0.184953003,-0.0740515466,-0.0740515466,-0.03659996725,-59.3303726,-59.3303726,0.000241891622,0.000241891622,0.000736299557,0.000736299557,0.595928697,10.094082,5.825669,-0.001905601986,0.00257582125,0.0,55.0825417,22.8988817,-0.03659996725,9.37190731,1.8778264e-05
925.0,95.5651643,54.9559694,-39.7659611,-39.7659611,-0.228847954,-0.228847954,-0.0912984413,-0.0912984413,0.051186592,-28.1524305,-28.1524305,-0.000140020218,-0.000140020218,-4.6292719e-05,-4.6292719e-05,0.595929346,10.094082,5.825669,0.00266506447,0.00117014713,0.0,54.9559694,22.8974722,0.051186592,-16.9504915,3.9995811e-05
925.5,114.0724039,54.9012977,-47.4666844,-47.4666844,-0.272894148,-0.272894148,-0.1082894885,-0.1082894885,0.0915926685,3.02474531,3.02474531,3.9895478e-05,3.9895478e-05,0.000175658632,0.000175658632,0.59593013,10.094082,5.825669,0.00476883404,0.00116875517,0.0,54.9012977,22.8983157,0.0915926685,-43.1052047,0.00016903055
926.0,130.0002725,48.7038538,-54.3086581,-54.3086581,-0.276316791,-0.276316791,-0.1079474076,-0.1079474076,0.130652291,34.1239229,34.1239229,0.000476169978,0.000476169978,0.001439894833,0.001439894833,0.595931013,10.094082,5.825669,0.00680249953,0.000937481715,0.0,48.7038538,20.3423201,0.130652291,-68.388363,0.000377019619
926.5,132.04771,26.0391208,-55.0167671,-55.0167671,-0.15003435,-0.15003435,-0.0556804087,-0.0556804087,0.144829741,47.451664,47.451664,0.000719677337,0.000719677337,0.00217600082,0.00217600082,0.59593161,10.094082,5.825669,0.00754065809,-3.888477e-06,0.0,26.0391208,10.9196356,0.144829741,-77.5653775,0.000470559245
927.0,129.3711286,17.7220018,-54.0351361,-54.0351361,-0.1012166414,-0.1012166414,-0.0371473768,-0.0371473768,0.143437316,47.451664,47.451664,0.000712758193,0.000712758193,0.00215508918,0.00215508918,0.595931983,10.094082,5.825669,0.00746816047,-0.000152407703,0.0,17.7220018,7.45800773,0.143437316,-76.6640645,0.000460693523
927.5,114.3338365,-1.991992594,-47.6301255,-47.6301255,0.009637927495,0.009637927495,0.02932015229,0.02932015229,0.137078474,49.77753,49.77753,0.000715021764,0.000715021764,0.00216195383,0.00216195383,0.595931988,10.094082,5.825669,0.00713708301,8.9328034e-05,0.0,-1.991992594,-0.7488437113,0.137078474,-72.5480076,0.000416677402
928.0,97.7677046,-3.53023481,-40.6832005,-40.6832005,0.015032145,0.015032145,0.0425895744,0.0425895744,0.153017482,76.2082026,76.2082026,0.001227451436,0.001227451436,0.00371092431,0.00371092431,0.595931657,10.094082,5.825669,0.00796695834,0.000643033522,0.0,-3.53023481,-1.37961102,0.153017482,-82.8652755,0.000532237269
928.5,81.2015744,-3.5921291,-33.7887744,-33.7887744,0.012708253,0.012708253,0.0359908017,0.0359908017,0.175250074,108.9823055,108.9823055,0.00200635438,0.00200635438,0.00606536144,0.00606536144,0.595931316,10.094082,5.825669,0.0091245132,0.000643102766,0.0,-3.5921291,-1.39238423,0.175250074,-97.256354,0.000715050806
929.0,64.6354426,-3.61550072,-26.8953074,-26.8953074,0.0101828792,0.0101828792,0.0288356428,0.0288356428,0.190941827,134.7838464,134.7838464,0.00269545734,0.00269545734,0.00814842972,0.00814842972,0.595930996,10.094082,5.825669,0.00994151495,6.4077941e-05,0.0,-3.61550072,-1.39294701,0.190941827,-107.4135695,0.000859218084
929.5,48.0693115,-3.60454264,-20.0019151,-20.0019151,0.00755086562,0.00755086562,0.0213911535,0.0213911535,0.183584613,136.71172,136.71172,0.00262827398,0.00262827398,0.00794554495,0.00794554495,0.59593074,10.094082,5.825669,0.0095584567,-0.000269276928,0.0,-3.60454264,-1.3926831,0.183584613,-102.6512707,0.000789579506
930.0,31.5031808,-3.59134969,-13.108631,-13.108631,0.00493073967,0.00493073967,0.01398838175,0.01398838175,0.174275246,136.71172,136.71172,0.00249499713,0.00249499713,0.0075428629,0.0075428629,0.595930536,10.094082,5.825669,0.0090737581,-0.000269277227,0.0,-3.59134969,-1.39262907,0.174275246,-96.6253512,0.000705561287
930.5,14.93704933,-3.57831338,-6.21534163,-6.21534163,0.00232978963,0.00232978963,0.00663820314,0.00663820314,0.164965877,136.71172,136.71172,0.00236172044,0.00236172044,0.00714015641,0.00714015641,0.5959304,10.094082,5.825669,0.00858905945,-0.00026927723,0.0,-3.57831338,-1.39264022,0.164965877,-90.5994308,0.000626242669
931.0,-1.629081673,-3.56528019,0.677947803,0.677947803,-0.0002523392,-0.0002523392,0.000433225166,0.000433225166,0.155656505,136.71172,136.71172,0.00222844352,0.00222844352,0.00673742552,0.00673742552,0.595930328,10.094082,5.825669,0.0081043609,-0.00026927723,0.0,-3.56528019,-1.39265269,0.155656505,-84.5735058,0.000551623624
931.5,-18.1952129,-3.55224704,7.57123729,7.57123729,-0.00281565171,-0.00281565171,-0.000989318589,-0.000989318589,0.146347135,136.71172,136.71172,0.00209516668,0.00209516668,0.00633467039,0.00633467039,0.5959303,10.094082,5.825669,0.00761966229,-0.00026927723,0.0,-3.55224704,-1.39266522,0.146347135,-78.5475813,0.000481704244
932.0,-31.0584864,5.05971540729,13.14236515,13.14236515,0.007371009971,0.007371009971,0.024834569011,0.024834569011,0.138952927,136.71172,136.71172,0.00198930817,0.00198930817,0.00601475529,0.00601475529,0.59593018,10.094082,5.825669,0.00723467776,-8.9134828e-05,0.0,5.05971540729,2.186518489,0.138952927,-73.761337,0.000429349685
932.5,-31.956467,22.9758605,13.3351786,13.3351786,0.0320806974,0.0320806974,0.0874201976,0.0874201976,0.138515282,136.71172,136.71172,0.00198304268,0.00198304268,0.00599581995,0.00599581995,0.59592965,10.094082,5.825669,0.00721189175,2.17662e-06,0.0,22.9758605,9.6413032,0.138515282,-73.478053,0.000426328096
933.0,-31.956467,790.9239134,107.2720429,44.7815818,23.0530896413,6.4777363413,25.9932680002,7.6648834002,0.094074716669,136.71172,111.166831,0.001346812969,0.001328932344,0.004072249833,0.004018166727,0.595912796,838.7041492,5.825669,0.004898063758,-0.003776919036,0.0,790.9239134,329.1641882,0.094074716669,-48.0992961,0.000270451099
933.5,-31.956467,5047.69869,300.0,40.7243467,158.5781305,20.927419,166.74833,22.0237831,0.008785532506,136.71172,21.7309518,0.000125777355,1.882251e-05,0.000380458261,5.6935506e-05,0.595692396,4224.3945,5.825669,0.00045742467,-0.0181503954,0.0,5047.69869,2100.38985,0.008785532506,0.0,0.0
934.0,-31.956467,7159.905430000001,300.0,28.1344067,224.935063,21.0071685,235.783942,22.0190737,0.01104524945,136.71172,12.83192387,0.000158128404,1.0800123e-05,0.000478316439,3.2669153e-05,0.595410808,4224.3945,5.825669,0.000575078358,0.0179089049,0.0,7159.905430000001,2979.29595,0.01104524945,0.0,0.0
934.5,-31.956467,8474.392909999999,300.0,23.4681434,266.230904,20.7945673,281.898773,22.0143576,0.004823845456,136.71172,11.816611655,6.9060186e-05,3.692091e-06,0.000208896016,1.1168164e-05,0.595129265,4224.3945,5.825669,0.000251156764,0.02554907828,0.0,8474.392909999999,3526.2602,0.004823845456,0.0,0.0
935.0,-31.956467,9410.658050000002,300.0,20.8056849,295.644539,20.4892924,317.615996,22.0096269,0.006562773997,136.71172,10.05096748,9.3955412e-05,6.092998e-06,0.000284201601,1.8430682e-05,0.594847777,4224.3945,5.825669,0.000341695254,-0.00701391,0.0,9410.658050000002,3915.84805,0.006562773997,-0.0038814083,4.099e-09
935.5,-31.956467,10119.932799999999,282.300997,19.1428099,298.857772,20.2797384,324.263741,22.0048858,0.007777659395,143.318411,10.468062357,0.00011668156,9.643141e-06,0.000352950271,2.9169551e-05,0.59456631,4224.3945,5.825669,0.000404949077,0.0056996953,0.0,10119.932799999999,4210.98324,0.007777659395,0.0,0.0
936.0,-31.956467,10685.4858,157.5204265,18.0597112,175.4367434,20.2044378,190.9793595,22.0000558,0.012994396936,164.418634,20.5059513,0.000229864679,4.345765e-05,0.000695263635,0.00013144232,0.594284893,4224.3945,5.825669,0.00067656203,0.03072028361,0.0,10685.4858,4446.31724,0.012994396936,-2.1461603,3.897103e-06
936.5,-31.956467,10598.62375,9.099644584,6.681825984,10.217127905,7.443211605,11.831595265,8.806880965,0.176531475,185.999931,174.7990445,0.00345516148,0.00336696616,0.01044620035,0.01017948985,0.594089705,4224.3945,5.825669,0.00919123003,0.007114138594,0.0,10598.62375,4410.26866,0.176531475,-98.0858005,0.000763208063
937.0,-31.956467,10155.5117,12.66911305,12.66911305,13.47224225,13.47224225,15.1883923,15.1883923,0.206925938,207.605533,207.605533,0.00450233586,0.00450233586,0.01361197855,0.01361197855,0.593979849,4224.3945,5.825669,0.0107737385,0.000564190658,0.0,10155.5117,4225.90417,0.206925938,-117.7600324,0.001021579405
937.5,-31.956467,10138.555349999999,13.2849995,13.2849995,14.1047767,14.1047767,15.8355303,15.8355303,0.227388794,229.209483,229.209483,0.00546183575,0.00546183575,0.0165128062,0.0165128062,0.593823055,4224.3945,5.825669,0.01183915085,0.000600669931,0.0,10138.555349999999,4218.86046,0.227388794,-131.005565,0.0012487721
938.0,-31.956467,10138.2052,13.2968226,13.2968226,14.11684265,14.11684265,15.8477567,15.8477567,0.249333687,250.751104,250.751104,0.00655233532,0.00655233532,0.019809745,0.019809745,0.59366401,4224.3945,5.825669,0.0129817264,0.00149133212,0.0,10138.2052,4218.72764,0.249333687,-143.305704,0.00149741659
938.5,-31.956467,10137.9748,13.29530585,13.29530585,14.11491135,14.11491135,15.8457581,15.8457581,0.412553371,259.91852,259.91852,0.0112291266,0.0112291266,0.0339379371,0.0339379371,0.593504796,4224.3945,5.825669,0.0214798694,0.00666454502,0.0,10137.9748,4218.72693,0.412553371,-145.64172,0.00251683393
939.0,-31.956467,10137.69985,13.29605965,13.29605965,14.1153292,14.1153292,15.8461429,15.8461429,0.603793648,259.91852,259.91852,0.0164344202,0.0164344202,0.0496514745,0.0496514745,0.59334534,4224.3945,5.825669,0.0314369235,0.00453591137,0.0,10137.69985,4218.724120000001,0.603793648,-145.64172,0.00368351939
939.5,-31.956467,10137.5182,13.2964688,13.2964688,14.1155102,14.1155102,15.8463007,15.8463007,0.733955572,259.91852,259.91852,0.019977246,0.019977246,0.0603393817,0.0603393817,0.593185718,4224.3945,5.825669,0.0382138917,0.00308730041,0.0,10137.5182,4218.7246,0.733955572,-145.64172,0.00447758862
940.0,-31.956467,10137.3945,13.2967413,13.2967413,14.11562715,14.11562715,15.8464017,15.8464017,0.822548549,259.91852,259.91852,0.0223886235,0.0223886235,0.0676107085,0.0676107085,0.593025928,4224.3945,5.825669,0.0428265456,0.00210133199,0.0,10137.3945,4218.725,0.822548549,-145.64172,0.00501806129
940.5,-31.570704,10138.02375,13.21784685,13.21784685,14.0327087,14.0327087,15.7617804,15.7617804,0.88413502,259.91852,259.91852,0.0240649202,0.0240649202,0.0726638915,0.0726638915,0.592866095,4224.3945,5.825669,0.0460330856,0.00200180265,0.0,10138.02375,4219.02257,0.88413502,-145.64172,0.00539377724
941.0,-19.8685976,10159.3526,8.44024645,8.44024645,8.97839599,8.97839599,10.8295685,10.8295685,1.205823112,259.91852,259.91852,0.0328208209,0.0328208209,0.099030867,0.099030867,0.592730203,4224.3945,5.825669,0.0627819923,0.0203661649,0.0,10159.3526,4228.08571,1.205823112,-145.64172,0.007356276
941.5,-2.93684034,10163.4221,1.215427063,1.215427063,1.293688831,1.293688831,2.111649659,2.111649659,2.28555581,259.91852,259.91852,0.0622096391,0.0622096391,0.187284029,0.187284029,0.592670864,4224.3945,5.825669,0.1189990041,0.0406560685,0.0,10163.4221,4230.40954,2.28555581,-145.64172,0.0139433219
942.0,13.9949168,10161.2224,-5.83840102,-5.83840102,-6.21237001,-6.21237001,-4.83021279,-4.83021279,3.94114569,259.91852,259.91852,0.1072724855,0.1072724855,0.321871823,0.321871823,0.592680308,4224.3945,5.825669,0.205198408,0.054242417,0.0,10161.2224,4230.46096,3.94114569,-145.64172,0.024043457
942.5,30.926674,10158.3576,-12.88650015,-12.88650015,-13.7082229,-13.7082229,-12.1885091,-12.1885091,5.98646734,259.91852,259.91852,0.162943285,0.162943285,0.486919012,0.486919012,0.5927381,4224.3945,5.825669,0.311689459,0.0635671995,0.0,10158.3576,4230.4631,5.98646734,-145.64172,0.0365212001
943.0,47.8351153,10154.8656,-19.9371593,-19.9371593,-21.2012229,-21.2012229,-19.5867951,-19.5867951,8.48808001,259.91852,259.91852,0.231033693,0.231033693,0.686929642,0.686929642,0.592842347,4224.3945,5.825669,0.441937614,0.0851238234,0.0,10154.8656,4230.4708,8.48808001,-145.64172,0.0517826037
943.5,55.244564,10131.2193,-23.2594199,-23.2594199,-24.6769679,-24.6769679,-23.0119506,-23.0119506,11.77451055,259.91852,259.91852,0.320485736,0.320485736,0.946705998,0.946705998,0.592981158,4224.3945,5.825669,0.613047823,0.0995405536,0.0,10131.2193,4222.5502,11.77451055,-145.64172,0.0718318883
944.0,55.244564,9160.2807,-41.0974467,-41.0974467,-39.3790797,-39.3790797,-37.608475,-37.608475,15.7425352,259.91852,259.91852,0.42848983,0.42848983,1.25583028,1.25583028,0.593164773,3798.30775,5.825669,0.819645711,0.1305594174,0.0,9160.2807,3820.85226,15.7425352,-145.64172,0.0960393231
944.5,55.244564,7217.06995,-40.5735593,-40.5735593,-30.6689037,-30.6689037,-29.4222305,-29.4222305,20.2391528,258.613455,258.613455,0.547886693,0.547886693,1.59139354,1.59139354,0.593363074,3017.90979,5.825669,1.053765145,0.125427676,0.0,7217.06995,3014.8936,20.2391528,-145.64172,0.1234715105
945.0,55.244564,5336.8092,-40.4701521,-40.4701521,-22.6179768,-22.6179768,-21.5667229,-21.5667229,23.7081796,240.301251,240.301251,0.596136526,0.596136526,1.71326328,1.71326328,0.593516539,2237.51179,5.825669,1.23438233,0.0660059464,0.0,5336.8092,2234.52873,23.7081796,-145.64172,0.144634742
945.5,55.244564,3564.03604,-34.3988727,-34.3988727,-13.102648,-13.102648,-12.3196732,-12.3196732,24.6183209,216.813483,216.813483,0.559075014,0.559075014,1.59513744,1.59513744,0.593623471,1517.09482,5.825669,1.2817695,-0.02053982194,0.0,3564.03604,1497.39617,24.6183209,-145.64172,0.150187178
946.0,55.244564,3236.46627,-22.1002826,-22.1002826,-7.49219856,-7.49219856,-6.96392628,-6.96392628,22.0921535,193.325717,193.325717,0.448082428,0.448082428,1.27941152,1.27941152,0.593674283,1372.947,5.825669,1.15024286,-0.1179270415,0.0,3236.46627,1359.61695,22.0921535,-145.64172,0.134775975
946.5,55.244564,3270.9383,-22.9112794,-22.9112794,-7.84784852,-7.84784852,-7.30629594,-7.30629594,16.73696565,169.837946,169.837946,0.29902392,0.29902392,0.861874022,0.861874022,0.593719476,1372.947,5.825669,0.871421405,-0.192498035,0.0,3270.9383,1370.83414,16.73696565,-145.64172,0.1021059727
947.0,55.244564,3282.68612,-22.9134038,-22.9134038,-7.87675764,-7.87675764,-7.33427654,-7.33427654,8.78395193,146.350181,146.350181,0.1364882705,0.1364882705,0.400786883,0.400786883,0.593768486,1372.947,5.825669,0.457342373,-0.263797728,0.0,3282.68612,1371.07881,8.78395193,-145.64172,0.0535876088
947.5,55.244564,3293.9408,-22.9540402,-22.9540402,-7.91778811,-7.91778811,-7.37394023,-7.37394023,0.979934309,122.8615903,122.8615903,0.01332104921,0.01332104921,0.03997227601,0.03997227601,0.593820728,1372.947,5.825669,0.0510209427,-0.108306076943,0.0,3293.9408,1371.20527,0.979934309,-114.5652761,0.005757202806
948.0,55.244564,3294.92122,-22.989553,-22.989553,-7.93239224,-7.93239224,-7.38802493,-7.38802493,0.151793869,99.3725854,99.3725854,0.00158419616,0.00158419616,0.00478949225,0.00478949225,0.593874455,1372.947,5.825669,0.00790324995,-0.000653968804,0.0,3294.92122,1371.12967,0.151793869,-82.0732322,0.000522991797
948.5,55.244564,3294.88653,-22.9876574,-22.9876574,-7.93165466,-7.93165466,-7.38731357,-7.38731357,0.134477091,81.5192775,81.5192775,0.00114840335,0.00114840335,0.00347216828,0.00347216828,0.593928249,1372.947,5.825669,0.00700164053,-0.000196558097,0.0,3294.88653,1371.10513,0.134477091,-70.8641424,0.000399282742
949.0,57.046,3298.52596,-23.6866189,-23.6866189,-8.1819241,-8.1819241,-7.62890362,-7.62890362,0.134322942,80.41088,80.41088,0.00113108083,0.00113108083,0.00341979896,0.00341979896,0.59398257,1372.947,5.825669,0.00699361444,5.5662638e-05,0.0,3298.52596,1372.61943,0.134322942,-70.7643632,0.000398164751
949.5,60.4486289,3300.49233,-25.1511779,-25.1511779,-8.6929221,-8.6929221,-8.11737807,-8.11737807,0.136260323,80.41088,80.41088,0.00114739477,0.00114739477,0.00346910023,0.00346910023,0.594039689,1372.947,5.825669,0.00709448551,5.5426983e-05,0.0,3300.49233,1373.43879,0.136260323,-72.0184222,0.000411064818
950.0,63.8512556,3300.54186,-26.5689573,-26.5689573,-9.1830802,-9.1830802,-8.5817079,-8.5817079,0.138173463,80.41088,80.41088,0.00116350459,0.00116350459,0.00351778397,0.00351778397,0.59409998,1372.947,5.825669,0.00719409453,5.5310938e-05,0.0,3300.54186,1373.46054,0.138173463,-73.256795,0.000424003594
950.5,67.2538845,3300.54016,-27.9848527,-27.9848527,-9.67245385,-9.67245385,-9.04599635,-9.04599635,0.140085593,80.41088,80.41088,0.00117960593,0.00117960593,0.00356644147,0.00356644147,0.594163353,1372.947,5.825669,0.0072936511,5.5308688e-05,0.0,3300.54016,1373.4609,0.140085593,-74.4945101,0.000437133906
951.0,70.6565135,3300.53754,-29.4007118,-29.4007118,-10.1618116,-10.1618116,-9.51097475,-9.51097475,0.14199771,80.41088,80.41088,0.00119570708,0.00119570708,0.0036150977,0.0036150977,0.594229838,1372.947,5.825669,0.00739320657,5.5308647e-05,0.0,3300.53754,1373.4609,0.14199771,-75.7322155,0.000450462354
951.5,74.0591402,3300.53489,-30.8165703,-30.8165703,-10.65116835,-10.65116835,-9.9766066,-9.9766066,0.143909827,80.41088,80.41088,0.00121180825,0.00121180825,0.00366375336,0.00366375336,0.594299383,1372.947,5.825669,0.00749276205,5.5308647e-05,0.0,3300.53489,1373.4609,0.143909827,-76.9699195,0.000463989064
952.0,76.0368125,3297.50795,-31.6895044,-31.6895044,-10.9428372,-10.9428372,-10.2527031,-10.2527031,0.14506158,80.41088,80.41088,0.00122150676,0.00122150676,0.00369306066,0.00369306066,0.594371621,1372.947,5.825669,0.00755272901,5.496343e-06,0.0,3297.50795,1372.20209,0.14506158,-77.7154486,0.000472224366
952.5,76.048615,3294.95328,-31.6474413,-31.6474413,-10.919845,-10.919845,-10.2307922,-10.2307922,0.145045564,80.41088,80.41088,0.00122137182,0.00122137182,0.00369265306,0.00369265306,0.594444398,1372.947,5.825669,0.0075518949,-1.82566e-07,0.0,3294.95328,1371.1391,0.145045564,-77.7050784,0.000472109192
953.0,76.048615,3294.87137,-31.6444481,-31.6444481,-10.9185411,-10.9185411,-10.229557,-10.229557,0.145043961,80.41088,80.41088,0.00122135836,0.00122135836,0.00369261228,0.00369261228,0.594517113,1372.947,5.825669,0.00755181156,-3.614e-09,0.0,3294.87137,1371.10502,0.145043961,-77.7040406,0.000472097685
953.5,76.048615,3294.86647,-31.6445006,-31.6445006,-10.9185427,-10.9185427,-10.229558,-10.229558,0.148051327,83.6781674,83.6781674,0.00129976433,0.00129976433,0.00392961078,0.00392961078,0.594589831,1372.947,5.825669,0.00770839242,0.000470043228,0.0,3294.86647,1371.10471,0.148051327,-79.650705,0.00049454665
954.0,76.048615,3294.82034,-31.6447298,-31.6447298,-10.9184691,-10.9184691,-10.2294833,-10.2294833,0.180784396,117.8998795,117.8998795,0.00224663778,0.00224663778,0.00679168843,0.00679168843,0.594662543,1372.947,5.825669,0.0094126616,0.00116624529,0.0,3294.82034,1371.10463,0.180784396,-100.8387034,0.000767255538
954.5,75.5014334,3293.47044,-31.4755639,-31.4755639,-10.8557085,-10.8557085,-10.17002205,-10.17002205,0.220837198,159.793183,159.793183,0.00370954991,0.00370954991,0.0112135478,0.0112135478,0.594735197,1372.947,5.825669,0.0114980373,0.00112883047,0.0,3293.47044,1370.56634,0.220837198,-126.7647407,0.00117605545
955.0,70.5701403,3285.68316,-29.4015307,-29.4015307,-10.11643815,-10.11643815,-9.4668341,-9.4668341,0.402030918,201.683261,201.683261,0.00872361467,0.00872361467,0.02635362705,0.02635362705,0.594805456,1372.947,5.825669,0.0209320107,0.02143362815,0.0,3285.68316,1367.43175,0.402030918,-144.758697,0.00244363539
955.5,64.6979669,3281.66513,-26.9530128,-26.9530128,-9.26265695,-9.26265695,-8.6559433,-8.6559433,2.67949982,243.57907,243.57907,0.0697457673,0.0697457673,0.209574368,0.209574368,0.59486989,1372.947,5.825669,0.1395099637,0.111209445,0.0,3281.66513,1367.08963,2.67949982,-145.64172,0.01634662715
956.0,58.8257901,3274.37411,-24.5311287,-24.5311287,-8.41171165,-8.41171165,-7.84804651,-7.84804651,7.87105506,285.472371,285.472371,0.237694964,0.237694964,0.708658347,0.708658347,0.59492666,1372.947,5.825669,0.409811789,0.192964005,0.0,3274.37411,1367.08708,7.87105506,-145.64172,0.0480183652
956.5,53.3397343,3263.94682,-22.2164029,-22.2164029,-7.5937113,-7.5937113,-7.06182148,-7.06182148,15.92100725,308.953455,308.953455,0.515121115,0.515121115,1.51894863,1.51894863,0.594973252,1372.947,5.825669,0.828937972,0.254145473,0.0,3263.94682,1367.44851,15.92100725,-145.64172,0.0971281121
957.0,52.15726,3259.38998,-21.7336813,-21.7336813,-7.41818691,-7.41818691,-6.89299918,-6.89299918,24.6502108,309.00232,309.00232,0.797647505,0.797647505,2.32129029,2.32129029,0.595010444,1372.947,5.825669,1.28342985,0.252071986,0.0,3259.38998,1370.64931,24.6502108,-145.64172,0.150381726
957.5,52.15726,3248.33606,-21.7721994,-21.7721994,-7.406139,-7.406139,-6.88128293,-6.88128293,33.3661361,309.00232,309.00232,1.079683076,1.079683076,3.10119303,3.10119303,0.595041796,1372.947,5.825669,1.73723038,0.252117203,0.0,3248.33606,1371.13884,33.3661361,-145.64172,0.203554329
958.0,52.15726,3236.15789,-21.7730764,-21.7730764,-7.37867055,-7.37867055,-6.85475648,-6.85475648,42.0818243,309.00232,309.00232,1.36171095,1.36171095,3.86089016,3.86089016,0.595067399,1372.947,5.825669,2.19101852,0.252090352,0.0,3236.15789,1371.16047,42.0818243,-145.64172,0.256725482
958.5,52.15726,3223.95794,-21.7730832,-21.7730832,-7.35085587,-7.35085587,-6.82785106,-6.82785106,50.7964303,309.00232,309.00232,1.64370382,1.64370382,4.60108587,4.60108587,0.595087263,1372.947,5.825669,2.64475036,0.252055442,0.0,3223.95794,1371.17234,50.7964303,-145.64172,0.309890037
959.0,52.15726,3211.7593,-21.7730719,-21.7730719,-7.32303836,-7.32303836,-6.80076567,-6.80076567,59.5097155,309.00232,309.00232,1.92565396,1.92565396,5.32250176,5.32250176,0.59510146,1372.947,5.825669,3.09841343,0.252013954,0.0,3211.7593,1371.18403,59.5097155,-145.64172,0.363046536
959.5,52.343317,3199.8983,-21.8100959,-21.8100959,-7.30838878,-7.30838878,-6.78632125,-6.78632125,68.2220565,309.00232,309.00232,2.20757355,2.20757355,6.02587338,6.02587338,0.59511007,1372.947,5.825669,3.55202727,0.252246537,0.0,3199.8983,1371.33565,68.2220565,-145.64172,0.416197268
960.0,58.3038734,3198.62701,-24.2404941,-24.2404941,-8.11945762,-8.11945762,-7.56449501,-7.56449501,77.0903654,309.00232,309.00232,2.49454002,2.49454002,6.72400832,6.72400832,0.595115508,1372.947,5.825669,4.01376185,0.26336142,0.0,3198.62701,1375.98482,77.0903654,-145.64172,0.470299508
960.5,66.9977545,3188.41909,-27.9535689,-27.9535689,-9.3330122,-9.3330122,-8.7154973,-8.7154973,86.482215,309.00232,309.00232,2.79844753,2.79844753,7.4445266,7.4445266,0.59512377,1372.947,5.825669,4.50275469,0.279884882,0.0,3188.41909,1377.22102,86.482215,-145.64172,0.527595657
961.0,75.6916361,3174.5425,-31.5781476,-31.5781476,-10.4973059,-10.4973059,-9.817003,-9.817003,96.441238,309.00232,309.00232,3.12070807,3.12070807,8.1882507,8.1882507,0.595134968,1372.947,5.825669,5.02127805,0.296242012,0.0,3174.5425,1377.2619,96.441238,-145.64172,0.588351956
961.5,84.3855175,3159.80983,-35.2003225,-35.2003225,-11.6471202,-11.6471202,-10.894475,-10.894475,106.9654098,309.00232,309.00232,3.46125607,3.46125607,8.95238285,8.95238285,0.595148673,1372.947,5.825669,5.56922609,0.312581189,0.0,3159.80983,1377.27652,106.9654098,-145.64172,0.652556003
962.0,93.0793994,3144.28555,-38.8224494,-38.8224494,-12.7825236,-12.7825236,-11.9545534,-11.9545534,118.0541962,309.00232,309.00232,3.82007415,3.82007415,9.73429745,9.73429745,0.59516465,1372.947,5.825669,6.14657125,0.328904985,0.0,3144.28555,1377.2914,118.0541962,-145.64172,0.720204515
962.5,101.7732803,3127.97152,-42.4445705,-42.4445705,-13.9026382,-13.9026382,-12.99116515,-12.99116515,129.7070295,309.00232,309.00232,4.19714417,4.19714417,10.5314411,10.5314411,0.595182526,1372.947,5.825669,6.75328408,0.345211857,0.0,3127.97152,1377.30703,129.7070295,-145.64172,0.791294106
963.0,110.4671625,3110.86871,-46.0666862,-46.0666862,-15.0065697,-15.0065697,-14.00771425,-14.00771425,141.923306,309.00232,309.00232,4.59244627,4.59244627,11.3413405,11.3413405,0.595202069,1372.947,5.825669,7.38933273,0.361500109,0.0,3110.86871,1377.32341,141.923306,-145.64172,0.865821053
963.5,119.1610435,3092.97805,-49.6887967,-49.6887967,-16.0934254,-16.0934254,-14.9999921,-14.9999921,154.702353,309.00232,309.00232,5.00595893,5.00595893,12.1616175,12.1616175,0.595223008,1372.947,5.825669,8.0546821,0.377767968,0.0,3092.97805,1377.34057,154.702353,-145.64172,0.943781214
964.0,127.854925,3074.30055,-53.3109,-53.3109,-17.1623143,-17.1623143,-15.9698684,-15.9698684,168.043415,309.00232,309.00232,5.43765778,5.43765778,12.9899985,12.9899985,0.59524512,1372.947,5.825669,8.74929405,0.394013582,0.0,3074.30055,1377.35846,168.043415,-145.64172,1.025170111
964.5,136.276477,3054.2765,-56.8684326,-56.8684326,-18.1883408,-18.1883408,-16.8924588,-16.8924588,181.944535,309.00232,309.00232,5.88747916,5.88747916,13.82425065,13.82425065,0.595268135,1372.947,5.825669,9.4730647,0.409806247,0.0,3054.2765,1377.14309,181.944535,-145.64172,1.10997562
965.0,138.6839,3200.60229,-49.4205866,-49.4205866,-16.3170785,-16.3170785,-15.2007578,-15.2007578,194.166673,249.274568,249.274568,5.05936221,5.05936221,10.94172304,10.94172304,0.595294597,1468.6588,5.825669,10.10941855,0.2063250938,0.0,3200.60229,1445.16672,194.166673,-145.64172,1.18453832
965.5,138.6839,5086.61535,-36.5828257,-36.5828257,-19.5291317,-19.5291317,-18.5896184,-18.5896184,192.310767,97.6671418,97.6671418,1.980858044,1.980858044,3.70202455,3.70202455,0.595354044,2242.32139,5.825669,10.0127895,-0.306480899,0.0,5086.61535,2228.86704,192.310767,-145.64172,1.17321611
966.0,138.6839,7307.12347,-37.2499193,-37.2499193,-28.5031833,-28.5031833,-27.3175986,-27.3175986,173.48659,-38.91619764,-38.91619764,-0.6879084465,-0.6879084465,-0.2801842252,-0.2801842252,0.595495243,3146.25574,5.825669,9.0326962,-0.746971858,0.0,7307.12347,3141.84555,173.48659,-145.64172,1.05837688
966.5,138.6839,9516.509450000001,-37.251683,-37.251683,-37.123899,-37.123899,-35.354579,-35.354579,145.636248,-61.04874,-61.04874,-0.931053886,-0.931053886,-0.459580799,-0.459580799,0.595690981,4050.19017,5.825669,7.58264955,-0.818243595,0.0,9516.509450000001,4044.92579,145.636248,-145.64172,0.888472347
967.0,127.1733025,11067.9467,-49.2413065,-49.2413065,-57.1570358,-57.1570358,-54.5750607,-54.5750607,117.5476855,-61.04874,-61.04874,-0.751483433,-0.751483433,-0.347462945,-0.347462945,0.595947782,4660.21288,5.825669,6.12019941,-0.810477544,0.0,11067.9467,4674.08963,117.5476855,-145.64172,0.717114498
967.5,84.0155915,11036.33725,-34.7923426,-34.7923426,-40.2063632,-40.2063632,-38.1079682,-38.1079682,88.3673189,-61.04874,-61.04874,-0.564933092,-0.564933092,-0.243025017,-0.243025017,0.596225801,4677.1284,5.825669,4.60090395,-0.887185691,0.0,11036.33725,4643.89848,88.3673189,-145.64172,0.539095978
968.0,71.15427,11131.8292,-28.9234037,-28.9234037,-33.7176022,-33.7176022,-31.761278,-31.761278,57.0055424,-61.04874,-61.04874,-0.364436965,-0.364436965,-0.144248621,-0.144248621,0.596428741,4677.1284,5.825669,2.96803202,-0.913232539,0.0,11131.8292,4665.32134,57.0055424,-145.64172,0.347769511
968.5,71.15427,11189.1774,-29.34335,-29.34335,-34.3824358,-34.3824358,-32.4076185,-32.4076185,25.4550288,-61.04874,-61.04874,-0.1627342354,-0.1627342354,-0.0590063108,-0.0590063108,0.596627149,4677.1284,5.825669,1.325333244,-0.912359281,0.0,11189.1774,4670.762430000001,25.4550288,-145.64172,0.155291619
969.0,71.15427,11223.9166,-29.5250863,-29.5250863,-34.7028208,-34.7028208,-32.7185131,-32.7185131,1.4757002238,-61.04874,-61.04874,-0.009434165622,-0.009434165622,-0.002698886089,-0.002698886089,0.596826859,4677.1284,5.825669,0.07683333346,-0.272479096687,0.0,11223.9166,4671.216249999999,1.4757002238,-36.43716,0.009188567521
969.5,71.15427,11225.3079,-29.6126541,-29.6126541,-34.8100151,-34.8100151,-32.8238452,-32.8238452,-0.0436858196,-61.04874,-61.04874,0.000279283841,0.000279283841,0.000844682032,0.000844682032,0.597027829,4677.1284,5.825669,-0.00227453167,-2.61775e-07,0.0,11225.3079,4670.90802,-0.0436858196,12.0952665,2.2133217e-05
970.0,71.15427,11225.1718,-29.6079179,-29.6079179,-34.8040258,-34.8040258,-32.8179645,-32.8179645,-0.0436883438,-61.04874,-61.04874,0.000279299986,0.000279299986,0.000844730852,0.000844730852,0.597228833,4677.1284,5.825669,-0.00227466307,-6.345e-09,0.0,11225.1718,4670.8514,-0.0436883438,12.0969009,2.2137488e-05
970.5,71.15427,11225.1679,-29.6078418,-29.6078418,-34.8039243,-34.8039243,-32.8178652,-32.8178652,-0.0427438881,-60.036277,-60.036277,0.000268865316,0.000268865316,0.000813174935,0.000813174935,0.597429803,4677.1284,5.825669,-0.00222548934,0.000102588684,0.0,11225.1679,4670.85006,-0.0427438881,11.48555755,2.0597492e-05
971.0,71.15427,11225.16,-29.6078636,-29.6078636,-34.803927,-34.803927,-32.8178684,-32.8178684,-0.0373176157,-54.3767028,-54.3767028,0.000212821054,0.000212821054,0.000643685719,0.000643685719,0.597630774,4677.1284,5.825669,-0.0019429668,0.000173454511,0.0,11225.16,4670.85,-0.0373176157,7.97314998,1.254372e-05
971.5,71.15427,11225.1512,-29.607862,-29.607862,-34.8038987,-34.8038987,-32.8178425,-32.8178425,-0.0313209979,-48.1459538,-48.1459538,0.000158238021,0.000158238021,0.000478608743,0.000478608743,0.597831754,4677.1284,5.825669,-0.00163074884,0.00017345458,0.0,11225.1512,4670.85,-0.0313209979,4.0915598,5.448445e-06
972.0,71.15427,11225.13275,-29.6082415,-29.6082415,-34.8042856,-34.8042856,-32.8182253,-32.8182253,-0.01572120957,-41.9144796,-41.9144796,7.1719204e-05,7.1719204e-05,0.000254216857,0.000254216857,0.598032738,4677.1284,5.825669,-0.00081853535,0.001393431698,0.0,11225.13275,4670.851250000001,-0.01572120957,0.4606924007,8.22921e-07
972.5,71.15427,11225.06275,-29.6078943,-29.6078943,-34.803659,-34.803659,-32.8176183,-32.8176183,0.0305095359,-35.68507,-35.68507,-0.000113689269,-0.000113689269,-3.7587287e-05,-3.7587287e-05,0.5982337,4677.1284,5.825669,0.00158849956,0.000173466597,0.0,11225.06275,4670.84914,0.0305095359,-3.56630365,4.638099e-06
973.0,71.15427,11225.057,-29.6078579,-29.6078579,-34.8035978,-34.8035978,-32.8175598,-32.8175598,0.0365061394,-29.4543218,-29.4543218,-0.000112278538,-0.000112278538,-3.7120519e-05,-3.7120519e-05,0.598434662,4677.1284,5.825669,0.00190071676,0.000173454865,0.0,11225.057,4670.85,0.0365061394,-7.44788422,1.1469487e-05
973.5,71.15427,11225.0485,-29.607862,-29.607862,-34.8035786,-34.8035786,-32.8175398,-32.8175398,0.0425027612,-23.223573,-23.223573,-0.000103042509,-0.000103042509,-3.4066378e-05,-3.4066378e-05,0.598635631,4677.1284,5.825669,0.00221293486,0.000173454588,0.0,11225.0485,4670.85,0.0425027612,-11.32947655,2.0250888e-05
974.0,71.15427,11225.0399,-29.607862,-29.607862,-34.8035521,-34.8035521,-32.8175162,-32.8175162,0.0484993796,-16.9928245,-16.9928245,-8.5981091e-05,-8.5981091e-05,-2.8425054e-05,-2.8425054e-05,0.598836584,4677.1284,5.825669,0.00252515289,0.00017345458,0.0,11225.0399,4670.85,0.0484993796,-15.2110672,3.0982288e-05
974.5,71.15427,11204.319599999999,-32.5037493,-32.5037493,-38.10217,-38.10217,-36.0325774,-36.0325774,0.0529334746,-13.879052,-13.879052,-7.6934091e-05,-7.6934091e-05,-2.5433734e-05,-2.5433734e-05,0.599038537,4658.03522,5.825669,0.00275601702,0.000383511986,0.0,11204.319599999999,4662.231040000001,0.0529334746,-18.081241,4.0354222e-05
975.0,71.1809475,9605.6206,-53.7556889,-53.7556889,-54.1346067,-54.1346067,-51.8172786,-51.8172786,0.0640488606,-13.879052,-13.879052,-9.3089315e-05,-9.3089315e-05,-3.077455e-05,-3.077455e-05,0.599302919,3975.45224,5.825669,0.00333474707,6.069661e-06,0.0,9605.6206,3997.00702,0.0640488606,-25.276193,6.7818329e-05
975.5,71.8560426,7119.192849999999,-52.5624603,-52.5624603,-39.1818594,-39.1818594,-37.6037475,-37.6037475,0.0636637391,-13.879052,-13.879052,-9.2529575e-05,-9.2529575e-05,-3.0589503e-05,-3.0589503e-05,0.599559044,2965.10132,5.825669,0.00331469547,1.1902071e-05,0.0,7119.192849999999,2962.3859,0.0636637391,-25.0269049,6.6740691e-05
976.0,72.8033515,5282.31924,-36.5727179,-36.5727179,-20.4160058,-20.4160058,-19.43098815,-19.43098815,0.0557883751,-13.879052,-13.879052,-8.1083434e-05,-8.1083434e-05,-2.6805483e-05,-2.6805483e-05,0.599738936,2233.14497,5.825669,0.00290465934,-0.000227816106,0.0,5282.31924,2198.04461,0.0557883751,-19.9292091,4.7412632e-05
976.5,73.7506594,5273.60866,-30.3332161,-30.3332161,-16.7520126,-16.7520126,-15.92776695,-15.92776695,0.0528118317,-13.879052,-13.879052,-7.6757293e-05,-7.6757293e-05,-2.5375286e-05,-2.5375286e-05,0.599847189,2200.9043,5.825669,0.00274968365,3.5119386e-05,0.0,5273.60866,2194.41837,0.0528118317,-18.0025025,3.9827634e-05
977.0,74.697966,5283.47473,-31.075033,-31.075033,-17.1933262,-17.1933262,-16.3560784,-16.3560784,0.0535296613,-13.879052,-13.879052,-7.7800593e-05,-7.7800593e-05,-2.5720195e-05,-2.5720195e-05,0.599957136,2200.9043,5.825669,0.0027870579,1.585122e-05,0.0,5283.47473,2198.52415,0.0535296613,-18.4671512,4.1408545e-05
977.5,75.645276,5283.66802,-31.4764261,-31.4764261,-17.4160459,-17.4160459,-16.5714969,-16.5714969,0.0540658637,-13.879052,-13.879052,-7.8579917e-05,-7.8579917e-05,-2.5977833e-05,-2.5977833e-05,0.600068676,2200.9043,5.825669,0.00281497562,1.5406595e-05,0.0,5283.66802,2198.60483,0.0540658637,-18.8142328,4.2609333e-05
978.0,76.5925844,5283.67088,-31.8707413,-31.8707413,-17.6342315,-17.6342315,-16.7808888,-16.7808888,0.0545982755,-13.879052,-13.879052,-7.9353732e-05,-7.9353732e-05,-2.6233652e-05,-2.6233652e-05,0.600181483,2200.9043,5.825669,0.00284269606,1.5398348e-05,0.0,5283.67088,2198.60628,0.0545982755,-19.1588622,4.381709e-05
978.5,77.5132698,5283.61648,-32.2588476,-32.2588476,-17.848788,-17.848788,-16.9868037,-16.9868037,0.0551190783,-13.879052,-13.879052,-8.0110671e-05,-8.0110671e-05,-2.6483891e-05,-2.6483891e-05,0.600295541,2200.9043,5.825669,0.00286981195,1.25454e-05,0.0,5283.61648,2198.58407,0.0551190783,-19.4959756,4.5013259e-05
979.0,77.785706,5282.385319999999,-32.3764821,-32.3764821,-17.9097025,-17.9097025,-17.0452156,-17.0452156,0.0552781573,-13.879052,-13.879052,-8.0341876e-05,-8.0341876e-05,-2.6560326e-05,-2.6560326e-05,0.60041048,2200.9043,5.825669,0.00287809448,-3.92319e-07,0.0,5282.385319999999,2198.07182,0.0552781573,-19.5989465,4.5381088e-05
979.5,77.785706,5282.09959,-32.3674447,-32.3674447,-17.9037342,-17.9037342,-17.0394737,-17.0394737,0.0552733708,-13.879052,-13.879052,-8.0334921e-05,-8.0334921e-05,-2.6558026e-05,-2.6558026e-05,0.60052545,2200.9043,5.825669,0.0028778453,-1.4508e-08,0.0,5282.09959,2197.95293,0.0552733708,-19.5958482,4.5369984e-05
980.0,77.785706,5282.08081,-32.367364,-32.367364,-17.903626,-17.903626,-17.0393692,-17.0393692,0.0646464394,-3.97186865,-3.97186865,-2.3581857e-05,-2.3581857e-05,1.0589869e-05,1.0589869e-05,0.600640429,2200.9043,5.825669,0.00336586042,0.00055496182,0.0,5282.08081,2197.95058,0.0646464394,-25.6630035,7.0316933e-05
980.5,77.785706,5282.05323,-32.3673634,-32.3673634,-17.9035317,-17.9035317,-17.0392771,-17.0392771,0.08383939,15.970504,15.970504,0.000143522058,0.000143522058,0.000434114394,0.000434114394,0.600755378,2200.9043,5.825669,0.00436515433,0.000555165323,0.0,5282.05323,2197.9502,0.08383939,-38.0865343,0.000134578446
981.0,77.785706,5282.02635,-32.367363,-32.367363,-17.9034401,-17.9034401,-17.0391882,-17.0391882,0.1030323977,35.9128762,35.9128762,0.00039078975,0.00039078975,0.00118178962,0.00118178962,0.600870352,2200.9043,5.825669,0.00536445116,0.0005551654,0.0,5282.02635,2197.95026,0.1030323977,-50.5101018,0.000218816064
981.5,77.785706,5281.9995,-32.367363,-32.367363,-17.903349,-17.903349,-17.0390993,-17.0390993,0.122225404,55.8552484,55.8552484,0.000718221267,0.000718221267,0.00217167688,0.00217167688,0.60098528,2200.9043,5.825669,0.00636374804,0.0005551654,0.0,5281.9995,2197.9504,0.122225404,-62.9336697,0.000323029659
982.0,77.785706,5281.97267,-32.367363,-32.367363,-17.9032579,-17.9032579,-17.0390109,-17.0390109,0.141418412,75.797624,75.797624,0.00112581664,0.00112581664,0.00340379706,0.00340379706,0.601100241,2200.9043,5.825669,0.0073630449,0.0005551654,0.0,5281.97267,2197.9504,0.141418412,-75.3572371,0.000447219235
982.5,77.785706,5281.9458,-32.367363,-32.367363,-17.9031668,-17.9031668,-17.038922,-17.038922,0.16061142,95.7399946,95.7399946,0.00161357584,0.00161357584,0.00487815613,0.00487815613,0.601215157,2200.9043,5.825669,0.0083623418,0.0005551654,0.0,5281.9458,2197.9504,0.16061142,-87.7808051,0.000591384779
983.0,77.785706,5281.91893,-32.367363,-32.367363,-17.9030757,-17.9030757,-17.0388336,-17.0388336,0.17980443,115.682368,115.682368,0.00218149888,0.00218149888,0.00659477855,0.00659477855,0.601330076,2200.9043,5.825669,0.0093616386,0.0005551654,0.0,5281.91893,2197.9504,0.17980443,-100.2043735,0.000755526318
983.5,77.785706,5281.89212,-32.367363,-32.367363,-17.9029848,-17.9029848,-17.0387449,-17.0387449,0.19899744,135.624738,135.624738,0.00282958568,0.00282958568,0.00855368905,0.00855368905,0.601444988,2200.9043,5.825669,0.0103609355,0.0005551654,0.0,5281.89212,2197.9504,0.19899744,-112.6279408,0.000939643797
984.0,77.785706,5281.86515,-32.367363,-32.367363,-17.9028937,-17.9028937,-17.0386563,-17.0386563,0.21819045,155.56711,155.56711,0.00355783641,0.00355783641,0.010754919,0.010754919,0.60155987,2200.9043,5.825669,0.0113602324,0.0005551654,0.0,5281.86515,2197.9504,0.21819045,-125.051511,0.00114373728
984.5,77.785706,5281.84749,-32.367232,-32.367232,-17.9027619,-17.9027619,-17.0385291,-17.0385291,0.230316088,168.016991,168.016991,0.00405236921,0.00405236921,0.0122497204,0.0122497204,0.601674741,2200.9043,5.825669,0.0119915622,6.2713248e-05,0.0,5281.84749,2197.95022,0.230316088,-132.900395,0.00128215838
985.0,78.3812584,5283.26005,-32.5599515,-32.5599515,-18.0142309,-18.0142309,-17.1456084,-17.1456084,0.230787767,168.18161,168.18161,0.00406461965,0.00406461965,0.01228673955,0.01228673955,0.601789708,2200.9043,5.825669,0.01201612045,3.8135629e-05,0.0,5283.26005,2198.53828,0.230787767,-133.205711,0.00128773266
985.5,82.6386096,5289.36544,-34.3654673,-34.3654673,-19.035103,-19.035103,-18.1264389,-18.1264389,0.233185435,168.18161,168.18161,0.00410684739,0.00410684739,0.0124142999,0.0124142999,0.601907763,2200.9043,5.825669,0.012140957,8.0503436e-05,0.0,5289.36544,2201.08016,0.233185435,-134.757712,0.00131628328
986.0,87.5210091,5289.95463,-36.4177125,-36.4177125,-20.1740567,-20.1740567,-19.2215124,-19.2215124,0.235940116,168.18161,168.18161,0.00415536265,0.00415536265,0.01256085125,0.01256085125,0.602032236,2200.9043,5.825669,0.0122843811,7.9389409e-05,0.0,5289.95463,2201.32694,0.235940116,-136.540807,0.00134945464
986.5,92.403407,5289.9627,-38.4497526,-38.4497526,-21.2997631,-21.2997631,-20.3035013,-20.3035013,0.238684025,168.18161,168.18161,0.00420368812,0.00420368812,0.01270682765,0.01270682765,0.602162992,2200.9043,5.825669,0.0124272445,7.9362354e-05,0.0,5289.9627,2201.33187,0.238684025,-138.316931,0.00138290578
987.0,97.2858039,5289.95899,-40.4813629,-40.4813629,-22.425186,-22.425186,-21.3791152,-21.3791152,0.2414277,168.18161,168.18161,0.00425200966,0.00425200966,0.0128527892,0.0128527892,0.60229989,2200.9043,5.825669,0.01257009605,7.936185e-05,0.0,5289.95899,2201.332,0.2414277,-140.092903,0.00141676239
987.5,102.1682015,5289.95515,-42.512965,-42.512965,-23.5506014,-23.5506014,-22.4540985,-22.4540985,0.244171375,168.18161,168.18161,0.00430033099,0.00430033099,0.01299874825,0.01299874825,0.60244286,2200.9043,5.825669,0.0127129471,7.936184e-05,0.0,5289.95515,2201.332,0.244171375,-141.868874,0.00145102706
988.0,107.0506,5289.95124,-44.5445679,-44.5445679,-24.6760158,-24.6760158,-23.5292188,-23.5292188,0.24691505,168.18161,168.18161,0.00434865247,0.00434865247,0.0131447049,0.0131447049,0.602591816,2200.9043,5.825669,0.01285579845,7.936184e-05,0.0,5289.95124,2201.332,0.24691505,-143.644844,0.00148570001
988.5,111.9329991,5289.94429,-46.5761399,-46.5761399,-25.801396,-25.801396,-24.6003524,-24.6003524,0.24939754,168.18161,168.18161,0.00439237395,0.00439237395,0.0132767653,0.0132767653,0.602746694,2200.9043,5.825669,0.012985051,0.000238265718,0.0,5289.94429,2201.33051,0.24939754,-145.251752,0.00151741431
989.0,116.8153974,5289.94844,-48.6076147,-48.6076147,-26.9267774,-26.9267774,-25.668795,-25.668795,0.250377204,168.18161,168.18161,0.00440962761,0.00440962761,0.01332887945,0.01332887945,0.602907382,2200.9043,5.825669,0.0130360576,0.00058338591,0.0,5289.94844,2201.33281,0.250377204,-145.608464,0.00152710971
989.5,121.6897776,5289.92228,-50.639681,-50.639681,-28.0523236,-28.0523236,-26.7370082,-26.7370082,0.268659583,168.18161,168.18161,0.00473161577,0.00473161577,0.0143013037,0.0143013037,0.603073833,2200.9043,5.825669,0.013987942,0.002720305275,0.0,5289.92228,2201.33258,0.268659583,-145.64172,0.00163899169
990.0,123.8147,5284.2225,-51.591549,-51.591549,-28.5488388,-28.5488388,-27.2071229,-27.2071229,0.404646189,168.18161,168.18161,0.00712660354,0.00712660354,0.0215313663,0.0215313663,0.603244893,2200.9043,5.825669,0.0210681764,0.00433873103,0.0,5284.2225,2199.04025,0.404646189,-145.64172,0.00246859515
990.5,123.8147,5281.497600000001,-51.5234288,-51.5234288,-28.4964303,-28.4964303,-27.1569235,-27.1569235,0.52673132,168.18161,168.18161,0.0092767592,0.0092767592,0.0280177595,0.0280177595,0.60341646,2200.9043,5.825669,0.0274246211,0.00286215554,0.0,5281.497600000001,2197.97766,0.52673132,-145.64172,0.00321339092
991.0,123.8147,5281.31859,-51.5207927,-51.5207927,-28.4940062,-28.4940062,-27.1545923,-27.1545923,0.608769582,168.18161,168.18161,0.01072161215,0.01072161215,0.0323738037,0.0323738037,0.603587905,2200.9043,5.825669,0.031695999,0.00194499006,0.0,5281.31859,2197.95112,0.608769582,-145.64172,0.00371387577
991.5,123.8147,5281.23954,-51.5205758,-51.5205758,-28.4934605,-28.4934605,-27.1540605,-27.1540605,0.664581357,168.18161,168.18161,0.01170456545,0.01170456545,0.0353360667,0.0353360667,0.603759321,2200.9043,5.825669,0.0346018759,0.00132377554,0.0,5281.23954,2197.95082,0.664581357,-145.64172,0.00405436242
992.0,132.2764224,5301.29087,-54.1943165,-54.1943165,-30.0989928,-30.0989928,-28.6728279,-28.6728279,0.771201315,168.18161,168.18161,0.01358234925,0.01358234925,0.0409897978,0.0409897978,0.603931715,2200.9043,5.825669,0.0401531158,0.014636605193,0.0,5301.29087,2206.35662,0.771201315,-145.64172,0.00470481097
992.5,185.117458,5362.511570000001,-77.7540463,-77.7540463,-43.6564185,-43.6564185,-41.3695508,-41.3695508,2.80862179,168.18161,168.18161,0.0494652712,0.0494652712,0.1482534415,0.1482534415,0.604142887,2200.9043,5.825669,0.146232785,0.0945399549,0.0,5362.511570000001,2233.02062,2.80862179,-145.64172,0.0171343517
993.0,189.61304,5279.1713,-79.1004415,-79.1004415,-43.7294873,-43.7294873,-41.4001267,-41.4001267,5.74411089,168.18161,168.18161,0.1011649222,0.1011649222,0.300858429,0.300858429,0.604386448,2200.9043,5.825669,0.299071009,0.0694781729,0.0,5279.1713,2200.05602,5.74411089,-145.64172,0.0350426736
993.5,189.61304,5271.31891,-78.9172294,-78.9172294,-43.5631959,-43.5631959,-41.2424969,-41.2424969,7.80696921,166.516301,166.516301,0.136029659,0.136029659,0.402148972,0.402148972,0.604626756,2200.9043,5.825669,0.406475115,0.0507535086,0.0,5271.31891,2197.99316,7.80696921,-145.64172,0.0476274008
994.0,189.61304,5269.65629,-78.9018678,-78.9018678,-43.5409808,-43.5409808,-41.221132,-41.221132,8.90372025,153.36525,153.36525,0.142959663,0.142959663,0.420877798,0.420877798,0.604866445,2200.9043,5.825669,0.463578181,0.008182877143,0.0,5269.65629,2197.94173,8.90372025,-145.64172,0.0543182683
994.5,189.61304,5270.45444,-78.8878832,-78.8878832,-43.5398549,-43.5398549,-41.2204923,-41.2204923,8.32940416,138.050932,138.050932,0.1206047185,0.1206047185,0.355238743,0.355238743,0.605106236,2200.9043,5.825669,0.433676038,-0.0413883251,0.0,5270.45444,2197.93847,8.32940416,-145.64172,0.0508145816
995.0,189.61304,5357.16247,-73.4330084,-73.4330084,-41.0684855,-41.0684855,-38.9466875,-38.9466875,6.07956521,122.7366104,122.7366104,0.0785443979,0.0785443979,0.232735395,0.232735395,0.605344834,2252.04134,5.825669,0.316536661,-0.0904348036,0.0,5357.16247,2232.70466,6.07956521,-145.64172,0.0370891552
995.5,189.61304,6918.66136,-63.5496509,-63.5496509,-46.3907071,-46.3907071,-44.4768146,-44.4768146,2.23446977,107.4222907,107.4222907,0.02567670445,0.02567670445,0.0769070434,0.0769070434,0.605571821,2883.35491,5.825669,0.1163391746,-0.115123839,0.0,6918.66136,2880.21082,2.23446977,-145.64172,0.01363166512
996.0,189.61304,7450.723260000001,-80.0037895,-80.0037895,-62.4247497,-62.4247497,-59.8311967,-59.8311967,0.22109693,92.1081126,92.1081126,0.00213493183,0.00213493183,0.00645293282,0.00645293282,0.605872758,3088.3542,5.825669,0.0115115607,-0.001432854682,0.0,7450.723260000001,3100.43004,0.22109693,-126.9328645,0.00117627051
996.5,189.61304,7412.704769999999,-78.9340205,-78.9340205,-61.2730588,-61.2730588,-58.7290518,-58.7290518,0.205522777,76.7932151,76.7932151,0.0016547241,0.0016547241,0.0050017808,0.0050017808,0.606192921,3088.3542,5.825669,0.010700682,-0.000428439157,0.0,7412.704769999999,3084.60112,0.205522777,-116.85177,0.00100645715
997.0,189.61304,7411.800539999999,-78.8999199,-78.8999199,-61.2391149,-61.2391149,-58.6965884,-58.6965884,0.190765666,61.4788938,61.4788938,0.00123011002,0.00123011002,0.00371856339,0.00371856339,0.606511661,3088.3542,5.825669,0.0099323431,-0.000426367862,0.0,7411.800539999999,3084.21626,0.190765666,-107.2995425,0.000857892368
997.5,189.61304,7411.80398,-78.8992794,-78.8992794,-61.2386453,-61.2386453,-58.6961427,-58.6961427,0.176026462,46.1645744,46.1645744,0.000852922353,0.000852922353,0.00257863813,0.00257863813,0.606830374,3088.3542,5.825669,0.00916493635,-0.000426328171,0.0,7411.80398,3084.20911,0.176026462,-97.758906,0.000721299443
998.0,189.61304,7411.82422,-78.89927,-78.89927,-61.2388035,-61.2388035,-58.6962992,-58.6962992,0.161287595,30.8502546,30.8502546,0.000523010775,0.000523010775,0.00158152716,0.00158152716,0.607149085,3088.3542,5.825669,0.00839754735,-0.000426327436,0.0,7411.82422,3084.209,0.161287595,-88.218489,0.000596489956
998.5,189.61304,7411.836740000001,-78.8993746,-78.8993746,-61.238991,-61.238991,-58.6964781,-58.6964781,0.152675986,22.0185881,22.0185881,0.000352039828,0.000352039828,0.00106472217,0.00106472217,0.607467793,3088.3542,5.825669,0.0079491785,-4.2640222e-05,0.0,7411.836740000001,3084.20912,0.152675986,-82.64423,0.000528533479
999.0,189.61304,7411.8364,-78.899382,-78.899382,-61.2389975,-61.2389975,-58.6964846,-58.6964846,0.15261985,21.973167,21.973167,0.00035118204,0.00035118204,0.0010621287,0.0010621287,0.607786492,3088.3542,5.825669,0.007946256,-5.8e-11,0.0,7411.8364,3084.209,0.15261985,-82.60789,0.00052810606
999.5,189.61304,7411.8364,-78.89938,-78.89938,-61.238995,-61.238995,-58.696484,-58.696484,0.15261985,21.973167,21.973167,0.00035118204,0.00035118204,0.0010621287,0.0010621287,0.608105193,3088.3542,5.825669,0.007946256,-1e-12,0.0,7411.8364,3084.209,0.15261985,-82.60789,0.00052810606
1000.0,189.61304,7411.8364,-78.89938,-78.89938,-61.238995,-61.238995,-58.696484,-58.696484,0.15261985,21.973167,21.973167,0.00035118204,0.00035118204,0.0010621287,0.0010621287,0.60842387,3088.3542,5.825669,0.007946256,-0.0,0.0,7411.8364,3084.209,0.15261985,-82.60789,0.00052810606
1000.5,189.61304,7411.8364,-78.89938,-78.89938,-61.238995,-61.238995,-58.696484,-58.696484,0.15261985,21.973167,21.973167,0.00035118204,0.00035118204,0.0010621287,0.0010621287,0.608742526,3088.3542,5.825669,0.007946256,-0.0,0.0,7411.8364,3084.209,0.15261985,-82.60789,0.00052810606
1001.0,189.61304,7411.8364,-78.89938,-78.89938,-61.238995,-61.238995,-58.696484,-58.696484,0.15261985,21.973167,21.973167,0.00035118204,0.00035118204,0.0010621287,0.0010621287,0.609061221,3088.3542,5.825669,0.007946256,0.0,0.0,7411.8364,3084.209,0.15261985,-82.60789,0.00052810606
1001.5,189.61304,7411.8364,-78.89938,-78.89938,-61.238995,-61.238995,-58.696484,-58.696484,0.15261985,21.973167,21.973167,0.00035118204,0.00035118204,0.0010621287,0.0010621287,0.609379887,3088.3542,5.825669,0.007946256,0.0,0.0,7411.8364,3084.209,0.15261985,-82.60789,0.00052810606
1002.0,188.274737,7409.23385,-78.6071054,-78.6071054,-60.9911752,-60.9911752,-58.4604346,-58.4604346,0.152049386,21.973167,21.973167,0.000349869387,0.000349869387,0.00105815927,0.00105815927,0.609698472,3088.3542,5.825669,0.00791655426,-0.000153224035,0.0,7409.23385,3083.12572,0.152049386,-82.2386305,0.000523825333
1002.5,151.804056,7342.18844,-63.6908969,-63.6908969,-48.9801423,-48.9801423,-47.0188559,-47.0188559,0.1318962836,21.973167,21.973167,0.000303496604,0.000303496604,0.000917925634,0.000917925634,0.609997326,3088.3542,5.825669,0.00686726895,-0.000864676747,0.0,7342.18844,3055.21585,0.1318962836,-69.193595,0.000384285801
1003.0,99.9416152,7325.95328,-41.5998233,-41.5998233,-31.9144334,-31.9144334,-30.6443593,-30.6443593,0.1024817454,21.973167,21.973167,0.000235813021,0.000235813021,0.000713237604,0.000713237604,0.610226331,3088.3542,5.825669,0.00533578102,-0.000843839724,0.0,7325.95328,3048.44309,0.1024817454,-50.1536659,0.000217199948
1003.5,49.3607802,7328.081759999999,-20.2798189,-20.2798189,-15.5606615,-15.5606615,-14.7044354,-14.7044354,0.073872038,21.973167,21.973167,0.000169981377,0.000169981377,0.00051413864,0.00051413864,0.610371916,3088.3542,5.825669,0.00384619742,-0.000691325241,0.0,7328.081759999999,3049.31206,0.073872038,-31.6347014,9.9466699e-05
1004.0,33.74224,7395.00531,-13.5081736,-13.5081736,-10.4614926,-10.4614926,-9.6759399,-9.6759399,0.064746226,21.973167,21.973167,0.000148982665,0.000148982665,0.000450628814,0.000450628814,0.610448059,3088.3542,5.825669,0.00337105592,2.1744664e-05,0.0,7395.00531,3077.15415,0.064746226,-25.7275951,6.9776843e-05
1004.5,33.74224,7411.596399999999,-14.02625195,-14.02625195,-10.88634355,-10.88634355,-10.0908285,-10.0908285,0.0545330525,10.81934411,10.81934411,7.2380305e-05,7.2380305e-05,0.000229497761,0.000229497761,0.610518956,3088.3542,5.825669,0.00283930014,-0.000847671889,0.0,7411.596399999999,3084.05183,0.0545330525,-19.1166431,4.6276002e-05
1005.0,33.74224,7412.067359999999,-14.03938385,-14.03938385,-10.8972278,-10.8972278,-10.1014911,-10.1014911,-0.01804973643,-30.9808387,-30.9808387,9.9865794e-05,9.9865794e-05,0.000339741722,0.000339741722,0.61059064,3088.3542,5.825669,-0.000939771653,-0.0026802447,0.0,7412.067359999999,3084.20547,-0.01804973643,6.50326838,1.530646e-05
1005.5,33.74224,7412.159170000001,-14.04008405,-14.04008405,-10.8979063,-10.8979063,-10.10214845,-10.10214845,-0.0773339638,-74.530381,-74.530381,0.000619342687,0.000619342687,0.00187292201,0.00187292201,0.610662341,3088.3542,5.825669,-0.00402644492,-0.00121223169,0.0,7412.159170000001,3084.20899,-0.0773339638,33.8755947,0.000113663961
1006.0,33.74224,7412.216770000001,-14.0400596,-14.0400596,-10.89797225,-10.89797225,-10.10220745,-10.10220745,-0.1192428435,-118.0755239,-118.0755239,0.00149018504,0.00149018504,0.00450582592,0.00450582592,0.610734026,3088.3542,5.825669,-0.0062084591,-0.00121223073,0.0,7412.216770000001,3084.20854,-0.1192428435,61.0030691,0.000308628929
1006.5,33.74224,7412.27436,-14.0401236,-14.0401236,-10.8981063,-10.8981063,-10.1023328,-10.1023328,-0.159748269,-160.055747,-160.055747,0.00268881756,0.00268881756,0.0081294834,0.0081294834,0.610805689,3088.3542,5.825669,-0.008317401,-0.000860290464,0.0,7412.27436,3084.20872,-0.159748269,87.2220896,0.000586490174
1007.0,33.74224,7412.290510000001,-14.0404177,-14.0404177,-10.898358,-10.898358,-10.10257915,-10.10257915,-0.17115266,-171.64507,-171.64507,0.00307640562,0.00307640562,0.0093012021,0.0093012021,0.610877341,3088.3542,5.825669,-0.008911178,-4.09e-10,0.0,7412.290510000001,3084.20883,-0.17115266,94.60411,0.000678238221
1007.5,33.74224,7412.289600000001,-14.0403972,-14.0403972,-10.8983405,-10.8983405,-10.1025624,-10.1025624,-0.17115267,-171.64507,-171.64507,0.003076406,0.003076406,0.009301203,0.009301203,0.610948984,3088.3542,5.825669,-0.008911179,-4.5e-11,0.0,7412.289600000001,3084.2085,-0.17115267,94.60412,0.000678238332
1008.0,25.0181389,7391.80917,-10.9923268,-10.9923268,-8.5173064,-8.5173064,-7.75135843,-7.75135843,-0.175625322,-171.64507,-171.64507,0.00315680024,0.00315680024,0.0095441392,0.0095441392,0.611017773,3088.3542,5.825669,-0.00914405075,-0.000441353812,0.0,7391.80917,3075.68386,-0.175625322,97.4992531,0.000717945343
1008.5,-7.06689371,7363.6523,3.416618077,3.416618077,2.637134245,2.637134245,3.32433355,3.32433355,-0.19425875,-171.64507,-171.64507,0.00349172909,0.00349172909,0.0105561811,0.0105561811,0.611030666,3088.3542,5.825669,-0.01011421265,-0.000250675577,0.0,7363.6523,3063.95669,-0.19425875,109.5606024,0.000891708105
1009.0,-9.52934,7409.48192,4.06689667,4.06689667,3.15555346,3.15555346,3.96373043,3.96373043,-0.195523522,-171.64507,-171.64507,0.00351446298,0.00351446298,0.01062487235,0.01062487235,0.610996788,3088.3542,5.825669,-0.0101800639,5.826532e-06,0.0,7409.48192,3083.02591,-0.195523522,110.3792875,0.000904014189
1009.5,-9.52934,7412.268580000001,3.96727524,3.96727524,3.07944256,3.07944256,3.87730888,3.87730888,-0.195470313,-171.64507,-171.64507,0.00351350656,0.00351350656,0.0106219827,0.0106219827,0.610964941,3088.3542,5.825669,-0.0101772937,1.26186e-07,0.0,7412.268580000001,3084.18555,-0.195470313,110.3448464,0.000903486105
1010.0,-9.52934,7412.32268,3.96526645,3.96526645,3.0779057,3.0779057,3.87555548,3.87555548,-0.195469241,-171.64507,-171.64507,0.00351348722,0.00351348722,0.0106219242,0.0106219242,0.610933272,3088.3542,5.825669,-0.0101772377,2.346e-09,0.0,7412.32268,3084.20807,-0.195469241,110.3441519,0.000903475448
1010.5,-9.52934,7412.323699999999,3.96522922,3.96522922,3.07787725,3.07787725,3.87552301,3.87552301,-0.19546922,-171.64507,-171.64507,0.0035134868,0.0035134868,0.010621923,0.010621923,0.610901609,3088.3542,5.825669,-0.010177237,4.3e-11,0.0,7412.323699999999,3084.2085,-0.19546922,110.34414,0.0009034752
1011.0,-9.52934,7412.323699999999,3.9652286,3.9652286,3.0778768,3.0778768,3.8755224,3.8755224,-0.19546922,-171.64507,-171.64507,0.0035134868,0.0035134868,0.010621923,0.010621923,0.610869958,3088.3542,5.825669,-0.010177237,1e-12,0.0,7412.323699999999,3084.2085,-0.19546922,110.34414,0.0009034752
1011.5,-9.52934,7412.323699999999,3.9652286,3.9652286,3.0778768,3.0778768,3.8755224,3.8755224,-0.19546922,-171.64507,-171.64507,0.0035134868,0.0035134868,0.010621923,0.010621923,0.610838292,3088.3542,5.825669,-0.010177237,0.0,0.0,7412.323699999999,3084.2085,-0.19546922,110.34414,0.0009034752
1012.0,-9.52934,7412.323699999999,3.9652286,3.9652286,3.0778768,3.0778768,3.8755224,3.8755224,-0.19546922,-171.64507,-171.64507,0.0035134868,0.0035134868,0.010621923,0.010621923,0.610806642,3088.3542,5.825669,-0.010177237,0.0,0.0,7412.323699999999,3084.2085,-0.19546922,110.34414,0.0009034752
1012.5,-9.52934,7412.323699999999,3.9652286,3.9652286,3.0778768,3.0778768,3.8755224,3.8755224,-0.19546922,-171.64507,-171.64507,0.0035134868,0.0035134868,0.010621923,0.010621923,0.610774976,3088.3542,5.825669,-0.010177237,-0.0,0.0,7412.323699999999,3084.2085,-0.19546922,110.34414,0.0009034752
1013.0,-9.52934,7412.323699999999,3.9652286,3.9652286,3.0778768,3.0778768,3.8755224,3.8755224,-0.19546922,-171.64507,-171.64507,0.0035134868,0.0035134868,0.010621923,0.010621923,0.610743324,3088.3542,5.825669,-0.010177237,0.0,0.0,7412.323699999999,3084.2085,-0.19546922,110.34414,0.0009034752
1013.5,-9.52934,7412.323699999999,3.9652286,3.9652286,3.0778768,3.0778768,3.8755224,3.8755224,-0.19546922,-171.64507,-171.64507,0.0035134868,0.0035134868,0.010621923,0.010621923,0.610711652,3088.3542,5.825669,-0.010177237,0.0,0.0,7412.323699999999,3084.2085,-0.19546922,110.34414,0.0009034752
1014.0,-9.52934,7412.323699999999,3.9652286,3.9652286,3.0778768,3.0778768,3.8755224,3.8755224,-0.19546922,-171.64507,-171.64507,0.0035134868,0.0035134868,0.010621923,0.010621923,0.610679998,3088.3542,5.825669,-0.010177237,0.0,0.0,7412.323699999999,3084.2085,-0.19546922,110.34414,0.0009034752
1014.5,-12.2085738,7405.936599999999,4.86956517,4.86956517,3.77557339,3.77557339,4.6299339,4.6299339,-0.196822753,-171.64507,-171.64507,0.00353781607,0.00353781607,0.01069543225,0.01069543225,0.610647292,3088.3542,5.825669,-0.0102477094,-0.000147976879,0.0,7405.936599999999,3081.54996,-0.196822753,111.2202754,0.000917033853
1015.0,-28.5416799,7374.177619999999,10.7853292,10.7853292,8.3298939,8.3298939,9.1710366,9.1710366,-0.205522928,-171.64507,-171.64507,0.00369419856,0.00369419856,0.01116792085,0.01116792085,0.610587274,3080.81646,5.825669,-0.01070068975,-0.000225466673,0.0,7374.177619999999,3068.3297,-0.205522928,116.8518696,0.00100612089
1015.5,-36.90639,6925.437339999999,8.9639707,8.9639707,6.49902957,6.49902957,7.32885021,7.32885021,-0.207545232,-171.64507,-171.64507,0.00373054876,0.00373054876,0.01127774585,0.01127774585,0.61051362,2883.16451,5.825669,-0.0108059826,-2.279688e-06,0.0,6925.437339999999,2881.60439,-0.207545232,118.1609005,0.00102724774
1016.0,-36.90639,6250.00642,9.1049241,9.1049241,5.95907144,5.95907144,6.70381514,6.70381514,-0.194782957,-158.025998,-158.025998,0.00323533445,0.00323533445,0.00978077895,0.00978077895,0.6104538,2603.9961,5.825669,-0.0101415061,0.000931087037,0.0,6250.00642,2600.56011,-0.194782957,109.899923,0.00089963981
1016.5,-36.90639,5590.4493,10.1706849,10.1706849,5.92909669,5.92909669,6.60232462,6.60232462,-0.155875616,-116.97668,-116.97668,0.00192303622,0.00192303622,0.00581390874,0.00581390874,0.610399819,2332.81781,5.825669,-0.00811576899,0.001095746896,0.0,5590.4493,2326.13623,-0.155875616,84.7153344,0.000556315003
1017.0,-36.90639,5391.96432,15.7669796,15.7669796,8.90240895,8.90240895,9.5630716,9.5630716,-0.1185374231,-75.1494031,-75.1494031,0.000947556566,0.000947556566,0.00286505405,0.00286505405,0.610327437,2253.1106,5.825669,-0.00617173079,0.0011703318,0.0,5391.96432,2243.56694,-0.1185374231,60.5464517,0.000304337658
1017.5,-36.90639,5407.17246,15.3714843,15.3714843,8.70391445,8.70391445,9.36467795,9.36467795,-0.0780757577,-33.3221254,-33.3221254,0.000287000161,0.000287000161,0.000867961956,0.000867961956,0.61024451,2253.1106,5.825669,-0.00406506696,0.0011653022,0.0,5407.17246,2249.91876,-0.0780757577,34.3557553,0.000115987549
1018.0,-36.90639,5407.50831,15.3568538,15.3568538,8.69617095,8.69617095,9.35689885,9.35689885,-0.03542363771,8.50356568,8.50356568,-1.2399395e-05,-1.2399395e-05,2.5192637e-05,2.5192637e-05,0.610162299,2253.1106,5.825669,-0.001844355622,0.00192811079,0.0,5407.50831,2250.08343,-0.03542363771,8.71935911,1.7126222e-05
1018.5,-36.90639,5407.400390000001,15.3566899,15.3566899,8.6959046,8.6959046,9.35662175,9.35662175,0.0443127236,41.8414743,41.8414743,0.000196213687,0.000196213687,0.000593450458,0.000593450458,0.610080126,2253.1106,5.825669,0.00230717186,0.000466466428,0.0,5407.400390000001,2250.08512,0.0443127236,-12.50105985,2.3730517e-05
1019.0,-36.90639,5407.39904,15.3570369,15.3570369,8.6960987,8.6960987,9.35681735,9.35681735,0.0470589483,44.553818,44.553818,0.000219561275,0.000219561275,0.0006640594,0.0006640594,0.609997935,2253.1106,5.825669,0.00245015589,8.29e-10,0.0,5407.39904,2250.08611,0.0470589483,-14.2786815,2.8146146e-05
1019.5,-36.90639,5407.3994,15.3570221,15.3570221,8.6960912,8.6960912,9.35681,9.35681,0.047058955,44.553818,44.553818,0.000219561312,0.000219561312,0.000664059524,0.000664059524,0.609915747,2253.1106,5.825669,0.0024501563,1.9e-11,0.0,5407.3994,2250.0862,0.047058955,-14.278687,2.814616e-05
1020.0,-36.90639,5407.3994,15.357022,15.357022,8.696091,8.696091,9.35681,9.35681,0.047058955,44.553818,44.553818,0.00021956132,0.00021956132,0.00066405954,0.00066405954,0.60983355,2253.1106,5.825669,0.0024501563,0.0,0.0,5407.3994,2250.0862,0.047058955,-14.278687,2.814616e-05
1020.5,-36.90639,5407.3994,15.357022,15.357022,8.696091,8.696091,9.35681,9.35681,0.047058955,44.553818,44.553818,0.00021956132,0.00021956132,0.00066405954,0.00066405954,0.609751358,2253.1106,5.825669,0.0024501563,0.0,0.0,5407.3994,2250.0862,0.047058955,-14.278687,2.814616e-05
1021.0,-36.90639,5407.3994,15.357022,15.357022,8.696091,8.696091,9.35681,9.35681,0.047058955,44.553818,44.553818,0.00021956132,0.00021956132,0.00066405954,0.00066405954,0.609669156,2253.1106,5.825669,0.0024501563,0.0,0.0,5407.3994,2250.0862,0.047058955,-14.278687,2.814616e-05
1021.5,-36.90639,5407.3994,15.357022,15.357022,8.696091,8.696091,9.35681,9.35681,0.047058955,44.553818,44.553818,0.00021956132,0.00021956132,0.00066405954,0.00066405954,0.609586953,2253.1106,5.825669,0.0024501563,0.0,0.0,5407.3994,2250.0862,0.047058955,-14.278687,2.814616e-05
1022.0,-36.90639,5407.3994,15.357022,15.357022,8.696091,8.696091,9.35681,9.35681,0.047058955,44.553818,44.553818,0.00021956132,0.00021956132,0.00066405954,0.00066405954,0.609504764,2253.1106,5.825669,0.0024501563,0.0,0.0,5407.3994,2250.0862,0.047058955,-14.278687,2.814616e-05
1022.5,-36.90639,5407.3994,15.357022,15.357022,8.696091,8.696091,9.35681,9.35681,0.047058955,44.553818,44.553818,0.00021956132,0.00021956132,0.00066405954,0.00066405954,0.60942255,2253.1106,5.825669,0.0024501563,0.0,0.0,5407.3994,2250.0862,0.047058955,-14.278687,2.814616e-05
1023.0,-36.90639,5407.3994,15.357022,15.357022,8.696091,8.696091,9.35681,9.35681,0.047058955,44.553818,44.553818,0.00021956132,0.00021956132,0.00066405954,0.00066405954,0.60934035,2253.1106,5.825669,0.0024501563,0.0,0.0,5407.3994,2250.0862,0.047058955,-14.278687,2.814616e-05
1023.5,-36.7907525,5407.63609,15.3300373,15.3300373,8.6811869,8.6811869,9.3417922,9.3417922,0.0471095024,44.553818,44.553818,0.000219797152,0.000219797152,0.000664772712,0.000664772712,0.60925813,2253.1106,5.825669,0.00245278807,1.2005721e-05,0.0,5407.63609,2250.18473,0.0471095024,-14.3114057,2.8241294e-05
1024.0,-33.9571448,5412.77879,14.16787165,14.16787165,8.03064737,8.03064737,8.6824546,8.6824546,0.0486774013,44.553818,44.553818,0.000227112434,0.000227112434,0.000686894468,0.000686894468,0.609178593,2253.1106,5.825669,0.00253442172,6.5861558e-05,0.0,5412.77879,2252.32571,0.0486774013,-15.32630035,3.1261834e-05
1024.5,-30.0053809,5413.94532,12.48641115,12.48641115,7.07913234,7.07913234,7.70714785,7.70714785,0.0509177568,44.553818,44.553818,0.00023756518,0.00023756518,0.000718503722,0.000718503722,0.609107823,2253.1106,5.825669,0.00265106732,6.4293909e-05,0.0,5413.94532,2252.81232,0.0509177568,-16.7764752,3.5792551e-05
1025.0,-26.0536173,5413.96791,10.8411026,10.8411026,6.14635643,6.14635643,6.74280777,6.74280777,0.0531389671,44.553818,44.553818,0.000247928604,0.000247928604,0.000749842449,0.000749842449,0.609046264,2253.1106,5.825669,0.00276671615,6.423579e-05,0.0,5413.96791,2252.82301,0.0531389671,-18.2142566,4.0553778e-05
1025.5,-22.1018535,5413.9653,9.19672685,9.19672685,5.21407614,5.21407614,5.86334242,5.86334242,0.0553596783,44.553818,44.553818,0.000258289697,0.000258289697,0.000781173728,0.000781173728,0.608993302,2253.1106,5.825669,0.002882339,6.4234696e-05,0.0,5413.9653,2252.8232,0.0553596783,-19.6517151,4.558141e-05
1026.0,-18.1500897,5413.96208,7.5523684,7.5523684,4.28180624,4.28180624,4.9743583,4.9743583,0.0575803797,44.553818,44.553818,0.000268650747,0.000268650747,0.000812504448,0.000812504448,0.608948193,2253.1106,5.825669,0.00299796129,6.423467e-05,0.0,5413.96208,2252.8232,0.0575803797,-21.0891677,5.0876445e-05
1026.5,-14.19832585,5413.95899,5.90801036,5.90801036,3.34953742,3.34953742,4.02426448,4.02426448,0.0598010812,44.553818,44.553818,0.000279011796,0.000279011796,0.000843834765,0.000843834765,0.608911155,2253.1106,5.825669,0.00311358361,6.423467e-05,0.0,5413.95899,2252.8232,0.0598010812,-22.5266201,5.6438905e-05
1027.0,-11.154459,5697.18917,11.19381325,11.19381325,6.72107135,6.72107135,7.38394029,7.38394029,0.0648791441,51.6430072,51.6430072,0.000352621704,0.000352621704,0.00106642623,0.00106642623,0.608867716,2383.86996,5.825669,0.0033779764,0.000286727136,0.0,5697.18917,2370.68034,0.0648791441,-25.8136325,7.0515873e-05
1027.5,-10.950793,6526.503760000001,12.19883315,12.19883315,8.33593205,8.33593205,9.0673819,9.0673819,0.0803916806,68.283111,68.283111,0.000577178528,0.000577178528,0.0017454202,0.0017454202,0.608793297,2720.161,5.825669,0.00418564699,0.000468211222,0.0,6526.503760000001,2715.77331,0.0803916806,-35.8548437,0.000121323581
1028.0,-10.950793,7341.091340000001,12.13650835,12.13650835,9.3300018,9.3300018,10.1528787,10.1528787,0.0956737995,84.0850905,84.0850905,0.00084386114,0.00084386114,0.00255173573,0.00255173573,0.608708618,3058.85814,5.825669,0.00498132093,0.000325254518,0.0,7341.091340000001,3054.73818,0.0956737995,-45.7469072,0.000183691654
1028.5,-10.950793,8153.891430000001,12.01580355,12.01580355,10.2554068,10.2554068,11.2639484,11.2639484,0.0994371325,87.860985,87.860985,0.000914899223,0.000914899223,0.00276650933,0.00276650933,0.608611924,3396.96799,5.825669,0.00517726132,9.5276764e-05,0.0,8153.891430000001,3392.95252,0.0994371325,-48.1828988,0.00020069231
1029.0,-10.950793,8533.6806,4.21123765,4.21123765,3.76359551,3.76359551,4.8944132,4.8944132,0.1034866796,87.860985,87.860985,0.000952158231,0.000952158231,0.00287913342,0.00287913342,0.608539427,3544.096,5.825669,0.00538810372,5.7319903e-05,0.0,8533.6806,3550.98795,0.1034866796,-50.8041563,0.000220232082
1029.5,-10.950793,8506.6762,4.52170805,4.52170805,4.02801106,4.02801106,5.20160576,5.20160576,0.0861514126,87.860985,87.860985,0.000792660228,0.000792660228,0.00239696846,0.00239696846,0.608498197,3544.096,8.02732842,0.00448553135,-0.001251937251,0.0,8506.6762,3539.74109,0.0861514126,-50.9840839,0.000183951888
1030.0,-10.950793,8505.775599999999,4.5561519,4.5561519,4.05826795,4.05826795,5.23565712,5.23565712,0.0529264258,87.860985,87.860985,0.000486964416,0.000486964416,0.00147274272,0.00147274272,0.60845484,3544.096,16.84996065,0.00275564993,-0.00045876039,0.0,8505.775599999999,3539.34686,0.0529264258,-50.8918634,0.000112830437
1030.5,-10.950793,8505.77105,4.55674172,4.55674172,4.05879127,4.05879127,5.23624834,5.23624834,0.042722769,87.860985,87.860985,0.000393082813,0.000393082813,0.00118885766,0.00118885766,0.608411426,3544.096,26.1194478,0.0022243898,-0.000171933209,0.0,8505.77105,3539.33906,0.042722769,-50.8596138,9.1017039e-05
1031.0,-10.950793,8505.7758,4.55671281,4.55671281,4.05876792,4.05876792,5.23622323,5.23622323,0.0390279356,87.860985,87.860985,0.000359087461,0.000359087461,0.001086055,0.001086055,0.608367989,3544.096,32.63062,0.00203201573,-4.403614e-06,0.0,8505.7758,3539.3389,0.0390279356,-50.8405046,8.3114053e-05
1031.5,-10.950793,8505.775,4.55670555,4.55670555,4.05876117,4.05876117,5.23621563,5.23621563,0.0389193888,87.860985,87.860985,0.000358088752,0.000358088752,0.00108303482,0.00108303482,0.608324574,3544.096,32.86799,0.00202636418,2.3397166e-05,0.0,8505.775,3539.3389,0.0389193888,-50.8335897,8.2871541e-05
1032.0,-10.950793,8505.775,4.55670585,4.55670585,4.05876168,4.05876168,5.23621615,5.23621615,0.0389193236,87.860985,87.860985,0.000358088157,0.000358088157,0.00108303306,0.00108303306,0.608281144,3544.096,32.86799,0.00202636086,-1.3828637e-05,0.0,8505.775,3539.3389,0.0389193236,-50.8333546,8.2871019e-05
1032.5,-10.950793,8505.775,4.556706,4.556706,4.05876172,4.05876172,5.23621625,5.23621625,0.0389203753,87.860985,87.860985,0.000358097828,0.000358097828,0.00108306229,0.00108306229,0.608237708,3544.096,32.86799,0.00202641557,2.1497312e-05,0.0,8505.775,3539.3389,0.0389203753,-50.8371927,8.2879514e-05
1033.0,-10.950793,8505.775,4.55670594,4.55670594,4.05876164,4.05876164,5.2362161,5.2362161,0.0389198846,87.860985,87.860985,0.000358093314,0.000358093314,0.00108304863,0.00108304863,0.608194284,3544.096,32.86799,0.00202639005,-5.68334e-07,0.0,8505.775,3539.3389,0.0389198846,-50.8354009,8.2875548e-05
1033.5,-10.950793,8505.775,4.55670585,4.55670585,4.05876158,4.05876158,5.23621605,5.23621605,0.0389200193,87.860985,87.860985,0.000358094559,0.000358094559,0.00108305239,0.00108305239,0.608150851,3544.096,32.86799,0.0020263971,-3.0227129e-05,0.0,8505.775,3539.3389,0.0389200193,-50.8358943,8.287664e-05
1034.0,-10.950793,8505.775,4.55670599,4.55670599,4.05876168,4.05876168,5.2362162,5.2362162,0.0389205198,87.860985,87.860985,0.000358099156,0.000358099156,0.00108306632,0.00108306632,0.608107421,3544.096,32.86799,0.00202642311,-1.5987414e-05,0.0,8505.775,3539.3389,0.0389205198,-50.8377196,8.2880681e-05
1034.5,-10.950793,8505.775,4.5567059,4.5567059,4.0587616,4.0587616,5.23621615,5.23621615,0.0389193155,87.860985,87.860985,0.000358088072,0.000358088072,0.00108303281,0.00108303281,0.608063993,3544.096,32.86799,0.00202636039,-1.3077963e-05,0.0,8505.775,3539.3389,0.0389193155,-50.8333217,8.2870946e-05
1035.0,-10.950793,8505.775,4.55670602,4.55670602,4.05876176,4.05876176,5.23621625,5.23621625,0.0389192426,87.860985,87.860985,0.000358087418,0.000358087418,0.00108303079,0.00108303079,0.608020558,3544.096,32.86799,0.00202635661,1.1743352e-05,0.0,8505.775,3539.3389,0.0389192426,-50.8330583,8.2870362e-05
1035.5,-10.950793,8505.775,4.55670588,4.55670588,4.05876166,4.05876166,5.23621621,5.23621621,0.0389189046,87.860985,87.860985,0.000358084299,0.000358084299,0.00108302137,0.00108302137,0.607977128,3544.096,32.86799,0.00202633903,-3.9600173e-05,0.0,8505.775,3539.3389,0.0389189046,-50.8318223,8.2867626e-05
1036.0,-14.4978075,8497.48725,5.62564419,5.62564419,5.00355314,5.00355314,6.19990115,6.19990115,0.0384832283,87.1389419,87.1389419,0.00035125254,0.00035125254,0.00106236046,0.00106236046,0.607932659,3544.096,32.86799,0.00200365522,-5.0128165e-05,0.0,8497.48725,3535.88988,0.0384832283,-49.2407316,7.9447521e-05
1036.5,-42.193371,8459.5159,17.8297505,17.8297505,15.796564,15.796564,16.9470175,16.9470175,0.0340862824,77.961557,77.961557,0.000278663062,0.000278663062,0.000842827993,0.000842827993,0.607824165,3544.096,32.86799,0.00177472529,-7.2410556e-05,0.0,8459.5159,3520.08686,0.0340862824,-33.1830924,4.7574458e-05
1037.0,-45.975307,8502.09325,19.2611037,19.2611037,17.1488274,17.1488274,18.3199334,18.3199334,0.0317406814,66.3947088,66.3947088,0.000220881567,0.000220881567,0.000668072145,0.000668072145,0.607628556,3544.096,32.86799,0.00165259999,-5.9797349e-05,0.0,8502.09325,3537.80229,0.0317406814,-24.6169611,3.2776944e-05
1037.5,-45.975307,8505.716199999999,19.1333706,19.1333706,17.0424093,17.0424093,18.2120618,18.2120618,0.0298304613,55.1586269,55.1586269,0.000172456094,0.000172456094,0.000521612666,0.000521612666,0.607434923,3544.096,32.86799,0.00155314305,-7.1862316e-05,0.0,8505.716199999999,3539.30872,0.0298304613,-17.6408377,2.2080178e-05
1038.0,-45.975307,8505.7879,19.1307138,19.1307138,17.0401862,17.0401862,18.2098062,18.2098062,0.0292639448,51.85563,51.85563,0.000158912263,0.000158912263,0.000480650063,0.000480650063,0.607241712,3544.096,32.86799,0.00152364701,-2.0162044e-05,0.0,8505.7879,3539.3383,0.0292639448,-15.5719212,1.9088144e-05
1038.5,-45.975307,8505.789,19.130666,19.130666,17.0401466,17.0401466,18.2097646,18.2097646,0.0292636966,51.85563,51.85563,0.000158910913,0.000158910913,0.000480645985,0.000480645985,0.607048517,3544.096,32.86799,0.00152363408,2.554657e-05,0.0,8505.789,3539.3389,0.0292636966,-15.5710144,1.908687e-05
1039.0,-45.975307,8505.789,19.130665,19.130665,17.040146,17.040146,18.209764,18.209764,0.0292635102,51.85563,51.85563,0.000158909906,0.000158909906,0.00048064292,0.00048064292,0.606855268,3544.096,32.86799,0.00152362436,2.7430579e-05,0.0,8505.789,3539.3389,0.0292635102,-15.57033385,1.9085914e-05
1039.5,-45.975307,8505.789,19.130665,19.130665,17.040146,17.040146,18.209764,18.209764,0.0292641313,51.85563,51.85563,0.000158913276,0.000158913276,0.000480653129,0.000480653129,0.60666203,3544.096,32.86799,0.00152365673,-8.812639e-06,0.0,8505.789,3539.3389,0.0292641313,-15.5726031,1.9089102e-05
1040.0,-45.975307,8505.789,19.130665,19.130665,17.040146,17.040146,18.209764,18.209764,0.0292645337,51.85563,51.85563,0.000158915459,0.000158915459,0.000480659739,0.000480659739,0.60646874,3544.096,32.86799,0.00152367768,-7.564612e-06,0.0,8505.789,3539.3389,0.0292645337,-15.5740719,1.9091164e-05
1040.5,-45.975307,8505.789,19.130665,19.130665,17.040146,17.040146,18.209764,18.209764,0.0292643887,51.85563,51.85563,0.00015891467,0.00015891467,0.00048065734,0.00048065734,0.60627543,3544.096,32.86799,0.00152367012,-4.3886639e-05,0.0,8505.789,3539.3389,0.0292643887,-15.5735412,1.9090419e-05
1041.0,-45.975307,8505.789,19.130665,19.130665,17.040146,17.040146,18.209764,18.209764,0.0292621848,51.85563,51.85563,0.000158902702,0.000158902702,0.000480621156,0.000480621156,0.60608208,3544.096,32.86799,0.00152355537,3.198403e-06,0.0,8505.789,3539.3389,0.0292621848,-15.5654928,1.9079116e-05
1041.5,-45.975307,8505.789,19.130665,19.130665,17.040146,17.040146,18.209764,18.209764,0.029262504,51.85563,51.85563,0.000158904437,0.000158904437,0.000480626397,0.000480626397,0.605888723,3544.096,32.86799,0.00152357202,-1.8841029e-05,0.0,8505.789,3539.3389,0.029262504,-15.5666583,1.9080753e-05
1042.0,-42.4818316,8512.90515,17.7797823,17.7797823,15.8498282,15.8498282,16.9989432,16.9989432,0.0296013323,51.85563,51.85563,0.000160744378,0.000160744378,0.00048619101,0.00048619101,0.605701265,3544.096,32.86799,0.00154121329,-1.9178071e-05,0.0,8512.90515,3542.30002,0.0296013323,-16.8040585,2.0842114e-05
1042.5,-35.6413795,8517.0584,14.835038,14.835038,13.2314242,13.2314242,14.38927965,14.38927965,0.0302931114,51.85563,51.85563,0.000164500952,0.000164500952,0.000497552147,0.000497552147,0.60554512,3544.096,32.86799,0.00157723128,-3.72687e-07,0.0,8517.0584,3544.02852,0.0302931114,-19.330436,2.4534585e-05
1043.0,-28.8009274,8517.1705,11.9842104,11.9842104,10.6889088,10.6889088,11.80530455,11.80530455,0.0309775136,51.85563,51.85563,0.000168217469,0.000168217469,0.000508792086,0.000508792086,0.605421718,3544.096,32.86799,0.00161286511,1.4105494e-05,0.0,8517.1705,3544.0756,0.0309775136,-21.8298713,2.8331935e-05
1043.5,-21.9604755,8517.171400000001,9.1380462,9.1380462,8.15037037,8.15037037,9.35281425,9.35281425,0.0316610141,51.85563,51.85563,0.000171929091,0.000171929091,0.000520017175,0.000520017175,0.605326834,3544.096,32.86799,0.00164845206,2.8373366e-05,0.0,8517.171400000001,3544.07629,0.0316610141,-24.3260152,3.2267377e-05
1044.0,-15.1200235,8517.1708,6.29170458,6.29170458,5.61167237,5.61167237,6.90437018,6.90437018,0.0323450616,51.85563,51.85563,0.000175643674,0.000175643674,0.000531251191,0.000531251191,0.605256145,3544.096,32.86799,0.00168406741,1.99362e-07,0.0,8517.1708,3544.07649,0.0323450616,-26.8241558,3.6349009e-05
1044.5,-10.5145561,8512.215,4.27744936,4.27744936,3.81293469,3.81293469,4.956873,4.956873,0.0328148875,51.85563,51.85563,0.00017819498,0.00017819498,0.000538967048,0.000538967048,0.605208101,3544.096,32.86799,0.00170852923,2.7978938e-05,0.0,8512.215,3542.01465,0.0328148875,-28.5399595,3.9229704e-05
1045.0,-10.389257,8506.038649999999,4.31380572,4.31380572,3.84252339,3.84252339,4.98984583,4.98984583,0.0328183999,51.85563,51.85563,0.000178214053,0.000178214053,0.000539024735,0.000539024735,0.605167182,3544.096,32.86799,0.0017087121,-2.25975e-07,0.0,8506.038649999999,3539.4446,0.0328183999,-28.5527867,3.9251344e-05
1045.5,-10.389257,8505.7892,4.32286756,4.32286756,3.85048242,3.85048242,4.99890308,4.99890308,0.032818836,51.85563,51.85563,0.00017821642,0.00017821642,0.000539031892,0.000539031892,0.605125843,3544.096,32.86799,0.00170873478,-8.755524e-06,0.0,8505.7892,3539.3408,0.032818836,-28.554378,3.9254053e-05
1046.0,-10.389257,8505.784,4.32304366,4.32304366,3.8506373,3.8506373,4.99907905,4.99907905,0.032817065,51.85563,51.85563,0.0001782068,0.0001782068,0.000539002798,0.000539002798,0.605084483,3544.096,32.86799,0.0017086426,-7.420358e-06,0.0,8505.784,3539.3389,0.032817065,-28.5479108,3.9243044e-05
1046.5,-10.389257,8505.784,4.32304675,4.32304675,3.85064001,3.85064001,4.9990822,4.9990822,0.0328172626,51.85563,51.85563,0.000178207875,0.000178207875,0.000539006042,0.000539006042,0.605043094,3544.096,32.86799,0.0017086529,-1.292641e-06,0.0,8505.784,3539.3389,0.0328172626,-28.5486327,3.9244273e-05
1047.0,-10.389257,8505.784,4.32304669,4.32304669,3.85063996,3.85063996,4.99908214,4.99908214,0.0328181149,51.869964,51.869964,0.000178261788,0.000178261788,0.000539169119,0.000539169119,0.605001735,3544.096,32.86799,0.00170869726,-1.8224389e-05,0.0,8505.784,3539.3389,0.0328181149,-28.5517439,3.9249573e-05
1047.5,-10.389257,8505.7826,4.32303005,4.32303005,3.85062446,3.85062446,4.9990639,4.9990639,0.0339395979,58.4337143,58.4337143,0.00020788417,0.00020788417,0.000628758632,0.000628758632,0.604960367,3544.096,32.86799,0.00176708805,7.3569324e-05,0.0,8505.7826,3539.3389,0.0339395979,-32.6474006,4.6463973e-05
1048.0,-10.389257,8505.779700000001,4.3230307,4.3230307,3.85062366,3.85062366,4.99906213,4.99906213,0.0359412594,70.1302175,70.1302175,0.000264155058,0.000264155058,0.000798943686,0.000798943686,0.604918987,3544.096,32.86799,0.00187130585,4.166866e-05,0.0,8505.779700000001,3539.3389,0.0359412594,-39.9574625,6.0206413e-05
1048.5,-10.389257,8505.7769,4.3230307,4.3230307,3.85062248,3.85062248,4.99906,4.99906,0.0379429722,81.8272911,81.8272911,0.000325333852,0.000325333852,0.000983972145,0.000983972145,0.604877622,3544.096,32.86799,0.00197552643,6.1981689e-05,0.0,8505.7769,3539.3389,0.0379429722,-47.2677167,7.5175951e-05
1049.0,-10.389257,8505.774,4.32303085,4.32303085,3.85062125,3.85062125,4.99905774,4.99905774,0.0399421812,93.523922,93.523922,0.000391388131,0.000391388131,0.00118374471,0.00118374471,0.604836234,3544.096,32.86799,0.00207961661,6.5402095e-05,0.0,8505.774,3539.3389,0.0399421812,-54.5688278,9.1349361e-05
1049.5,30.8613621,8604.1996,-10.65565204,-10.65565204,-9.7818232,-9.7818232,-8.62328378,-8.62328378,0.0455281904,103.358493,103.358493,0.000493275781,0.000493275781,0.00149187321,0.00149187321,0.604813472,3544.096,32.86799,0.00237045592,0.000337727609,0.0,8604.1996,3580.29766,0.0455281904,-74.9689251,0.000145802847
1050.0,94.09099,8579.46415,-41.2397754,-41.2397754,-37.0613033,-37.0613033,-35.4909363,-35.4909363,0.0524415535,104.45624,104.45624,0.000573638824,0.000573638824,0.00173488631,0.00173488631,0.604974647,3544.096,32.86799,0.00273040486,5.357696e-06,0.0,8579.46415,3570.00899,0.0524415535,-100.2165181,0.000220145169
1050.5,94.09099,8153.71446,-46.4238192,-46.4238192,-39.618199,-39.618199,-38.028187,-38.028187,0.0529170489,104.45624,104.45624,0.00057884008,0.00057884008,0.00175061386,0.00175061386,0.605193045,3384.877,32.86799,0.00275516176,2.9300601e-05,0.0,8153.71446,3392.85169,0.0529170489,-101.9530235,0.000225991012
1051.0,94.09099,7338.74037,-46.5298641,-46.5298641,-35.7597482,-35.7597482,-34.3614475,-34.3614475,0.0529262997,104.45624,104.45624,0.000578941271,0.000578941271,0.00175091985,0.00175091985,0.605411676,3057.29017,32.86799,0.00275564342,7.976615e-06,0.0,7338.74037,3053.73499,0.0529262997,-101.986811,0.000226101871
1051.5,94.09099,6650.50104,-42.6568765,-42.6568765,-29.7465352,-29.7465352,-28.5134381,-28.5134381,0.0525725471,104.45624,104.45624,0.000575071725,0.000575071725,0.00173921907,0.00173921907,0.605607864,2780.37771,32.86799,0.00273722512,-2.4171779e-05,0.0,6650.50104,2767.35326,0.0525725471,-100.6949094,0.00022176441
1052.0,94.09099,6590.171700000001,-38.9331311,-38.9331311,-26.8687081,-26.8687081,-25.7345379,-25.7345379,0.052228255,104.45624,104.45624,0.00057130562,0.00057130562,0.00172783118,0.00172783118,0.605774513,2748.6433,32.86799,0.00271929926,8.71448e-07,0.0,6590.171700000001,2742.24958,0.052228255,-99.4375494,0.000217542763
1052.5,94.09099,6596.536410000001,-39.1469707,-39.1469707,-27.0422451,-27.0422451,-25.9019437,-25.9019437,0.0522491643,104.45624,104.45624,0.000571534351,0.000571534351,0.0017285228,0.0017285228,0.605939134,2748.6433,32.86799,0.00272038795,2.87994e-07,0.0,6596.536410000001,2744.898,0.0522491643,-99.5139134,0.000217796942
1053.0,92.8336916,6593.68489,-38.7511725,-38.7511725,-26.7575319,-26.7575319,-25.627004,-25.627004,0.0521359714,104.45624,104.45624,0.000570296177,0.000570296177,0.00172477882,0.00172477882,0.606103797,2748.6433,32.86799,0.00271449454,-1.0888094e-05,0.0,6593.68489,2743.71145,0.0521359714,-99.100535,0.000216426297
1053.5,82.9421008,6579.08116,-34.5675248,-34.5675248,-23.8158447,-23.8158447,-22.7789949,-22.7789949,0.0511452033,104.4739125,104.4739125,0.000559552275,0.000559552275,0.00169229122,0.00169229122,0.606260381,2748.6433,32.86799,0.00266290954,-4.4995365e-05,0.0,6579.08116,2737.63412,0.0511452033,-95.4822519,0.000204574487
1054.0,71.4297125,6577.542750000001,-29.723305,-29.723305,-20.4733773,-20.4733773,-19.5364747,-19.5364747,0.0502435492,105.95619,105.95619,0.000557472265,0.000557472265,0.00168600635,0.00168600635,0.606399004,2748.6433,32.86799,0.00261596422,-3.8659974e-05,0.0,6577.542750000001,2736.99347,0.0502435492,-92.1894095,0.000194028482
1054.5,59.9173241,6577.51418,-24.9322291,-24.9322291,-17.1732118,-17.1732118,-16.3243297,-16.3243297,0.0495062795,108.3613737,108.3613737,0.000561760944,0.000561760944,0.00169898226,0.00169898226,0.606519095,2748.6433,32.86799,0.00257757779,-4.8969652e-05,0.0,6577.51418,2736.98113,0.0495062795,-89.4969005,0.000185597875
1055.0,48.4049349,6577.514209999999,-20.1416975,-20.1416975,-13.8735142,-13.8735142,-13.09661485,-13.09661485,0.0487579579,110.720418,110.720418,0.000565315327,0.000565315327,0.00170973741,0.00170973741,0.606619894,2748.6433,32.86799,0.00253861591,1.1156869e-05,0.0,6577.514209999999,2736.98069,0.0487579579,-86.7640293,0.000177211769
1055.5,36.8925457,6577.51528,-15.3508235,-15.3508235,-10.5735826,-10.5735826,-9.8554138,-9.8554138,0.0477427197,111.49698,111.49698,0.000557440931,0.000557440931,0.00168592831,0.00168592831,0.606700498,2748.6433,32.86799,0.00248575688,-5.0516233e-05,0.0,6577.51528,2736.98058,0.0477427197,-83.056381,0.000166116318
1056.0,26.2224332,6579.455749999999,-10.8057067,-10.8057067,-7.44489689,-7.44489689,-6.78033774,-6.78033774,0.0466657006,111.49698,111.49698,0.000544865739,0.000544865739,0.00164790185,0.00164790185,0.606759956,2748.6433,32.86799,0.0024296812,-2.449438e-06,0.0,6579.455749999999,2737.78735,0.0466657006,-79.1231118,0.000154673168
1056.5,24.032131,6594.52943,-9.92722005,-9.92722005,-6.85552942,-6.85552942,-6.19407911,-6.19407911,0.0464508431,111.49698,111.49698,0.000542357084,0.000542357084,0.00164031584,0.00164031584,0.606805945,2748.6433,32.86799,0.00241849449,3.504003e-06,0.0,6594.52943,2744.05954,0.0464508431,-78.3384516,0.000152425354
1057.0,24.032131,6596.64338,-9.9982057,-9.9982057,-6.90674934,-6.90674934,-6.24882856,-6.24882856,0.040013332,73.730433,73.730433,0.000316600063,0.000316600063,0.000957549035,0.000957549035,0.606851711,2748.6433,32.86799,0.00208332112,-0.000368372499,0.0,6596.64338,2744.93536,0.040013332,-54.8286688,9.3810483e-05
1057.5,24.032131,6596.71597,-9.9993985,-9.9993985,-6.9076492,-6.9076492,-6.24978626,-6.24978626,0.0173290327,1.74898219,1.74898219,4.1689337e-05,4.1689337e-05,0.000143657639,0.000143657639,0.606897562,2748.6433,32.86799,0.00090224779,-0.00110194746,0.0,6596.71597,2744.95235,0.0173290327,-10.03436562,1.6891003e-05
1058.0,24.032131,6596.79544,-9.9998563,-9.9998563,-6.90804863,-6.90804863,-6.25020275,-6.25020275,-0.0345813819,-70.2400981,-70.2400981,0.000262021706,0.000262021706,0.000792493036,0.000792493036,0.606943458,2748.6433,32.86799,-0.00180050294,-0.000382709367,0.0,6596.79544,2744.95499,-0.0345813819,34.9911939,5.2599294e-05
1058.5,24.032131,6596.809209999999,-9.9998746,-9.9998746,-6.90807596,-6.90807596,-6.25022972,-6.25022972,-0.0463864291,-139.230215,-139.230215,0.000681473747,0.000681473747,0.00206108522,0.00206108522,0.606989318,2748.6433,32.86799,-0.00241514075,-0.000245344127,0.0,6596.809209999999,2744.95393,-0.0463864291,78.1032124,0.000153047099
1059.0,24.032131,6596.813599999999,-9.999953,-9.999953,-6.90813463,-6.90813463,-6.25029217,-6.25029217,-0.0495110862,-157.42792,-157.42792,0.000816230553,0.000816230553,0.00246864598,0.00246864598,0.607035189,2748.6433,32.86799,-0.00257782806,3.9690766e-05,0.0,6596.813599999999,2744.95392,-0.0495110862,89.5144535,0.000185645419
1059.5,24.032131,6596.813500000001,-9.9999479,-9.9999479,-6.90813036,-6.90813036,-6.2502877,-6.2502877,-0.0495104646,-157.42792,-157.42792,0.000816220287,0.000816220287,0.00246861499,0.00246861499,0.607081028,2748.6433,32.86799,-0.00257779574,-1.5825475e-05,0.0,6596.813500000001,2744.9539,-0.0495104646,89.512183,0.000185638374
1060.0,24.032131,6596.813500000001,-9.9999474,-9.9999474,-6.90812994,-6.90812994,-6.25028735,-6.25028735,-0.0495138025,-157.42792,-157.42792,0.000816275328,0.000816275328,0.00246878145,0.00246878145,0.607126891,2748.6433,32.86799,-0.00257796952,-3.101397e-06,0.0,6596.813500000001,2744.9539,-0.0495138025,89.5243747,0.000185676183
1060.5,24.032131,6596.813500000001,-9.9999476,-9.9999476,-6.90812994,-6.90812994,-6.25028735,-6.25028735,-0.0495118883,-157.42792,-157.42792,0.000816243787,0.000816243787,0.00246868601,0.00246868601,0.607172758,2748.6433,32.86799,-0.00257786988,6.975659e-06,0.0,6596.813500000001,2744.9539,-0.0495118883,89.5173862,0.000185654509
1061.0,24.032131,6596.813500000001,-9.9999476,-9.9999476,-6.90813018,-6.90813018,-6.25028755,-6.25028755,-0.0495113648,-157.42792,-157.42792,0.000816235144,0.000816235144,0.00246865985,0.00246865985,0.607218608,2748.6433,32.86799,-0.0025778426,-2.2383045e-05,0.0,6596.813500000001,2744.9539,-0.0495113648,89.5154733,0.00018564858
1061.5,24.032131,6596.813500000001,-9.9999474,-9.9999474,-6.90813003,-6.90813003,-6.25028735,-6.25028735,-0.0495125366,-157.42792,-157.42792,0.000816254446,0.000816254446,0.00246871834,0.00246871834,0.607264474,2748.6433,32.86799,-0.00257790356,1.108462e-06,0.0,6596.813500000001,2744.9539,-0.0495125366,89.5197504,0.000185661838
1062.0,24.032131,6596.813500000001,-9.9999474,-9.9999474,-6.90813,-6.90813,-6.25028735,-6.25028735,-0.0495136526,-157.42792,-157.42792,0.000816272861,0.000816272861,0.00246877393,0.00246877393,0.607310328,2748.6433,32.86799,-0.00257796171,-6.750772e-06,0.0,6596.813500000001,2744.9539,-0.0495136526,89.5238297,0.000185674487
1062.5,24.7554195,6598.496270000001,-10.21548425,-10.21548425,-7.05893052,-7.05893052,-6.40562079,-6.40562079,-0.0494478782,-157.42792,-157.42792,0.000815188514,0.000815188514,0.00246549492,0.00246549492,0.607356311,2748.6433,32.86799,-0.00257453716,1.6177358e-05,0.0,6598.496270000001,2745.65418,-0.0494478782,89.2836211,0.000184931788
1063.0,32.0155502,6609.97561,-13.2698937,-13.2698937,-9.1855108,-9.1855108,-8.48659978,-8.48659978,-0.0487203678,-157.42792,-157.42792,0.000803194917,0.000803194917,0.00242922625,0.00242922625,0.607409229,2748.6433,32.86799,-0.00253665882,6.4124631e-05,0.0,6609.97561,2750.43117,-0.0487203678,86.626752,0.000176797438
1063.5,40.8372629,6611.463030000001,-16.991291,-16.991291,-11.76393705,-11.76393705,-11.030014,-11.030014,-0.0478347999,-157.42792,-157.42792,0.000788595603,0.000788595603,0.00238507772,0.00238507772,0.607478665,2748.6433,32.86799,-0.00249055105,7.9921948e-05,0.0,6611.463030000001,2751.05061,-0.0478347999,83.3926576,0.000167103555
1064.0,49.6589749,6611.491980000001,-20.6632214,-20.6632214,-14.306261,-14.306261,-13.51644915,-13.51644915,-0.0469554917,-157.42792,-157.42792,0.000774099484,0.000774099484,0.00234124105,0.00234124105,0.607564284,2748.6433,32.86799,-0.00244476934,2.8630206e-05,0.0,6611.491980000001,2751.06331,-0.0469554917,80.1814258,0.000157716072
1064.5,58.4806873,6611.491250000001,-24.3347354,-24.3347354,-16.8482455,-16.8482455,-16.00702485,-16.00702485,-0.0460722776,-157.42792,-157.42792,0.000759538989,0.000759538989,0.00229720943,0.00229720943,0.607665328,2748.6433,32.86799,-0.00239878419,1.5418538e-05,0.0,6611.491250000001,2751.0635,-0.0460722776,76.9559286,0.000148524788
1065.0,67.302399,6321.39618,-34.8313293,-34.8313293,-22.9753516,-22.9753516,-21.9559418,-21.9559418,-0.0445668761,-157.42792,-157.42792,0.000734721208,0.000734721208,0.00222215874,0.00222215874,0.607789969,2615.41969,32.86799,-0.00232040442,2.8832523e-05,0.0,6321.39618,2630.35362,-0.0445668761,71.4582044,0.000133441015
1065.5,76.1241115,5438.49263,-39.8054069,-39.8054069,-22.6441984,-22.6441984,-21.6012392,-21.6012392,-0.0435632451,-157.42792,-157.42792,0.000718175543,0.000718175543,0.00217212318,0.00217212318,0.607935308,2258.94358,32.86799,-0.00226814972,5.9503278e-05,0.0,5438.49263,2262.97154,-0.0435632451,67.7929461,0.000123716007
1066.0,84.1350421,4571.16315,-43.1464187,-43.1464187,-20.634772,-20.634772,-19.5878193,-19.5878193,-0.0427622473,-157.42792,-157.42792,0.000704970455,0.000704970455,0.00213218959,0.00213218959,0.608071261,1899.28732,32.86799,-0.0022264453,1.2981336e-05,0.0,4571.16315,1902.06979,-0.0427622473,64.867707,0.000116196937
1066.5,85.565384,3773.33664,-40.1220281,-40.1220281,-15.9084707,-15.9084707,-14.99718575,-14.99718575,-0.0429507516,-157.42792,-157.42792,0.00070807809,0.00070807809,0.0021415874,0.0021415874,0.60818965,1581.14596,32.86799,-0.00223625978,-3.1719776e-05,0.0,3773.33664,1570.08815,-0.0429507516,65.5561197,0.000117964326
1067.0,85.565384,3669.29481,-35.2991779,-35.2991779,-13.563872,-13.563872,-12.7704912,-12.7704912,-0.0433945837,-157.42792,-157.42792,0.00071539503,0.00071539503,0.00216371462,0.00216371462,0.608281501,1532.7468,32.86799,-0.00225936826,-1.3251322e-05,0.0,3669.29481,1526.79531,-0.0433945837,67.1769971,0.000122108261
1067.5,85.565384,3678.45298,-35.5969874,-35.5969874,-13.7121984,-13.7121984,-12.911891,-12.911891,-0.0431318093,-156.043085,-156.043085,0.000704968994,0.000704968994,0.00213218159,0.00213218159,0.608370941,1532.7468,32.86799,-0.00224568675,9.1294021e-05,0.0,3678.45298,1530.60629,-0.0431318093,66.2173424,0.000119674814
1068.0,85.565384,3678.64046,-35.6043263,-35.6043263,-13.71572395,-13.71572395,-12.91524915,-12.91524915,-0.0367687742,-118.7657018,-118.7657018,0.000461428637,0.000461428637,0.00139560298,0.00139560298,0.608460612,1532.7468,32.86799,-0.00191439098,0.000293950354,0.0,3678.64046,1530.68799,-0.0367687742,42.9795473,6.722846e-05
1068.5,85.565384,3678.62591,-35.6047765,-35.6047765,-13.71584325,-13.71584325,-12.9153603,-12.9153603,-0.0220052943,-65.8831285,-65.8831285,0.000169802746,0.000169802746,0.000544835726,0.000544835726,0.60855031,1532.7468,32.86799,-0.00114572047,0.001137780445,0.0,3678.62591,1530.69061,-0.0220052943,10.11293875,1.3761812e-05
1069.0,85.565384,3678.54623,-35.6045553,-35.6045553,-13.7154606,-13.7154606,-12.91498855,-12.91498855,0.0312949074,-12.997442914,-12.997442914,-3.8463894e-05,-3.8463894e-05,3.631569e-06,3.631569e-06,0.608640011,1532.7468,32.86799,0.00162939045,0.000248080091,0.0,3678.54623,1530.6885,0.0312949074,-22.9889938,3.1167471e-05
1069.5,85.565384,3678.53586,-35.6044534,-35.6044534,-13.7153826,-13.7153826,-12.9149139,-12.9149139,0.0403401811,39.8907363,39.8907363,0.000172649464,0.000172649464,0.000522187246,0.000522187246,0.60872972,1532.7468,32.86799,0.00210033869,0.000245734662,0.0,3678.53586,1530.68951,0.0403401811,-56.0223224,9.5698256e-05
1070.0,85.565384,3678.52336,-35.604458,-35.604458,-13.7153383,-13.7153383,-12.9148702,-12.9148702,0.0493865354,92.779377,92.779377,0.000483963116,0.000483963116,0.00146368754,0.00146368754,0.608819398,1532.7468,32.86799,0.0025713432,0.000269107071,0.0,3678.52336,1530.6896,0.0493865354,-89.0595941,0.000185270013
1070.5,85.565384,3678.51092,-35.6044472,-35.6044472,-13.7152878,-13.7152878,-12.91482095,-12.91482095,0.058203397,144.309782,144.309782,0.000882788245,0.000882788245,0.00266985744,0.00266985744,0.608909074,1532.7468,32.86799,0.00303039911,0.000227610993,0.0,3678.51092,1530.68956,0.058203397,-121.258765,0.000296435462
1071.0,85.565384,3678.50697,-35.6043807,-35.6043807,-13.7152477,-13.7152477,-12.9147826,-12.9147826,0.0609019139,160.02643,160.02643,0.00102058988,0.00102058988,0.00308661756,0.00308661756,0.608998752,1532.7468,32.86799,0.00317089918,2.3783985e-05,0.0,3678.50697,1530.68953,0.0609019139,-131.11374,0.000334478158
1071.5,85.565384,3678.5073,-35.604385,-35.604385,-13.71525,-13.71525,-12.9147848,-12.9147848,0.060901227,160.02643,160.02643,0.00102057839,0.00102057839,0.00308658279,0.00308658279,0.60908843,1532.7468,32.86799,0.00317086344,-2.1021865e-05,0.0,3678.5073,1530.6896,0.060901227,-131.111238,0.000334467994
1072.0,85.565384,3678.5073,-35.604385,-35.604385,-13.7152501,-13.7152501,-12.914785,-12.914785,0.0609029022,160.02643,160.02643,0.00102060642,0.00102060642,0.00308666772,0.00308666772,0.609178089,1532.7468,32.86799,0.00317095064,6.169566e-06,0.0,3678.5073,1530.6896,0.0609029022,-131.117353,0.000334492798
1072.5,85.7680739,3678.9741,-35.6633137,-35.6633137,-13.7397019,-13.7397019,-12.9379771,-12.9379771,0.0609197353,160.02643,160.02643,0.00102088852,0.00102088852,0.00308752066,0.00308752066,0.609267784,1532.7468,32.86799,0.00317182709,-2.083022e-06,0.0,3678.9741,1530.88385,0.0609197353,-131.178827,0.000334742255
1073.0,87.9975418,3682.57389,-36.5993716,-36.5993716,-14.1141332,-14.1141332,-13.29274575,-13.29274575,0.0611421777,160.02643,160.02643,0.00102461621,0.00102461621,0.00309879233,0.00309879233,0.609358528,1532.7468,32.86799,0.00318340865,1.805361e-06,0.0,3682.57389,1532.3819,0.0611421777,-131.991184,0.000338045934
1073.5,90.7481654,3683.07406,-37.7606445,-37.7606445,-14.56392625,-14.56392625,-13.7185746,-13.7185746,0.0614183274,160.02643,160.02643,0.00102924389,0.00102924389,0.0031127855,0.0031127855,0.609451878,1532.7468,32.86799,0.00319778663,-2.982782e-05,0.0,3683.07406,1532.59016,0.0614183274,-132.999685,0.000342167179
1074.0,93.4987849,3683.08404,-38.9056649,-38.9056649,-15.0055905,-15.0055905,-14.1347962,-14.1347962,0.0616935375,160.02643,160.02643,0.00103385586,0.00103385586,0.00312673102,0.00312673102,0.609547815,1532.7468,32.86799,0.00321211559,-2.6797453e-05,0.0,3683.08404,1532.59447,0.0616935375,-134.004752,0.000346297805
1074.5,96.249409,3683.08444,-40.0500813,-40.0500813,-15.446984,-15.446984,-14.54891315,-14.54891315,0.0615255361,157.409397,157.409397,0.001014595246,0.001014595246,0.0030684773,0.0030684773,0.609646329,1532.7468,32.86799,0.00320336852,-0.000131886255,0.0,3683.08444,1532.59456,0.0615255361,-133.391212,0.000343868939
1075.0,99.0000271,3683.09599,-41.1945527,-41.1945527,-15.88844745,-15.88844745,-14.9630021,-14.9630021,0.0532633686,107.4256442,107.4256442,0.000605771043,0.000605771043,0.00183206275,0.00183206275,0.609747385,1532.7468,32.86799,0.00277319314,-0.000320307523,0.0,3683.09599,1532.59454,0.0532633686,-103.2177851,0.00023189334
1075.5,101.7506512,3683.11195,-42.339019,-42.339019,-16.3299309,-16.3299309,-15.3770161,-15.3770161,0.0419888349,39.9003441,39.9003441,0.000182023171,0.000182023171,0.000550532835,0.000550532835,0.609850939,1532.7468,32.86799,0.00218617693,-0.000346927966,0.0,3683.11195,1532.59459,0.0419888349,-62.0432008,0.000110727592
1076.0,104.5012708,3683.12769,-43.4835667,-43.4835667,-16.7714481,-16.7714481,-15.7909673,-15.7909673,0.0307125176,-27.63163031,-27.63163031,-8.229233e-05,-8.229233e-05,-2.4422595e-05,-2.4422595e-05,0.609957043,1532.7468,32.86799,0.00159906793,-0.000299151793,0.0,3683.12769,1532.59454,0.0307125176,-20.86210747,2.8442423e-05
1076.5,107.2518949,3683.20741,-44.6277144,-44.6277144,-17.213114,-17.213114,-16.2049763,-16.2049763,-0.0262408235,-95.1616505,-95.1616505,0.000281744734,0.000281744734,0.000884116779,0.000884116779,0.610065615,1532.7468,32.86799,-0.00136624615,-0.001265278744,0.0,3683.20741,1532.59446,-0.0262408235,20.04885465,2.7284849e-05
1077.0,109.809029,3682.78534,-45.7169678,-45.7169678,-17.6312107,-17.6312107,-16.595659,-16.595659,-0.0418262005,-162.694193,-162.694193,0.000719228523,0.000719228523,0.00217532508,0.00217532508,0.610176638,1532.7468,32.86799,-0.00217770927,-0.000307188713,0.0,3682.78534,1532.40973,-0.0418262005,61.4492607,0.000109286305
1077.5,110.34399,3679.18977,-45.9327053,-45.9327053,-17.6971304,-17.6971304,-16.6561467,-16.6561467,-0.0500828275,-211.19984,-211.19984,0.00110800181,0.00110800181,0.00335117815,0.00335117815,0.610289131,1532.7468,32.86799,-0.00260759618,-9.2027113e-05,0.0,3679.18977,1530.90878,-0.0500828275,91.6024565,0.000192252985
1078.0,110.34399,4487.93172,-27.3610587,-27.3610587,-12.5181326,-12.5181326,-11.79875245,-11.79875245,-0.0521346028,-213.19637,-213.19637,0.00116395041,0.00116395041,0.00352038148,0.00352038148,0.610387769,1903.05559,32.86799,-0.00271442326,-5.0117942e-05,0.0,4487.93172,1867.43108,-0.0521346028,99.095537,0.000216484588
1078.5,110.34399,6802.95199,-24.6975218,-24.6975218,-17.6065246,-17.6065246,-16.7431672,-16.7431672,-0.0523818762,-213.19637,-213.19637,0.001169471,0.001169471,0.00353707645,0.00353707645,0.610481385,2836.78064,32.86799,-0.00272729777,2.02771e-05,0.0,6802.95199,2830.72795,-0.0523818762,99.9985779,0.000219413622
1079.0,110.34399,8840.5476,-34.7724393,-34.7724393,-32.548195,-32.548195,-31.0152316,-31.0152316,-0.0514594821,-213.19637,-213.19637,0.00114887777,0.00114887777,0.00347479979,0.00347479979,0.610620189,3657.8345,32.86799,-0.00267927267,6.2381098e-05,0.0,8840.5476,3678.58708,-0.0514594821,96.6299961,0.000208434572
1079.5,110.34399,9080.9352,-46.6642648,-46.6642648,-44.377033,-44.377033,-42.4703388,-42.4703388,-0.0503615998,-213.19637,-213.19637,0.00112436655,0.00112436655,0.00340067472,0.00340067472,0.610853531,3774.2202,32.86799,-0.00262211064,2.501051e-06,0.0,9080.9352,3778.61478,-0.0503615998,92.6205291,0.000195387422
1080.0,110.642725,9059.39045,-46.034247,-46.034247,-43.6725667,-43.6725667,-41.7958706,-41.7958706,-0.0504031506,-213.19637,-213.19637,0.00112529424,0.00112529424,0.00340348008,0.00340348008,0.611098265,3774.2202,32.86799,-0.00262427405,3.1692978e-05,0.0,9059.39045,3769.64987,-0.0504031506,92.7722751,0.000195868622
1080.5,112.376405,9061.2145,-46.754467,-46.754467,-44.3647641,-44.3647641,-42.4618233,-42.4618233,-0.0502305372,-213.19637,-213.19637,0.00112144048,0.00112144048,0.00339182577,0.00339182577,0.611343844,3774.2202,32.86799,-0.00261528676,3.4379608e-05,0.0,9061.2145,3770.40895,-0.0502305372,92.1418875,0.000193871778
1081.0,114.2945585,9061.3878,-47.5586423,-47.5586423,-45.1286935,-45.1286935,-43.1972486,-43.1972486,-0.0500363974,-213.19637,-213.19637,0.00111710613,0.00111710613,0.00337871809,0.00337871809,0.611592816,3774.2202,32.86799,-0.00260517874,3.2888028e-05,0.0,9061.3878,3770.48096,-0.0500363974,91.4328909,0.00019163648
1081.5,116.2127121,9061.3909,-48.3570117,-48.3570117,-45.886288,-45.886288,-43.9267486,-43.9267486,-0.0498451515,-213.19637,-213.19637,0.00111283638,0.00111283638,0.00336580575,0.00336580575,0.611845187,3774.2202,32.86799,-0.0025952214,6.684621e-06,0.0,9061.3909,3770.48241,-0.0498451515,90.7344579,0.000189445741
1082.0,118.1308661,9061.3907,-49.1550691,-49.1550691,-46.6435672,-46.6435672,-44.6560889,-44.6560889,-0.0496168974,-212.980985,-212.980985,0.00110662917,0.00110662917,0.0033470333,0.0033470333,0.612100892,3774.2202,32.86799,-0.00258333724,3.2244379e-05,0.0,9061.3907,3770.48244,-0.0496168974,89.9008791,0.000186848099
1082.5,120.0490201,9061.3876,-49.9532547,-49.9532547,-47.4009573,-47.4009573,-45.3856774,-45.3856774,-0.0474766888,-201.566725,-201.566725,0.001002625777,0.001002625777,0.00303247149,0.00303247149,0.612359921,3774.2202,32.86799,-0.00247190575,0.000110735647,0.0,9061.3876,3770.48247,-0.0474766888,82.084835,0.000163371648
1083.0,121.9671739,9061.3831,-50.7514303,-50.7514303,-48.1583279,-48.1583279,-46.1153929,-46.1153929,-0.0442787539,-183.978864,-183.978864,0.000853570523,0.000853570523,0.0025816504,0.0025816504,0.612622297,3774.2202,32.86799,-0.00230540323,8.4719629e-05,0.0,9061.3831,3770.48252,-0.0442787539,70.4059849,0.000130714322
1083.5,123.885327,9061.3783,-51.5496095,-51.5496095,-48.9156982,-48.9156982,-46.8452502,-46.8452502,-0.0410772106,-166.39018,-166.39018,0.000716229995,0.000716229995,0.00216626312,0.00216626312,0.612887945,3774.2202,32.86799,-0.00213871272,9.2964396e-05,0.0,9061.3783,3770.48241,-0.0410772106,58.7139567,0.000101155016
1084.0,125.803481,9061.3738,-52.3477267,-52.3477267,-49.6730111,-49.6730111,-47.5752029,-47.5752029,-0.0378785424,-148.802931,-148.802931,0.000590732158,0.000590732158,0.00178669573,0.00178669573,0.61315688,3774.2202,32.86799,-0.00197217183,9.2776505e-05,0.0,9061.3738,3770.48241,-0.0378785424,47.0324207,7.4753079e-05
1084.5,127.7216345,9061.3692,-53.1458805,-53.1458805,-50.4303581,-50.4303581,-48.3053562,-48.3053562,-0.0346785114,-131.215426,-131.215426,0.00047699849,0.00047699849,0.00144270972,0.00144270972,0.613429089,3774.2202,32.86799,-0.00180556011,8.0585343e-05,0.0,9061.3692,3770.48242,-0.0346785114,35.3459124,5.1473107e-05
1085.0,128.993986,9059.9391,-53.7027109,-53.7027109,-50.9506929,-50.9506929,-48.8072794,-48.8072794,-0.0315389132,-113.6266649,-113.6266649,0.000375739944,0.000375739944,0.00113645424,0.00113645424,0.613704291,3774.2202,32.86799,-0.00164209478,0.000111565132,0.0,9059.9391,3769.88922,-0.0315389132,23.8801027,3.1663529e-05
1085.5,129.02435,9058.2374,-53.6904623,-53.6904623,-50.9295053,-50.9295053,-48.7870755,-48.7870755,-0.0295103928,-101.7791635,-101.7791635,0.000314540767,0.000314540767,0.000951357626,0.000951357626,0.61398031,3774.2202,32.86799,-0.0015364785,-2.0693371e-05,0.0,9058.2374,3769.18221,-0.0295103928,16.4719487,2.0364112e-05
1086.0,129.02435,9058.1709,-53.6880338,-53.6880338,-50.9268268,-50.9268268,-48.7845037,-48.7845037,-0.0294536,-101.45528,-101.45528,0.000312925997,0.000312925997,0.000946473779,0.000946473779,0.6142563,3774.2202,32.86799,-0.00153352154,-2.655896e-06,0.0,9058.1709,3769.1545,-0.0294536,16.2645413,2.0066371e-05
1086.5,129.02435,9058.17,-53.68799,-53.68799,-50.926777,-50.926777,-48.784454,-48.784454,-0.0294528917,-101.45528,-101.45528,0.000312918482,0.000312918482,0.000946451009,0.000946451009,0.614532252,3774.2202,32.86799,-0.00153348469,2.8371658e-05,0.0,9058.17,3769.154,-0.0294528917,16.2619555,2.0062699e-05
1087.0,129.02435,9058.17,-53.6879888,-53.6879888,-50.9267762,-50.9267762,-48.7844528,-48.7844528,-0.0294541554,-101.45528,-101.45528,0.000312931899,0.000312931899,0.000946491611,0.000946491611,0.614808185,3774.2202,32.86799,-0.00153355049,1.6431914e-05,0.0,9058.17,3769.154,-0.0294541554,16.2665699,2.0069252e-05
1087.5,129.02435,9058.17,-53.6879882,-53.6879882,-50.9267766,-50.9267766,-48.7844528,-48.7844528,-0.029451608,-101.45528,-101.45528,0.000312904832,0.000312904832,0.000946409751,0.000946409751,0.615084133,3774.2202,32.86799,-0.00153341781,2.6034477e-05,0.0,9058.17,3769.154,-0.029451608,16.2572658,2.0056039e-05
1088.0,129.02435,9058.17,-53.6879888,-53.6879888,-50.9267762,-50.9267762,-48.7844532,-48.7844532,-0.0294525586,-101.45528,-101.45528,0.000312914935,0.000312914935,0.000946440309,0.000946440309,0.615360052,3774.2202,32.86799,-0.00153346732,-1.9402048e-05,0.0,9058.17,3769.154,-0.0294525586,16.2607391,2.0060971e-05
1088.5,129.02435,9058.17,-53.6879894,-53.6879894,-50.9267766,-50.9267766,-48.7844528,-48.7844528,-0.0294530145,-101.45528,-101.45528,0.000312919781,0.000312919781,0.000946454951,0.000946454951,0.615635973,3774.2202,32.86799,-0.00153349105,7.651214e-06,0.0,9058.17,3769.154,-0.0294530145,16.2624036,2.0063336e-05
1089.0,129.02435,9058.17,-53.6879876,-53.6879876,-50.9267762,-50.9267762,-48.784452,-48.784452,-0.0294544368,-101.45528,-101.45528,0.000312934895,0.000312934895,0.000946500659,0.000946500659,0.615911901,3774.2202,32.86799,-0.0015335651,7.205821e-06,0.0,9058.17,3769.154,-0.0294544368,16.2675985,2.0070713e-05
1089.5,129.02435,9058.17,-53.6879876,-53.6879876,-50.9267762,-50.9267762,-48.784452,-48.784452,-0.029452907,-101.45528,-101.45528,0.000312918638,0.000312918638,0.000946451499,0.000946451499,0.616187825,3774.2202,32.86799,-0.00153348545,2.2113375e-05,0.0,9058.17,3769.154,-0.029452907,16.2620109,2.0062777e-05
1090.0,129.02435,8014.95879,-77.3335985,-77.3335985,-64.3862755,-64.3862755,-61.7211514,-61.7211514,-0.0272826631,-101.45528,-101.45528,0.000289861153,0.000289861153,0.000876718542,0.000876718542,0.616490945,3297.68195,32.86799,-0.00142049022,9.9671777e-05,0.0,8014.95879,3335.06756,-0.0272826631,8.33628205,9.646271e-06
1090.5,129.02435,5094.69673,-80.4144679,-80.4144679,-42.9206494,-42.9206494,-40.5611876,-40.5611876,-0.0269956673,-101.45528,-101.45528,0.000286812012,0.000286812012,0.000867497007,0.000867497007,0.616784022,2120.04286,32.86799,-0.00140554764,-5.279712e-06,0.0,5094.69673,2119.92516,-0.0269956673,7.28817496,8.241479e-06
1091.0,129.02435,2478.37792,-69.0693105,-69.0693105,-18.5090359,-18.5090359,-16.8358097,-16.8358097,-0.0280324157,-101.45528,-101.45528,0.000297826816,0.000297826816,0.000900809158,0.000900809158,0.616960329,1062.56606,32.86799,-0.00145952662,-8.5040669e-05,0.0,2478.37792,1031.254977,-0.0280324157,11.07437877,1.3230327e-05
1091.5,129.02435,2110.4434,-52.6265569,-52.6265569,-11.6336885,-11.6336885,-10.54508085,-10.54508085,-0.029550571,-101.45528,-101.45528,0.000313956257,0.000313956257,0.000949589544,0.000949589544,0.617041982,893.0027,32.86799,-0.0015385704,3.8595211e-05,0.0,2110.4434,878.153851,-0.029550571,16.6186798,2.057186e-05
1092.0,129.02435,2142.541,-53.6618096,-53.6618096,-12.0399077,-12.0399077,-10.9199462,-10.9199462,-0.0294544018,-101.45528,-101.45528,0.000312934518,0.000312934518,0.000946499526,0.000946499526,0.617118269,893.0027,32.86799,-0.00153356328,3.566417e-06,0.0,2142.541,891.509939,-0.0294544018,16.2674692,2.0070532e-05
1092.5,129.02435,2143.23456,-53.6874997,-53.6874997,-12.04956845,-12.04956845,-10.9288317,-10.9288317,-0.0294529798,-101.45528,-101.45528,0.000312919408,0.000312919408,0.000946453826,0.000946453826,0.617195219,893.0027,32.86799,-0.00153348923,3.6569626e-05,0.0,2143.23456,891.798529,-0.0294529798,16.2622762,2.0063154e-05
1093.0,129.02435,2143.2474,-53.6879775,-53.6879775,-12.04974775,-12.04974775,-10.9289965,-10.9289965,-0.0294512468,-101.45528,-101.45528,0.000312901004,0.000312901004,0.00094639816,0.00094639816,0.61727218,893.0027,32.86799,-0.00153339903,1.6880091e-05,0.0,2143.2474,891.803865,-0.0294512468,16.2559487,2.0054169e-05
1093.5,128.7730666,2142.74894,-53.6316247,-53.6316247,-12.0343172,-12.0343172,-10.9151842,-10.9151842,-0.0294737724,-101.45528,-101.45528,0.000313140313,0.000313140313,0.000947121901,0.000947121901,0.61734914,893.0027,32.86799,-0.0015345718,1.4589981e-05,0.0,2142.74894,891.596454,-0.0294737724,16.3382104,2.0171375e-05
1094.0,122.1989695,2130.71473,-50.939327,-50.939327,-11.36629955,-11.36629955,-10.32093845,-10.32093845,-0.0301240272,-101.45528,-101.45528,0.000320048864,0.000320048864,0.000968015268,0.000968015268,0.617424535,893.0027,32.86799,-0.00156842774,-3.2066315e-05,0.0,2130.71473,886.588566,-0.0301240272,18.7129403,2.3624019e-05
1094.5,112.9173606,2127.85169,-46.9886841,-46.9886841,-10.4704081,-10.4704081,-9.5271925,-9.5271925,-0.01985308114,-76.9744881,-76.9744881,0.000177982405,0.000177982405,0.000579489826,0.000579489826,0.617494921,893.0027,32.86799,-0.00103366404,0.00147229342,0.0,2127.85169,885.403202,-0.01985308114,7.133296582,9.728455e-06
1095.0,103.6357519,2127.71359,-43.1237222,-43.1237222,-9.6085543,-9.6085543,-8.7583595,-8.7583595,0.0303915786,-28.8517325,-28.8517325,-8.8788806e-05,-8.8788806e-05,-2.9354402e-05,-2.9354402e-05,0.61756027,893.0027,32.86799,0.001582358,0.000219694609,0.0,2127.71359,885.375071,0.0303915786,-19.6900367,2.5738944e-05
1095.5,94.354143,2127.70795,-39.2613119,-39.2613119,-8.7479328,-8.7479328,-7.9852529,-7.9852529,0.0355033084,6.40851012,6.40851012,2.3964844e-05,2.3964844e-05,7.4809703e-05,7.4809703e-05,0.617620481,893.0027,32.86799,0.00184850368,8.9938731e-05,0.0,2127.70795,885.375716,0.0355033084,-38.3580679,5.7073379e-05
1096.0,85.072534,2127.70931,-35.399062,-35.399062,-7.88737822,-7.88737822,-7.20439426,-7.20439426,0.0348712992,8.11179,8.11179,2.9621936e-05,2.9621936e-05,8.9603487e-05,8.9603487e-05,0.61767547,893.0027,32.86799,0.0018155977,-3.3036729e-05,0.0,2127.70931,885.375916,0.0348712992,-36.0499727,5.2668407e-05
1096.5,75.7909255,2127.70991,-31.536764,-31.536764,-7.02680923,-7.02680923,-6.41914563,-6.41914563,0.0339435028,8.11179,8.11179,2.8833805e-05,2.8833805e-05,8.721947e-05,8.721947e-05,0.617725131,893.0027,32.86799,0.00176729136,-2.2821357e-05,0.0,2127.70991,885.37563,0.0339435028,-32.66166,4.64498e-05
1097.0,70.16809,2135.56621,-29.0613352,-29.0613352,-6.49915045,-6.49915045,-5.93377907,-5.93377907,0.0333689175,8.11179,8.11179,2.8345715e-05,2.8345715e-05,8.5743042e-05,8.5743042e-05,0.617769904,893.0027,32.86799,0.00173737512,-2.814824e-06,0.0,2135.56621,888.644355,0.0333689175,-30.5632735,4.2720017e-05
1097.5,70.11054,2142.90704,-29.1642817,-29.1642817,-6.54460197,-6.54460197,-5.97705811,-5.97705811,0.0333743775,8.11179,8.11179,2.8350353e-05,2.8350353e-05,8.5757074e-05,8.5757074e-05,0.617813659,893.0027,32.86799,0.00173765943,3.0256e-07,0.0,2142.90704,891.698906,0.0333743775,-30.5832149,4.2754804e-05
1098.0,70.11054,2143.15493,-29.1733359,-29.1733359,-6.54739093,-6.54739093,-5.97968093,-5.97968093,0.0333744212,8.11179,8.11179,2.8350391e-05,2.8350391e-05,8.5757188e-05,8.5757188e-05,0.61785756,893.0027,32.86799,0.00173766177,-1.5385271e-05,0.0,2143.15493,891.802063,0.0333744212,-30.5833771,4.2755088e-05
1098.5,70.11054,2143.15961,-29.1735098,-29.1735098,-6.54744429,-6.54744429,-5.97973094,-5.97973094,0.0333773068,8.11179,8.11179,2.8352842e-05,2.8352842e-05,8.5764602e-05,8.5764602e-05,0.617901455,893.0027,32.86799,0.00173781198,1.9531102e-05,0.0,2143.15961,891.803986,0.0333773068,-30.5939132,4.2773516e-05
1099.0,70.11054,2143.1597,-29.1735128,-29.1735128,-6.54744527,-6.54744527,-5.97973192,-5.97973192,0.0333765153,8.11179,8.11179,2.835217e-05,2.835217e-05,8.5762568e-05,8.5762568e-05,0.617945362,893.0027,32.86799,0.00173777079,-4.540914e-06,0.0,2143.1597,891.804,0.0333765153,-30.5910231,4.2768461e-05
1099.5,70.11054,2143.1597,-29.1735129,-29.1735129,-6.5474453,-6.5474453,-5.97973196,-5.97973196,0.0333753176,8.11179,8.11179,2.8351152e-05,2.8351152e-05,8.5759489e-05,8.5759489e-05,0.617989254,893.0027,32.86799,0.00173770842,-2.0477986e-05,0.0,2143.1597,891.804,0.0333753176,-30.5866495,4.276081e-05
1100.0,70.11054,2143.1597,-29.173513,-29.173513,-6.5474453,-6.5474453,-5.979732,-5.979732,0.0333759194,8.11179,8.11179,2.8351663e-05,2.8351663e-05,8.5761036e-05,8.5761036e-05,0.618033161,893.0027,32.86799,0.00173773974,-1.6665777e-05,0.0,2143.1597,891.804,0.0333759194,-30.5888464,4.2764654e-05
1100.5,70.11054,2143.1597,-29.173513,-29.173513,-6.5474453,-6.5474453,-5.979732,-5.979732,0.0333759274,8.11179,8.11179,2.835167e-05,2.835167e-05,8.5761057e-05,8.5761057e-05,0.61807705,893.0027,32.86799,0.00173774015,1.473396e-05,0.0,2143.1597,891.804,0.0333759274,-30.5888749,4.2764704e-05
1101.0,70.11054,2143.1597,-29.173513,-29.173513,-6.5474453,-6.5474453,-5.979732,-5.979732,0.033375168,8.11179,8.11179,2.8351025e-05,2.8351025e-05,8.5759104e-05,8.5759104e-05,0.618120955,893.0027,32.86799,0.00173770061,3.779376e-06,0.0,2143.1597,891.804,0.033375168,-30.5861015,4.2759853e-05
1101.5,70.11054,2143.1597,-29.173513,-29.173513,-6.5474453,-6.5474453,-5.979732,-5.979732,0.0333758771,8.11179,8.11179,2.8351627e-05,2.8351627e-05,8.5760928e-05,8.5760928e-05,0.618164845,893.0027,32.86799,0.00173773754,1.3271764e-05,0.0,2143.1597,891.804,0.0333758771,-30.5886928,4.2764384e-05
1102.0,70.030911,2143.02402,-29.1588116,-29.1588116,-6.54373315,-6.54373315,-5.97627362,-5.97627362,0.0333678599,8.11179,8.11179,2.8344817e-05,2.8344817e-05,8.5740328e-05,8.5740328e-05,0.618208744,893.0027,32.86799,0.00173732013,-2.341298e-06,0.0,2143.02402,891.747558,0.0333678599,-30.5594139,4.2713219e-05
1102.5,67.072555,2137.44154,-27.9585764,-27.9585764,-6.2581152,-6.2581152,-5.71119838,-5.71119838,0.033078734,8.11179,8.11179,2.8099215e-05,2.8099215e-05,8.4997405e-05,8.4997405e-05,0.618251921,893.0027,32.86799,0.00172226657,-6.083241e-06,0.0,2137.44154,889.424524,0.033078734,-29.503526,4.0882593e-05
1103.0,62.6728169,2135.87425,-26.0797987,-26.0797987,-5.83322425,-5.83322425,-5.31852199,-5.31852199,0.0326315327,8.11179,8.11179,2.7719333e-05,2.7719333e-05,8.38483e-05,8.38483e-05,0.618292568,893.0027,32.86799,0.00169898277,-4.87157e-06,0.0,2135.87425,888.772102,0.0326315327,-27.8703481,3.8097488e-05
1103.5,58.2730811,2135.83877,-24.2477529,-24.2477529,-5.42336194,-5.42336194,-4.93894013,-4.93894013,0.0321939613,8.11179,8.11179,2.7347632e-05,2.7347632e-05,8.2723937e-05,8.2723937e-05,0.618330512,893.0027,32.86799,0.00167620028,-1.2471029e-05,0.0,2135.83877,888.757072,0.0321939613,-26.2723373,3.5431641e-05
1104.0,55.189176,2138.79439,-22.9029439,-22.9029439,-5.12964814,-5.12964814,-4.66251457,-4.66251457,0.031466357,5.6924357614,5.6924357614,1.8914563e-05,1.8914563e-05,5.7296386e-05,5.7296386e-05,0.618365934,893.0027,32.86799,0.0016383171,-4.9420984e-05,0.0,2138.79439,889.986502,0.031466357,-23.6151273,3.1165945e-05
1104.5,55.07816,2142.97879,-22.9116237,-22.9116237,-5.14164838,-5.14164838,-4.67415243,-4.67415243,0.0288886723,-9.35669876,-9.35669876,-2.7887151e-05,-2.7887151e-05,-9.219223e-06,-9.219223e-06,0.618400584,893.0027,32.86799,0.00150410821,-8.0558015e-05,0.0,2142.97879,891.726159,0.0288886723,-14.2014265,1.7289494e-05
1105.0,55.07816,2143.16715,-22.9182103,-22.9182103,-5.14357839,-5.14357839,-4.6759874,-4.6759874,0.0250575346,-26.2027976,-26.2027976,-6.7582824e-05,-6.7582824e-05,-2.2342972e-05,-2.2342972e-05,0.618435315,893.0027,32.86799,0.00130463741,-0.000608612757,0.0,2143.16715,891.802311,0.0250575346,-3.78611595,4.223613e-06
1105.5,55.07816,2143.24252,-22.9180639,-22.9180639,-5.14372645,-5.14372645,-4.67613291,-4.67613291,-0.0255963441,-43.0508238,-43.0508238,0.000116804087,0.000116804087,0.000353293593,0.000353293593,0.618470046,893.0027,32.86799,-0.001332690917,-0.001180455996,0.0,2143.24252,891.804104,-0.0255963441,6.53421268,7.462706e-06
1106.0,55.07816,2143.24823,-22.9184143,-22.9184143,-5.14381892,-5.14381892,-4.67622046,-4.67622046,-0.0297242647,-59.89398,-59.89398,0.000186852109,0.000186852109,0.000565153139,0.000565153139,0.618504774,893.0027,32.86799,-0.00154761388,-8.3601695e-05,0.0,2143.24823,891.804062,-0.0297242647,17.2530091,2.1586047e-05
1106.5,55.07816,3205.92044,12.5371593,11.7419063,7.21157704,6.79729484,7.95694657,7.52166997,-0.0353846088,-75.5502625,-74.3161275,0.000281018735,0.000276265043,0.000849948364,0.000835570731,0.61850887,1413.62794,32.86799,-0.00184232351,6.29432e-05,0.0,3205.92044,1333.98651,-0.0353846088,37.9245769,5.7727661e-05
1107.0,55.07816,5812.10953,-24.6941287,-24.6941287,-15.0159378,-15.0159378,-14.23388177,-14.23388177,-0.0328089328,-78.82375,-78.82375,0.000270818195,0.000270818195,0.000819104715,0.000819104715,0.618477589,2345.626,32.86799,-0.00170821919,7.7465172e-05,0.0,5812.10953,2418.44257,-0.0328089328,28.5182114,3.923183e-05
1107.5,55.07816,5636.18135,-23.1604006,-23.1604006,-13.6698901,-13.6698901,-12.9372101,-12.9372101,-0.0329435084,-78.82375,-78.82375,0.000271929035,0.000271929035,0.000822464135,0.000822464135,0.618573154,2345.626,32.86799,-0.00171522595,2.9544723e-05,0.0,5636.18135,2345.23742,-0.0329435084,29.0096799,4.0031533e-05
1108.0,55.07816,5629.67349,-22.9230863,-22.9230863,-13.5140309,-13.5140309,-12.7846324,-12.7846324,-0.0329676112,-78.82375,-78.82375,0.000272127992,0.000272127992,0.000823065822,0.000823065822,0.618662111,2345.626,32.86799,-0.00171648089,6.988766e-06,0.0,5629.67349,2342.52942,-0.0329676112,29.0977055,4.0182305e-05
1108.5,55.07816,5629.55083,-22.9185139,-22.9185139,-13.5110407,-13.5110407,-12.78170705,-12.78170705,-0.0329660308,-78.82375,-78.82375,0.00027211495,0.00027211495,0.000823026377,0.000823026377,0.618750821,2345.626,32.86799,-0.0017163986,-3.4248766e-05,0.0,5629.55083,2342.47834,-0.0329660308,29.0919342,4.0172409e-05
1109.0,55.07816,5629.5483,-22.918429,-22.918429,-13.5109855,-13.5109855,-12.7816527,-12.7816527,-0.0329662776,-78.82375,-78.82375,0.000272116982,0.000272116982,0.000823032529,0.000823032529,0.61883952,2345.626,32.86799,-0.00171641145,4.420913e-06,0.0,5629.5483,2342.47736,-0.0329662776,29.0928345,4.0173954e-05
1109.5,55.07816,5629.54827,-22.9184311,-22.9184311,-13.5109859,-13.5109859,-12.7816537,-12.7816537,-0.0329227976,-78.554591,-78.554591,0.000270841484,0.000270841484,0.000819174855,0.000819174855,0.618928226,2345.626,32.86799,-0.00171414764,2.1498123e-05,0.0,5629.54827,2342.47732,-0.0329227976,28.934045,3.9904753e-05
1110.0,54.6459398,5628.52053,-22.7695981,-22.7695981,-13.4208172,-13.4208172,-12.69338175,-12.69338175,-0.025456892677,-49.0164269,-49.0164269,0.000139924684,0.000139924684,0.000423588076,0.000423588076,0.619016845,2345.626,32.86799,-0.001325430279,0.001705059947,0.0,5628.52053,2342.05405,-0.025456892677,10.960617577,1.3641059e-05
1110.5,52.393512,5625.580629999999,-21.8090542,-21.8090542,-12.8479256,-12.8479256,-12.1331857,-12.1331857,0.0302482062,0.25234526,0.25234526,4.281844e-06,4.281844e-06,5.9811396e-05,5.9811396e-05,0.619103368,2345.626,32.86799,0.00157489323,0.000222788231,0.0,5625.580629999999,2340.86335,0.0302482062,-19.1664417,2.5129066e-05
1111.0,49.9381615,5625.365510000001,-20.7798053,-20.7798053,-12.2411116,-12.2411116,-11.5414421,-11.5414421,0.0384305949,49.5328044,49.5328044,0.000202826229,0.000202826229,0.000613454828,0.000613454828,0.619186122,2345.626,32.86799,0.0020009148,0.000202288041,0.0,5625.365510000001,2340.77849,0.0384305949,-49.0485117,7.9802808e-05
1111.5,47.4828105,7129.46961,10.62188755,10.62188755,8.30953415,8.30953415,9.17591391,9.17591391,0.0438271896,98.8133579,98.8133579,0.000456506624,0.000456506624,0.00138067699,0.00138067699,0.619195389,3021.74769,32.86799,0.00228189219,0.000172557212,0.0,7129.46961,2966.65053,0.0438271896,-68.7568724,0.000126889895
1112.0,45.0274589,10465.3333,6.25355835,6.25355835,6.2158783,6.2158783,7.9006186,7.9006186,0.0524944781,148.0916655,148.0916655,0.000818694715,0.000818694715,0.00247606496,0.00247606496,0.619082648,4344.95487,32.86799,0.00273316036,0.000362305862,0.0,10465.3333,4354.73311,0.0524944781,-100.4097965,0.000222340215
1112.5,42.5721076,11391.212300000003,-19.6802247,-19.6802247,-23.4862378,-23.4862378,-21.6817566,-21.6817566,0.0631637241,197.365241,197.365241,0.00130877731,0.00130877731,0.00395826602,0.00395826602,0.619133824,4717.7324,32.86799,0.00328866186,0.000229980957,0.0,11391.212300000003,4740.0044,0.0631637241,-139.373869,0.000369516467
1113.0,40.116757,11320.1934,-16.7599514,-16.7599514,-19.8681136,-19.8681136,-18.131015,-18.131015,0.0711719912,246.650243,246.650243,0.00184179237,0.00184179237,0.0055703939,0.0055703939,0.619262551,4717.7324,32.86799,0.00370561768,0.000254068181,0.0,11320.1934,4710.45766,0.0711719912,-168.620053,0.000503539766
1113.5,37.6614061,11318.3935,-15.672522,-15.672522,-18.5760051,-18.5760051,-16.8248146,-16.8248146,0.0793489798,295.921196,295.921196,0.00246241092,0.00246241092,0.00744755642,0.00744755642,0.619379619,4717.7324,32.86799,0.00413135806,0.000190900345,0.0,11318.3935,4709.7134,0.0793489798,-198.482405,0.000660552346
1114.0,35.2520462,11318.4342,-14.6580449,-14.6580449,-17.3736446,-17.3736446,-15.62513175,-15.62513175,0.0829226104,318.15353,318.15353,0.00276272939,0.00276272939,0.008355946,0.008355946,0.619489321,4717.7324,32.86799,0.00431742168,-5.945442e-06,0.0,11318.4342,4709.732480000001,0.0829226104,-211.533301,0.000734751906
1114.5,34.453873,11321.5553,-14.3092472,-14.3092472,-16.9649092,-16.9649092,-15.2198132,-15.2198132,0.0828414611,318.15353,318.15353,0.00276002573,0.00276002573,0.0083477698,0.0083477698,0.6195936,4717.7324,32.86799,0.00431319649,-7.572899e-06,0.0,11321.5553,4711.03102,0.0828414611,-211.236943,0.000733003833
1115.0,34.453873,11322.42145,-14.3357709,-14.3357709,-16.9976544,-16.9976544,-15.2520167,-15.2520167,0.0828440755,318.15353,318.15353,0.00276011279,0.00276011279,0.00834803305,0.00834803305,0.619697425,4717.7324,32.86799,0.00431333268,3.269564e-05,0.0,11322.42145,4711.39158,0.0828440755,-211.246483,0.000733060048
1115.5,34.453873,11322.4408,-14.3364972,-14.3364972,-16.9985447,-16.9985447,-15.2528932,-15.2528932,0.0828431234,318.15353,318.15353,0.00276008104,0.00276008104,0.0083479372,0.0083479372,0.619801286,4717.7324,32.86799,0.00431328306,2.870129e-06,0.0,11322.4408,4711.39988,0.0828431234,-211.243008,0.00073303958
1116.0,34.453873,11322.441,-14.3365111,-14.3365111,-16.998562,-16.998562,-15.25291,-15.25291,0.0828437384,318.15353,318.15353,0.00276010166,0.00276010166,0.00834799935,0.00834799935,0.619905162,4717.7324,32.86799,0.00431331511,1.512035e-06,0.0,11322.441,4711.4,0.0828437384,-211.24526,0.000733052824
1116.5,34.453873,11322.441,-14.3365115,-14.3365115,-16.998562,-16.998562,-15.2529105,-15.2529105,0.0828451474,318.15353,318.15353,0.00276014848,0.00276014848,0.00834814105,0.00834814105,0.620009036,4717.7324,32.86799,0.0043133883,-9.635204e-06,0.0,11322.441,4711.4,0.0828451474,-211.250396,0.000733083097
1117.0,34.453873,11322.441,-14.3365114,-14.3365114,-16.998562,-16.998562,-15.2529104,-15.2529104,0.0828430506,318.15353,318.15353,0.00276007863,0.00276007863,0.0083479298,0.0083479298,0.620112895,4717.7324,32.86799,0.00431327924,-1.552618e-06,0.0,11322.441,4711.4,0.0828430506,-211.242749,0.000733038026
1117.5,34.453873,11322.441,-14.3365115,-14.3365115,-16.998562,-16.998562,-15.2529105,-15.2529105,0.0828433501,318.15353,318.15353,0.00276008861,0.00276008861,0.0083479599,0.0083479599,0.620216769,4717.7324,32.86799,0.00431329489,1.995926e-06,0.0,11322.441,4711.4,0.0828433501,-211.243837,0.000733044441
1118.0,34.453873,11322.4422,-14.3364956,-14.3364956,-16.9985449,-16.9985449,-15.2528934,-15.2528934,0.082088722,313.720324,313.720324,0.00269709928,0.00269709928,0.00815743125,0.00815743125,0.620320633,4717.7324,32.86799,0.00427400475,-6.582958e-05,0.0,11322.4422,4711.4,0.082088722,-208.487942,0.000716956088
1118.5,34.453873,11322.446,-14.3364901,-14.3364901,-16.998544,-16.998544,-15.2528916,-15.2528916,0.0795551816,298.901347,298.901347,0.00249048993,0.00249048993,0.0075324905,0.0075324905,0.620424497,4717.7324,32.86799,0.00414209418,-7.4212611e-05,0.0,11322.446,4711.4,0.0795551816,-199.235454,0.000664017966
1119.0,33.3622754,11320.1337,-14.0636624,-14.0636624,-16.671939,-16.671939,-14.9337769,-14.9337769,0.076858881,283.670787,283.670787,0.00228356735,0.00228356735,0.00690661199,0.00690661199,0.620528217,4717.7324,32.86799,0.00400170947,-8.097246e-05,0.0,11320.1337,4710.4362,0.076858881,-189.388565,0.000609848673
1119.5,14.0657197,11286.2402,-6.0706748,-6.0706748,-7.17688528,-7.17688528,-5.797032375,-5.797032375,0.0723322409,268.437948,268.437948,0.00203400305,0.00203400305,0.00615179724,0.00615179724,0.620606406,4717.7324,32.86799,0.00376602687,-0.000173869881,0.0,11286.2402,4696.33009,0.0723322409,-172.85728,0.000524076957
1120.0,-11.70273437,11279.7167,4.866071448,4.866071448,5.7478061984,5.7478061984,7.3417507555,7.3417507555,0.0671346285,253.203104,253.203104,0.00178078135,0.00178078135,0.00538593611,0.00538593611,0.620599568,4717.7324,32.86799,0.00349540966,-0.00016164336,0.0,11279.7167,4693.61256,0.0671346285,-153.875611,0.000433057592
1120.5,-37.1880653,11273.581450000001,16.3155417,15.023073,19.2569861,17.7342043,21.2842315,19.6231858,0.0598737995,237.969916,225.291785,0.00149405551,0.00142633187,0.0045187405,0.00431391266,0.620457883,4717.7324,32.86799,0.00311736972,-0.000559392898,0.0,11273.581450000001,4691.055539999999,0.0598737995,-127.3590739,0.000323226678
1121.0,-46.362953,11140.9991,55.225048,17.6454789,64.3340905,20.5862299,70.1320357,22.443317,0.0343325925,222.732001,80.6934221,0.000803047165,0.000305680976,0.00242885398,0.000924540633,0.62018691,4717.7324,32.86799,0.00178754955,-0.000464295207,0.0,11140.9991,4635.87209,0.0343325925,-34.0826166,5.2914877e-05
1121.5,-46.362953,10979.302,137.5101496,17.9162503,157.9741654,20.5988866,172.079305,22.4390978,0.01886686934,212.800329,28.1937342,0.000420612845,6.3119215e-05,0.00127224617,0.000190918921,0.619901652,4717.7324,32.86799,0.000982316256,-0.001304306551,0.0,10979.302,4568.57958,0.01886686934,-2.556880646,2.860282e-06
1122.0,-46.362953,10836.889299999997,158.82835365,15.52574735,180.6163008,17.6524497,196.87859145,19.46407625,0.011666863831,212.60268,46.84301924,0.000259747563,0.000164125905,0.000785624395,0.000496396942,0.619617507,4448.82371,32.86799,0.000607443151,0.000804300546,0.0,10836.889299999997,4509.31656,0.011666863831,-15.400399,3.4978509e-05
1122.5,-46.362953,7872.30791,-26.1553132,-26.1553132,-22.6160956,-22.6160956,-21.462206,-21.462206,0.0608999043,212.60268,212.60268,0.00135585723,0.00135585723,0.0041007151,0.0041007151,0.619587555,3079.77856,32.86799,0.00317079455,4.548654e-06,0.0,7872.30791,3275.76101,0.0608999043,-131.106406,0.000334521597
1123.0,-46.362953,3834.63455,-14.44823295,-14.44823295,-5.84788707,-5.84788707,-5.36521381,-5.36521381,0.0598222085,212.60268,212.60268,0.00133186376,0.00133186376,0.00402815894,0.00402815894,0.619664239,1592.56273,32.86799,0.00311468361,5.712549e-06,0.0,3834.63455,1595.654683,0.0598222085,-127.1706609,0.000318667938
1123.5,-46.362953,534.699338,-0.3383273,-0.3383273,-0.94095383,-0.94095383,-0.7403728108,-0.7403728108,0.0585343656,212.60268,212.60268,0.00130319156,0.00130319156,0.00394145367,0.00394145367,0.619685025,259.5846215,32.86799,0.00304763116,-0.000169555502,0.0,534.699338,222.5265188,0.0585343656,-122.4674605,0.000300632859
1124.0,-46.362953,58.6526413,20.6499551,20.6499551,0.122022818,0.122022818,0.3046065627,0.3046065627,0.0565939812,212.60268,212.60268,0.00125999149,0.00125999149,0.00381081536,0.00381081536,0.619685374,42.018375,32.86799,0.00294660383,1.9131905e-05,0.0,58.6526413,24.43884134,0.0565939812,-115.381182,0.000273524797
1124.5,-46.362953,99.8543695,19.3256593,19.3256593,0.202079781,0.202079781,0.462189248,0.462189248,0.0567153295,212.60268,212.60268,0.0012626931,0.0012626931,0.00381898518,0.00381898518,0.619682025,42.018375,32.86799,0.00295292183,-1.442235e-05,0.0,99.8543695,41.5832549,0.0567153295,-115.8243404,0.000275162281
1125.0,-46.362953,100.7478555,19.2925948,19.2925948,0.203542482,0.203542482,0.464737798,0.464737798,0.0567193309,212.60268,212.60268,0.00126278222,0.00126278222,0.00381925466,0.00381925466,0.61967836,42.018375,32.86799,0.0029531302,3.212437e-05,0.0,100.7478555,41.9550447,0.0567193309,-115.8389551,0.000275216426
1125.5,-46.362953,100.764385,19.2919783,19.2919783,0.203569377,0.203569377,0.464784413,0.464784413,0.0567194192,212.60268,212.60268,0.00126278416,0.00126278416,0.0038192605,0.0038192605,0.619674713,42.018375,32.86799,0.00295313474,3.723569e-06,0.0,100.764385,41.9619229,0.0567194192,-115.839275,0.000275217605
1126.0,-46.362953,100.7646896,19.291967,19.291967,0.203569873,0.203569873,0.464785271,0.464785271,0.0567191126,212.60268,212.60268,0.00126277733,0.00126277733,0.00381923994,0.00381923994,0.61967104,42.018375,32.86799,0.00295311883,3.5295541e-05,0.0,100.7646896,41.962048,0.0567191126,-115.8381586,0.000275213479
1126.5,-46.362953,100.7647096,19.2919683,19.2919683,0.203569921,0.203569921,0.464785368,0.464785368,0.0566995298,212.485202,212.485202,0.00126164595,0.00126164595,0.00381581804,0.00381581804,0.619667381,42.018375,32.86799,0.0029520992,-4.9733334e-05,0.0,100.7647096,41.9620448,0.0566995298,-115.7666403,0.000274949105
1127.0,-40.6681535,114.2725529,17.4500019,17.4500019,0.203647574,0.203647574,0.45837655,0.45837655,0.0554543193,202.161123,202.161123,0.00117409146,0.00117409146,0.00355100208,0.00355100208,0.619663712,42.018375,32.86799,0.00288726647,-1.3500321e-05,0.0,114.2725529,47.5820323,0.0554543193,-111.2191321,0.000258370805
1127.5,0.08829603,172.769791,0.16421026,0.16421026,-0.0001871467,-0.0001871467,0.09396389805,0.09396389805,0.0566745797,185.313083,185.313083,0.00109955574,0.00109955574,0.00332552828,0.00332552828,0.619661222,42.018375,32.86799,0.00295080022,7.1399889e-05,0.0,172.769791,71.9238766,0.0566745797,-115.6755222,0.000274654077
1128.0,46.8371637,178.458158,-19.4836357,-19.4836357,-0.364172954,-0.364172954,-0.183640867,-0.183640867,0.0584751305,168.468884,168.468884,0.0010313588,0.0010313588,0.00311922487,0.00311922487,0.619661751,42.018375,32.86799,0.00304454702,4.5189017e-05,0.0,178.458158,74.2919004,0.0584751305,-122.2511305,0.000299482442
1128.5,93.5860319,178.568546,-38.940282,-38.940282,-0.728169373,-0.728169373,-0.370664441,-0.370664441,0.0602637256,151.62229,151.62229,0.000956598041,0.000956598041,0.00289307575,0.00289307575,0.619663878,42.018375,32.86799,0.0031376715,4.3228008e-05,0.0,178.568546,74.338878,0.0602637256,-128.7830776,0.00032513021
1129.0,126.1867015,146.8547465,-53.1653736,-53.1653736,-0.815827368,-0.815827368,-0.387227484,-0.387227484,0.060750626,135.049501,135.049501,0.000859425648,0.000859425648,0.00259916555,0.00259916555,0.619667081,42.018375,32.86799,0.00316302231,-4.711841e-05,0.0,146.8547465,61.1428155,0.060750626,-130.5612415,0.000332298963
1129.5,127.32454,102.7143464,-53.0515302,-53.0515302,-0.57064846,-0.57064846,-0.24801116,-0.24801116,0.059843631,129.40862,129.40862,0.0008109793,0.0008109793,0.00245264931,0.00245264931,0.619669368,42.018375,32.86799,0.00311579896,2.37602e-06,0.0,102.7143464,42.7751409,0.059843631,-127.2488919,0.000318977887
1130.0,127.32454,100.797468,-52.9820632,-52.9820632,-0.559251437,-0.559251437,-0.242179029,-0.242179029,0.0598355302,129.40862,129.40862,0.00081086953,0.00081086953,0.00245231731,0.00245231731,0.619671229,42.018375,32.86799,0.0031153772,2.2875948e-05,0.0,100.797468,41.9775082,0.0598355302,-127.2193095,0.000318860555
1130.5,127.32454,100.7610126,-52.9807063,-52.9807063,-0.559034852,-0.559034852,-0.242068863,-0.242068863,0.0598363379,129.40862,129.40862,0.000810880449,0.000810880449,0.00245235044,0.00245235044,0.619673088,42.018375,32.86799,0.00311541926,-2.0351587e-05,0.0,100.7610126,41.9623394,0.0598363379,-127.2222588,0.000318872242
1131.0,127.32454,100.7603441,-52.980682,-52.980682,-0.55903088,-0.55903088,-0.242066842,-0.242066842,0.0598354202,129.40862,129.40862,0.000810868033,0.000810868033,0.00245231292,0.00245231292,0.61967495,42.018375,32.86799,0.00311537154,1.9480472e-05,0.0,100.7603441,41.9620615,0.0598354202,-127.2189108,0.00031885897
1131.5,127.32454,100.76033,-52.9806814,-52.9806814,-0.559030818,-0.559030818,-0.2420668,-0.2420668,0.059835192,129.40862,129.40862,0.000810864929,0.000810864929,0.00245230347,0.00245230347,0.619676816,42.018375,32.86799,0.00311535966,-2.6720176e-05,0.0,100.76033,41.9620545,0.059835192,-127.2180775,0.000318855652
1132.0,124.6809205,94.475118,-52.1094142,-52.1094142,-0.516592836,-0.516592836,-0.221577286,-0.221577286,0.0595921085,129.40862,129.40862,0.000807570741,0.000807570741,0.00244234287,0.00244234287,0.619678644,42.018375,32.86799,0.00310270333,-3.6181423e-05,0.0,94.475118,39.3465898,0.0595921085,-126.330336,0.000315359425
1132.5,107.0758601,69.8447167,-44.6349446,-44.6349446,-0.326995335,-0.326995335,-0.1343131976,-0.1343131976,0.0578236231,129.40862,129.40862,0.000783604873,0.000783604873,0.0023698764,0.0023698764,0.619679975,42.018375,32.86799,0.00301062588,-4.5331863e-05,0.0,69.8447167,29.0966652,0.0578236231,-119.871828,0.000290393615
1133.0,87.1272692,67.6087235,-36.2559874,-36.2559874,-0.256701754,-0.256701754,-0.1055442163,-0.1055442163,0.0558235363,129.40862,129.40862,0.000756500438,0.000756500438,0.00228791891,0.00228791891,0.61968088,42.018375,32.86799,0.0029064901,-8.372326e-05,0.0,67.6087235,28.165084,0.0558235363,-112.5675167,0.000263270224
1133.5,67.1786794,67.5674278,-27.9539013,-27.9539013,-0.197791327,-0.197791327,-0.0814896056,-0.0814896056,0.0538331691,129.40862,129.40862,0.000729527673,0.000729527673,0.00220635846,0.00220635846,0.619681596,42.018375,32.86799,0.00280286021,-3.72763e-07,0.0,67.5674278,28.1467383,0.0538331691,-105.298694,0.000237494363
1134.0,47.2300899,67.567647,-19.6526257,-19.6526257,-0.1390552124,-0.1390552124,-0.0568840268,-0.0568840268,0.0518391718,129.40862,129.40862,0.000702505752,0.000702505752,0.00212464823,0.00212464823,0.619682113,42.018375,32.86799,0.00269904147,-7.5798845e-05,0.0,67.567647,28.145665,0.0518391718,-98.0166224,0.000212886759
1134.5,27.2814999,67.571364,-11.35107623,-11.35107623,-0.0803201167,-0.0803201167,-0.0317482327,-0.0317482327,0.0498476315,129.40862,129.40862,0.000675517119,0.000675517119,0.00204303761,0.00204303761,0.619682451,42.018375,32.86799,0.00259535053,-6.4803399e-05,0.0,67.571364,28.1460488,0.0498476315,-90.7435166,0.000189523542
1135.0,12.2732865,78.9261126,-4.8352441,-4.8352441,-0.0394489474,-0.0394489474,-0.0142025886,-0.0142025886,0.0483203121,129.40862,129.40862,0.000654819435,0.000654819435,0.00198044949,0.00198044949,0.61968258,42.018375,32.86799,0.0025158296,-3.5364962e-05,0.0,78.9261126,32.8699524,0.0483203121,-85.165749,0.000172383284
1135.5,11.398302,99.6640664,-4.70286836,-4.70286836,-0.049087478,-0.049087478,-0.0177420404,-0.0177420404,0.0482539811,129.40862,129.40862,0.000653920536,0.000653920536,0.00197773131,0.00197773131,0.619682685,42.018375,32.86799,0.00251237603,1.7429842e-05,0.0,99.6640664,41.499128,0.0482539811,-84.9235086,0.00017165233
1136.0,11.398302,100.7552198,-4.74212404,-4.74212404,-0.0500344467,-0.0500344467,-0.0181088722,-0.0181088722,0.0482573184,129.40862,129.40862,0.000653965774,0.000653965774,0.00197786806,0.00197786806,0.61968283,42.018375,32.86799,0.00251254977,8.111743e-06,0.0,100.7552198,41.9531677,0.0482573184,-84.9356977,0.000171688832
1136.5,11.398302,147.7111881,-0.86296175,-0.86296175,0.0473858349,0.0473858349,0.1324128422,0.1324128422,0.0479033034,129.40862,129.40862,0.000649168282,0.000649168282,0.00196336063,0.00196336063,0.619682838,74.1029239,32.86799,0.0024941178,-8.7954941e-05,0.0,147.7111881,61.4916869,0.0479033034,-83.6428343,0.000167888119
1137.0,11.398302,1450.525968,12.40953255,12.40953255,1.84690781,1.84690781,2.19896414,2.19896414,0.0466794506,129.40862,129.40862,0.000632583075,0.000632583075,0.00191320774,0.00191320774,0.619674505,618.787049,32.86799,0.00243039706,-1.2417963e-05,0.0,1450.525968,603.601826,0.0466794506,-79.1733256,0.000154808544
1137.5,11.398302,2586.43465,-2.92548627,-2.92548627,-0.81761771,-0.81761771,-0.48392194,-0.48392194,0.0480900508,129.40862,129.40862,0.000651699007,0.000651699007,0.00197101348,0.00197101348,0.619663341,1052.51395,32.86799,0.00250384097,5.4373802e-05,0.0,2586.43465,1076.262635,0.0480900508,-84.3248373,0.000169909017
1138.0,11.398302,2539.64342,-4.88813148,-4.88813148,-1.30006304,-1.30006304,-1.003768545,-1.003768545,0.0509064626,144.86816,144.86816,0.000775723518,0.000775723518,0.00234611132,0.00234611132,0.61967162,1056.5347,32.86799,0.00265047927,0.000213303419,0.0,2539.64342,1056.7941,0.0509064626,-94.6103679,0.000202598678
1138.5,11.398302,2535.67604,-4.74587211,-4.74587211,-1.26019693,-1.26019693,-0.969124103,-0.969124103,0.0603152104,199.99733,199.99733,0.0012680338,0.0012680338,0.00383507699,0.00383507699,0.619679111,1056.5347,32.86799,0.00314035208,0.000285146624,0.0,2535.67604,1055.14875,0.0603152104,-128.9710994,0.000327045583
1139.0,11.398302,2535.58648,-4.743049,-4.743049,-1.25940274,-1.25940274,-0.968438336,-0.968438336,0.0700734723,257.044058,257.044058,0.00189101929,0.00189101929,0.00571933238,0.00571933238,0.61968654,1056.5347,32.86799,0.00364842263,0.000288015043,0.0,2535.58648,1055.11715,0.0700734723,-164.608262,0.000484365813
1139.5,11.398302,2535.57425,-4.74294498,-4.74294498,-1.25936916,-1.25936916,-0.968409244,-0.968409244,0.0775804848,300.872869,300.872869,0.0024448238,0.0024448238,0.00739440747,0.00739440747,0.619693959,1056.5347,32.86799,0.00403928006,8.3873847e-05,0.0,2535.57425,1055.11647,0.0775804848,-192.023853,0.000624134924
1140.0,11.6034495,2535.65988,-4.75001391,-4.75001391,-1.26128928,-1.26128928,-0.970068937,-0.970068937,0.0780936579,303.76663,303.76663,0.00248418793,0.00248418793,0.00751347253,0.00751347253,0.619701345,1056.5347,32.86799,0.00406599881,3.5582122e-05,0.0,2535.65988,1055.15246,0.0780936579,-193.897965,0.000634275266
1140.5,70.4141336,3273.74813,-3.53002276,-3.53002276,-0.36990965,-0.36990965,0.08849563,0.08849563,0.0815883114,303.76663,303.76663,0.00259535414,0.00259535414,0.00784965205,0.00784965205,0.619710963,1374.35316,32.86799,0.00424795041,0.00036905415,0.0,3273.74813,1362.27841,0.0815883114,-206.660439,0.000706555316
1141.0,163.9613314,7989.805990000001,-22.455068345,-22.455068345,-20.82336759,-20.82336759,-19.68590107,-19.68590107,0.0890957146,303.76663,303.76663,0.00283416748,0.00283416748,0.0085718379,0.0085718379,0.619740019,3276.64952,32.86799,0.00463882844,0.000377732978,0.0,7989.805990000001,3324.66931,0.0890957146,-234.077473,0.000874444198
1141.5,180.278297,10070.0017,-78.3088826,-78.3088826,-82.585175,-82.585175,-79.358752,-79.358752,0.095248086,303.76663,303.76663,0.00302987665,0.00302987665,0.009163662,0.009163662,0.62002504,4120.9937,32.86799,0.00495915583,5.0450285e-05,0.0,10070.0017,4190.25776,0.095248086,-256.545929,0.00102356008
1142.0,185.654625,9905.8288,-77.3885106,-77.3885106,-80.277641,-80.277641,-77.1260304,-77.1260304,0.0954946017,303.76663,303.76663,0.0030377184,0.0030377184,0.0091873752,0.0091873752,0.620417994,4120.9937,32.86799,0.00497199072,5.7448988e-05,0.0,9905.8288,4121.94429,0.0954946017,-257.446189,0.00102980827
1142.5,192.913468,9902.3924,-80.2748934,-80.2748934,-83.2431414,-83.2431414,-80.0153903,-80.0153903,0.0962067011,303.76663,303.76663,0.00306037052,0.00306037052,0.0092558743,0.0092558743,0.620814517,4120.9937,32.86799,0.00500906673,6.277484e-06,0.0,9902.3924,4120.51474,0.0962067011,-260.046777,0.00104796836
1143.0,200.172301,9902.3325,-83.2936835,-83.2936835,-86.3730385,-86.3730385,-83.0665075,-83.0665075,0.096933387,303.76663,303.76663,0.00308348667,0.00308348667,0.00932577655,0.00932577655,0.621222229,4120.9937,32.86799,0.00504690207,2.1362077e-05,0.0,9902.3325,4120.4901,0.096933387,-262.700631,0.00106665951
1143.5,207.431138,9902.3298,-86.3136635,-86.3136635,-89.5046445,-89.5046445,-86.122167,-86.122167,0.0976586444,303.76663,303.76663,0.00310655737,0.00310655737,0.00939554105,0.00939554105,0.621641106,4120.9937,32.86799,0.00508466319,-4.356941e-06,0.0,9902.3298,4120.48964,0.0976586444,-265.349271,0.001085475
1144.0,214.689975,9902.3291,-89.3343669,-89.3343669,-92.637016,-92.637016,-89.180302,-89.180302,0.0983812116,303.76663,303.76663,0.00312954247,0.00312954247,0.0094650466,0.0094650466,0.622071005,4120.9937,32.86799,0.00512228402,1.9485278e-05,0.0,9902.3291,4120.4897,0.0983812116,-267.988084,0.00110438087
1144.5,221.886241,9902.237799999997,-92.345137,-92.345137,-95.7581957,-95.7581957,-92.2299206,-92.2299206,0.0991023416,303.76663,303.76663,0.00315248196,0.00315248196,0.009534414,0.009534414,0.622511774,4120.9937,32.86799,0.00515983025,-2.7315037e-05,0.0,9902.237799999997,4120.45208,0.0991023416,-270.62166,0.00112340796
1145.0,224.58955,9893.399099999999,-93.545584,-93.545584,-96.916457,-96.916457,-93.3621524,-93.3621524,0.0993792665,303.76663,303.76663,0.00316129092,0.00316129092,0.0095610518,0.0095610518,0.622960902,4120.9937,32.86799,0.00517424838,-1.0798097e-05,0.0,9893.399099999999,4116.77447,0.0993792665,-271.632974,0.00113075071
1145.5,224.58955,9890.320300000001,-93.4561112,-93.4561112,-96.7936112,-96.7936112,-93.2419916,-93.2419916,0.0993701091,303.76663,303.76663,0.00316099975,0.00316099975,0.00956017105,0.00956017105,0.623410735,4120.9937,32.86799,0.00517377165,1.50193e-06,0.0,9890.320300000001,4115.49332,0.0993701091,-271.59954,0.00113050739
1146.0,224.58955,9890.247800000003,-93.4534143,-93.4534143,-96.7901071,-96.7901071,-93.2385635,-93.2385635,0.0990547914,301.908532,301.908532,0.00313181052,0.00313181052,0.0094718813,0.0094718813,0.623860422,4120.9937,32.86799,0.00515735432,-6.7917827e-05,0.0,9890.247800000003,4115.46304,0.0990547914,-270.447999,0.00112217085
1146.5,224.58955,9890.250100000001,-93.45335,-93.45335,-96.7900614,-96.7900614,-93.238519,-93.238519,0.0965166214,287.056791,287.056791,0.00290178342,0.00290178342,0.00877611105,0.00877611105,0.624310095,4120.9937,32.86799,0.00502520286,-0.000107931087,0.0,9890.250100000001,4115.4624,0.0965166214,-261.178608,0.00105602442
1147.0,224.58955,9890.2543,-93.45335,-93.45335,-96.7901005,-96.7901005,-93.2385592,-93.2385592,0.0935547809,269.73468,269.73468,0.00264304253,0.00264304253,0.00799350318,0.00799350318,0.62475978,4120.9937,32.86799,0.00487099276,-9.5209913e-05,0.0,9890.2543,4115.4624,0.0935547809,-250.361977,0.000981232363
1147.5,224.58955,9890.2585,-93.45335,-93.45335,-96.7901412,-96.7901412,-93.2385998,-93.2385998,0.0905929254,252.408963,252.408963,0.00239501445,0.00239501445,0.00724331159,0.00724331159,0.625209462,4120.9937,32.86799,0.00471678174,-0.000109620146,0.0,9890.2585,4115.4624,0.0905929254,-239.545277,0.000909124992
1148.0,224.58955,9890.2628,-93.453351,-93.453351,-96.7901838,-96.7901838,-93.2386405,-93.2386405,0.0876434055,235.178174,235.178174,0.00215888539,0.00215888539,0.00652912455,0.00652912455,0.62565914,4120.9937,32.86799,0.00456321295,-4.8526178e-05,0.0,9890.2628,4115.4624,0.0876434055,-228.773636,0.000839978962
1148.5,224.58955,9890.265,-93.453379,-93.453379,-96.790224,-96.790224,-93.2386824,-93.2386824,0.0864426975,228.18048,228.18048,0.00206554858,0.00206554858,0.0062468244,0.0062468244,0.62610881,4120.9937,32.86799,0.00450069735,-9.624278e-06,0.0,9890.265,4115.4624,0.0864426975,-224.388648,0.00081248958
1149.0,224.58955,9890.264,-93.45338,-93.45338,-96.79022,-96.79022,-93.23868,-93.23868,0.0864431165,228.18048,228.18048,0.00206555865,0.00206555865,0.00624685473,0.00624685473,0.626558467,4120.9937,32.86799,0.00450071914,1.4105664e-05,0.0,9890.264,4115.4624,0.0864431165,-224.390185,0.000812499092
1149.5,224.58955,9890.264,-93.453379,-93.453379,-96.79022,-96.79022,-93.23868,-93.23868,0.086441911,228.18048,228.18048,0.00206552982,0.00206552982,0.00624676773,0.00624676773,0.627008124,4120.9937,32.86799,0.00450065641,-6.842971e-06,0.0,9890.264,4115.4624,0.086441911,-224.385783,0.000812471827
1150.0,224.58955,9890.264,-93.453379,-93.453379,-96.79022,-96.79022,-93.23868,-93.23868,0.0864437001,228.18048,228.18048,0.00206557254,0.00206557254,0.00624689687,0.00624689687,0.627457773,4120.9937,32.86799,0.00450074944,2.929294e-06,0.0,9890.264,4115.4624,0.0864437001,-224.392306,0.000812512263
1150.5,224.58955,9890.264,-93.45338,-93.45338,-96.79022,-96.79022,-93.23868,-93.23868,0.0864439113,228.18048,228.18048,0.00206557763,0.00206557763,0.00624691209,0.00624691209,0.62790742,4120.9937,32.86799,0.00450076056,-4.1449191e-05,0.0,9890.264,4115.4624,0.0864439113,-224.393085,0.000812517059
1151.0,224.425113,9890.1106,-93.4386726,-93.4386726,-96.773492,-96.773492,-93.222321,-93.222321,0.08664222,229.415808,229.415808,0.0020815583,0.0020815583,0.00629524626,0.00629524626,0.628357055,4120.9937,32.86799,0.00451108561,1.6332806e-05,0.0,9890.1106,4115.39863,0.08664222,-225.117307,0.000817017199
1151.5,204.392159,9850.561,-85.507128,-85.507128,-88.2109104,-88.2109104,-84.8643944,-84.8643944,0.0858921205,236.476482,236.476482,0.00212686737,0.00212686737,0.00643232415,0.00643232415,0.628796428,4120.9937,32.86799,0.00447203117,-5.8669501e-05,0.0,9850.561,4098.94136,0.0858921205,-222.377942,0.00080013843
1152.0,170.659386,9834.5224,-71.0270465,-71.0270465,-73.1486921,-73.1486921,-70.2011336,-70.2011336,0.0838137509,244.272758,244.272758,0.00214383362,0.00214383362,0.00648370736,0.00648370736,0.629188429,4120.9937,32.86799,0.00436381948,-4.8698686e-05,0.0,9834.5224,4092.26636,0.0838137509,-214.787747,0.0007541256
1152.5,136.926629,9834.1322,-56.9773525,-56.9773525,-58.6768683,-58.6768683,-56.1601498,-56.1601498,0.0817770164,252.069794,252.069794,0.00215850526,0.00215850526,0.00652814813,0.00652814813,0.629524785,4120.9937,32.86799,0.0042577754,-5.5545421e-05,0.0,9834.1322,4092.10268,0.0817770164,-207.349586,0.000710321506
1153.0,103.1938629,9834.1258,-42.9384587,-42.9384587,-44.219195,-44.219195,-42.1528499,-42.1528499,0.0797408256,259.868532,259.868532,0.00216987933,0.00216987933,0.00656261462,0.00656261462,0.629801655,4120.9937,32.86799,0.00415175977,-8.6546832e-05,0.0,9834.1258,4092.09886,0.0797408256,-199.913417,0.000667798259
1153.5,69.4611005,9834.1308,-28.9041186,-28.9041186,-29.7662645,-29.7662645,-28.0672332,-28.0672332,0.0777085051,267.66527,267.66527,0.00217801998,0.00217801998,0.00658730043,0.00658730043,0.63001284,4120.9937,32.86799,0.00404594579,-4.6647746e-05,0.0,9834.1308,4092.09981,0.0777085051,-192.491393,0.000626620685
1154.0,48.9251865,9862.5031,-19.8642057,-19.8642057,-20.5155843,-20.5155843,-18.967537,-18.967537,0.0769393505,275.463857,275.463857,0.00221951464,0.00221951464,0.00671284575,0.00671284575,0.630157343,4120.9937,32.86799,0.00400589919,2.9502824e-05,0.0,9862.5031,4103.90528,0.0769393505,-189.682438,0.000611334074
1154.5,48.704865,9889.3448,-20.2324581,-20.2324581,-20.9529343,-20.9529343,-19.3868151,-19.3868151,0.078294915,283.261177,283.261177,0.00232255578,0.00232255578,0.00702451128,0.00702451128,0.630284115,4120.9937,32.86799,0.00407647743,6.8278569e-05,0.0,9889.3448,4115.075070000001,0.078294915,-194.632954,0.000638342912
1155.0,48.704865,9890.25625,-20.2658126,-20.2658126,-20.9894072,-20.9894072,-19.4222641,-19.4222641,0.0796301289,291.059026,291.059026,0.00242718679,0.00242718679,0.00734098881,0.00734098881,0.630412392,4120.9937,32.86799,0.00414599643,5.6937278e-05,0.0,9890.25625,4115.45509,0.0796301289,-199.509164,0.000665493094
1155.5,48.704865,9890.270950000002,-20.2664526,-20.2664526,-20.9901025,-20.9901025,-19.4229406,-19.4229406,0.080963455,298.85722,298.85722,0.00253394265,0.00253394265,0.00766389465,0.00766389465,0.63054071,4120.9937,32.86799,0.00421541682,2.0528557e-05,0.0,9890.270950000002,4115.46232,0.080963455,-204.378465,0.000693149301
1156.0,48.704865,9890.2705,-20.2664572,-20.2664572,-20.9901046,-20.9901046,-19.4229438,-19.4229438,0.0819877859,304.836463,304.836463,0.00261725549,0.00261725549,0.0079158935,0.0079158935,0.630669016,4120.9937,32.86799,0.00426874925,2.925785e-06,0.0,9890.2705,4115.4624,0.0819877859,-208.119319,0.000714745615
1156.5,48.704865,9890.2705,-20.2664534,-20.2664534,-20.9901,-20.9901,-19.4229402,-19.4229402,0.0820551479,305.2272,305.2272,0.00262275462,0.00262275462,0.007932527,0.007932527,0.63079734,4120.9937,32.86799,0.0042722565,5.749614e-06,0.0,9890.2705,4115.4624,0.0820551479,-208.365326,0.000716176222
1157.0,48.704865,8756.36964,-45.4285628,-45.4285628,-41.1192656,-41.1192656,-39.3190197,-39.3190197,0.084367043,305.2272,305.2272,0.00269665052,0.00269665052,0.0081559946,0.0081559946,0.630972306,3604.7501,32.86799,0.00439262702,4.9419584e-05,0.0,8756.36964,3643.63929,0.084367043,-216.808364,0.000766312567
1157.5,48.704865,5696.4998,-48.2094445,-48.2094445,-28.7775476,-28.7775476,-27.4914218,-27.4914218,0.084627289,305.2272,305.2272,0.00270496885,0.00270496885,0.0081811504,0.0081811504,0.631184502,2370.90458,32.86799,0.0044061769,1.9131241e-05,0.0,5696.4998,2370.40513,0.084627289,-217.758787,0.000771924404
1158.0,48.704865,2718.00345,-47.9813713,-47.9813713,-13.6572551,-13.6572551,-12.64306408,-12.64306408,0.0840324386,301.853666,301.853666,0.00265721674,0.00265721674,0.00803671376,0.00803671376,0.631315186,1132.499174,32.86799,0.00437520562,-0.000136641019,0.0,2718.00345,1131.030367,0.0840324386,-215.586395,0.000759086413
1158.5,48.7953013,1003.024315,-21.7778369,-21.7778369,-2.30586516,-2.30586516,-1.92055254,-1.92055254,0.0664718363,213.027765,213.027765,0.00150791453,0.00150791453,0.00456056071,0.00456056071,0.631359121,461.26736,32.86799,0.00346090097,-0.000760952142,0.0,1003.024315,417.404634,0.0664718363,-151.455094,0.000428512301
1159.0,51.5291415,1106.8093,-21.204178,-21.204178,-2.45812633,-2.45812633,-2.08171182,-2.08171182,0.0451096935,87.507619,87.507619,0.00043613717,0.00043613717,0.00131906201,0.00131906201,0.63137322,461.26736,32.86799,0.00234866659,-0.000595311474,0.0,1106.8093,460.577862,0.0451096935,-73.4405734,0.000144335439
1159.5,55.4826323,1113.48842,-23.0810194,-23.0810194,-2.69135264,-2.69135264,-2.29011801,-2.29011801,-0.000924158,-37.98457423,-37.98457423,0.000108630276,0.000108630276,0.000371203306,0.000371203306,0.631389857,461.26736,32.86799,-4.811694e-05,-0.000583016406,0.0,1113.48842,463.33021,-0.000924158,3.375024632,2.580329e-05
1160.0,59.4361237,1113.68709,-24.7316375,-24.7316375,-2.88432866,-2.88432866,-2.46121707,-2.46121707,-0.0469854012,-163.511321,-163.511321,0.0008273575,0.0008273575,0.00250233105,0.00250233105,0.631407821,461.26736,32.86799,-0.0024463266,-0.000580400006,0.0,1113.68709,463.38598,-0.0469854012,80.2906605,0.000163620275
1160.5,63.3896153,1113.7065,-26.3768886,-26.3768886,-3.0762593,-3.0762593,-2.62695796,-2.62695796,-0.0599800631,-241.617733,-241.617733,0.00151777286,0.00151777286,0.0045905103,0.0045905103,0.631427031,461.26736,32.86799,-0.00312290236,-4.3722896e-05,0.0,1113.7065,463.386464,-0.0599800631,127.747145,0.000320991767
1161.0,67.3431064,1113.70563,-28.0218537,-28.0218537,-3.26810419,-3.26810419,-2.79254588,-2.79254588,-0.059760301,-242.62683,-242.62683,0.00151837915,0.00151837915,0.00459234881,0.00459234881,0.631447454,461.26736,32.86799,-0.00311146039,2.8883709e-05,0.0,1113.70563,463.386246,-0.059760301,126.9445735,0.00031777387
1161.5,71.296597,1113.70509,-29.6669268,-29.6669268,-3.45996231,-3.45996231,-2.95835242,-2.95835242,-0.0593647681,-242.62683,-242.62683,0.00150832952,0.00150832952,0.00456195758,0.00456195758,0.63146907,461.26736,32.86799,-0.00309086665,3.078698e-06,0.0,1113.70509,463.386239,-0.0593647681,125.5000901,0.00031207874
1162.0,75.2500884,1113.70466,-31.3119992,-31.3119992,-3.65182087,-3.65182087,-3.1238754,-3.1238754,-0.0589702845,-242.62683,-242.62683,0.00149830651,0.00149830651,0.00453164692,0.00453164692,0.631491906,461.26736,32.86799,-0.00307032761,-3.083458e-06,0.0,1113.70466,463.386311,-0.0589702845,124.0594345,0.000306446276
1162.5,78.975192,1113.18403,-32.8934905,-32.8934905,-3.83444845,-3.83444845,-3.27824597,-3.27824597,-0.0585951123,-242.62683,-242.62683,0.00148877423,0.00148877423,0.00450282002,0.00450282002,0.631515939,461.26736,32.86799,-0.00305079399,-3.4284947e-05,0.0,1113.18403,463.169881,-0.0585951123,122.6893092,0.000301133097
1163.0,79.82601,3043.1316,12.3849554,12.3849554,6.55488899,6.55488899,7.16973815,7.16973815,-0.0626949728,-242.62683,-242.62683,0.00159294275,0.00159294275,0.00481783537,0.00481783537,0.631512094,1350.302645,32.86799,-0.00326425609,-0.000242558993,0.0,3043.1316,1266.232965,-0.0626949728,137.6619944,0.000362205731
1163.5,79.82601,7856.18743,-13.9707391,-13.9707391,-13.0547433,-13.0547433,-11.8698852,-11.8698852,-0.0602910384,-242.62683,-242.62683,0.001531864,0.001531864,0.00463312741,0.00463312741,0.631442702,3202.23627,32.86799,-0.00313909353,0.000221346716,0.0,7856.18743,3268.9824,-0.0602910384,128.8828236,0.000326479055
1164.0,79.82601,8021.78867,-34.2928414,-34.2928414,-28.8105836,-28.8105836,-27.5783655,-27.5783655,-0.0584125017,-242.62683,-242.62683,0.00148413443,0.00148413443,0.00448878877,0.00448878877,0.631598595,3329.4688,32.86799,-0.00304128626,-2.8782859e-05,0.0,8021.78867,3337.89141,-0.0584125017,122.0224118,0.000298562992
1164.5,79.82601,7991.42563,-33.2391818,-33.2391818,-27.8165482,-27.8165482,-26.6165543,-26.6165543,-0.0585099577,-242.62683,-242.62683,0.0014866106,0.0014866106,0.00449627706,0.00449627706,0.631767983,3329.4688,32.86799,-0.00304636034,2.798846e-06,0.0,7991.42563,3325.25711,-0.0585099577,122.3783203,0.000299932063
1165.0,79.82601,7990.81836,-33.2166176,-33.2166176,-27.7955517,-27.7955517,-26.596249,-26.596249,-0.0585129391,-242.62683,-242.62683,0.00148668637,0.00148668637,0.00449650612,0.00449650612,0.63193602,3329.4688,32.86799,-0.00304651557,1.1693171e-05,0.0,7990.81836,3325.00435,-0.0585129391,122.3892085,0.000299974022
1165.5,78.2949551,7987.15165,-32.7003177,-32.7003177,-27.3512874,-27.3512874,-26.1654459,-26.1654459,-0.0586519781,-242.62683,-242.62683,0.00149021904,0.00149021904,0.00450718937,0.00450718937,0.632103673,3329.4688,32.86799,-0.00305375476,-1.3632742e-05,0.0,7987.15165,3323.47858,-0.0586519781,122.8969812,0.000301939033
1166.0,68.9246638,7974.489149999999,-28.7178598,-28.7178598,-23.9820296,-23.9820296,-22.875381,-22.875381,-0.0595949699,-242.62683,-242.62683,0.00151417843,0.00151417843,0.00457964538,0.00457964538,0.632261345,3329.4688,32.86799,-0.00310285225,-3.8947058e-05,0.0,7974.489149999999,3318.209,-0.0595949699,126.3407844,0.000315399474
1166.5,58.4723474,7973.43457,-24.3312354,-24.3312354,-20.316003,-20.316003,-19.290482,-19.290482,-0.0606454432,-242.62683,-242.62683,0.00154086867,0.00154086867,0.00466035958,0.00466035958,0.632399047,3329.4688,32.86799,-0.00315754592,-4.1882416e-05,0.0,7973.43457,3317.7696,-0.0606454432,130.177114,0.000330704133
1167.0,48.0200316,7973.41398,-19.9814881,-19.9814881,-16.6840213,-16.6840213,-15.7186532,-15.7186532,-0.0616880508,-242.62683,-242.62683,0.00156735907,0.00156735907,0.00474046895,0.00474046895,0.632516134,3329.4688,32.86799,-0.00321182998,-5.3702805e-05,0.0,7973.41398,3317.76044,-0.0616880508,133.984717,0.000346228109
1167.5,37.5677155,7973.41581,-15.63242375,-15.63242375,-13.0526694,-13.0526694,-12.13520535,-12.13520535,-0.0627315558,-242.62683,-242.62683,0.00159387222,0.00159387222,0.00482064684,0.00482064684,0.632611695,3329.4688,32.86799,-0.00326616076,-4.1917963e-05,0.0,7973.41581,3317.76053,-0.0627315558,137.795591,0.000362098294
1168.0,27.2305584,7973.59942,-11.302537,-11.302537,-9.4375098,-9.4375098,-8.57002151,-8.57002151,-0.0637664244,-242.62683,-242.62683,0.00162016598,0.00162016598,0.00490016091,0.00490016091,0.632684595,3329.4688,32.86799,-0.00332004178,-3.6834017e-05,0.0,7973.59942,3317.8364,-0.0637664244,141.574931,0.000378165221
1168.5,23.510267,7986.53827,-9.6554229,-9.6554229,-8.07533585,-8.07533585,-7.19137127,-7.19137127,-0.0641485345,-242.62683,-242.62683,0.00162987459,0.00162987459,0.00492952025,0.00492952025,0.632739161,3329.4688,32.86799,-0.00333993672,-1.0322604e-05,0.0,7986.53827,3323.22008,-0.0641485345,142.9704,0.000384168282
1169.0,23.510267,7990.71569,-9.7791296,-9.7791296,-8.1830366,-8.1830366,-7.3062028,-7.3062028,-0.0641375266,-242.62683,-242.62683,0.00162959494,0.00162959494,0.00492867463,0.00492867463,0.632791774,3329.4688,32.86799,-0.00333936363,-4.1607071e-05,0.0,7990.71569,3324.95835,-0.0641375266,142.930202,0.000383994349
1169.5,23.510267,7990.81301,-9.7827267,-9.7827267,-8.1861466,-8.1861466,-7.30953785,-7.30953785,-0.0641375226,-242.62683,-242.62683,0.00162959474,0.00162959474,0.00492867403,0.00492867403,0.632844608,3329.4688,32.86799,-0.00333936329,-1.5295619e-05,0.0,7990.81301,3324.99884,-0.0641375226,142.930177,0.000383994236
1170.0,23.510267,7990.81222,-9.7828383,-9.7828383,-8.1862386,-8.1862386,-7.30963797,-7.30963797,-0.062058744,-230.436382,-230.436382,0.00149968382,0.00149968382,0.00453574959,0.00453574959,0.632897464,3329.4688,32.86799,-0.00323113029,0.000172120399,0.0,7990.81222,3324.99971,-0.062058744,135.3384835,0.000352344853
1170.5,23.510267,7990.80171,-9.7828575,-9.7828575,-8.1862444,-8.1862444,-7.30964731,-7.30964731,-0.0547006861,-187.391198,-187.391198,0.001076349384,0.001076349384,0.00325536494,0.00325536494,0.632950324,3329.4688,32.86799,-0.0028480281,0.000257066153,0.0,7990.80171,3324.9998,-0.0547006861,108.4668662,0.00024926136
1171.0,23.510267,7990.791070000001,-9.7828569,-9.7828569,-8.18623275,-8.18623275,-7.30963814,-7.30963814,-0.0470917415,-142.914086,-142.914086,0.000707696956,0.000707696956,0.00214039432,0.00214039432,0.633003192,3329.4688,32.86799,-0.00245186324,0.000225803568,0.0,7990.791070000001,3324.9998,-0.0470917415,80.6790115,0.000159876529
1171.5,23.510267,7990.78044,-9.7828566,-9.7828566,-8.1862215,-8.1862215,-7.30962949,-7.30962949,-0.039484234,-98.422422,-98.422422,0.000409876644,0.000409876644,0.001239665607,0.001239665607,0.633056073,3329.4688,32.86799,-0.00205577326,0.0002166757,0.0,7990.78044,3324.9998,-0.039484234,52.8964042,8.8216125e-05
1172.0,23.510267,7990.76973,-9.7828567,-9.7828567,-8.18621075,-8.18621075,-7.30962115,-7.30962115,-0.0318765606,-53.941568,-53.941568,0.000182988277,0.000182988277,0.000553463559,0.000553463559,0.633108947,3329.4688,32.86799,-0.00165967464,0.000200305255,0.0,7990.76973,3324.9998,-0.0318765606,25.1131918,3.4263288e-05
1172.5,23.510267,7990.72525,-9.7833452,-9.7833452,-8.1865742,-8.1865742,-7.31002845,-7.31002845,0.0012652602,-9.45563658,-9.45563658,3.0641349e-05,3.0641349e-05,0.000100110757,0.000100110757,0.633161823,3329.4688,32.86799,6.587662e-05,0.000911457611,0.0,7990.72525,3325.0006,0.0012652602,-2.49829157,8.153819e-06
1173.0,23.510267,7990.676820000001,-9.7828124,-9.7828124,-8.18607855,-8.18607855,-7.30950754,-7.30950754,0.0333143414,35.0320866,35.0320866,0.000125140745,0.000125140745,0.00037850561,0.00037850561,0.633214714,3329.4688,32.86799,0.00173453364,0.000232445717,0.0,7990.676820000001,3324.99915,0.0333143414,-30.3639645,4.3102801e-05
1173.5,23.510267,7990.667759999999,-9.7828553,-9.7828553,-8.1861058,-8.1861058,-7.30953929,-7.30953929,0.0409232341,79.5196343,79.5196343,0.000343704816,0.000343704816,0.00103952364,0.00103952364,0.633267582,3329.4688,32.86799,0.00213069577,0.000197318481,0.0,7990.667759999999,3324.9998,0.0409232341,-58.1516286,0.000100413755
1174.0,23.510267,7990.661999999999,-9.7827962,-9.7827962,-8.18605035,-8.18605035,-7.30948126,-7.30948126,0.0448300978,102.29429,102.29429,0.000480230445,0.000480230445,0.00145242406,0.00145242406,0.63332046,3329.4688,32.86799,0.0023341093,2.6478725e-05,0.0,7990.661999999999,3324.99971,0.0448300978,-72.4194955,0.000135992135
1174.5,23.510267,7990.662479999999,-9.782795,-9.782795,-8.18604875,-8.18604875,-7.30948006,-7.30948006,0.0448277563,102.29429,102.29429,0.000480205362,0.000480205362,0.00145234821,0.00145234821,0.633373328,3329.4688,32.86799,0.00233398733,-3.000132e-06,0.0,7990.662479999999,3324.9998,0.0448277563,-72.410941,0.000135968967
1175.0,24.0204464,7991.84746,-9.9341835,-9.9341835,-8.3140123,-8.3140123,-7.44756831,-7.44756831,0.0448753049,102.29429,102.29429,0.00048071472,0.00048071472,0.00145388848,0.00145388848,0.633426295,3329.4688,32.86799,0.00233646306,-3.077664e-06,0.0,7991.84746,3325.49288,0.0448753049,-72.5845915,0.000136440378
1175.5,29.2155821,8000.09105,-12.12057335,-12.12057335,-10.1543047,-10.1543047,-9.2755084,-9.2755084,0.0453953027,102.29429,102.29429,0.000486285052,0.000486285052,0.00147073291,0.00147073291,0.633485297,3329.4688,32.86799,0.00236353707,2.2973623e-05,0.0,8000.09105,3328.92344,0.0453953027,-74.4836204,0.000141636862
1176.0,35.5439624,8001.171219999999,-14.7893732,-14.7893732,-12.39173165,-12.39173165,-11.4676508,-11.4676508,0.0460304211,102.29429,102.29429,0.000493088581,0.000493088581,0.00149130642,0.00149130642,0.633558397,3329.4688,32.86799,0.0023966049,-4.017954e-06,0.0,8001.171219999999,3329.37328,0.0460304211,-76.8030695,0.000148090466
1176.5,41.8723421,8001.19276,-17.423368,-17.423368,-14.5987429,-14.5987429,-13.6694679,-13.6694679,0.0466616848,102.29429,102.29429,0.000499850818,0.000499850818,0.00151175496,0.00151175496,0.633645496,3329.4688,32.86799,0.00242947211,3.2312181e-05,0.0,8001.19276,3329.38256,0.0466616848,-79.1084459,0.000154627249
1177.0,48.2007229,8001.19228,-20.0567779,-20.0567779,-16.8052311,-16.8052311,-15.8304067,-15.8304067,0.047294112,102.29429,102.29429,0.000506625527,0.000506625527,0.00153224105,0.00153224105,0.633746075,3329.4688,32.86799,0.00246239978,1.8191177e-05,0.0,8001.19228,3329.38273,0.047294112,-81.4180642,0.00016129835
1177.5,52.9271484,7997.5172,-22.1097329,-22.1097329,-18.516808,-18.516808,-17.5119773,-17.5119773,0.0477775846,102.29429,102.29429,0.000511804598,0.000511804598,0.00154790208,0.00154790208,0.633859053,3329.4688,32.86799,0.00248757216,6.426485e-06,0.0,7997.5172,3327.85387,0.0477775846,-83.1837094,0.000166476205
1178.0,53.189854,7991.000669999999,-22.1450298,-22.1450298,-18.5313075,-18.5313075,-17.5275309,-17.5275309,0.0477950223,102.29429,102.29429,0.000511991409,0.000511991409,0.00154846695,0.00154846695,0.633976532,3329.4688,32.86799,0.00248848004,1.7999514e-05,0.0,7991.000669999999,3325.14229,0.0477950223,-83.2473935,0.000166664049
1178.5,53.189854,7990.664699999999,-22.1329338,-22.1329338,-18.5204066,-18.5204066,-17.516848,-17.516848,0.047794532,102.29429,102.29429,0.000511986146,0.000511986146,0.00154845105,0.00154845105,0.634093732,3329.4688,32.86799,0.00248845452,1.3044207e-05,0.0,7990.664699999999,3325.00251,0.047794532,-83.2455995,0.00016665875
1179.0,53.189854,7990.65814,-22.1326942,-22.1326942,-18.5201913,-18.5201913,-17.5166373,-17.5166373,0.0477937233,102.29429,102.29429,0.000511977473,0.000511977473,0.00154842483,0.00154842483,0.634210922,3329.4688,32.86799,0.00248841238,1.5290105e-05,0.0,7990.65814,3324.99984,0.0477937233,-83.2426475,0.000166650011
1179.5,53.189854,7990.658,-22.13269,-22.13269,-18.520187,-18.520187,-17.516634,-17.516634,0.0477947633,102.29429,102.29429,0.000511988624,0.000511988624,0.00154845852,0.00154845852,0.634328104,3329.4688,32.86799,0.00248846655,-3.0789038e-05,0.0,7990.658,3324.9998,0.0477947633,-83.2464455,0.000166661242
1180.0,53.189854,7990.658,-22.1326899,-22.1326899,-18.520187,-18.520187,-17.5166336,-17.5166336,0.0477942234,102.29429,102.29429,0.000511982851,0.000511982851,0.00154844104,0.00154844104,0.634445291,3329.4688,32.86799,0.00248843843,-1.5329354e-05,0.0,7990.658,3324.9998,0.0477942234,-83.244475,0.000166655413
1180.5,53.189854,7990.658,-22.13269,-22.13269,-18.520187,-18.520187,-17.5166338,-17.5166338,0.0477950488,102.29429,102.29429,0.000511991673,0.000511991673,0.00154846777,0.00154846777,0.63456248,3329.4688,32.86799,0.00248848141,1.3430933e-05,0.0,7990.658,3324.9998,0.0477950488,-83.2474846,0.000166664327
1181.0,53.189854,7990.658,-22.13269,-22.13269,-18.520187,-18.520187,-17.5166334,-17.5166334,0.0477949142,102.29429,102.29429,0.000511990241,0.000511990241,0.00154846343,0.00154846343,0.634679659,3329.4688,32.86799,0.0024884744,2.9398688e-05,0.0,7990.658,3324.9998,0.0477949142,-83.2469955,0.000166662874
1181.5,53.189854,7990.658,-22.13269,-22.13269,-18.520187,-18.520187,-17.5166336,-17.5166336,0.0477936856,102.29429,102.29429,0.000511977081,0.000511977081,0.00154842363,0.00154842363,0.63479684,3329.4688,32.86799,0.00248841044,-2.0167279e-05,0.0,7990.658,3324.9998,0.0477936856,-83.2425076,0.000166649609
1182.0,53.189854,7990.658,-22.13269,-22.13269,-18.520187,-18.520187,-17.5166334,-17.5166334,0.04779489,102.29429,102.29429,0.000511989975,0.000511989975,0.00154846264,0.00154846264,0.634914017,3329.4688,32.86799,0.00248847312,1.91357e-07,0.0,7990.658,3324.9998,0.04779489,-83.2469069,0.000166662609
1182.5,53.189854,7990.658,-22.13269,-22.13269,-18.520187,-18.520187,-17.5166328,-17.5166328,0.0477929462,102.29429,102.29429,0.000511969147,0.000511969147,0.00154839966,0.00154839966,0.635031194,3329.4688,32.86799,0.0024883719,3.6881875e-05,0.0,7990.658,3324.9998,0.0477929462,-83.2398069,0.000166641619
1183.0,53.189854,7990.658,-22.13269,-22.13269,-18.520187,-18.520187,-17.5166338,-17.5166338,0.0477954102,102.29429,102.29429,0.000511995561,0.000511995561,0.00154847949,0.00154847949,0.635148366,3329.4688,32.86799,0.00248850023,-3.0469625e-05,0.0,7990.658,3324.9998,0.0477954102,-83.2488069,0.000166668233
1183.5,53.189854,7990.65916,-22.1326702,-22.1326702,-18.5201732,-18.5201732,-17.5166196,-17.5166196,0.0469577903,97.3837221,97.3837221,0.000479331991,0.000479331991,0.00144969436,0.00144969436,0.635265544,3329.4688,32.86799,0.00244488901,-0.000119665339,0.0,7990.65916,3324.9998,0.0469577903,-80.1898209,0.00015784433
1184.0,53.189854,7990.66458,-22.1326574,-22.1326574,-18.520175,-18.520175,-17.5166194,-17.5166194,0.043215297,75.4845626,75.4845626,0.00034240587,0.00034240587,0.001035587811,0.001035587811,0.635382707,3329.4688,32.86799,0.0022500336,-0.000108619076,0.0,7990.66458,3324.9998,0.043215297,-66.5222399,0.000120618387
1184.5,53.189854,7990.670260000001,-22.132658,-22.132658,-18.5201887,-18.5201887,-17.5166314,-17.5166314,0.0392312435,52.1949423,52.1949423,0.000215233526,0.000215233526,0.000650979013,0.000650979013,0.635499881,3329.4688,32.86799,0.00204260114,-0.000118691251,0.0,7990.670260000001,3324.9998,0.0392312435,-51.9724842,8.5607668e-05
1185.0,53.3697642,7991.074869999999,-22.1807722,-22.1807722,-18.5613968,-18.5613968,-17.5572103,-17.5572103,0.035262063,28.9081413,28.9081413,0.000107534079,0.000107534079,0.000325257483,0.000325257483,0.635617064,3329.4688,32.86799,0.0018359431,-0.000126223685,0.0,7991.074869999999,3325.16584,0.035262063,-37.4770413,5.5548702e-05
1185.5,56.0453774,7995.653359999999,-23.2942199,-23.2942199,-19.5043497,-19.5043497,-18.4886741,-18.4886741,0.0315462778,5.619182939,5.619182939,1.9293525e-05,1.9293525e-05,6.4805506e-05,6.4805506e-05,0.635736674,3329.4688,32.86799,0.00164247822,-0.000124031771,0.0,7995.653359999999,3327.06883,0.0315462778,-23.9069986,3.17572e-05
1186.0,59.5158782,7996.44562,-24.7647687,-24.7647687,-20.7376669,-20.7376669,-19.7049999,-19.7049999,0.0279111015,-17.67662128,-17.67662128,-5.0934233e-05,-5.0934233e-05,-1.6838684e-05,-1.6838684e-05,0.635863086,3329.4688,32.86799,0.00145321032,-9.044656e-05,0.0,7996.44562,3327.39633,0.0279111015,-10.63133918,1.2596179e-05
1186.5,62.9863752,7996.504360000001,-26.2085812,-26.2085812,-21.946857,-21.946857,-20.8826288,-20.8826288,-0.00317244218,-38.1762906,-38.1762906,2.1295286e-05,2.1295286e-05,0.000158476117,0.000158476117,0.635996303,3329.4688,32.86799,-0.000165175336,-0.001402887761,0.0,7996.504360000001,3327.40262,-0.00317244218,0.59892288,1.946149e-06
1187.0,66.456875,7996.538610000001,-27.6534787,-27.6534787,-23.1569004,-23.1569004,-22.0634231,-22.0634231,-0.0253978493,-41.217396,-41.217396,0.000109624122,0.000109624122,0.00033157823,0.00033157823,0.636136204,3329.4688,32.86799,-0.00132235619,1.727302e-06,0.0,7996.538610000001,3327.40392,-0.0253978493,1.45294625,1.547294e-06
1187.5,69.927373,7996.53461,-29.0973408,-29.0973408,-24.3659725,-24.3659725,-23.2463492,-23.2463492,-0.0234980615,-41.217396,-41.217396,0.000101424113,0.000101424113,0.000306777106,0.000306777106,0.636282696,3329.4688,32.86799,-0.00122344243,0.000408333814,0.0,7996.53461,3327.40343,-0.0234980615,0.262994169,2.77051e-07
1188.0,73.3978706,7996.475530000001,-30.5417107,-30.5417107,-25.5752908,-25.5752908,-24.4325976,-24.4325976,0.01857321644,-41.217396,-41.217396,-8.0167124e-05,-8.0167124e-05,-1.7936571e-05,-1.7936571e-05,0.636435719,3329.4688,32.86799,0.000967027036,0.000930411272,0.0,7996.475530000001,3327.40332,0.01857321644,-0.81419106,8.64003e-07
1188.5,76.86837,7996.46541,-31.9853865,-31.9853865,-26.7841762,-26.7841762,-25.6137479,-25.6137479,0.0256135808,-41.217396,-41.217396,-0.000110555278,-0.000110555278,-3.655105e-05,-3.655105e-05,0.636595226,3329.4688,32.86799,0.00133358838,-6.051443e-06,0.0,7996.46541,3327.40327,0.0256135808,-2.24079691,2.405635e-06
1189.0,80.3388664,7996.46522,-33.4295018,-33.4295018,-27.9934591,-27.9934591,-26.787724,-26.787724,0.0259592556,-41.217396,-41.217396,-0.000112047305,-0.000112047305,-3.704437e-05,-3.704437e-05,0.636761021,3329.4688,32.86799,0.00135158611,3.410563e-06,0.0,7996.46522,3327.40336,0.0259592556,-3.50319861,3.810822e-06
1189.5,83.701857,7996.24267,-34.8481984,-34.8481984,-29.1806356,-29.1806356,-27.9417237,-27.9417237,0.0262968607,-41.217396,-41.217396,-0.000113504501,-0.000113504501,-3.7526177e-05,-3.7526177e-05,0.636933079,3329.4688,32.86799,0.00136916376,1.0760572e-05,0.0,7996.24267,3327.31089,0.0262968607,-4.73613317,5.218109e-06
1190.0,84.66568,7991.71332,-35.2627944,-35.2627944,-29.5110917,-29.5110917,-28.263823,-28.263823,0.0263932338,-41.217396,-41.217396,-0.000113920475,-0.000113920475,-3.7663714e-05,-3.7663714e-05,0.637109488,3329.4688,32.86799,0.00137418149,6.055665e-06,0.0,7991.71332,3325.42636,0.0263932338,-5.08808704,5.625173e-06
1190.5,84.66568,7990.71054,-35.2308408,-35.2308408,-29.4806477,-29.4806477,-28.2343505,-28.2343505,0.0263914367,-41.217396,-41.217396,-0.000113912717,-0.000113912717,-3.7661149e-05,-3.7661149e-05,0.637286125,3329.4688,32.86799,0.00137408795,2.4931612e-05,0.0,7990.71054,3325.0091,0.0263914367,-5.08152379,5.617535e-06
1191.0,84.66568,7990.688650000001,-35.23003,-35.23003,-29.4798879,-29.4798879,-28.2336144,-28.2336144,0.0263902261,-41.217396,-41.217396,-0.000113907492,-0.000113907492,-3.7659421e-05,-3.7659421e-05,0.637462702,3329.4688,32.86799,0.00137402492,-1.0333048e-05,0.0,7990.688650000001,3324.99992,0.0263902261,-5.07710406,5.61239e-06
1191.5,84.66568,7990.688,-35.230015,-35.230015,-29.479874,-29.479874,-28.2336,-28.2336,0.0263915206,-41.217396,-41.217396,-0.00011391308,-0.00011391308,-3.7661269e-05,-3.7661269e-05,0.637639283,3329.4688,32.86799,0.0013740923,1.1008304e-05,0.0,7990.688,3324.9998,0.0263915206,-5.08183094,5.617892e-06
1192.0,84.66568,7990.688,-35.230015,-35.230015,-29.479874,-29.479874,-28.2335999,-28.2335999,0.0263893,-41.217396,-41.217396,-0.000113903494,-0.000113903494,-3.76581e-05,-3.76581e-05,0.637815872,3329.4688,32.86799,0.00137397667,8.620156e-06,0.0,7990.688,3324.9998,0.0263893,-5.07372067,5.608455e-06
1192.5,84.66568,7990.688,-35.230015,-35.230015,-29.479874,-29.479874,-28.2336,-28.2336,0.026390968,-41.217396,-41.217396,-0.000113910697,-0.000113910697,-3.766048e-05,-3.766048e-05,0.637992444,3329.4688,32.86799,0.00137406356,-5.547568e-06,0.0,7990.688,3324.9998,0.026390968,-5.07981386,5.615543e-06
1193.0,84.6049165,7982.15577,-35.9661564,-35.9661564,-30.0613875,-30.0613875,-28.8010074,-28.8010074,0.0266184302,-40.2470123,-40.2470123,-0.000112085996,-0.000112085996,-3.7057178e-05,-3.7057178e-05,0.63816933,3323.48761,32.86799,0.00138590651,6.1339063e-05,0.0,7982.15577,3321.44959,0.0266184302,-5.91050537,6.622823e-06
1193.5,83.16613,7704.66375,-38.3343543,-38.3343543,-30.934157,-30.934157,-29.6873884,-29.6873884,0.0311452924,-14.49466611,-14.49466611,-4.5390835e-05,-4.5390835e-05,-1.3189768e-05,-1.3189768e-05,0.638353384,3208.13563,32.86799,0.00162160066,0.000123224121,0.0,7704.66375,3205.98566,0.0311452924,-22.4426014,2.973049e-05
1194.0,81.1707436,7321.974770000001,-37.2739912,-37.2739912,-28.5828043,-28.5828043,-27.4273111,-27.4273111,0.0371589767,21.94734816,21.94734816,8.7304069e-05,8.7304069e-05,0.000264069703,0.000264069703,0.638531405,3052.14197,32.86799,0.00193470716,0.000124593078,0.0,7321.974770000001,3046.74953,0.0371589767,-44.4045667,6.9576167e-05
1194.5,79.1753535,6977.00319,-35.0029163,-35.0029163,-25.5860532,-25.5860532,-24.5112924,-24.5112924,0.0430617343,58.39708,58.39708,0.000265081562,0.000265081562,0.000801730906,0.000801730906,0.638697367,2912.36741,32.86799,0.00224203821,0.000166940997,0.0,6977.00319,2903.2077,0.0430617343,-65.9614294,0.000119367133
1195.0,77.1799615,6927.213000000001,-31.9730003,-31.9730003,-23.1936853,-23.1936853,-22.1880272,-22.1880272,0.048892701,94.8407134,94.8407134,0.000487501509,0.000487501509,0.00147439191,0.00147439191,0.638845286,2889.5881,32.86799,0.00254563137,0.00019921202,0.0,6927.213000000001,2882.49301,0.048892701,-87.2561124,0.000179167798
1195.5,75.1845781,6931.51799,-31.2814057,-31.2814057,-22.7061338,-22.7061338,-21.7153081,-21.7153081,0.0549402151,131.2846835,131.2846835,0.000757224346,0.000757224346,0.00229011726,0.00229011726,0.638987975,2889.5881,32.86799,0.00286049939,0.000157288835,0.0,6931.51799,2884.28789,0.0549402151,-109.3416279,0.000252091083
1196.0,73.1891865,6931.603109999999,-30.4544419,-30.4544419,-22.1061414,-22.1061414,-21.1286451,-21.1286451,0.0609761216,167.736435,167.736435,0.001072964363,0.001072964363,0.00324503168,0.00324503168,0.639127554,2889.5881,32.86799,0.00317476286,0.000215933942,0.0,6931.603109999999,2884.32676,0.0609761216,-131.3847444,0.000336037256
1196.5,71.2280628,6931.653630000001,-29.6305504,-29.6305504,-21.5082537,-21.5082537,-20.5441216,-20.5441216,0.0670125809,204.175117,204.175117,0.00143471226,0.00143471226,0.00433911862,0.00433911862,0.63926379,2889.5881,32.86799,0.00348905519,0.000179095049,0.0,6931.653630000001,2884.35137,0.0670125809,-153.429888,0.000431142229
1197.0,70.56698,6934.169779999999,-29.3408988,-29.3408988,-21.3057351,-21.3057351,-20.346313,-20.346313,0.0731752355,240.620017,240.620017,0.00184580915,0.00184580915,0.00558249298,0.00558249298,0.639397516,2889.5881,32.86799,0.00380991793,0.000175891121,0.0,6934.169779999999,2885.40202,0.0731752355,-175.935898,0.000539762064
1197.5,70.56698,6934.88495,-29.362841,-29.362841,-21.323866,-21.323866,-20.3640327,-20.3640327,0.0781758151,269.805715,269.805715,0.00220906041,0.00220906041,0.00668118495,0.00668118495,0.63953102,2889.5881,32.86799,0.00407027653,6.3655652e-05,0.0,6934.88495,2885.70246,0.0781758151,-194.198008,0.000635995633
1198.0,70.56698,6934.901,-29.3634288,-29.3634288,-21.3243421,-21.3243421,-20.3644984,-20.3644984,0.0785989489,272.25497,272.25497,0.00224089352,0.00224089352,0.00677746852,0.00677746852,0.639664586,2889.5881,32.86799,0.00409230732,-9.577165e-06,0.0,6934.901,2885.70939,0.0785989489,-195.743296,0.000644454484
1198.5,69.2834659,6931.84832,-28.9571386,-28.9571386,-21.020322,-21.020322,-20.0678343,-20.0678343,0.078485411,272.25497,272.25497,0.00223765637,0.00223765637,0.00676767967,0.00676767967,0.639797894,2889.5881,32.86799,0.00408639578,-3.9029774e-05,0.0,6931.84832,2884.43905,0.078485411,-195.328643,0.000642164539
1199.0,58.7303183,6916.08448,-24.4978344,-24.4978344,-17.7428253,-17.7428253,-16.8723347,-16.8723347,0.0774253233,272.25497,272.25497,0.00220743285,0.00220743285,0.00667628338,0.00667628338,0.639921703,2889.5881,32.86799,0.00403120174,-1.7547726e-05,0.0,6916.08448,2877.87902,0.0774253233,-191.457215,0.000620950767
1199.5,46.3708051,6914.369229999999,-19.2954469,-19.2954469,-13.97127915,-13.97127915,-13.18049865,-13.18049865,0.0761839049,272.25497,272.25497,0.00217203937,0.00217203937,0.00656925303,0.00656925303,0.640023766,2889.5881,32.86799,0.0039665663,-5.7915112e-05,0.0,6914.369229999999,2877.16456,0.0761839049,-186.923551,0.00059652678
1200.0,34.0112936,6914.33574,-14.152662,-14.152662,-10.2474836,-10.2474836,-9.51188133,-9.51188133,0.0749489817,272.25497,272.25497,0.0021368311,0.0021368311,0.00646278218,0.00646278218,0.640102996,2889.5881,32.86799,0.00390226921,-4.9254878e-05,0.0,6914.33574,2877.14992,0.0749489817,-182.413616,0.000572698497
1200.5,21.6517801,6914.335950000001,-9.00966348,-9.00966348,-6.523605,-6.523605,-5.80540869,-5.80540869,0.0737168589,272.25497,272.25497,0.00210170271,0.00210170271,0.00635655247,0.00635655247,0.640158145,2889.5881,32.86799,0.00383811788,-3.2629334e-05,0.0,6914.335950000001,2877.14931,0.0737168589,-177.913903,0.000549389639
1201.0,9.29226745,6914.337979999999,-3.86598804,-3.86598804,-2.79923731,-2.79923731,-2.271008193,-2.271008193,0.0724814831,272.25497,272.25497,0.00206648159,0.00206648159,0.0062500417,0.0062500417,0.640187669,2889.5881,32.86799,0.00377379727,-4.8175135e-05,0.0,6914.337979999999,2877.14943,0.0724814831,-173.402316,0.000526485364
1201.5,-3.0672452473,6914.34047,1.27643599055,1.27643599055,0.92422651653,0.92422651653,1.2227555921,1.2227555921,0.0712478186,272.25497,272.25497,0.00203130921,0.00203130921,0.00614367797,0.00614367797,0.640192343,2889.5881,32.86799,0.00370956569,2.666238e-06,0.0,6914.34047,2877.14974,0.0712478186,-168.896979,0.000504078986
1202.0,-15.426758,6914.34115,6.41947197,6.41947197,4.64813499,4.64813499,5.4858602,5.4858602,0.0700121505,272.25497,272.25497,0.00199607971,0.00199607971,0.00603714092,0.00603714092,0.640164698,2889.5881,32.86799,0.00364522981,-2.1807306e-05,0.0,6914.34115,2877.14929,0.0700121505,-164.384313,0.000482102763
1202.5,-24.1587228,6922.51596,10.2241465,10.2241465,7.41186713,7.41186713,8.15301993,8.15301993,0.06912237,272.25497,272.25497,0.00197071176,0.00197071176,0.00596042549,0.00596042549,0.640104826,2889.5881,32.86799,0.0035989029,-2.592166e-06,0.0,6922.51596,2880.55036,0.06912237,-161.134846,0.000466549395
1203.0,-24.487787,6934.37454,10.2090982,10.2090982,7.41349894,7.41349894,8.1561093,8.1561093,0.0691030015,272.25497,272.25497,0.00197015937,0.00197015937,0.00595875519,0.00595875519,0.640034664,2889.5881,32.86799,0.00359789421,1.3482732e-05,0.0,6934.37454,2885.48479,0.0691030015,-161.064098,0.000466212871
1203.5,-23.0145102,6938.4247,9.7018414,9.7018414,7.04893943,7.04893943,7.82627375,7.82627375,0.0585640954,209.584783,209.584783,0.001320537997,0.001320537997,0.00399393167,0.00399393167,0.639965496,2889.5881,32.86799,0.00304917911,-0.000779794758,0.0,6938.4247,2887.16396,0.0585640954,-122.576033,0.000309295601
1204.0,-13.4163942,6951.79838,5.62548107,5.62548107,4.09514148,4.09514148,4.91683269,4.91683269,0.0220493364,48.88220194,48.88220194,0.000217909446,0.000217909446,0.000659072894,0.000659072894,0.639910404,2889.5881,32.86799,0.00114801357,-0.000867905207,0.0,6951.79838,2892.70753,0.0220493364,-25.74416686,4.8929861e-05
1204.5,-2.583274653,6953.08306,1.076301456,1.076301456,0.7836779254,0.7836779254,1.0441077519,1.0441077519,-0.0444064822,-112.2403906,-112.2403906,0.00055740475,0.00055740475,0.001685840956,0.001685840956,0.639886048,2889.5881,32.86799,-0.00231205344,-0.000749052263,0.0,6953.08306,2893.20329,-0.0444064822,70.8724461,0.000140344559
1205.0,8.09882484,6952.87765,-3.4068093,-3.4068093,-2.4804647,-2.4804647,-1.991538165,-1.991538165,-0.0547123144,-178.52705,-178.52705,0.00102286358,0.00102286358,0.00309358335,0.00309358335,0.639890306,2889.5881,32.86799,-0.00284863352,2.541398e-05,0.0,6952.87765,2893.1118,-0.0547123144,108.5093344,0.00024869319
1205.5,11.827993,6939.31725,-5.04932948,-5.04932948,-3.66930458,-3.66930458,-3.00092099,-3.00092099,-0.0543272599,-178.52705,-178.52705,0.00101566495,0.00101566495,0.00307181473,0.00307181473,0.639910859,2889.5881,32.86799,-0.00282858545,1.267215e-05,0.0,6939.31725,2887.46943,-0.0543272599,107.1031166,0.000243729758
1206.0,11.827993,6935.18447,-4.9253051,-4.9253051,-3.57700691,-3.57700691,-2.91752966,-2.91752966,-0.054338567,-178.52705,-178.52705,0.00101587626,0.00101587626,0.00307245386,0.00307245386,0.639932927,2889.5881,32.86799,-0.00282917415,-1.886677e-06,0.0,6935.18447,2885.74975,-0.054338567,107.1444065,0.000243874444
1206.5,11.827993,6935.089190000001,-4.92178258,-4.92178258,-3.57439941,-3.57439941,-2.91518172,-2.91518172,-0.0543392123,-178.52705,-178.52705,0.00101588835,0.00101588835,0.00307249036,0.00307249036,0.639954837,2889.5881,32.86799,-0.00282920772,5.76013e-07,0.0,6935.089190000001,2885.71013,-0.0543392123,107.1467639,0.000243882704
1207.0,11.827993,6935.087400000001,-4.92171648,-4.92171648,-3.57435061,-3.57435061,-2.91513778,-2.91513778,-0.0543407658,-178.52705,-178.52705,0.0010159174,0.0010159174,0.00307257816,0.00307257816,0.639976715,2889.5881,32.86799,-0.00282928856,-7.243893e-06,0.0,6935.087400000001,2885.70926,-0.0543407658,107.1524355,0.000243902586
1207.5,22.85217465,6957.25735,-9.20965779,-9.20965779,-6.71234835,-6.71234835,-5.99565801,-5.99565801,-0.0491601609,-154.438741,-154.438741,0.000799144529,0.000799144529,0.00241696963,0.00241696963,0.640005564,2889.5881,32.86799,-0.00255955694,0.000278068668,0.0,6957.25735,2894.93748,-0.0491601609,88.2328735,0.00018297776
1208.0,43.1863644,6968.60896,-17.9586189,-17.9586189,-13.10539,-13.10539,-12.32382315,-12.32382315,-0.0390941044,-107.6081194,-107.6081194,0.000444604083,0.000444604083,0.00134470176,0.00134470176,0.640070607,2889.5881,32.86799,-0.0020354609,0.000273207054,0.0,6968.60896,2899.66683,-0.0390941044,51.4716492,8.5561878e-05
1208.5,63.5205545,6968.889160000001,-26.4309131,-26.4309131,-19.2887605,-19.2887605,-18.3807204,-18.3807204,-0.0283271124,-60.771534,-60.771534,0.000185937429,0.000185937429,0.0005623863,0.0005623863,0.640174521,2889.5881,32.86799,-0.001474870174,0.001178982118,0.0,6968.889160000001,2899.78971,-0.0283271124,14.96724914,1.9454143e-05
1209.0,79.632037,6958.90941,-33.3933741,-33.3933741,-24.3342658,-24.3342658,-23.2946618,-23.2946618,0.0289196739,-23.5955199,-23.5955199,-7.0914982e-05,-7.0914982e-05,-2.3444559e-05,-2.3444559e-05,0.640312519,2889.5881,32.86799,0.00150572227,0.000123053905,0.0,6958.90941,2895.6705,0.0289196739,-14.31464327,1.7513246e-05
1209.5,80.883736,6936.386109999999,-33.7069599,-33.7069599,-24.4839564,-24.4839564,-23.4383021,-23.4383021,0.0295341992,-20.666716,-20.666716,-6.3918312e-05,-6.3918312e-05,-2.1131235e-05,-2.1131235e-05,0.640463834,2889.5881,32.86799,0.00153771797,-1.852517e-06,0.0,6936.386109999999,2886.29883,0.0295341992,-16.5588893,2.0485429e-05
1210.0,80.883736,6934.997359999999,-33.657338,-33.657338,-24.4430104,-24.4430104,-23.398529,-23.398529,0.0295286741,-20.666716,-20.666716,-6.3906354e-05,-6.3906354e-05,-2.1127282e-05,-2.1127282e-05,0.640614434,2889.5881,32.86799,0.00153743032,4.0559081e-05,0.0,6934.997359999999,2885.72082,0.0295286741,-16.5387121,2.0456639e-05
1210.5,80.883736,6934.97041,-33.6563398,-33.6563398,-24.4421898,-24.4421898,-23.397732,-23.397732,0.0295279862,-20.666716,-20.666716,-6.3904868e-05,-6.3904868e-05,-2.112679e-05,-2.112679e-05,0.640764962,2889.5881,32.86799,0.00153739449,1.057809e-06,0.0,6934.97041,2885.70966,0.0295279862,-16.5362,2.0453054e-05
1211.0,80.883736,6934.96994,-33.6563218,-33.6563218,-24.442175,-24.442175,-23.3977175,-23.3977175,0.0295279416,-20.666716,-20.666716,-6.390477e-05,-6.390477e-05,-2.1126758e-05,-2.1126758e-05,0.640915488,2889.5881,32.86799,0.0015373922,1.0098012e-05,0.0,6934.96994,2885.7095,0.0295279416,-16.5360365,2.0452821e-05
1211.5,80.883736,6934.969999999999,-33.65632,-33.65632,-24.4421734,-24.4421734,-23.397717,-23.397717,0.0293905332,-21.4778881,-21.4778881,-6.609902e-05,-6.609902e-05,-2.1852226e-05,-2.1852226e-05,0.64106603,2889.5881,32.86799,0.00153023788,1.144531e-05,0.0,6934.969999999999,2885.7095,0.0293905332,-16.03422155,1.9741091e-05
1212.0,80.883736,6934.97056,-33.65632,-33.65632,-24.442175,-24.442175,-23.3977176,-23.3977176,0.0290753846,-23.3273502,-23.3273502,-7.10213e-05,-7.10213e-05,-2.3479654e-05,-2.3479654e-05,0.641216571,2889.5881,32.86799,0.0015138295,2.0545465e-05,0.0,6934.97056,2885.7095,0.0290753846,-14.88329975,1.8127732e-05
1212.5,80.883736,6934.970909999999,-33.65632,-33.65632,-24.4421766,-24.4421766,-23.397719,-23.397719,0.0287574675,-25.1793058,-25.1793058,-7.5821782e-05,-7.5821782e-05,-2.5066832e-05,-2.5066832e-05,0.641367095,2889.5881,32.86799,0.00149727692,-9.136422e-06,0.0,6934.970909999999,2885.7095,0.0287574675,-13.7222658,1.653097e-05
1213.0,80.883736,6934.97142,-33.65632,-33.65632,-24.4421786,-24.4421786,-23.3977204,-23.3977204,0.0284410237,-27.0315352,-27.0315352,-8.0503943e-05,-8.0503943e-05,-2.6614905e-05,-2.6614905e-05,0.64151761,2889.5881,32.86799,0.00148080109,-2.6837362e-05,0.0,6934.97142,2885.7095,0.0284410237,-12.56661515,1.4972321e-05
1213.5,80.883736,6934.97185,-33.65632,-33.65632,-24.4421794,-24.4421794,-23.397722,-23.397722,0.0281231988,-28.8833066,-28.8833066,-8.5057886e-05,-8.5057886e-05,-2.8120602e-05,-2.8120602e-05,0.641668137,2889.5881,32.86799,0.00146425329,-1.0354723e-05,0.0,6934.97185,2885.7095,0.0281231988,-11.40591775,1.3437666e-05
1214.0,80.883736,6934.97228,-33.65632,-33.65632,-24.4421806,-24.4421806,-23.397724,-23.397724,0.0278076519,-30.7353402,-30.7353402,-8.9496518e-05,-8.9496518e-05,-2.9588188e-05,-2.9588188e-05,0.64181864,2889.5881,32.86799,0.00144782412,-1.4686118e-05,0.0,6934.97228,2885.7095,0.0278076519,-10.2535417,1.194466e-05
1214.5,80.883736,6934.97279,-33.65632,-33.65632,-24.442183,-24.442183,-23.3977254,-23.3977254,0.0274897741,-32.5878829,-32.5878829,-9.3806437e-05,-9.3806437e-05,-3.101323e-05,-3.101323e-05,0.64196916,2889.5881,32.86799,0.0014312736,1.7786135e-05,0.0,6934.97279,2885.7095,0.0274897741,-9.092651,1.0471337e-05
1215.0,80.883736,6934.97312,-33.65632,-33.65632,-24.442184,-24.442184,-23.3977268,-23.3977268,0.0271734308,-34.4394817,-34.4394817,-9.7995717e-05,-9.7995717e-05,-3.2398399e-05,-3.2398399e-05,0.64211967,2889.5881,32.86799,0.00141480301,-4.018522e-06,0.0,6934.97312,2885.7095,0.0271734308,-7.93736679,9.035899e-06
1215.5,80.883736,6934.9736,-33.6563208,-33.6563208,-24.4421866,-24.4421866,-23.397729,-23.397729,0.0269082051,-35.9874251,-35.9874251,-0.000101405075,-0.000101405075,-3.3525698e-05,-3.3525698e-05,0.64227017,2889.5881,32.86799,0.00140099386,-7.6524e-07,0.0,6934.9736,2885.7095,0.0269082051,-6.96876418,7.854946e-06
1216.0,80.883736,6934.9736,-33.6563218,-33.6563218,-24.442188,-24.442188,-23.39773,-23.39773,0.0268792365,-36.154995,-36.154995,-0.000101768614,-0.000101768614,-3.3645904e-05,-3.3645904e-05,0.64242067,2889.5881,32.86799,0.00139948557,9.30527e-06,0.0,6934.9736,2885.7095,0.0268792365,-6.86296859,7.72712e-06
1216.5,80.883736,6934.97299,-33.6563427,-33.6563427,-24.442201,-24.442201,-23.3977428,-23.3977428,0.0274084991,-33.0358267,-33.0358267,-9.4308358e-05,-9.4308358e-05,-3.1179253e-05,-3.1179253e-05,0.64257117,2889.5881,32.86799,0.00142704196,6.0777279e-05,0.0,6934.97299,2885.70956,0.0274084991,-8.79583517,1.0225518e-05
1217.0,79.3611742,6931.524739999999,-33.237594,-33.237594,-24.1266284,-24.1266284,-23.0917429,-23.0917429,0.0345988295,9.82381694,9.82381694,3.9726213e-05,3.9726213e-05,0.000144718174,0.000144718174,0.642721522,2889.5881,32.86799,0.00180141138,0.000245996575,0.0,6931.524739999999,2884.27876,0.0345988295,-35.0549111,5.1771493e-05
1217.5,58.070291,6895.56431,-24.3637385,-24.3637385,-17.59502105,-17.59502105,-16.7237215,-16.7237215,0.0418351784,64.5690212,64.5690212,0.000285990845,0.000285990845,0.000864970807,0.000864970807,0.642855587,2889.5881,32.86799,0.00217817675,0.000195173541,0.0,6895.56431,2869.31964,0.0418351784,-61.4820469,0.000108287739
1218.0,35.996871,6901.91458,-14.63474845,-14.63474845,-10.5762413,-10.5762413,-9.83511605,-9.83511605,0.048943353,119.3111939,119.3111939,0.000615485947,0.000615485947,0.00186147822,0.00186147822,0.642943943,2889.5881,32.86799,0.00254826866,0.000242654022,0.0,6901.91458,2871.96617,0.048943353,-87.4410964,0.000180162769
1218.5,34.016403,6932.82046,-14.07941955,-14.07941955,-10.2217205,-10.2217205,-9.4795103,-9.4795103,0.0581293818,174.04618,174.04618,0.001063907409,0.001063907409,0.00321768019,0.00321768019,0.643010531,2889.5881,32.86799,0.00302654537,0.000257856102,0.0,6932.82046,2884.83175,0.0581293818,-120.988459,0.00029570825
1219.0,34.016403,6934.87588,-14.15302845,-14.15302845,-10.2781911,-10.2781911,-9.53489695,-9.53489695,0.0674998654,228.783152,228.783152,0.00162159867,0.00162159867,0.00490441252,0.00490441252,0.643078009,2889.5881,32.86799,0.00351442596,0.000271198939,0.0,6934.87588,2885.69246,0.0674998654,-155.209453,0.00043995045
1219.5,34.016403,6934.903049999999,-14.1545244,-14.1545244,-10.27931725,-10.27931725,-9.53600295,-9.53600295,0.0768625497,283.523388,283.523388,0.00228651635,0.00228651635,0.00691553536,0.00691553536,0.643145568,2889.5881,32.86799,0.00400190046,0.00026284752,0.0,6934.903049999999,2885.70921,0.0768625497,-189.401965,0.000610907428
1220.0,34.016403,6934.891180000001,-14.1545288,-14.1545288,-10.27930365,-10.27930365,-9.5359898,-9.5359898,0.0856142211,334.648215,334.648215,0.00300267648,0.00300267648,0.0090817438,0.0090817438,0.643213108,2889.5881,32.86799,0.00445756208,0.000156364405,0.0,6934.891180000001,2885.70941,0.0856142211,-221.363055,0.000794450417
1220.5,33.3532254,6933.328879999999,-13.92317815,-13.92317815,-10.10906355,-10.10906355,-9.3690702,-9.3690702,0.0874403124,345.6371,345.6371,0.00316490492,0.00316490492,0.0095724577,0.0095724577,0.643280446,2889.5881,32.86799,0.0045526388,-3.638338e-06,0.0,6933.328879999999,2885.06038,0.0874403124,-228.03194,0.00083521132
1221.0,30.1171891,6929.34887,-12.54140135,-12.54140135,-9.1005499,-9.1005499,-8.38533124,-8.38533124,0.0871142632,345.6371,345.6371,0.00315310353,0.00315310353,0.0095367678,0.0095367678,0.643343887,2889.5881,32.86799,0.0045356629,3.768385e-06,0.0,6929.34887,2883.40411,0.0871142632,-226.84121,0.000827752798
1221.5,26.6247924,6929.08231,-11.0790361,-11.0790361,-8.03907954,-8.03907954,-7.36103359,-7.36103359,0.0867623795,345.6371,345.6371,0.00314036717,0.00314036717,0.00949824985,0.00949824985,0.643400381,2889.5881,32.86799,0.0045173417,-2.9925743e-05,0.0,6929.08231,2883.29301,0.0867623795,-225.55613,0.000819738851
1222.0,23.1323957,6929.077469999999,-9.62527585,-9.62527585,-6.98420901,-6.98420901,-6.27844342,-6.27844342,0.0864135294,345.6371,345.6371,0.00312774044,0.00312774044,0.0094600639,0.0094600639,0.643449839,2889.5881,32.86799,0.00449917868,-5.0779027e-05,0.0,6929.077469999999,2883.29076,0.0864135294,-224.282132,0.000811831423
1222.5,19.6399991,6929.07794,-8.17243072,-8.17243072,-5.93000861,-5.93000861,-5.1790189,-5.1790189,0.0860660594,345.6371,345.6371,0.00311516374,0.00311516374,0.0094220288,0.0094220288,0.643491683,2889.5881,32.86799,0.00448108722,-8.832472e-06,0.0,6929.07794,2883.29075,0.0860660594,-223.013166,0.000803992249
1223.0,16.1476023,6929.078599999999,-6.7190662,-6.7190662,-4.87543114,-4.87543114,-4.1333066,-4.1333066,0.0857157041,345.6371,345.6371,0.00310248261,0.00310248261,0.0093836781,0.0093836781,0.643525991,2889.5881,32.86799,0.00446284584,5.957489e-06,0.0,6929.078599999999,2883.29081,0.0857157041,-221.733671,0.000796125394
1223.5,12.6552055,6929.078759999999,-5.26589069,-5.26589069,-3.82099059,-3.82099059,-3.14183151,-3.14183151,0.0853684491,345.6371,345.6371,0.00308991372,0.00308991372,0.00934566685,0.00934566685,0.643553038,2889.5881,32.86799,0.0044447658,1.374923e-06,0.0,6929.078759999999,2883.29071,0.0853684491,-220.465494,0.000788365278
1224.0,9.16280884,6929.07932,-3.81267401,-3.81267401,-2.7665201,-2.7665201,-2.20664233,-2.20664233,0.0850204159,345.6371,345.6371,0.00307731659,0.00307731659,0.0093075701,0.0093075701,0.643573071,2889.5881,32.86799,0.00442664527,-2.5983667e-05,0.0,6929.07932,2883.29069,0.0850204159,-219.194473,0.000780624682
1224.5,7.18367186,7911.35855,18.48326864,18.48326864,15.68322686,15.68322686,16.70509197,16.70509197,0.082106552,341.242338,341.242338,0.00293552653,0.00293552653,0.00887872505,0.00887872505,0.643510309,3334.36469,32.86799,0.00427493297,-0.000209730866,0.0,7911.35855,3292.02267,0.082106552,-208.55306,0.00071774819
1225.0,7.177192,10458.9624,26.2234638,19.2363809,29.1285165,20.9804844,31.6168681,22.7424335,0.0584834401,251.109374,203.3617116,0.00158539012,0.001348558362,0.00479498927,0.00407870136,0.64325543,4375.33974,32.86799,0.00304497977,-0.00087075866,0.0,10458.9624,4352.08562,0.0584834401,-122.281482,0.000325133426
1225.5,7.177192,11724.5365,-2.719994144,-2.719994144,-3.33824362,-3.33824362,-1.78486044,-1.78486044,0.0475509982,128.419425,128.07701,0.00065975418,0.00065781554,0.001995382175,0.001989518865,0.643100238,4833.7715,32.86799,0.00247577475,0.000566492079,0.0,11724.5365,4878.69394,0.0475509982,-82.3562157,0.000168763697
1226.0,7.177192,11606.4869,-3.18384484,-3.18384484,-3.86984836,-3.86984836,-2.7142274,-2.7142274,0.0084585128,5.654307215,5.654307215,0.000101167568,0.000101167568,0.000306334516,0.000306334516,0.643126677,4833.7715,32.86799,0.000440398127,-0.00334956848,0.0,11606.4869,4829.54982,0.0084585128,-6.84419305,2.6061615e-05
1226.5,7.177192,11601.2193,-2.99021071,-2.99021071,-3.63273777,-3.63273777,-2.54640355,-2.54640355,-0.0442652127,-117.0954471,-117.0954471,0.00056505849,0.00056505849,0.001708991556,0.001708991556,0.64314616,4833.7715,32.86799,-0.0023046982,-0.000574832672,0.0,11601.2193,4827.32699,-0.0442652127,70.3565338,0.000136017704
1227.0,7.177192,11601.1341,-2.98653705,-2.98653705,-3.62824791,-3.62824791,-2.54325639,-2.54325639,-0.0568687754,-190.617799,-190.617799,0.00113525702,0.00113525702,0.00343351278,0.00343351278,0.643165307,4833.7715,32.86799,-0.00296091114,-5.1069286e-05,0.0,11601.1341,4827.28404,-0.0568687754,116.3847266,0.000277260631
1227.5,7.177192,11601.1315,-2.98648549,-2.98648549,-3.62818458,-3.62818458,-2.54321199,-2.54321199,-0.0569872517,-191.28519,-191.28519,0.00114153089,0.00114153089,0.00345248787,0.00345248787,0.643184461,4833.7715,32.86799,-0.00296707969,8.10609e-06,0.0,11601.1315,4827.283,-0.0569872517,116.8174001,0.000278852061
1228.0,7.177192,11601.131,-2.98648276,-2.98648276,-3.62818128,-3.62818128,-2.54320963,-2.54320963,-0.056985819,-191.28519,-191.28519,0.00114150218,0.00114150218,0.00345240112,0.00345240112,0.643203624,4833.7715,32.86799,-0.0029670051,7.237383e-06,0.0,11601.131,4827.283,-0.056985819,116.812169,0.000278832572
1228.5,7.177192,11601.131,-2.98648273,-2.98648273,-3.62818125,-3.62818125,-2.54320959,-2.54320959,-0.0569851157,-191.28519,-191.28519,0.00114148811,0.00114148811,0.00345235852,0.00345235852,0.643222767,4833.7715,32.86799,-0.00296696849,3.5481274e-05,0.0,11601.131,4827.283,-0.0569851157,116.8096019,0.000278822997
1229.0,7.177192,11601.1309,-2.98649236,-2.98649236,-3.62819287,-3.62819287,-2.54321777,-2.54321777,-0.0567637409,-189.964195,-189.964195,0.00112930429,0.00112930429,0.00341550887,0.00341550887,0.643241894,4833.7715,32.86799,-0.00295544247,3.7249143e-05,0.0,11601.1309,4827.283,-0.0567637409,116.0011412,0.00027584315
1229.5,7.177192,11601.1258,-2.9865252,-2.9865252,-3.62823107,-3.62823107,-2.5432445,-2.5432445,-0.0529966196,-167.900896,-167.900896,0.000933075124,0.000933075124,0.00282202216,0.00282202216,0.643261046,4833.7715,32.86799,-0.00275930474,0.000151052322,0.0,11601.1258,4827.283,-0.0529966196,102.243619,0.000227287284
1230.0,7.177192,11601.1185,-2.98652304,-2.98652304,-3.62822612,-3.62822612,-2.54324105,-2.54324105,-0.0480006261,-138.70263,-138.70263,0.00069846474,0.00069846474,0.00211246158,0.00211246158,0.643280216,4833.7715,32.86799,-0.00249918498,0.000145159336,0.0,11601.1185,4827.283,-0.0480006261,83.998258,0.000169205687
1230.5,7.3231258,11601.2844,-3.003737,-3.003737,-3.64919387,-3.64919387,-2.55793859,-2.55793859,-0.0429957554,-109.5038936,-109.5038936,0.000494315607,0.000494315607,0.00149503535,0.00149503535,0.643299381,4833.7715,32.86799,-0.00223860301,0.000118526771,0.0,11601.2844,4827.355,-0.0429957554,65.7204762,0.00011868463
1231.0,20.8530372,11627.79105,-8.382451,-8.382451,-10.20953394,-10.20953394,-8.52304409,-8.52304409,-0.0366754895,-80.3065579,-80.3065579,0.000310266061,0.000310266061,0.000938402968,0.000938402968,0.643332509,4833.7715,32.86799,-0.0019095341,0.000242604134,0.0,11627.79105,4838.388260000001,-0.0366754895,42.6388736,6.6173501e-05
1231.5,43.0648695,11637.8165,-17.9104593,-17.9104593,-21.8277069,-21.8277069,-20.0027281,-20.0027281,-0.0294371707,-51.1063604,-51.1063604,0.000159363143,0.000159363143,0.000482012211,0.000482012211,0.643429393,4833.7715,32.86799,-0.00153266615,0.000193836199,0.0,11637.8165,4842.56416,-0.0294371707,16.20454283,2.0638375e-05
1232.0,65.2767007,11637.992699999999,-27.1620383,-27.1620383,-33.1031226,-33.1031226,-31.1053588,-31.1053588,0.0173462892,-21.9080454,-21.9080454,-2.5530462e-05,-2.5530462e-05,3.6546517e-05,3.6546517e-05,0.643591,4833.7715,32.86799,0.00090314625,0.002518187929,0.0,11637.992699999999,4842.66467,0.0173462892,-9.61903959,1.2226382e-05
1232.5,87.488534,11637.9726,-36.4052488,-36.4052488,-44.368007,-44.368007,-42.1181939,-42.1181939,0.034961222,7.2931850908,7.2931850908,2.8521149e-05,2.8521149e-05,9.4198734e-05,9.4198734e-05,0.643809277,4833.7715,32.86799,0.00182027955,0.000221643942,0.0,11637.9726,4842.66655,0.034961222,-36.3783693,5.3930714e-05
1233.0,109.7003665,11637.9621,-45.6470471,-45.6470471,-55.6311756,-55.6311756,-53.0555905,-53.0555905,0.0421715718,36.4899141,36.4899141,0.000162965797,0.000162965797,0.000492901855,0.000492901855,0.644078859,4833.7715,32.86799,0.00219569134,0.00020631449,0.0,11637.9621,4842.6666,0.0421715718,-62.7105583,0.000111433066
1233.5,131.9121974,11637.9519,-54.8890244,-54.8890244,-66.8945442,-66.8945442,-63.9732116,-63.9732116,0.0493851068,65.6871739,65.6871739,0.000341528259,0.000341528259,0.00103291451,0.00103291451,0.644395711,4833.7715,32.86799,0.00257126888,0.000182375435,0.0,11637.9519,4842.66666,0.0493851068,-89.0543786,0.000184878608
1234.0,154.124031,11637.9419,-64.1315709,-64.1315709,-78.158584,-78.158584,-74.9010481,-74.9010481,0.0563674643,93.5337706,93.5337706,0.000553356953,0.000553356953,0.00167351936,0.00167351936,0.644756778,4833.7715,32.86799,0.00293481002,0.000114732778,0.0,11637.9419,4842.66655,0.0563674643,-114.5539399,0.000270958029
1234.5,176.335861,11637.9385,-73.3748591,-73.3748591,-89.4235624,-89.4235624,-85.8516506,-85.8516506,0.0597986182,100.59694,100.59694,0.000629947735,0.000629947735,0.0019051336,0.0019051336,0.645159569,4833.7715,32.86799,0.00311345539,9.2671609e-05,0.0,11637.9385,4842.66705,0.0597986182,-127.084508,0.000318388303
1235.0,198.547693,11637.935000000001,-82.6166095,-82.6166095,-100.6866491,-100.6866491,-96.8286635,-96.8286635,0.0620167178,100.59694,100.59694,0.000653314273,0.000653314273,0.0019757851,0.0019757851,0.645602092,4833.7715,32.86799,0.00322894219,7.4242013e-05,0.0,11637.935000000001,4842.66675,0.0620167178,-135.185001,0.000351239392
1235.5,213.124862,11621.1222,-88.9978964,-88.9978964,-108.3067399,-108.3067399,-104.2723414,-104.2723414,0.063504682,100.59694,100.59694,0.000668989217,0.000668989217,0.00202317954,0.00202317954,0.646079559,4833.7715,32.86799,0.00330641406,-2.0080469e-05,0.0,11621.1222,4835.67188,0.063504682,-140.619049,0.000374058971
1236.0,213.43738,11601.7225,-88.8405214,-88.8405214,-107.9349789,-107.9349789,-103.9115925,-103.9115925,0.0635106717,100.59694,100.59694,0.000669052324,0.000669052324,0.00202337037,0.00202337037,0.646566305,4833.7715,32.86799,0.00330672592,4.123707e-06,0.0,11601.7225,4827.59948,0.0635106717,-140.640926,0.000374151099
1236.5,213.43738,11600.9772,-88.8134005,-88.8134005,-107.8950925,-107.8950925,-103.872715,-103.872715,0.0635081824,100.59694,100.59694,0.00066902608,0.00066902608,0.00202329111,0.00202329111,0.64705217,4833.7715,32.86799,0.00330659632,2.5214862e-05,0.0,11600.9772,4827.28925,0.0635081824,-140.631832,0.000374112243
1237.0,213.43738,11600.9631,-88.8128772,-88.8128772,-107.8943231,-107.8943231,-103.8719628,-103.8719628,0.063506536,100.59694,100.59694,0.000669008747,0.000669008747,0.00202323864,0.00202323864,0.647537983,4833.7715,32.86799,0.00330651057,-8.195144e-06,0.0,11600.9631,4827.28314,0.063506536,-140.625818,0.000374086548
1237.5,213.43738,11600.963,-88.81287,-88.81287,-107.89431,-107.89431,-103.87195,-103.87195,0.0635082566,100.59694,100.59694,0.000669026875,0.000669026875,0.00202329347,0.00202329347,0.648023812,4833.7715,32.86799,0.0033066002,8.775383e-06,0.0,11600.963,4827.283,0.0635082566,-140.632106,0.00037411342
1238.0,213.43738,11600.963,-88.81287,-88.81287,-107.89431,-107.89431,-103.87195,-103.87195,0.0635068985,100.59694,100.59694,0.000669012557,0.000669012557,0.00202325021,0.00202325021,0.648509617,4833.7715,32.86799,0.00330652946,1.7284891e-05,0.0,11600.963,4827.283,0.0635068985,-140.627145,0.000374092212
1238.5,213.43738,11600.963,-88.81287,-88.81287,-107.89431,-107.89431,-103.87195,-103.87195,0.063507158,100.59694,100.59694,0.000669015306,0.000669015306,0.00202325841,0.00202325841,0.648995425,4833.7715,32.86799,0.00330654297,-1.8699266e-05,0.0,11600.963,4827.283,0.063507158,-140.628088,0.000374096257
1239.0,213.43738,11600.9633,-88.812859,-88.812859,-107.8943025,-107.8943025,-103.871942,-103.871942,0.0631935405,98.7509976,98.7509976,0.000653583411,0.000653583411,0.00197658983,0.00197658983,0.649481205,4833.7715,32.86799,0.00329021422,-4.2968105e-05,0.0,11600.9633,4827.283,0.0631935405,-139.482761,0.000369238887
1239.5,213.43738,11600.9658,-88.81285,-88.81285,-107.8943155,-107.8943155,-103.8719558,-103.8719558,0.0612994357,87.6757215,87.6757215,0.000563037006,0.000563037006,0.00170276413,0.00170276413,0.64996703,4833.7715,32.86799,0.00319159636,-8.6661415e-05,0.0,11600.9658,4827.283,0.0612994357,-132.565489,0.000340444834
1240.0,213.43738,11600.9689,-88.81285,-88.81285,-107.8943432,-107.8943432,-103.8719838,-103.8719838,0.0591963198,75.3677365,75.3677365,0.000467430529,0.000467430529,0.00141363988,0.00141363988,0.65045282,4833.7715,32.86799,0.0030820963,-5.2420375e-05,0.0,11600.9689,4827.283,0.0591963198,-124.8849175,0.00030972191
1240.5,213.43738,11600.9719,-88.81285,-88.81285,-107.8943696,-107.8943696,-103.8720115,-103.8720115,0.0570896326,63.0596422,63.0596422,0.0003772207,0.0003772207,0.0011408341,0.0011408341,0.6509386,4833.7715,32.86799,0.00297241019,-7.8172236e-05,0.0,11600.9719,4827.283,0.0570896326,-117.1912981,0.000280303242
1241.0,213.43738,11600.974900000003,-88.81285,-88.81285,-107.8943982,-107.8943982,-103.872036,-103.872036,0.0549849465,50.7510689,50.7510689,0.000292449055,0.000292449055,0.000884478274,0.000884478274,0.65142438,4833.7715,32.86799,0.00286282827,-3.7574168e-05,0.0,11600.974900000003,4827.283,0.0549849465,-109.5049854,0.000252268257
1241.5,213.43738,11600.9779,-88.81285,-88.81285,-107.8944262,-107.8944262,-103.8720625,-103.8720625,0.0528809912,38.4421311,38.4421311,0.000213104116,0.000213104116,0.000644527294,0.000644527294,0.651910156,4833.7715,32.86799,0.00275328448,-6.4907726e-05,0.0,11600.9779,4827.283,0.0528809912,-101.8213451,0.000225597653
1242.0,213.43738,11600.98015,-88.81285,-88.81285,-107.894452,-107.894452,-103.8720888,-103.8720888,0.0507730961,26.1343234,26.1343234,0.000139178237,0.000139178237,0.000420968133,0.000420968133,0.652395933,4833.7715,32.86799,0.00264353549,-9.592295e-05,0.0,11600.98015,4827.283,0.0507730961,-94.1233119,0.000200235168
1242.5,213.43738,11600.983,-88.81285,-88.81285,-107.89448,-107.89448,-103.8721148,-103.8721148,0.0486702428,13.8237487,13.8237487,7.0679441e-05,7.0679441e-05,0.000213795352,0.000213795352,0.652881711,4833.7715,32.86799,0.00253404902,-5.4984931e-05,0.0,11600.983,4827.283,0.0486702428,-86.4436965,0.000176288056
1243.0,213.43738,11600.985700000003,-88.812857,-88.812857,-107.894512,-107.894512,-103.8721484,-103.8721484,0.046734474,2.51809006,2.51809006,1.2428899e-05,1.2428899e-05,3.7596215e-05,3.7596215e-05,0.653367491,4833.7715,32.86799,0.00243326192,-2.0703205e-05,0.0,11600.985700000003,4827.283,0.046734474,-79.3742698,0.000155410192
1243.5,213.43738,11600.986,-88.81287,-88.81287,-107.89453,-107.89453,-103.872164,-103.872164,0.0463553057,0.3240436,0.3240436,1.57301e-06,1.57301e-06,4.758203e-06,4.758203e-06,0.65385323,4833.7715,32.86799,0.00241352015,-1.0809743e-05,0.0,11600.986,4827.283,0.0463553057,-77.989548,0.000151434372
1244.0,213.43738,11600.986,-88.81287,-88.81287,-107.89453,-107.89453,-103.87216,-103.87216,0.0463568379,0.3240436,0.3240436,1.573062e-06,1.573062e-06,4.75836e-06,4.75836e-06,0.654338988,4833.7715,32.86799,0.00241359998,1.0020975e-05,0.0,11600.986,4827.283,0.0463568379,-77.995143,0.000151450241
1244.5,207.287574,11586.70285,-86.6171145,-86.6171145,-105.1010775,-105.1010775,-101.1452694,-101.1452694,0.0457783301,0.3240436,0.3240436,1.553431e-06,1.553431e-06,4.698979e-06,4.698979e-06,0.654822922,4833.7715,32.86799,0.00238347959,-6.7880818e-05,0.0,11586.70285,4821.339330000001,0.0457783301,-75.8824325,0.000145563625
1245.0,181.316017,11557.0411,-75.5104315,-75.5104315,-91.3870936,-91.3870936,-87.7725029,-87.7725029,0.0431591722,0.3240436,0.3240436,1.464553e-06,1.464553e-06,4.430132e-06,4.430132e-06,0.655277461,4833.7715,32.86799,0.0022471114,-3.4771372e-05,0.0,11557.0411,4808.995339999999,0.0431591722,-66.3172743,0.000119987571
1245.5,153.861995,11555.3324,-64.023088,-64.023088,-77.4725281,-77.4725281,-74.2424763,-74.2424763,0.0404106603,0.3240436,0.3240436,1.371286e-06,1.371286e-06,4.148007e-06,4.148007e-06,0.655682442,4833.7715,32.86799,0.00210400825,-7.2593054e-05,0.0,11555.3324,4808.28276,0.0404106603,-56.2797117,9.5360677e-05
1246.0,126.407968,11555.305,-52.6002497,-52.6002497,-63.6499159,-63.6499159,-60.8338499,-60.8338499,0.0376705592,0.3240436,0.3240436,1.278304e-06,1.278304e-06,3.866746e-06,3.866746e-06,0.656035889,4833.7715,32.86799,0.00196134306,-9.0298295e-05,0.0,11555.305,4808.26946,0.0376705592,-46.2728648,7.3110569e-05
1246.5,98.9539398,11555.307499999997,-41.1755699,-41.1755699,-49.8252784,-49.8252784,-47.4310111,-47.4310111,0.0349268722,0.3240436,0.3240436,1.1852e-06,1.1852e-06,3.585116e-06,3.585116e-06,0.656333996,4833.7715,32.86799,0.00181849112,-8.1586252e-05,0.0,11555.307499999997,4808.26907,0.0349268722,-36.2529244,5.3133536e-05
1247.0,71.4999133,10953.553,-46.120929,-46.120929,-52.5930267,-52.5930267,-50.1513262,-50.1513262,0.033688841,0.3240436,0.3240436,1.143189e-06,1.143189e-06,3.458037e-06,3.458037e-06,0.656598505,4550.38989,32.86799,0.00175403225,-1.4630723e-05,0.0,10953.553,4557.87402,0.033688841,-31.7316376,4.4819895e-05
1247.5,44.0458869,8547.884399999999,-41.1174649,-41.1174649,-37.0683803,-37.0683803,-35.4856673,-35.4856673,0.031540863,0.3240436,0.3240436,1.0703e-06,1.0703e-06,3.237555e-06,3.237555e-06,0.656859174,3576.6566,32.86799,0.00164219627,-8.8767822e-05,0.0,8547.884399999999,3556.85622,0.031540863,-23.8872213,3.1661004e-05
1248.0,16.59186026,6133.83332,-28.3282509,-28.3282509,-18.5466756,-18.5466756,-17.67130525,-17.67130525,0.0286760019,0.3240436,0.3240436,9.73085e-07,9.73085e-07,2.943487e-06,2.943487e-06,0.657024024,2578.87872,32.86799,0.00149303535,-9.8742199e-05,0.0,6133.83332,2552.35004,0.0286760019,-13.42475391,1.6267526e-05
1248.5,-10.86216637,5099.20743,5.83057581,5.83057581,3.13205465,3.13205465,3.69978497,3.69978497,-0.0149905599,0.3240436,0.3240436,-5.08686e-07,-5.08686e-07,2.49554e-07,2.49554e-07,0.657063772,2176.3127,32.86799,-0.000780493586,-0.001740121441,0.0,5099.20743,2121.80911,-0.0149905599,3.83997475,4.587633e-06
1249.0,-27.8910329,5197.55622,12.0939645,12.0939645,6.58264933,6.58264933,7.18360753,7.18360753,-0.0277617244,0.3240436,0.3240436,-9.4206e-07,-9.4206e-07,-3.11435e-07,-3.11435e-07,0.657014388,2176.3127,32.86799,-0.00144543294,-2.9221562e-05,0.0,5197.55622,2162.72528,-0.0277617244,10.0858158,1.1729468e-05
1249.5,-28.105383,5222.34664,11.7256418,11.7256418,6.41254979,6.41254979,7.00853049,7.00853049,-0.0277404281,0.3240436,0.3240436,-9.41337e-07,-9.41337e-07,-3.11196e-07,-3.11196e-07,0.65695486,2176.3127,32.86799,-0.00144432406,9.17441e-06,0.0,5222.34664,2173.04076,-0.0277404281,10.0080388,1.162923e-05
1250.0,-4.2088127,5281.94488,4.111523075,4.111523075,2.14707267,2.14707267,2.708332032,2.708332032,-0.0134222776,1.28922737,1.28922737,2.774847e-06,2.774847e-06,1.0193134e-05,1.0193134e-05,0.656900139,2176.3127,32.86799,-0.000698839911,0.003165489763,0.0,5281.94488,2197.84847,-0.0134222776,2.09525127,1.3817272e-05
1250.5,58.32321,5306.06568,-26.4860284,-26.4860284,-14.7272104,-14.7272104,-13.9694673,-13.9694673,0.0384220397,43.4037003,43.4037003,0.000180394233,0.000180394233,0.000545610661,0.000545610661,0.656948822,2176.3127,32.86799,0.00200046942,0.000292891686,0.0,5306.06568,2207.91555,0.0384220397,-49.0172726,8.0268415e-05
1251.0,58.32321,5225.1726,-24.3458156,-24.3458156,-13.32153165,-13.32153165,-12.61227955,-12.61227955,0.0491312915,107.1655895,107.1655895,0.000557364959,0.000557364959,0.00168568922,0.00168568922,0.657038491,2176.3127,32.86799,0.00255805384,0.000300118429,0.0,5225.1726,2174.26161,0.0491312915,-88.1274461,0.00018286247
1251.5,58.32321,5223.10557,-24.2702571,-24.2702571,-13.27491655,-13.27491655,-12.5668146,-12.5668146,0.0600267598,170.909732,170.909732,0.001080342056,0.001080342056,0.00326736204,0.00326736204,0.657125348,2176.3127,32.86799,0.00312533373,0.000322023849,0.0,5223.10557,2173.40779,0.0600267598,-127.9176825,0.000323135991
1252.0,58.32321,5223.05199,-24.2688328,-24.2688328,-13.2740015,-13.2740015,-12.5659182,-12.5659182,0.0709308852,234.666658,234.666658,0.00174907502,0.00174907502,0.00528993696,0.00528993696,0.657212124,2176.3127,32.86799,0.00369306442,0.000316037846,0.0,5223.05199,2173.39189,0.0709308852,-167.739533,0.000499877937
1252.5,58.32321,5223.03665,-24.2687843,-24.2687843,-13.27393615,-13.27393615,-12.56585455,-12.56585455,0.081324056,295.400342,295.400342,0.00251953797,0.00251953797,0.00762030923,0.00762030923,0.657298862,2176.3127,32.86799,0.00423419183,0.000199741117,0.0,5223.03665,2173.39156,0.081324056,-205.695378,0.000701661961
1253.0,58.32321,5223.032880000001,-24.2687133,-24.2687133,-13.2738878,-13.2738878,-12.56580695,-12.56580695,0.0839469632,310.6696,310.6696,0.00273106702,0.00273106702,0.008260125,0.008260125,0.657385618,2176.3127,32.86799,0.00437075522,-2.350176e-05,0.0,5223.032880000001,2173.39158,0.0839469632,-215.274231,0.000756982166
1253.5,58.32321,5223.033,-24.268719,-24.268719,-13.2738906,-13.2738906,-12.56581,-12.56581,0.0839469511,310.6696,310.6696,0.00273106654,0.00273106654,0.0082601239,0.0082601239,0.657472346,2176.3127,32.86799,0.00437075453,4.604607e-06,0.0,5223.033,2173.3916,0.0839469511,-215.274186,0.000756981902
1254.0,58.32321,5223.033,-24.268719,-24.268719,-13.27389075,-13.27389075,-12.56581,-12.56581,0.0839484294,310.6696,310.6696,0.00273111472,0.00273111472,0.00826026945,0.00826026945,0.6575591,2176.3127,32.86799,0.00437083159,-6.838284e-06,0.0,5223.033,2173.3916,0.0839484294,-215.27959,0.000757014233
1254.5,58.32321,5223.033,-24.268719,-24.268719,-13.2738907,-13.2738907,-12.56581,-12.56581,0.0839481631,310.6696,310.6696,0.00273110603,0.00273110603,0.00826024335,0.00826024335,0.657645822,2176.3127,32.86799,0.00437081773,3.1960099e-05,0.0,5223.033,2173.3916,0.0839481631,-215.278618,0.000757008409
1255.0,58.32321,5223.033,-24.268719,-24.268719,-13.27389065,-13.27389065,-12.56581,-12.56581,0.0839469501,310.6696,310.6696,0.00273106655,0.00273106655,0.0082601239,0.0082601239,0.657732568,2176.3127,32.86799,0.0043707545,5.235799e-06,0.0,5223.033,2173.3916,0.0839469501,-215.274185,0.000756981883
1255.5,58.32321,5223.033,-24.268719,-24.268719,-13.2738906,-13.2738906,-12.56581,-12.56581,0.0839472341,310.6696,310.6696,0.00273107579,0.00273107579,0.0082601517,0.0082601517,0.6578193,2176.3127,32.86799,0.00437076934,2.1350683e-05,0.0,5223.033,2173.3916,0.0839472341,-215.275219,0.00075698807
1256.0,58.32321,5223.033,-24.268719,-24.268719,-13.27389055,-13.27389055,-12.56581,-12.56581,0.0839457716,310.6696,310.6696,0.00273102824,0.00273102824,0.0082600076,0.0082600076,0.657906026,2176.3127,32.86799,0.00437069323,1.553538e-05,0.0,5223.033,2173.3916,0.0839457716,-215.269883,0.000756956132
1256.5,58.32321,5223.033,-24.268719,-24.268719,-13.27389075,-13.27389075,-12.56581,-12.56581,0.0839469355,310.6696,310.6696,0.00273106611,0.00273106611,0.0082601221,0.0082601221,0.657992767,2176.3127,32.86799,0.00437075387,2.6286789e-05,0.0,5223.033,2173.3916,0.0839469355,-215.274132,0.000756981566
1257.0,58.32321,5223.033,-24.268719,-24.268719,-13.27389065,-13.27389065,-12.56581,-12.56581,0.0839471903,310.6696,310.6696,0.00273107433,0.00273107433,0.00826014735,0.00826014735,0.658079503,2176.3127,32.86799,0.00437076697,1.0884141e-05,0.0,5223.033,2173.3916,0.0839471903,-215.275055,0.000756987113
1257.5,58.32321,5223.033,-24.268719,-24.268719,-13.2738908,-13.2738908,-12.56581,-12.56581,0.0839474249,310.6696,310.6696,0.00273108204,0.00273108204,0.00826017055,0.00826017055,0.658166234,2176.3127,32.86799,0.00437077926,-2.0827142e-05,0.0,5223.033,2173.3916,0.0839474249,-215.275921,0.000756992278
1258.0,58.32321,5223.033,-24.268719,-24.268719,-13.27389085,-13.27389085,-12.56581,-12.56581,0.0839475645,310.6696,310.6696,0.00273108655,0.00273108655,0.0082601843,0.0082601843,0.658252952,2176.3127,32.86799,0.00437078657,-1.3410544e-05,0.0,5223.033,2173.3916,0.0839475645,-215.276435,0.000756995341
1258.5,58.32321,5223.033,-24.268719,-24.268719,-13.27389075,-13.27389075,-12.56581,-12.56581,0.0839472029,310.6696,310.6696,0.00273107472,0.00273107472,0.0082601486,0.0082601486,0.658339681,2176.3127,32.86799,0.0043707676,-1.1975272e-05,0.0,5223.033,2173.3916,0.0839472029,-215.275099,0.000756987366
1259.0,58.32321,5223.033,-24.268719,-24.268719,-13.2738908,-13.2738908,-12.56581,-12.56581,0.0839492135,310.6696,310.6696,0.00273114017,0.00273114017,0.0082603464,0.0082603464,0.658426403,2176.3127,32.86799,0.00437087243,1.3562e-08,0.0,5223.033,2173.3916,0.0839492135,-215.282453,0.000757031382
1259.5,51.6867964,5475.30821,-16.1705394,-16.1705394,-9.20533574,-9.20533574,-8.58027108,-8.58027108,0.0827958507,310.6696,310.6696,0.00269361754,0.00269361754,0.00814687355,0.00814687355,0.65850344,2297.12955,32.86799,0.00431082176,-4.7099789e-05,0.0,5475.30821,2278.36448,0.0827958507,-211.070367,0.000732094058
1260.0,28.7928285,6124.66157,-5.90137326,-5.90137326,-3.72976965,-3.72976965,-3.19589212,-3.19589212,0.0804436246,310.6696,310.6696,0.00261709202,0.00261709202,0.0079154507,0.0079154507,0.658545823,2568.41785,32.86799,0.00418835148,-5.9745068e-05,0.0,6124.66157,2548.56383,0.0804436246,-202.480044,0.000682349647
1260.5,5.198534553,6748.470429999999,2.119687486,2.119687486,1.511391156,1.511391156,1.903369458,1.903369458,0.0782507781,310.6696,310.6696,0.00254575168,0.00254575168,0.00769970675,0.00769970675,0.658548065,2822.88264,32.86799,0.00407417966,-3.8203064e-05,0.0,6748.470429999999,2808.13405,0.0782507781,-194.471779,0.000637469494
1261.0,-17.5977521,6882.31241,7.13921136,7.13921136,5.14316704,5.14316704,5.89580664,5.89580664,0.0763854706,310.6696,310.6696,0.00248506714,0.00248506714,0.00751618643,0.00751618643,0.658520195,2878.8567,32.86799,0.00397706109,-4.0824278e-05,0.0,6882.31241,2863.82563,0.0763854706,-187.659671,0.000600498637
1261.5,-23.993738,6902.653789999999,10.1916399,10.1916399,7.36685626,7.36685626,8.1092382,8.1092382,0.0757063624,310.6696,310.6696,0.00246297342,0.00246297342,0.00744937127,0.00744937127,0.658455728,2878.8567,32.86799,0.00394170271,2.7731646e-05,0.0,6902.653789999999,2872.2894,0.0757063624,-185.179565,0.000587237882
1262.0,-23.993738,6909.00871,9.9892132,9.9892132,7.22729257,7.22729257,7.98593448,7.98593448,0.075724856,310.6696,310.6696,0.00246357516,0.00246357516,0.00745119088,0.00745119088,0.658387702,2878.8567,32.86799,0.00394266565,-7.804927e-06,0.0,6909.00871,2874.93377,0.075724856,-185.247108,0.000587595554
1262.5,-13.80125006,6930.686259999999,6.08773907,6.08773907,4.41453446,4.41453446,5.13231419,5.13231419,0.0756463574,304.397241,304.397241,0.00241255319,0.00241255319,0.00729684587,0.00729684587,0.658326982,2878.8567,32.86799,0.00393857846,-9.7954303e-05,0.0,6930.686259999999,2883.95387,0.0756463574,-184.960423,0.000586306052
1263.0,9.79733759,6947.97564,-4.055725664,-4.055725664,-2.951058382,-2.951058382,-2.458038411,-2.458038411,0.0653980023,230.446007,230.446007,0.00158887616,0.00158887616,0.00480548047,0.00480548047,0.658316419,2878.8567,32.86799,0.00340499103,-0.00035975007,0.0,6947.97564,2891.14212,0.0653980023,-147.533452,0.000406417466
1263.5,33.4458519,6948.53434,-13.91604435,-13.91604435,-10.12599702,-10.12599702,-9.3954764,-9.3954764,0.0519895728,138.2389675,138.2389675,0.000763297224,0.000763297224,0.00230851738,0.00230851738,0.658358606,2878.8567,32.86799,0.00270687214,-0.000340472654,0.0,6948.53434,2891.3668,0.0519895728,-98.5658827,0.000216918628
1264.0,48.6909841,6930.14442,-20.5931025,-20.5931025,-14.9446741,-14.9446741,-14.1288127,-14.1288127,0.0407949515,63.7713131,63.7713131,0.000274303614,0.000274303614,0.00082962661,0.00082962661,0.658443606,2878.8567,32.86799,0.00212401663,-0.000174141266,0.0,6930.14442,2883.70805,0.0407949515,-57.683142,9.9021136e-05
1264.5,48.95499,6909.96536,-20.3983788,-20.3983788,-14.7604706,-14.7604706,-13.948881,-13.948881,0.0396516561,57.15255,57.15255,0.000237315194,0.000237315194,0.000717762281,0.000717762281,0.658539702,2878.8567,32.86799,0.00206449019,-8.854259e-06,0.0,6909.96536,2875.31067,0.0396516561,-53.5078272,8.887247e-05
1265.0,48.95499,6909.215150000001,-20.3710699,-20.3710699,-14.7391071,-14.7391071,-13.9280247,-13.9280247,0.0396499231,57.15255,57.15255,0.000237304825,0.000237304825,0.000717730918,0.000717730918,0.658634954,2878.8567,32.86799,0.00206439998,8.397084e-06,0.0,6909.215150000001,2874.99862,0.0396499231,-53.5015,8.885808e-05
1265.5,48.95499,6909.20092,-20.3705422,-20.3705422,-14.738695,-14.738695,-13.9276226,-13.9276226,0.0396503933,57.15255,57.15255,0.000237307634,0.000237307634,0.000717739416,0.000717739416,0.658730162,2878.8567,32.86799,0.00206442442,-1.638972e-06,0.0,6909.20092,2874.99276,0.0396503933,-53.5032148,8.8861981e-05
1266.0,48.95499,6909.200699999999,-20.370533,-20.370533,-14.7386875,-14.7386875,-13.927615,-13.927615,0.0396501938,57.15255,57.15255,0.000237306443,0.000237306443,0.000717735827,0.000717735827,0.658825381,2878.8567,32.86799,0.00206441405,-2.2001362e-05,0.0,6909.200699999999,2874.9927,0.0396501938,-53.5024871,8.8860326e-05
1266.5,48.95499,6909.200699999999,-20.3705316,-20.3705316,-14.73868705,-14.73868705,-13.9276145,-13.9276145,0.0396410172,57.0922472,57.0922472,0.00023700173,0.00023700173,0.000716814281,0.000716814281,0.658920586,2878.8567,32.86799,0.00206393628,-9.16795e-07,0.0,6909.200699999999,2874.9927,0.0396410172,-53.4689768,8.878424e-05
1267.0,48.95499,6909.2071,-20.370462,-20.370462,-14.73865,-14.73865,-13.9275783,-13.9275783,0.0349414112,29.5515881,29.5515881,0.00011169329,0.00011169329,0.000337832658,0.000337832658,0.659015793,2878.8567,32.86799,0.00181924811,-0.000263075701,0.0,6909.2071,2874.99249,0.0349414112,-36.306021,5.4027941e-05
1267.5,48.95499,6909.232029999999,-20.3700501,-20.3700501,-14.73840565,-14.73840565,-13.9273394,-13.9273394,0.0153256112,-19.56192958,-19.56192958,-5.716875e-06,-5.716875e-06,5.9564454e-05,5.9564454e-05,0.659111013,2878.8567,32.86799,0.00079793828,-0.001315251267,0.0,6909.232029999999,2874.99148,0.0153256112,-5.85824695,1.0111034e-05
1268.0,48.95499,6909.30359,-20.3704857,-20.3704857,-14.7388733,-14.7388733,-13.9277951,-13.9277951,-0.0318069038,-68.5358456,-68.5358456,0.00023174675,0.00023174675,0.000700933471,0.000700933471,0.65920621,2878.8567,32.86799,-0.00165604791,-0.000228994762,0.0,6909.30359,2874.99373,-0.0318069038,24.8588059,3.3986858e-05
1268.5,48.95499,6909.306149999999,-20.3705394,-20.3705394,-14.7389174,-14.7389174,-13.9278381,-13.9278381,-0.035400778,-89.48517,-89.48517,0.000331735909,0.000331735909,0.00100334332,0.00100334332,0.659301415,2878.8567,32.86799,-0.00184316534,2.4123862e-05,0.0,6909.306149999999,2874.99267,-0.035400778,37.9836271,5.6324565e-05
1269.0,48.95499,6909.3057,-20.370533,-20.370533,-14.7389121,-14.7389121,-13.9278331,-13.9278331,-0.0354030887,-89.48517,-89.48517,0.000331757573,0.000331757573,0.00100340881,0.00100340881,0.659396621,2878.8567,32.86799,-0.0018432857,2.652712e-06,0.0,6909.3057,2874.9924,-0.0354030887,37.9920689,5.6340763e-05
1269.5,48.95499,6909.3057,-20.3705324,-20.3705324,-14.738912,-14.738912,-13.9278329,-13.9278329,-0.0354027145,-89.48517,-89.48517,0.000331754062,0.000331754062,0.00100339821,0.00100339821,0.659491819,2878.8567,32.86799,-0.00184326619,-8.41172e-06,0.0,6909.3057,2874.9924,-0.0354027145,37.9906997,5.6338136e-05
1270.0,48.95499,6909.3057,-20.3705324,-20.3705324,-14.738912,-14.738912,-13.9278329,-13.9278329,-0.035402835,-89.48517,-89.48517,0.000331755192,0.000331755192,0.00100340162,0.00100340162,0.659587021,2878.8567,32.86799,-0.00184327251,9.973862e-06,0.0,6909.3057,2874.9924,-0.035402835,37.9911412,5.6338984e-05
1270.5,48.95499,6909.3057,-20.3705326,-20.3705326,-14.7389119,-14.7389119,-13.9278328,-13.9278328,-0.0354017448,-89.48517,-89.48517,0.000331744968,0.000331744968,0.00100337068,0.00100337068,0.659682214,2878.8567,32.86799,-0.00184321567,-1.6444946e-05,0.0,6909.3057,2874.9924,-0.0354017448,37.9871573,5.6331339e-05
1271.0,48.95499,6909.3057,-20.3705326,-20.3705326,-14.738912,-14.738912,-13.9278329,-13.9278329,-0.0354026691,-89.48517,-89.48517,0.000331753636,0.000331753636,0.00100339691,0.00100339691,0.65977741,2878.8567,32.86799,-0.00184326385,-1.4756915e-05,0.0,6909.3057,2874.9924,-0.0354026691,37.9905351,5.6337821e-05
1271.5,48.95499,6909.3057,-20.3705326,-20.3705326,-14.738912,-14.738912,-13.927833,-13.927833,-0.0354028474,-89.48517,-89.48517,0.000331755304,0.000331755304,0.00100340197,0.00100340197,0.659872609,2878.8567,32.86799,-0.00184327309,-1.2646219e-05,0.0,6909.3057,2874.9924,-0.0354028474,37.991185,5.6339069e-05
1272.0,48.95499,6909.3057,-20.3705326,-20.3705326,-14.7389118,-14.7389118,-13.9278328,-13.9278328,-0.0354025148,-89.48517,-89.48517,0.000331752192,0.000331752192,0.00100339253,0.00100339253,0.659967808,2878.8567,32.86799,-0.0018432558,2.5312141e-05,0.0,6909.3057,2874.9924,-0.0354025148,37.9899707,5.6336738e-05
1272.5,48.2585818,6907.73833,-20.113643,-20.113643,-14.54977365,-14.54977365,-13.7432674,-13.7432674,-0.0354664181,-89.48517,-89.48517,0.000332351027,0.000332351027,0.00100520349,0.00100520349,0.660062741,2878.8567,32.86799,-0.001846583,3.824273e-06,0.0,6907.73833,2874.34024,-0.0354664181,38.2233481,5.6785676e-05
1273.0,45.961136,6905.48163,-19.1284458,-19.1284458,-13.8325537,-13.8325537,-13.0444845,-13.0444845,-0.035699297,-89.48517,-89.48517,0.000334533292,0.000334533292,0.00101180298,0.00101180298,0.660154692,2878.8567,32.86799,-0.00185870796,1.687894e-05,0.0,6905.48163,2873.401,-0.035699297,39.07382,5.8430472e-05
1273.5,43.6018661,6905.38198,-18.1431255,-18.1431255,-13.1198362,-13.1198362,-12.3522287,-12.3522287,-0.0359372633,-89.48517,-89.48517,0.000336763242,0.000336763242,0.00101854668,0.00101854668,0.660242273,2878.8567,32.86799,-0.00187109785,6.008349e-06,0.0,6905.38198,2873.35938,-0.0359372633,39.9428721,6.0128145e-05
1274.0,41.2425959,6905.37996,-17.1613084,-17.1613084,-12.40985155,-12.40985155,-11.6567227,-11.6567227,-0.0359724746,-88.310564,-88.310564,0.000332690642,0.000332690642,0.001006229025,0.001006229025,0.660325506,2878.8567,32.86799,-0.00187293111,8.663914e-06,0.0,6905.37996,2873.35848,-0.0359724746,40.071462,6.0384206e-05
1274.5,38.8833259,6905.37882,-16.17969255,-16.17969255,-11.70001395,-11.70001395,-10.9458073,-10.9458073,-0.0351462222,-82.0960416,-82.0960416,0.000302208755,0.000302208755,0.000914039321,0.000914039321,0.660404273,2878.8567,32.86799,-0.00182991174,5.6187344e-05,0.0,6905.37882,2873.3585,-0.0351462222,37.0539891,5.4561622e-05
1275.0,37.2204728,6906.9448,-15.4548379,-15.4548379,-11.1783803,-11.1783803,-10.42593615,-10.42593615,-0.0341522971,-75.3036945,-75.3036945,0.00026938377,0.00026938377,0.000814762699,0.000814762699,0.660478777,2878.8567,32.86799,-0.00177816238,2.8438946e-05,0.0,6906.9448,2874.01072,-0.0341522971,33.4241769,4.7831619e-05
1275.5,32.205036,6897.42833,-13.88832375,-13.88832375,-10.03579567,-10.03579567,-9.2979971,-9.2979971,-0.0334919978,-68.8158087,-68.8158087,0.000241324386,0.000241324386,0.000729898187,0.000729898187,0.660550935,2878.8567,32.86799,-0.00174378344,-2.9488366e-05,0.0,6897.42833,2870.05131,-0.0334919978,31.0127654,4.3543088e-05
1276.0,-4.91498583,6844.73461,2.222195314,2.222195314,1.593421313,1.593421313,2.215317544,2.215317544,-0.0369723377,-67.143654,-67.143654,0.000259962388,0.000259962388,0.000786260399,0.000786260399,0.660579893,2878.8567,32.86799,-0.00192498968,-9.4847658e-05,0.0,6844.73461,2848.12305,-0.0369723377,43.722962,6.7882473e-05
1276.5,-14.398616,6900.03375,6.30267651,6.30267651,4.55386182,4.55386182,5.41982421,5.41982421,-0.0379353819,-67.143654,-67.143654,0.000266733804,0.000266733804,0.00080673806,0.00080673806,0.660539906,2878.8567,32.86799,-0.00197513124,1.7865175e-05,0.0,6900.03375,2871.13283,-0.0379353819,47.2399975,7.5066056e-05
1277.0,-14.398616,6909.11681,5.99851321,5.99851321,4.34005026,4.34005026,5.19978906,5.19978906,-0.0379083647,-67.143654,-67.143654,0.000266543832,0.000266543832,0.000806163573,0.000806163573,0.66049696,2878.8567,32.86799,-0.00197372458,4.365222e-06,0.0,6909.11681,2874.91233,-0.0379083647,47.1413293,7.4855806e-05
1277.5,-9.76240347,6918.790080000001,4.20172816,4.20172816,3.04373102,3.04373102,3.75387165,3.75387165,-0.0374598064,-67.143654,-67.143654,0.000263389902,0.000263389902,0.000796625727,0.000796625727,0.660458233,2878.8567,32.86799,-0.00195037008,2.9130228e-05,0.0,6918.790080000001,2878.93775,-0.0374598064,45.5031961,7.1410988e-05
1278.0,-0.4941456853,6924.5716,0.2108872003,0.2108872003,0.1529053308,0.1529053308,0.3244484307,0.3244484307,-0.0365212729,-67.143654,-67.143654,0.000256790823,0.000256790823,0.000776669263,0.000776669263,0.660442224,2878.8567,32.86799,-0.00190150471,1.3537256e-05,0.0,6924.5716,2881.34403,-0.0365212729,42.0756752,6.4378163e-05
1278.5,8.7741121,6924.72993,-3.65086461,-3.65086461,-2.64744674,-2.64744674,-2.12741117,-2.12741117,-0.0355961686,-67.143654,-67.143654,0.000250286171,0.000250286171,0.000756998225,0.000756998225,0.660449368,2878.8567,32.86799,-0.00185333853,8.139135e-06,0.0,6924.72993,2881.41052,-0.0355961686,38.6971954,5.7710201e-05
1279.0,18.0423701,6924.73101,-7.50758698,-7.50758698,-5.44417263,-5.44417263,-4.70447696,-4.70447696,-0.0346680387,-67.143654,-67.143654,0.000243760242,0.000243760242,0.000737262709,0.000737262709,0.660474446,2878.8567,32.86799,-0.00180501482,1.5028205e-05,0.0,6924.73101,2881.41141,-0.0346680387,35.3076654,5.1283482e-05
1279.5,27.3106281,6924.73,-11.3639373,-11.3639373,-8.24062753,-8.24062753,-7.54519947,-7.54519947,-0.0337437219,-67.143654,-67.143654,0.000237261118,0.000237261118,0.000717608154,0.000717608154,0.660518872,2878.8567,32.86799,-0.00175688959,2.4426023e-05,0.0,6924.73,2881.41156,-0.0337437219,31.9320607,4.5145287e-05
1280.0,36.5788856,6924.72846,-15.22072965,-15.22072965,-11.03740155,-11.03740155,-10.28846485,-10.28846485,-0.0328188807,-67.143654,-67.143654,0.000230758308,0.000230758308,0.000697942312,0.000697942312,0.660582099,2878.8567,32.86799,-0.00170873708,1.9046124e-05,0.0,6924.72846,2881.41152,-0.0328188807,28.5545385,3.9265198e-05
1280.5,45.8471429,6924.727550000001,-19.0776211,-19.0776211,-13.8342473,-13.8342473,-13.0470091,-13.0470091,-0.0318928668,-67.143654,-67.143654,0.000224247273,0.000224247273,0.000678251458,0.000678251458,0.660663128,2878.8567,32.86799,-0.00166052367,3.3542957e-05,0.0,6924.727550000001,2881.41164,-0.0318928668,25.1727441,3.3639709e-05
1281.0,55.1154014,6924.72579,-22.9336204,-22.9336204,-16.6304428,-16.6304428,-15.7835781,-15.7835781,-0.0309671522,-67.143654,-67.143654,0.000217738322,0.000217738322,0.000658566775,0.000658566775,0.660761189,2878.8567,32.86799,-0.00161232563,3.4284656e-05,0.0,6924.72579,2881.41144,-0.0309671522,21.7920327,2.8278382e-05
1281.5,64.3836583,6924.72439,-26.7902397,-26.7902397,-19.4270882,-19.4270882,-18.5156489,-18.5156489,-0.030040331,-67.143654,-67.143654,0.000211221592,0.000211221592,0.000638858466,0.000638858466,0.660875695,2878.8567,32.86799,-0.00156407007,2.2749297e-05,0.0,6924.72439,2881.41143,-0.030040331,18.4072828,2.317307e-05
1282.0,71.6866949,6920.1225,-29.9475774,-29.9475774,-21.7020821,-21.7020821,-20.7334131,-20.7334131,-0.0293021455,-67.143654,-67.143654,0.000206031213,0.000206031213,0.000623161314,0.000623161314,0.661005507,2878.8567,32.86799,-0.00152563592,1.3821567e-05,0.0,6920.1225,2879.49697,-0.0293021455,15.7114294,1.9285882e-05
1282.5,72.234695,6909.92607,-30.0798742,-30.0798742,-21.7659711,-21.7659711,-20.7955739,-20.7955739,-0.0292550591,-67.143654,-67.143654,0.000205700139,0.000205700139,0.000622160028,0.000622160028,0.66114139,2878.8567,32.86799,-0.00152318438,-8.7997e-07,0.0,6909.92607,2875.25411,-0.0292550591,15.5394717,1.9042585e-05
1283.0,72.234695,6909.30719,-30.0578698,-30.0578698,-21.7480996,-21.7480996,-20.7780927,-20.7780927,-0.0276271301,-57.5802297,-57.5802297,0.000167313388,0.000167313388,0.000506060331,0.000506060331,0.661276939,2878.8567,32.86799,-0.00143842515,0.000126776635,0.0,6909.30719,2874.99764,-0.0276271301,9.59427479,1.1284642e-05
1283.5,72.118934,6908.97243,-30.0230371,-30.0230371,-21.7218479,-21.7218479,-20.7524271,-20.7524271,0.0102205727,-35.0999159,-35.0999159,-2.4226072e-05,-2.4226072e-05,7.7069067e-05,7.7069067e-05,0.661412446,2878.8567,32.86799,0.00053214101,0.001794961175,0.0,6908.97243,2874.88043,0.0102205727,-4.02360824,5.094534e-06
1284.0,70.990167,6907.171499999999,-29.5473445,-29.5473445,-21.3721093,-21.3721093,-20.4106703,-20.4106703,0.0299218535,-12.56549104,-12.56549104,-3.864952e-05,-3.864952e-05,-1.2777278e-05,-1.2777278e-05,0.661547019,2878.8567,32.86799,0.0015579015,0.000111916138,0.0,6907.171499999999,2874.14251,0.0299218535,-17.9746043,2.2702726e-05
1284.5,69.6257012,6906.942939999999,-28.9719682,-28.9719682,-20.9552323,-20.9552323,-20.0036495,-20.0036495,0.0336372455,9.973759314,9.973759314,3.5855671e-05,3.5855671e-05,0.000108612621,0.000108612621,0.661679293,2878.8567,32.86799,0.00175134585,9.5901564e-05,0.0,6906.942939999999,2874.04955,0.0336372455,-31.5432102,4.4618337e-05
1285.0,68.2612346,6906.933,-28.4040676,-28.4040676,-20.5444437,-20.5444437,-19.6029236,-19.6029236,0.0373564188,32.5105724,32.5105724,0.000127904614,0.000127904614,0.000386866198,0.000386866198,0.661809263,2878.8567,32.86799,0.00194498713,0.000104019413,0.0,6906.933,2874.0476,0.0373564188,-45.1256242,7.0786584e-05
1285.5,66.8967685,6906.92773,-27.8361653,-27.8361653,-20.1336696,-20.1336696,-19.2025557,-19.2025557,0.0410769999,55.0551326,55.0551326,0.00023754726,0.00023754726,0.000718461336,0.000718461336,0.661936944,2878.8567,32.86799,0.0021387017,0.000131136686,0.0,6906.92773,2874.04761,0.0410769999,-58.713183,0.000101198048
1286.0,65.8715695,6907.70185,-27.391069,-27.391069,-19.8139532,-19.8139532,-18.8911782,-18.8911782,0.0448147086,77.5099686,77.5099686,0.000364469771,0.000364469771,0.001102312447,0.001102312447,0.662062422,2878.8567,32.86799,0.00233330801,7.5997338e-05,0.0,6907.70185,2874.37185,0.0448147086,-72.3632914,0.00013601755
1286.5,65.8123,6909.1156,-27.3822595,-27.3822595,-19.8116369,-19.8116369,-18.8889472,-18.8889472,0.046424201,86.92024,86.92024,0.000422565436,0.000422565436,0.0012780101,0.0012780101,0.662187082,2878.8567,32.86799,0.00241710734,4.0259876e-05,0.0,6909.1156,2874.96105,0.046424201,-78.241155,0.000152148717
1287.0,65.8123,6909.18983,-27.3849321,-27.3849321,-19.8137828,-19.8137828,-18.8910383,-18.8910383,0.0464253622,86.92024,86.92024,0.000422576015,0.000422576015,0.00127804208,0.00127804208,0.662311789,2878.8567,32.86799,0.00241716778,2.7108677e-05,0.0,6909.18983,2874.99199,0.0464253622,-78.2453966,0.000152160772
1287.5,65.8123,6909.191399999999,-27.3849852,-27.3849852,-19.8138262,-19.8138262,-18.8910794,-18.8910794,0.0464263688,86.92024,86.92024,0.000422585172,0.000422585172,0.00127806974,0.00127806974,0.662436508,2878.8567,32.86799,0.00241722013,-6.734876e-06,0.0,6909.191399999999,2874.9927,0.0464263688,-78.2490706,0.000152171217
1288.0,65.8123,6909.191399999999,-27.3849858,-27.3849858,-19.8138268,-19.8138268,-18.89108,-18.89108,0.0464242857,86.92024,86.92024,0.000422566214,0.000422566214,0.00127801241,0.00127801241,0.662561217,2878.8567,32.86799,0.00241711174,6.93341e-07,0.0,6909.191399999999,2874.9927,0.0464242857,-78.2414633,0.000152149599
1288.5,65.8123,6909.191399999999,-27.3849862,-27.3849862,-19.8138272,-19.8138272,-18.89108,-18.89108,0.0464240545,86.92024,86.92024,0.000422564108,0.000422564108,0.00127800604,0.00127800604,0.662685927,2878.8567,32.86799,0.00241709967,-2.161397e-05,0.0,6909.191399999999,2874.9927,0.0464240545,-78.2406187,0.000152147197
1289.0,65.8123,6909.191399999999,-27.3849852,-27.3849852,-19.8138262,-19.8138262,-18.89108,-18.89108,0.0464234611,86.92024,86.92024,0.000422558714,0.000422558714,0.00127798974,0.00127798974,0.662810638,2878.8567,32.86799,0.00241706885,2.6435158e-05,0.0,6909.191399999999,2874.9927,0.0464234611,-78.2384544,0.000152141044
1289.5,65.8123,6909.191399999999,-27.3849862,-27.3849862,-19.813827,-19.813827,-18.89108,-18.89108,0.0464260916,86.92024,86.92024,0.00042258265,0.00042258265,0.0012780621,0.0012780621,0.662935339,2878.8567,32.86799,0.00241720573,1.6330641e-05,0.0,6909.191399999999,2874.9927,0.0464260916,-78.2480571,0.000152168336
1290.0,65.8123,6697.537780000001,-32.4474573,-32.4474573,-22.7237556,-22.7237556,-21.7203013,-21.7203013,0.0468894495,86.92024,86.92024,0.000426800256,0.000426800256,0.00129081574,0.00129081574,0.663066803,2781.45292,32.86799,0.00244133076,-2.2053666e-05,0.0,6697.537780000001,2786.92229,0.0468894495,-79.9402394,0.000157019724
1290.5,65.8123,6042.563639999999,-32.3248706,-32.3248706,-20.4823658,-20.4823658,-19.5448891,-19.5448891,0.0468808466,86.92024,86.92024,0.000426721945,0.000426721945,0.00129057895,0.00129057895,0.66320546,2521.10639,32.86799,0.00244088286,-1.1404174e-05,0.0,6042.563639999999,2514.3827,0.0468808466,-79.9088195,0.000156926913
1291.0,65.8123,5861.548479999999,-26.9978041,-26.9978041,-16.5721125,-16.5721125,-15.75369985,-15.75369985,0.0463890107,86.92024,86.92024,0.000422245131,0.000422245131,0.0012770415,0.0012770415,0.663319729,2448.2483,32.86799,0.00241527509,-2.995391e-06,0.0,5861.548479999999,2439.06073,0.0463890107,-78.1126377,0.00015178374
1291.5,65.8565575,5875.42526,-27.3765557,-27.3765557,-16.8440595,-16.8440595,-16.0170898,-16.0170898,0.0464276893,86.92024,86.92024,0.000422597198,0.000422597198,0.00127810612,0.00127810612,0.663427041,2448.2483,32.86799,0.00241728893,3.5021559e-05,0.0,5875.42526,2444.83492,0.0464276893,-78.2538961,0.000152184945
1292.0,70.5720511,5885.050310000001,-29.2593121,-29.2593121,-18.0322876,-18.0322876,-17.1707865,-17.1707865,0.0468896251,86.92024,86.92024,0.000426801855,0.000426801855,0.0012908206,0.0012908206,0.663537214,2448.2483,32.86799,0.00244133989,3.6041238e-05,0.0,5885.050310000001,2448.84026,0.0468896251,-79.9408824,0.000157020789
1292.5,78.4214599,5888.70327,-32.6289383,-32.6289383,-20.1210857,-20.1210857,-19.1953247,-19.1953247,0.0476838919,86.92024,86.92024,0.000434031487,0.000434031487,0.00131268225,0.00131268225,0.66365786,2448.2483,32.86799,0.00248269397,3.5563855e-05,0.0,5888.70327,2450.36075,0.0476838919,-82.8415453,0.000165473548
1293.0,86.2708665,5888.791279999999,-35.897678,-35.897678,-22.1371221,-22.1371221,-21.1397417,-21.1397417,0.0484666532,86.92024,86.92024,0.000441156394,0.000441156394,0.00133422706,0.00133422706,0.663789831,2448.2483,32.86799,0.00252344898,1.6691083e-05,0.0,5888.791279999999,2450.39784,0.0484666532,-85.7001875,0.000173993354
1293.5,94.1202746,5888.79145,-39.1641496,-39.1641496,-24.1514657,-24.1514657,-23.0813413,-23.0813413,0.0492511638,86.92024,86.92024,0.000448297209,0.000448297209,0.00135581989,0.00135581989,0.663932753,2448.2483,32.86799,0.00256429504,2.6967032e-05,0.0,5888.79145,2450.39832,0.0492511638,-88.5652173,0.000182720269
1294.0,101.9696824,5888.790559999999,-42.430136,-42.430136,-26.1655071,-26.1655071,-25.0135741,-25.0135741,0.0498272568,85.6951055,85.6951055,0.000447147011,0.000447147011,0.00135233883,0.00135233883,0.664086363,2448.2483,32.86799,0.00259428966,2.9277239e-05,0.0,5888.790559999999,2450.39832,0.0498272568,-90.6691076,0.000189241419
1294.5,109.8190901,5888.790510000001,-45.6962436,-45.6962436,-28.1796265,-28.1796265,-26.9441705,-26.9441705,0.0497244997,80.515129,80.515129,0.000419260574,0.000419260574,0.00126800146,0.00126800146,0.664250425,2448.2483,32.86799,0.00258893958,-4.1950272e-05,0.0,5888.790510000001,2450.39828,0.0497244997,-90.2938415,0.000188069269
1295.0,117.6684984,5888.7912,-48.962729,-48.962729,-30.1939819,-30.1939819,-28.8666151,-28.8666151,0.0495720221,75.0382549,75.0382549,0.00038954358,0.00038954358,0.00117812787,0.00117812787,0.664424695,2448.2483,32.86799,0.00258100073,-2.2402339e-05,0.0,5888.7912,2450.39847,0.0495720221,-89.7369915,0.000186336291
1295.5,125.5179065,5888.7915,-52.2289071,-52.2289071,-32.2081468,-32.2081468,-30.786426,-30.786426,0.0494194638,69.56205,69.56205,0.000360004449,0.000360004449,0.00108879197,0.00108879197,0.664608991,2448.2483,32.86799,0.00257305774,2.2427038e-05,0.0,5888.7915,2450.39849,0.0494194638,-89.1798505,0.00018460952
1296.0,133.367315,5888.79116,-55.4948284,-55.4948284,-34.2221495,-34.2221495,-32.6984754,-32.6984754,0.0492646907,64.0859241,64.0859241,0.000330625789,0.000330625789,0.000999941727,0.000999941727,0.664803071,2448.2483,32.86799,0.00256499937,1.2965636e-05,0.0,5888.79116,2450.39826,0.0492646907,-88.6146194,0.000182864955
1296.5,139.523631,5884.83899,-58.1581336,-58.1581336,-35.8403723,-35.8403723,-34.231951,-34.231951,0.0489537927,58.609529,58.609529,0.000300490969,0.000300490969,0.000908808651,0.000908808651,0.66500641,2448.2483,32.86799,0.00254881221,-4.6638405e-05,0.0,5884.83899,2448.75357,0.0489537927,-87.4792195,0.000179389105
1297.0,139.816184,5876.03425,-58.2415156,-58.2415156,-35.8381591,-35.8381591,-34.2280565,-34.2280565,0.0480445178,53.1331328,53.1331328,0.000267371421,0.000267371421,0.000808649335,0.000808649335,0.665213299,2448.2483,32.86799,0.0025014702,-6.2735522e-05,0.0,5876.03425,2445.08929,0.0480445178,-84.1585485,0.000169380579
1297.5,127.2551632,5851.05963,-53.2121633,-53.2121633,-32.606295,-32.606295,-31.1567145,-31.1567145,0.0478607459,47.6558164,47.6558164,0.000238762401,0.000238762401,0.000722128428,0.000722128428,0.66541442,2448.2483,30.0352139,0.00249190193,5.5417941e-05,0.0,5851.05963,2434.69698,0.0478607459,-76.2062796,0.000152707153
1298.0,107.0227956,5842.26311,-44.5413949,-44.5413949,-27.2504921,-27.2504921,-26.0483949,-26.0483949,0.050469276,42.1803423,42.1803423,0.00022276582,0.00022276582,0.000673746831,0.000673746831,0.665592098,2448.2483,23.1387634,0.0026277169,0.000129184525,0.0,5842.26311,2431.0383,0.050469276,-65.3015504,0.000137922403
1298.5,86.790426,5842.0553,-36.11395,-36.11395,-22.0937436,-22.0937436,-21.096097,-21.096097,0.0558507338,37.6930045,37.6930045,0.000220327249,0.000220327249,0.000666367585,0.000666367585,0.665743059,2448.2483,16.2106603,0.00290790609,0.000249964232,0.0,5842.0553,2430.95499,0.0558507338,-55.0666377,0.000128575357
1299.0,66.5580563,5842.02999,-27.6953862,-27.6953862,-16.943372,-16.943372,-16.11538095,-16.11538095,0.0654434963,37.25794,37.25794,0.000255337108,0.000255337108,0.000772234744,0.000772234744,0.665865982,2448.2483,10.5775226,0.00340735972,9.5744149e-05,0.0,5842.02999,2430.94997,0.0654434963,-47.4195242,0.000129932923
1299.5,46.3256877,5842.03518,-19.2764036,-19.2764036,-11.79284965,-11.79284965,-11.0970486,-11.0970486,0.060891709,37.25794,37.25794,0.000237577662,0.000237577662,0.000718532264,0.000718532264,0.665959021,2448.2483,10.055212,0.00317036783,-0.000190797356,0.0,5842.03518,2430.9495,0.060891709,-40.0998607,0.000102447734
1300.0,26.0933189,5842.04443,-10.85756947,-10.85756947,-6.64241563,-6.64241563,-6.02421959,-6.02421959,0.0542955182,37.25794,37.25794,0.000211841684,0.000211841684,0.00064070742,0.00064070742,0.66601982,2448.2483,10.055212,0.00282693275,-0.00019079745,0.0,5842.04443,2430.9495,0.0542955182,-32.7302947,7.4607329e-05
1300.5,5.86095004,5842.05025,-2.438975815,-2.438975815,-1.492112462,-1.492112462,-1.16091414,-1.16091414,0.0476994053,37.25794,37.25794,0.000186106009,0.000186106009,0.000562880737,0.000562880737,0.666045911,2448.2483,10.055212,0.00248350167,-0.000190837929,0.0,5842.05025,2430.94813,0.0476994053,-25.3608148,5.0839588e-05
1301.0,-13.99405076,5842.70406,5.91079689,5.91079689,3.61671919,3.61671919,4.26287346,4.26287346,0.0411946562,37.25794,37.25794,0.000160726808,0.000160726808,0.000486129376,0.000486129376,0.666033944,2448.2483,10.055212,0.00214482755,-0.000160086371,0.0,5842.70406,2431.2163,0.0411946562,-18.0934121,3.1367157e-05
1301.5,-20.577526,5868.42972,8.78729565,8.78729565,5.4000234,5.4000234,6.11629425,6.11629425,0.0389792234,37.25794,37.25794,0.000152082983,0.000152082983,0.000459988336,0.000459988336,0.665987519,2448.2483,10.055212,0.00202947952,4.96428e-06,0.0,5868.42972,2441.91966,0.0389792234,-15.6182285,2.5500926e-05
1302.0,-20.577526,5875.575989999999,8.5685619,8.5685619,5.27214098,5.27214098,5.99754076,5.99754076,0.0390456878,37.25794,37.25794,0.000152342303,0.000152342303,0.000460772595,0.000460772595,0.665937855,2448.2483,10.055212,0.00203294009,2.13124e-07,0.0,5875.575989999999,2444.8934,0.0390456878,-15.6924861,2.5665719e-05
1302.5,-20.577526,5875.73808,8.56257405,8.56257405,5.26860196,5.26860196,5.99422328,5.99422328,0.0390475209,37.25794,37.25794,0.000152349453,0.000152349453,0.000460794223,0.000460794223,0.665888505,2448.2483,10.055212,0.00203303549,4.035e-09,0.0,5875.73808,2444.96079,0.0390475209,-15.6945338,2.5670273e-05
1303.0,-20.577526,5875.740970000001,8.5624627,8.5624627,5.26853591,5.26853591,5.99416113,5.99416113,0.039047554,37.25794,37.25794,0.00015234959,0.00015234959,0.000460794624,0.000460794624,0.665839161,2448.2483,10.055212,0.00203303734,7.4e-11,0.0,5875.740970000001,2444.9621,0.039047554,-15.6945717,2.5670358e-05
1303.5,-20.577526,5875.7409,8.5624546,8.5624546,5.26853124,5.26853124,5.99415673,5.99415673,0.0391431141,37.4432443,37.4432443,0.000153496406,0.000153496406,0.00046426286,0.00046426286,0.66578982,2448.2483,10.055212,0.00203801275,4.6304065e-05,0.0,5875.7409,2444.9622,0.0391431141,-15.8013356,2.5911675e-05
1304.0,-20.253338,5876.420599999999,8.48147635,8.48147635,5.21928265,5.21928265,5.94730504,5.94730504,0.0448030844,47.4873865,47.4873865,0.000224015984,0.000224015984,0.000677533278,0.000677533278,0.665740494,2448.2483,10.055212,0.00233270276,0.000270099957,0.0,5876.420599999999,2445.24818,0.0448030844,-22.1249127,4.1840875e-05
1304.5,-14.49281945,5886.53339,6.09565567,6.09565567,3.75740496,3.75740496,4.48139891,4.48139891,0.0553258309,62.9922627,62.9922627,0.000366462233,0.000366462233,0.001108302444,0.001108302444,0.665696513,2448.2483,10.055212,0.00288057669,0.000324737905,0.0,5886.53339,2449.46225,0.0553258309,-33.881408,7.9005979e-05
1305.0,-6.79423569,5888.47379,2.8286238,2.8286238,1.74423791,1.74423791,2.19627775,2.19627775,0.0665123954,78.4971385,78.4971385,0.000548241362,0.000548241362,0.00165798882,0.00165798882,0.66566956,2448.2483,10.055212,0.00346301272,0.000323070934,0.0,5888.47379,2450.27622,0.0665123954,-46.3795497,0.000129698046
1305.5,0.904348252,5888.49686,-0.376294576,-0.376294576,-0.232038471,-0.232038471,-0.1150915974,-0.1150915974,0.0776813866,94.004334,94.004334,0.000766201286,0.000766201286,0.0023170501,0.0023170501,0.665661735,2448.2483,10.055212,0.00404453375,0.000322622186,0.0,5888.49686,2450.29239,0.0776813866,-58.8580565,0.000192000668
1306.0,8.60293225,5888.484399999999,-3.57980598,-3.57980598,-2.20745348,-2.20745348,-1.7675398,-1.7675398,0.0888499,109.511624,109.511624,0.001020429274,0.001020429274,0.00308575325,0.00308575325,0.665668961,2448.2483,10.055212,0.00462602999,0.000323016275,0.0,5888.484399999999,2450.29371,0.0888499,-71.33603,0.000265975361
1306.5,16.30151625,5888.46978,-6.78325738,-6.78325738,-4.18282138,-4.18282138,-3.55626061,-3.55626061,0.099736182,124.49114,124.49114,0.00130134985,0.00130134985,0.00393514474,0.00393514474,0.665688664,2448.2483,10.055212,0.00519283164,0.000249700951,0.0,5888.46978,2450.29397,0.099736182,-83.498682,0.00034921201
1307.0,24.0001001,5888.46296,-9.9866347,-9.9866347,-6.15814213,-6.15814213,-5.55560355,-5.55560355,0.1046215845,128.692,128.692,0.00140994269,0.00140994269,0.00426346495,0.00426346495,0.665722033,2448.2483,10.055212,0.00544719332,7.2600063e-05,0.0,5888.46296,2450.294,0.1046215845,-88.956883,0.000389867066
1307.5,31.0261484,5886.88534,-12.9860033,-12.9860033,-8.00541421,-8.00541421,-7.37792978,-7.37792978,0.106939744,128.692,128.692,0.00144118358,0.00144118358,0.00435789957,0.00435789957,0.665769178,2448.2483,10.055212,0.00556788982,4.4420125e-05,0.0,5886.88534,2449.63883,0.106939744,-91.5468356,0.000410094274
1308.0,32.32692,5876.91246,-13.4947356,-13.4947356,-8.3050544,-8.3050544,-7.66902241,-7.66902241,0.107361789,128.692,128.692,0.00144687127,0.00144687127,0.00437509217,0.00437509217,0.665823938,2448.2483,10.055212,0.00558986393,-1.285916e-06,0.0,5876.91246,2445.48934,0.107361789,-92.0183628,0.000413821313
1308.5,32.32692,5875.67135,-13.4524298,-13.4524298,-8.2772649,-8.2772649,-7.64199395,-7.64199395,0.1073488775,128.692,128.692,0.00144669731,0.00144669731,0.00437456609,0.00437456609,0.665878754,2448.2483,10.055212,0.00558919164,-3.3724e-08,0.0,5875.67135,2444.97291,0.1073488775,-92.0039383,0.000413706677
1309.0,32.32692,5875.6459,-13.45148735,-13.45148735,-8.2766492,-8.2766492,-7.64139537,-7.64139537,0.107348586,128.692,128.692,0.00144669336,0.00144669336,0.00437455452,0.00437455452,0.665933515,2448.2483,10.055212,0.00558917662,-6.32e-10,0.0,5875.6459,2444.96236,0.107348586,-92.0036164,0.000413704114
1309.5,32.32692,5875.6455,-13.4514693,-13.4514693,-8.2766375,-8.2766375,-7.64138412,-7.64138412,0.10734858,128.692,128.692,0.0014466933,0.0014466933,0.0043745544,0.0043745544,0.665988274,2448.2483,10.055212,0.0055891764,-1.2e-11,0.0,5875.6455,2444.9622,0.10734858,-92.00361,0.000413704065
1310.0,32.32692,5875.6455,-13.451469,-13.451469,-8.276637,-8.276637,-7.641384,-7.641384,0.10734858,128.692,128.692,0.0014466933,0.0014466933,0.0043745544,0.0043745544,0.666043028,2448.2483,10.055212,0.0055891764,-0.0,0.0,5875.6455,2444.9622,0.10734858,-92.00361,0.00041370405
1310.5,32.32692,5875.64709,-13.4514348,-13.4514348,-8.2766183,-8.2766183,-7.6413653,-7.6413653,0.1060818285,126.3807646,126.3807646,0.00140437683,0.00140437683,0.00424660542,0.00424660542,0.66609778,2448.2483,10.055212,0.00552322204,-0.000140160117,0.0,5875.64709,2444.9621,0.1060818285,-90.588335,0.000402639718
1311.0,32.32692,5875.65765,-13.451401,-13.451401,-8.27661235,-8.27661235,-7.64135875,-7.64135875,0.098599154,112.9494188,112.9494188,0.00116729994,0.00116729994,0.00352977596,0.00352977596,0.666152541,2448.2483,10.055212,0.00513363139,-0.000240051108,0.0,5875.65765,2444.9622,0.098599154,-82.228346,0.000339878157
1311.5,32.32692,5875.669370000001,-13.451403,-13.451403,-8.27663,-8.27663,-7.64137531,-7.64137531,0.0903001765,98.0862646,98.0862646,0.000928590219,0.000928590219,0.00280800722,0.00280800722,0.666207302,2448.2483,10.055212,0.00470153963,-0.000240051166,0.0,5875.669370000001,2444.9622,0.0903001765,-72.9563482,0.000276222212
1312.0,32.32692,5875.680920000001,-13.451403,-13.451403,-8.27664635,-8.27664635,-7.64139061,-7.64139061,0.0820012039,83.2231124,83.2231124,0.000715714657,0.000715714657,0.00216434166,0.00216434166,0.666262068,2448.2483,10.055212,0.00426944788,-0.00024005117,0.0,5875.680920000001,2444.9622,0.0820012039,-63.6843536,0.000219012649
1312.5,32.32692,5875.69263,-13.451403,-13.451403,-8.2766628,-8.2766628,-7.64140587,-7.64140587,0.0737022275,68.3599592,68.3599592,0.000528673232,0.000528673232,0.00159877634,0.00159877634,0.666316843,2448.2483,10.055212,0.00383735608,-0.00024005117,0.0,5875.69263,2444.9622,0.0737022275,-54.4123587,0.000168249468
1313.0,32.32692,5875.70418,-13.451403,-13.451403,-8.2766791,-8.2766791,-7.64142118,-7.64142118,0.0654032494,53.4968052,53.4968052,0.000367465946,0.000367465946,0.001111315541,0.001111315541,0.666371621,2448.2483,10.055212,0.00340526434,-0.00024005117,0.0,5875.70418,2444.9622,0.0654032494,-45.1403628,0.000123932679
1313.5,32.32692,5875.71585,-13.451403,-13.451403,-8.2766955,-8.2766955,-7.6414365,-7.6414365,0.057104276,38.6336518,38.6336518,0.000232092809,0.000232092809,0.000701949011,0.000701949011,0.666426396,2448.2483,10.055212,0.00297317258,-0.00024005117,0.0,5875.71585,2444.9622,0.057104276,-35.8683676,8.6062272e-05
1314.0,32.32692,5875.72741,-13.451403,-13.451403,-8.2767118,-8.2767118,-7.64145173,-7.64145173,0.0488053002,23.7704987,23.7704987,0.00012255381,0.00012255381,0.000370689107,0.000370689107,0.666481174,2448.2483,10.055212,0.00254108081,-0.00024005117,0.0,5875.72741,2444.9622,0.0488053002,-26.5963716,5.4638251e-05
1314.5,32.32692,5875.7389,-13.4514117,-13.4514117,-8.2767336,-8.2767336,-7.64147213,-7.64147213,0.0406690753,9.21336342,9.21336342,4.0110744e-05,4.0110744e-05,0.000121330695,0.000121330695,0.666535954,2448.2483,10.055212,0.00211746277,-0.000192040594,0.0,5875.7389,2444.9622,0.0406690753,-17.5062086,3.0041259e-05
1315.0,32.5331746,5876.0782,-13.4876553,-13.4876553,-8.2995237,-8.2995237,-7.6636986,-7.6636986,0.0380493756,4.4921756,4.4921756,1.7899169e-05,1.7899169e-05,5.4143254e-05,5.4143254e-05,0.666590746,2448.2483,10.055212,0.00198106647,2.0447992e-05,0.0,5876.0782,2445.10177,0.0380493756,-14.5793604,2.3237462e-05
1315.5,41.3799087,5892.88606,-17.0637913,-17.0637913,-10.5308741,-10.5308741,-9.8601805,-9.8601805,0.0408836533,4.4921756,4.4921756,1.9232468e-05,1.9232468e-05,5.8176354e-05,5.8176354e-05,0.666650958,2448.2483,10.055212,0.00212863493,0.000129335811,0.0,5892.88606,2452.09725,0.0408836533,-17.7459444,3.0468063e-05
1316.0,54.7494374,5897.86785,-22.777355,-22.777355,-14.0678423,-14.0678423,-13.3165437,-13.3165437,0.045288084,4.4921756,4.4921756,2.1304398e-05,2.1304398e-05,6.4443743e-05,6.4443743e-05,0.666731495,2448.2483,10.055212,0.00235795461,0.0001262295,0.0,5897.86785,2454.17275,0.045288084,-22.6667765,4.3072887e-05
1316.5,68.1189657,5897.97666,-28.3447583,-28.3447583,-17.50670565,-17.50670565,-16.6607671,-16.6607671,0.0496481386,4.4921756,4.4921756,2.3355453e-05,2.3355453e-05,7.0647984e-05,7.0647984e-05,0.666832979,2448.2483,10.055212,0.00258496385,0.000126081638,0.0,5897.97666,2454.22065,0.0496481386,-27.5380302,5.7342997e-05
1317.0,81.4884941,5897.972690000001,-33.9079983,-33.9079983,-20.9427408,-20.9427408,-19.9879819,-19.9879819,0.0540069204,4.4921756,4.4921756,2.5405909e-05,2.5405909e-05,7.6850415e-05,7.6850415e-05,0.666954243,2448.2483,10.055212,0.0028119067,0.000126078814,0.0,5897.972690000001,2454.22146,0.0540069204,-32.4078597,7.3387599e-05
1317.5,87.82974,6177.85841,-20.37287504,-20.37287504,-12.224812,-12.224812,-11.315212,-11.315212,0.0513085682,4.4921756,4.4921756,2.4136552e-05,2.4136552e-05,7.3010731e-05,7.3010731e-05,0.667080304,2617.37247,10.055212,0.00267141519,-0.000401350426,0.0,6177.85841,2570.68247,0.0513085682,-29.393137,6.5052707e-05
1318.0,87.82974,9238.221959999997,-18.9681945,-18.9681945,-19.5830502,-19.5830502,-18.06562907,-18.06562907,0.0507108832,4.4921756,4.4921756,2.3855389e-05,2.3855389e-05,7.2160242e-05,7.2160242e-05,0.667098712,3813.46831,10.055212,0.00264029626,0.000636084475,0.0,9238.221959999997,3844.12188,0.0507108832,-28.7253761,6.3447492e-05
1318.5,87.82974,9433.30005,-37.3972393,-37.3972393,-36.9449807,-36.9449807,-35.1907937,-35.1907937,0.0563553698,4.4921756,4.4921756,2.6510666e-05,2.6510666e-05,8.0192196e-05,8.0192196e-05,0.667292857,3920.338,10.055212,0.00293418033,-2.6042423e-05,0.0,9433.30005,3925.29876,0.0563553698,-35.0316559,8.2698799e-05
1319.0,87.82974,9409.2249,-36.5649056,-36.5649056,-36.0285632,-36.0285632,-34.3021969,-34.3021969,0.0561012211,4.4921756,4.4921756,2.6391109e-05,2.6391109e-05,7.9830552e-05,7.9830552e-05,0.667500874,3920.338,10.055212,0.00292094789,-6.4439e-07,0.0,9409.2249,3915.28077,0.0561012211,-34.7477085,8.1655814e-05
1319.5,87.82974,9408.7412,-36.546942,-36.546942,-36.0090104,-36.0090104,-34.2832247,-34.2832247,0.056095722,4.4921756,4.4921756,2.6388522e-05,2.6388522e-05,7.9822726e-05,7.9822726e-05,0.66770771,3920.338,10.055212,0.00292066158,-1.1988e-08,0.0,9408.7412,3915.07953,0.056095722,-34.7415651,8.1633371e-05
1320.0,87.82974,9408.732,-36.5466089,-36.5466089,-36.0086493,-36.0086493,-34.2828739,-34.2828739,0.056095621,4.4921756,4.4921756,2.6388474e-05,2.6388474e-05,7.9822581e-05,7.9822581e-05,0.667914536,3920.338,10.055212,0.00292065626,-2.2e-10,0.0,9408.732,3915.07582,0.056095621,-34.7414501,8.1632955e-05
1320.5,87.82974,9408.732,-36.546604,-36.546604,-36.008644,-36.008644,-34.282867,-34.282867,0.05609562,4.4921756,4.4921756,2.6388474e-05,2.6388474e-05,7.982258e-05,7.982258e-05,0.668121315,3920.338,10.055212,0.0029206562,-4e-12,0.0,9408.732,3915.0757,0.05609562,-34.741447,8.163295e-05
1321.0,87.82974,9408.732,-36.546604,-36.546604,-36.008644,-36.008644,-34.282867,-34.282867,0.05609562,4.4921756,4.4921756,2.6388474e-05,2.6388474e-05,7.982258e-05,7.982258e-05,0.668328131,3920.338,10.055212,0.0029206562,-0.0,0.0,9408.732,3915.0757,0.05609562,-34.741447,8.163295e-05
1321.5,87.82974,9408.732,-36.546604,-36.546604,-36.008644,-36.008644,-34.282867,-34.282867,0.05609562,4.4921756,4.4921756,2.6388474e-05,2.6388474e-05,7.982258e-05,7.982258e-05,0.668534935,3920.338,10.055212,0.0029206562,-0.0,0.0,9408.732,3915.0757,0.05609562,-34.741447,8.163295e-05
1322.0,87.82974,9408.732,-36.546604,-36.546604,-36.008644,-36.008644,-34.282867,-34.282867,0.05609562,4.4921756,4.4921756,2.6388474e-05,2.6388474e-05,7.982258e-05,7.982258e-05,0.66874173,3920.338,10.055212,0.0029206562,0.0,0.0,9408.732,3915.0757,0.05609562,-34.741447,8.163295e-05
1322.5,87.82974,9408.732,-36.546604,-36.546604,-36.008644,-36.008644,-34.282867,-34.282867,0.05609562,4.4921756,4.4921756,2.6388474e-05,2.6388474e-05,7.982258e-05,7.982258e-05,0.66894852,3920.338,10.055212,0.0029206562,-0.0,0.0,9408.732,3915.0757,0.05609562,-34.741447,8.163295e-05
1323.0,87.82974,9408.732,-36.546604,-36.546604,-36.008644,-36.008644,-34.282867,-34.282867,0.05609562,4.4921756,4.4921756,2.6388474e-05,2.6388474e-05,7.982258e-05,7.982258e-05,0.669155315,3920.338,10.055212,0.0029206562,-0.0,0.0,9408.732,3915.0757,0.05609562,-34.741447,8.163295e-05
1323.5,87.82974,9408.732,-36.546604,-36.546604,-36.008644,-36.008644,-34.282867,-34.282867,0.05609562,4.4921756,4.4921756,2.6388474e-05,2.6388474e-05,7.982258e-05,7.982258e-05,0.6693621,3920.338,10.055212,0.0029206562,-0.0,0.0,9408.732,3915.0757,0.05609562,-34.741447,8.163295e-05
1324.0,87.82974,9408.732,-36.546604,-36.546604,-36.008644,-36.008644,-34.282867,-34.282867,0.05609562,4.4921756,4.4921756,2.6388474e-05,2.6388474e-05,7.982258e-05,7.982258e-05,0.66956887,3920.338,10.055212,0.0029206562,-0.0,0.0,9408.732,3915.0757,0.05609562,-34.741447,8.163295e-05
1324.5,87.82974,9408.776300000001,-36.5458425,-36.5458425,-36.0080622,-36.0080622,-34.2822891,-34.2822891,0.0217250949,-36.554576405,-36.554576405,-1.5574139e-05,-1.5574139e-05,0.000127936653,0.000127936653,0.66977564,3920.338,10.055212,0.00113113176,-0.00290446097,0.0,9408.776300000001,3915.07403,0.0217250949,-9.71049627,2.5430348e-05
1325.0,87.82974,9408.899099999999,-36.5462705,-36.5462705,-36.0089532,-36.0089532,-34.2831278,-34.2831278,-0.0610221729,-116.2716032,-116.2716032,0.000773666521,0.000773666521,0.00233975915,0.00233975915,0.66998241,3920.338,10.055212,-0.00317716058,-0.00128768821,0.0,9408.899099999999,3915.07674,-0.0610221729,40.2456208,0.000110523181
1325.5,87.82974,9408.95875,-36.546249,-36.546249,-36.0091601,-36.0091601,-34.2833143,-34.2833143,-0.1055398601,-196.001096,-196.001096,0.00219688994,0.00219688994,0.00664352041,0.00664352041,0.670189155,3920.338,10.055212,-0.005495004,-0.00128769173,0.0,9408.95875,3915.07552,-0.1055398601,89.9828195,0.000405451683
1326.0,84.0589806,9400.0081,-35.2684337,-35.2684337,-34.7190413,-34.7190413,-33.0285336,-33.0285336,-0.150999624,-275.369849,-275.369849,0.00438655583,0.00438655583,0.013265178,0.013265178,0.670394891,3920.338,10.055212,-0.00786189731,-0.001278326845,0.0,9400.0081,3911.3246,-0.150999624,140.772549,0.000899286231
1326.5,61.3933257,9369.6616,-25.6354776,-25.6354776,-25.153982,-25.153982,-23.6779703,-23.6779703,-0.17684532,-308.00143,-308.00143,0.00570393956,0.00570393956,0.0172490075,0.0172490075,0.67057333,3920.338,10.055212,-0.0092075709,-0.000240418428,0.0,9369.6616,3898.68209,-0.17684532,169.648546,0.00125696791
1327.0,36.20013,9367.1576,-15.0653803,-15.0653803,-14.7780524,-14.7780524,-13.46572395,-13.46572395,-0.158709366,-308.00143,-308.00143,0.00511898545,0.00511898545,0.0154804491,0.0154804491,0.670695378,3920.338,12.4656674,-0.00826331019,0.001861659135,0.0,9367.1576,3897.65069,-0.158709366,179.307357,0.00118957394
1327.5,11.00693395,9367.01945,-4.580544574,-4.580544574,-4.493115646,-4.493115646,-3.567286236,-3.567286236,-0.1020294935,-308.00143,-308.00143,0.00329084228,0.00329084228,0.00995284835,0.00995284835,0.670754409,3920.338,22.4075876,-0.00531223421,0.001032101704,0.0,9367.01945,3897.62645,-0.1020294935,188.451736,0.00080437531
1328.0,-14.1862617,9366.9953,5.90370035,5.90370035,5.79099553,5.79099553,7.1377317,7.1377317,-0.0794953238,-308.00143,-308.00143,0.00256402895,0.00256402895,0.00775495503,0.00775495503,0.670740351,3920.338,32.8886093,-0.00413897762,0.00046259867,0.0,9366.9953,3897.62957,-0.0794953238,197.590131,0.000657478156
1328.5,-34.5351108,9378.34905,14.69141265,14.69141265,14.42949845,14.42949845,15.8923673,15.8923673,-0.067771885,-308.00143,-308.00143,0.00218590308,0.00218590308,0.00661143073,0.00661143073,0.670628716,3920.338,43.3696293,-0.00352858887,0.000336188753,0.0,9378.34905,3902.36077,-0.067771885,205.118841,0.000582189423
1329.0,-36.344185,9406.934299999997,15.1925444,15.1925444,14.9660383,14.9660383,16.4502543,16.4502543,-0.0594913011,-308.00143,-308.00143,0.00191882249,0.00191882249,0.00580370199,0.00580370199,0.670466951,3920.338,53.8506514,-0.00309745469,0.000249170634,0.0,9406.934299999997,3914.26014,-0.0594913011,205.686433,0.000512566742
1329.5,-36.344185,9408.8476,15.1244798,15.1244798,14.9020321,14.9020321,16.3874412,16.3874412,-0.0538757285,-308.00143,-308.00143,0.0017376988,0.0017376988,0.00525591943,0.00525591943,0.67030695,3920.338,64.2450823,-0.00280507609,0.000180679252,0.0,9408.8476,3915.05944,-0.0538757285,205.676795,0.00046416016
1330.0,-36.344185,9408.8832,15.1231135,15.1231135,14.90074175,14.90074175,16.3861733,16.3861733,-0.0521452962,-308.00143,-308.00143,0.00168188571,0.00168188571,0.00508711917,0.00508711917,0.670147157,3920.338,68.182236,-0.00271497997,6.7327498e-05,0.0,9408.8832,3915.07518,-0.0521452962,205.647442,0.000449186894
1330.5,-36.344185,9408.884,15.123084,15.123084,14.9007147,14.9007147,16.3861464,16.3861464,-0.0521446048,-308.00143,-308.00143,0.00168186338,0.00168186338,0.0050870517,0.0050870517,0.66998735,3920.338,68.182236,-0.00271494398,-9.4477632e-05,0.0,9408.884,3915.0757,-0.0521446048,205.6422,0.000449169495
1331.0,-36.344185,9408.884,15.1230838,15.1230838,14.9007144,14.9007144,16.3861466,16.3861466,-0.0521454955,-308.00143,-308.00143,0.00168189213,0.00168189213,0.00508713852,0.00508713852,0.669827539,3920.338,68.182236,-0.00271499045,1.4752497e-05,0.0,9408.884,3915.0757,-0.0521454955,205.648953,0.000449191901
1331.5,-36.344185,9408.884,15.1230835,15.1230835,14.9007143,14.9007143,16.3861462,16.3861462,-0.0521435204,-308.00143,-308.00143,0.00168182841,0.00168182841,0.00508694583,0.00508694583,0.669667709,3920.338,68.182236,-0.00271488752,8.3734365e-05,0.0,9408.884,3915.0757,-0.0521435204,205.633984,0.000449142192
1332.0,-36.344185,9408.8838,15.12307815,15.12307815,14.90070825,14.90070825,16.38614,16.38614,-0.0519374963,-305.440703,-305.440703,0.00166132943,0.00166132943,0.00502493952,0.00502493952,0.669507864,3920.338,68.182236,-0.00270416076,-1.4462945e-05,0.0,9408.8838,3915.0757,-0.0519374963,204.073187,0.000443990351
1332.5,-36.344185,9408.882099999999,15.1230737,15.1230737,14.90070095,14.90070095,16.3861318,16.3861318,-0.0507804932,-291.401868,-291.401868,0.00154976464,0.00154976464,0.00468747497,0.00468747497,0.669348021,3920.338,68.182236,-0.00264392063,-0.000104791818,0.0,9408.882099999999,3915.0757,-0.0507804932,195.307958,0.000415480402
1333.0,-19.6335086,9442.5562,8.63642893,8.63642893,8.53369839,8.53369839,10.00941552,10.00941552,-0.0487207088,-275.987421,-275.987421,0.00140847033,0.00140847033,0.00426009738,0.00426009738,0.669211207,3920.338,68.182236,-0.00253667652,6.9983998e-05,0.0,9442.5562,3929.08888,-0.0487207088,179.70344,0.000366949906
1333.5,11.81777016,9460.7256,-4.900032112,-4.900032112,-4.854763565,-4.854763565,-3.90555022,-3.90555022,-0.0459166134,-260.572704,-260.572704,0.00125330238,0.00125330238,0.00379076708,0.00379076708,0.66918514,3920.338,68.182236,-0.00239067939,0.000144570487,0.0,9460.7256,3936.6511,-0.0459166134,158.460159,0.000304977333
1334.0,43.024362,9460.884300000002,-17.9680512,-17.9680512,-17.8015064,-17.8015064,-16.4128732,-16.4128732,-0.0431382798,-245.161575,-245.161575,0.00110786593,0.00110786593,0.00335087411,0.00335087411,0.669254591,3920.338,68.182236,-0.00224602357,4.4075666e-05,0.0,9460.884300000002,3936.71864,-0.0431382798,137.412046,0.000248497151
1334.5,48.7238376,9408.6175,-21.0348284,-21.0348284,-20.7316442,-20.7316442,-19.32378095,-19.32378095,-0.0415567577,-229.744402,-229.744402,0.000999841196,0.000999841196,0.00302413163,0.00302413163,0.669383332,3920.338,68.182236,-0.0021636806,9.9866356e-05,0.0,9408.6175,3914.97097,-0.0415567577,125.4307521,0.000218344204
1335.0,23.85534955,9367.30705,-9.99437854,-9.99437854,-9.80448128,-9.80448128,-8.50991331,-8.50991331,-0.0415192536,-214.329465,-214.329465,0.000931879124,0.000931879124,0.002818555,0.002818555,0.669478548,3920.338,68.182236,-0.00216172792,-1.8757606e-05,0.0,9367.30705,3897.78142,-0.0415192536,125.1466235,0.00021764931
1335.5,-2.2497195,9365.456750000001,0.935175824,0.935175824,0.91716173,0.91716173,1.790277334,1.790277334,-0.0415070893,-198.914406,-198.914406,0.000864603884,0.000864603884,0.00261505783,0.00261505783,0.669503018,3920.338,68.182236,-0.00216109457,4.4703193e-05,0.0,9365.456750000001,3897.01135,-0.0415070893,125.0544652,0.000217425321
1336.0,-28.3547884,9365.4187,11.7988694,11.7988694,11.5716742,11.5716742,13.0685982,13.0685982,-0.0414913337,-183.50014,-183.50014,0.000797301958,0.000797301958,0.00241148262,0.00241148262,0.669436833,3920.338,68.182236,-0.00216027421,-7.8338255e-05,0.0,9365.4187,3896.99563,-0.0414913337,124.9351082,0.000217135348
1336.5,-48.3406095,9379.5049,20.4661681,20.4661681,20.103219,20.103219,21.6033646,21.6033646,-0.0412204236,-168.321675,-168.321675,0.000726680896,0.000726680896,0.00219787309,0.00219787309,0.669247,3920.338,68.182236,-0.00214616915,-0.000149469801,0.0,9379.5049,3902.85713,-0.0412204236,122.8827481,0.000212194333
1337.0,-49.633835,9407.27715,20.7099204,20.7099204,20.4019081,20.4019081,21.9197904,21.9197904,-0.040836315,-163.10315,-163.10315,0.000697489267,0.000697489267,0.0021095798,0.0021095798,0.668989672,3920.338,68.182236,-0.00212617029,-3.779661e-05,0.0,9407.27715,3914.41358,-0.040836315,119.972819,0.000205219225
1337.5,-49.633835,9408.8369,20.6541567,20.6541567,20.3503574,20.3503574,21.8679749,21.8679749,-0.0408366143,-163.10315,-163.10315,0.000697494379,0.000697494379,0.00210959525,0.00210959525,0.668736364,3920.338,68.182236,-0.00212618585,4.2677072e-05,0.0,9408.8369,3915.06271,-0.0408366143,119.9750819,0.000205224597
1338.0,-49.633835,9408.8674,20.653027,20.653027,20.3493101,20.3493101,21.866921,21.866921,-0.0408341144,-163.10315,-163.10315,0.000697451679,0.000697451679,0.0021094661,0.0021094661,0.668483339,3920.338,68.182236,-0.00212605568,-2.895364e-06,0.0,9408.8674,3915.07533,-0.0408341144,119.9561429,0.000205179638
1338.5,-49.633835,9408.868,20.6530066,20.6530066,20.3492898,20.3492898,21.8669016,21.8669016,-0.0408359042,-163.10315,-163.10315,0.000697482253,0.000697482253,0.00210955856,0.00210955856,0.668230238,3920.338,68.182236,-0.00212614891,-1.7834383e-05,0.0,9408.868,3915.0757,-0.0408359042,119.9697058,0.000205211831
1339.0,-49.633835,9408.868,20.653006,20.653006,20.3492893,20.3492893,21.866901,21.866901,-0.0408342932,-163.10315,-163.10315,0.000697454729,0.000697454729,0.00210947533,0.00210947533,0.667977075,3920.338,68.182236,-0.002126065,3.7539619e-05,0.0,9408.868,3915.0757,-0.0408342932,119.9575005,0.000205182868
1339.5,-49.633835,9408.868,20.653006,20.653006,20.3492896,20.3492896,21.866901,21.866901,-0.0408369605,-163.10315,-163.10315,0.000697500292,0.000697500292,0.00210961312,0.00210961312,0.667723849,3920.338,68.182236,-0.00212620387,2.3547773e-05,0.0,9408.868,3915.0757,-0.0408369605,119.9777071,0.000205230829
1340.0,-49.633835,9408.868,20.653006,20.653006,20.3492898,20.3492898,21.866901,21.866901,-0.0408392355,-163.10315,-163.10315,0.000697539141,0.000697539141,0.00210973063,0.00210973063,0.667470548,3920.338,68.182236,-0.00212632231,3.496256e-05,0.0,9408.868,3915.0757,-0.0408392355,119.9949384,0.000205271742
1340.5,-49.633835,9408.867900000001,20.6530015,20.6530015,20.3492849,20.3492849,21.8668965,21.8668965,-0.0407443793,-162.020845,-162.020845,0.000691348843,0.000691348843,0.00209100757,0.00209100757,0.667217202,3920.338,68.182236,-0.00212138353,6.1855812e-05,0.0,9408.867900000001,3915.0757,-0.0407443793,119.2763248,0.000203580482
1341.0,-49.633835,9408.8645,20.652977,20.652977,20.3492546,20.3492546,21.8668643,21.8668643,-0.0383826853,-133.2919205,-133.2919205,0.000536937739,0.000536937739,0.00162398139,0.00162398139,0.666963788,3920.338,68.182236,-0.00199842039,7.0339899e-05,0.0,9408.8645,3915.0757,-0.0383826853,101.384602,0.000163298752
1341.5,-49.633835,9408.8595,20.6529784,20.6529784,20.3492452,20.3492452,21.8668538,21.8668538,-0.0350210154,-92.616628,-92.616628,0.000340843235,0.000340843235,0.001030891202,0.001030891202,0.66671032,3920.338,68.182236,-0.00182339278,-1.216183e-06,0.0,9408.8595,3915.0757,-0.0350210154,75.917249,0.000111663364
1342.0,-49.633835,9408.85505,20.652979,20.652979,20.3492363,20.3492363,21.8668423,21.8668423,-0.0316736203,-51.9430806,-51.9430806,0.000173467148,0.000173467148,0.000524668212,0.000524668212,0.666456804,3920.338,68.182236,-0.00164910836,2.7631168e-05,0.0,9408.85505,3915.0757,-0.0316736203,50.5580349,6.7372456e-05
1342.5,-49.633835,9408.851,20.6529786,20.6529786,20.349225,20.349225,21.8668301,21.8668301,-0.0283152603,-11.27135598,-11.27135598,3.4601129e-05,3.4601129e-05,0.000112250967,0.000112250967,0.666203229,3920.338,68.182236,-0.00147425312,0.000100088379,0.0,9408.851,3915.0757,-0.0283152603,25.1157633,3.0084049e-05
1343.0,-47.5033172,9413.6982,20.0351921,20.0351921,19.7497405,19.7497405,21.256131,21.256131,-0.00664075236,29.3975103,29.3975103,4.934117e-06,4.934117e-06,9.9617623e-05,9.9617623e-05,0.6659509,3920.338,68.182236,-0.000345755246,0.003767434051,0.0,9413.6982,3917.10543,-0.00664075236,-0.26993909,6.972e-06
1343.5,-23.3073906,9452.9273,9.89371133,9.89371133,9.79185307,9.79185307,11.33772804,11.33772804,0.029637563,70.0689004,70.0689004,0.000219159648,0.000219159648,0.000662868372,0.000662868372,0.665771514,3920.338,68.182236,0.00154309973,0.000185981112,0.0,9452.9273,3933.45007,0.029637563,-35.133269,4.4223011e-05
1344.0,6.69282397,9458.5784,-2.781652198,-2.781652198,-2.755267904,-2.755267904,-1.86275667,-1.86275667,0.0333607506,97.605981,97.605981,0.000341068209,0.000341068209,0.001031577784,0.001031577784,0.665730584,3920.338,68.182236,0.00173694999,4.5713086e-05,0.0,9458.5784,3935.80362,0.0333607506,-63.3394076,8.8598416e-05
1344.5,36.6930384,9458.691499999997,-15.2678195,-15.2678195,-15.1229577,-15.1229577,-13.7719458,-13.7719458,0.0348700143,98.38802,98.38802,0.000359271674,0.000359271674,0.00108662954,0.00108662954,0.665784783,3920.338,68.182236,0.00181553079,-3.4988422e-05,0.0,9458.691499999997,3935.85176,0.0348700143,-74.7732939,0.000109271191
1345.0,66.6932526,9458.6928,-27.7520527,-27.7520527,-27.4887418,-27.4887418,-25.9436696,-25.9436696,0.0363171106,98.38802,98.38802,0.000374181362,0.000374181362,0.00113171862,0.00113171862,0.665914147,3920.338,68.182236,0.00189087487,3.2334299e-05,0.0,9458.6928,3935.85319,0.0363171106,-85.7362099,0.000130481223
1345.5,96.4937851,9458.4532,-40.2092304,-40.2092304,-39.8265824,-39.8265824,-37.9791144,-37.9791144,0.0377592781,98.38802,98.38802,0.000389040256,0.000389040256,0.00117665369,0.00117665369,0.666108849,3920.338,68.182236,0.00196596223,5.405587e-05,0.0,9458.4532,3935.75425,0.0377592781,-96.6617866,0.000152937115
1346.0,108.19674,9422.688,-45.4181145,-45.4181145,-44.8162993,-44.8162993,-42.8289513,-42.8289513,0.0383344807,98.38802,98.38802,0.000394966673,0.000394966673,0.0011945758,0.0011945758,0.666350295,3920.338,68.182236,0.00199591055,-6.0887794e-05,0.0,9422.688,3920.8724,0.0383344807,-101.0194118,0.000162212091
1346.5,108.19674,9409.09685,-45.0339386,-45.0339386,-44.3727643,-44.3727643,-42.4025836,-42.4025836,0.0383183907,98.38802,98.38802,0.000394800888,0.000394800888,0.00119407444,0.00119407444,0.666596703,3920.338,68.182236,0.00199507289,3.6526281e-05,0.0,9409.09685,3915.21698,0.0383183907,-100.897518,0.0001619483
1347.0,108.19674,9408.7636,-45.0217004,-45.0217004,-44.3591352,-44.3591352,-42.3894232,-42.3894232,0.0383186952,98.38802,98.38802,0.000394804021,0.000394804021,0.00119408393,0.00119408393,0.666842488,3920.338,68.182236,0.00199508868,6.5455814e-05,0.0,9408.7636,3915.07841,0.0383186952,-100.8998184,0.00016195327
1347.5,108.19674,7634.3216,-98.394533,-98.394533,-72.8250435,-72.8250435,-69.2345635,-69.2345635,0.0406825839,98.38802,98.38802,0.000419159578,0.000419159578,0.00126773645,0.00126773645,0.667131476,3067.45711,68.182236,0.00211816616,7.20724e-07,0.0,7634.3216,3176.72135,0.0406825839,-118.8081804,0.000203371284
1348.0,108.19674,751.7216494,-78.1709354,-78.1709354,-10.2684562027,-10.2684562027,-8.556847204,-8.556847204,0.0397911953,98.38802,98.38802,0.000409975442,0.000409975442,0.0012399631,0.0012399631,0.667365325,402.466764,68.182236,0.00207175541,-3.8878604e-05,0.0,751.7216494,312.8201624,0.0397911953,-112.0551915,0.000187815447
1348.5,108.19674,290.364016,-43.1188213,-43.1188213,-1.321035774,-1.321035774,-0.808538639,-0.808538639,0.0382299764,98.38802,98.38802,0.000393889942,0.000393889942,0.00119131966,0.00119131966,0.667373565,144.29277,68.182236,0.00199046951,-4.5895386e-05,0.0,290.364016,120.8449344,0.0382299764,-100.227708,0.000160503766
1349.0,108.19674,345.094318,-44.978763,-44.978763,-1.6254565,-1.6254565,-1.04102115,-1.04102115,0.0383149611,98.38802,98.38802,0.00039476555,0.00039476555,0.00119396759,0.00119396759,0.667381038,144.29277,68.182236,0.00199489428,3.5053548e-05,0.0,345.094318,143.618665,0.0383149611,-100.871533,0.000161892102
1349.5,108.19674,346.22738,-45.0206603,-45.0206603,-1.63230718,-1.63230718,-1.04610658,-1.04610658,0.0383165077,98.38802,98.38802,0.000394781488,0.000394781488,0.00119401576,0.00119401576,0.667388982,144.29277,68.182236,0.00199497482,-5.730043e-06,0.0,346.22738,144.090144,0.0383165077,-100.8832516,0.000161917439
1350.0,108.19674,346.248589,-45.0214474,-45.0214474,-1.63243574,-1.63243574,-1.04620207,-1.04620207,0.0383168249,98.38802,98.38802,0.000394784754,0.000394784754,0.00119402566,0.00119402566,0.667396919,144.29277,68.182236,0.00199499129,-5.1902069e-05,0.0,346.248589,144.098966,0.0383168249,-100.8856526,0.000161922638
1350.5,107.9135711,345.731973,-44.9634917,-44.9634917,-1.6279215,-1.6279215,-1.043089,-1.043089,0.0383060941,98.38802,98.38802,0.000394674201,0.000394674201,0.0011936913,0.0011936913,0.667404893,144.29277,68.182236,0.00199443261,-9.0828082e-05,0.0,345.731973,143.883989,0.0383060941,-100.8043623,0.000161747078
1351.0,99.1911381,329.52416,-41.4083033,-41.4083033,-1.42953463,-1.42953463,-0.913571427,-0.913571427,0.0378928286,98.38802,98.38802,0.000390416252,0.000390416252,0.00118081486,0.00118081486,0.667412404,144.29277,68.182236,0.00197291566,4.5112268e-05,0.0,329.52416,137.139565,0.0378928286,-97.6735398,0.000155042433
1351.5,86.5415433,325.294145,-36.0140931,-36.0140931,-1.22682443,-1.22682443,-0.790220464,-0.790220464,0.0372752325,98.38802,98.38802,0.000384053045,0.000384053045,0.00116157187,0.00116157187,0.66741887,144.29277,68.182236,0.00194076008,5.5864969e-05,0.0,325.294145,135.379059,0.0372752325,-92.9947496,0.000145209865
1352.0,73.8919485,325.198065,-30.746844,-30.746844,-1.04707381,-1.04707381,-0.678476622,-0.678476622,0.0372573783,105.510758,105.510758,0.000411750873,0.000411750873,0.00124534578,0.00124534578,0.667424476,144.29277,68.182236,0.00193983049,5.7594263e-05,0.0,325.198065,135.339073,0.0372573783,-92.859494,0.000144931667
1352.5,61.2423533,325.195768,-25.4830946,-25.4830946,-0.867812124,-0.867812124,-0.561308388,-0.561308388,0.03793508,121.1934924,121.1934924,0.000481541933,0.000481541933,0.00145643166,0.00145643166,0.667429199,144.29277,68.182236,0.0019751155,-9.9596712e-05,0.0,325.195768,135.33851,0.03793508,-97.9936266,0.000155726659
1353.0,48.5927582,325.193723,-20.2200484,-20.2200484,-0.688577689,-0.688577689,-0.437962035,-0.437962035,0.0386211407,136.873398,136.873398,0.000553662509,0.000553662509,0.00167456604,0.00167456604,0.667433021,144.29277,68.182236,0.00201083572,-4.1067459e-05,0.0,325.193723,135.33806,0.0386211407,-103.1910904,0.000166950427
1353.5,35.9431625,325.194526,-14.9559029,-14.9559029,-0.509312608,-0.509312608,-0.309358903,-0.309358903,0.038701966,145.16563,145.16563,0.000588336038,0.000588336038,0.00177944162,0.00177944162,0.667435861,144.29277,68.182236,0.0020150439,-7.5167975e-05,0.0,325.194526,135.338444,0.038701966,-103.8034021,0.000168290098
1354.0,23.2935681,325.194758,-9.69268092,-9.69268092,-0.330077502,-0.330077502,-0.1785411135,-0.1785411135,0.0380877476,145.16563,145.16563,0.000578998892,0.000578998892,0.0017512045,0.0017512045,0.667437743,144.29277,68.182236,0.00198306424,-0.000107999509,0.0,325.194758,135.338177,0.0380877476,-99.1502123,0.000158195276
1354.5,10.64397291,325.196409,-4.42902323,-4.42902323,-0.150828111,-0.150828111,-0.0604146327,-0.0604146327,0.0374770428,145.16563,145.16563,0.000569715135,0.000569715135,0.0017231287,0.0017231287,0.667438607,144.29277,68.182236,0.00195126749,-9.695029e-06,0.0,325.196409,135.33851,0.0374770428,-94.5236286,0.000148396167
1355.0,-2.0056219836,325.196558,0.8349350855,0.8349350855,0.0284333354,0.0284333354,0.10667285845,0.10667285845,0.0368675061,145.16563,145.16563,0.000560449136,0.000560449136,0.00169510655,0.00169510655,0.6674386,144.29277,68.182236,0.00191953157,8.298663e-05,0.0,325.196558,135.338214,0.0368675061,-89.905902,0.000138851529
1355.5,-14.34242465,325.791529,6.0306546,6.0306546,0.205862794,0.205862794,0.472109054,0.472109054,0.0362730018,145.16563,145.16563,0.000551411643,0.000551411643,0.00166777538,0.00166777538,0.667436259,144.29277,68.182236,0.00188857828,-1.8457618e-05,0.0,325.791529,135.585443,0.0362730018,-85.4020498,0.000129767924
1356.0,-18.151093,342.088429,7.68296893,7.68296893,0.27518735,0.27518735,0.563451201,0.563451201,0.0360857656,145.16563,145.16563,0.000548565321,0.000548565321,0.00165916753,0.00165916753,0.667432084,144.29277,68.182236,0.00187882966,-3.5362023e-05,0.0,342.088429,142.366587,0.0360857656,-83.9835811,0.00012694598
1356.5,-18.151093,346.158305,7.55626402,7.55626402,0.273911612,0.273911612,0.56311574,0.56311574,0.0360908376,145.16563,145.16563,0.000548642452,0.000548642452,0.00165940072,0.00165940072,0.667427726,144.29277,68.182236,0.00187909381,-3.4234828e-05,0.0,346.158305,144.060101,0.0360908376,-84.022012,0.000127021926
1357.0,-18.151093,346.250348,7.55286865,7.55286865,0.273861358,0.273861358,0.563082914,0.563082914,0.036093083,145.16563,145.16563,0.000548676586,0.000548676586,0.00165950394,0.00165950394,0.667423342,144.29277,68.182236,0.00187921072,1.0542017e-05,0.0,346.250348,144.098398,0.036093083,-84.0390225,0.000127055543
1357.5,-18.151093,388.994653,12.39037584,12.39037584,0.608435868,0.608435868,0.965512848,0.965512848,0.0358785104,145.16563,145.16563,0.000545414721,0.000545414721,0.00164963932,0.00164963932,0.667418767,178.81245,68.182236,0.00186803884,7.039861e-06,0.0,388.994653,161.884496,0.0358785104,-82.4134618,0.000123921045
1358.0,-18.151093,2690.77586,40.9223845,40.9223845,11.39953468,11.39953468,12.31495843,12.31495843,0.0346108669,145.16563,145.16563,0.000526144344,0.000526144344,0.00159136139,0.00159136139,0.66736941,1155.747325,68.182236,0.00180203805,2.0363605e-05,0.0,2690.77586,1119.671909,0.0346108669,-72.810038,0.000105559313
1358.5,-18.151093,6016.47537,54.9742486,34.8248546,36.1880856,21.6278281,37.8964955,22.6622601,0.0316180871,145.16563,105.4793769,0.00048064898,0.000361232782,0.00145376545,0.001092577179,0.667166039,2553.84095,68.182236,0.00164621702,-0.000487585643,0.0,6016.47537,2503.51827,0.0316180871,-50.13733055,6.9244502e-05
1359.0,-18.151093,8373.78657,238.9903445,25.2453621,213.1945084,22.0348066,225.4892134,23.2615057,0.011241929379,145.16563,17.70216524,0.000170896548,2.7957193e-05,0.000516929636,8.4564646e-05,0.666875214,3928.78731,68.182236,0.000585318621,-0.002817259052,0.0,8373.78657,3484.40101,0.011241929379,-1.1846128,1.278802e-06
1359.5,-18.151093,9996.574400000001,293.140878,20.627331,306.50965,21.5543837,330.743525,23.2564605,0.000939628158,145.16563,13.220275875,1.4283955e-05,1.159298e-06,4.3207453e-05,3.506764e-06,0.666582854,4395.436,68.182236,4.8922374e-05,0.00246173191,0.0,9996.574400000001,4159.64899,0.000939628158,0.0,0.0
1360.0,-18.151093,11246.598300000001,137.97098875,16.30211335,159.80793832,19.09820402,173.856032316,20.835249716,0.01285083039,145.16563,38.22292865,0.000195354598,0.000100723352,0.000590881094,0.000304647445,0.666291782,4395.436,68.182236,0.000669087152,-0.00245572822,0.0,11246.598300000001,4679.80003,0.01285083039,-14.6910797,2.0602213e-05
1360.5,-18.151093,10899.0021,-2.051325833,-2.051325833,-2.541452446,-2.541452446,-1.05846453,-1.05846453,0.0365147054,145.16563,145.16563,0.000555085949,0.000555085949,0.00167888723,0.00167888723,0.666191412,4395.436,68.182236,0.00190116274,-5.9294504e-05,0.0,10899.0021,4535.17656,0.0365147054,-87.233149,0.000133451968
1361.0,-18.151093,10557.7673,7.23082774,7.23082774,7.99415044,7.99415044,10.07130975,10.07130975,0.0361078317,145.16563,145.16563,0.00054890079,0.00054890079,0.00166018197,0.00166018197,0.666133754,4395.436,68.182236,0.00187997858,2.0605394e-05,0.0,10557.7673,4393.18582,0.0361078317,-84.1507516,0.000127276493
1361.5,-18.151093,10549.1619,7.54665047,7.54665047,8.33682705,8.33682705,10.4044487,10.4044487,0.0360939099,145.16563,145.16563,0.000548689152,0.000548689152,0.00165954195,0.00165954195,0.66604348,4395.436,68.182236,0.00187925373,5.0633622e-05,0.0,10549.1619,4389.60518,0.0360939099,-84.0452841,0.00012706792
1362.0,-18.151093,10548.9991,7.5526887,7.5526887,8.3433694,8.3433694,10.410678,10.410678,0.036090208,145.16563,145.16563,0.000548632864,0.000548632864,0.00165937177,0.00165937177,0.665952387,4395.436,68.182236,0.00187906101,-0.000102772093,0.0,10548.9991,4389.53745,0.036090208,-84.017241,0.000127012494
1362.5,-18.151093,10548.996,7.55280085,7.55280085,8.34349085,8.34349085,10.4107933,10.4107933,0.0360937205,145.16563,145.16563,0.000548686275,0.000548686275,0.00165953325,0.00165953325,0.66586127,4395.436,68.182236,0.0018792439,-2.1568909e-05,0.0,10548.996,4389.536,0.0360937205,-84.043851,0.000127065084
1363.0,-18.151093,10548.996,7.55280457,7.55280457,8.3434947,8.3434947,10.4107973,10.4107973,0.0360723226,144.906722,144.906722,0.000547388247,0.000547388247,0.00165560727,0.00165560727,0.665770157,4395.436,68.182236,0.00187812981,-7.5567072e-05,0.0,10548.996,4389.536,0.0360723226,-83.8817451,0.00012674616
1363.5,-18.151093,10548.9993,7.55283731,7.55283731,8.3435333,8.3435333,10.410835,10.410835,0.0336952363,116.0776516,116.0776516,0.000411239104,0.000411239104,0.0012438163,0.0012438163,0.665679029,4395.436,68.182236,0.0017543652,-0.000132165862,0.0,10548.9993,4389.536,0.0336952363,-65.873407,9.3387464e-05
1364.0,-15.4836419,10555.002400000001,6.56934461,6.56934461,7.26071235,7.26071235,9.31035172,9.31035172,0.0298445717,67.8881811,67.8881811,0.00021367152,0.00021367152,0.000646269306,0.000646269306,0.66559035,4395.436,68.182236,0.00155387775,-0.000151286936,0.0,10555.002400000001,4392.03177,0.0298445717,-36.7015245,4.6221109e-05
1364.5,-6.57140888,10563.8467,2.74947589,2.74947589,3.04154604,3.04154604,4.29611146,4.29611146,0.0264378784,21.3994347,21.3994347,6.0269276e-05,6.0269276e-05,0.000182300347,0.000182300347,0.665531448,4395.436,68.182236,0.00137650595,7.4698953e-05,0.0,10563.8467,4395.71013,0.0264378784,-10.89308365,1.2285872e-05
1365.0,2.590113234,10564.2514,-1.077704644,-1.077704644,-1.192250148,-1.192250148,-0.76381303,-0.76381303,0.0258181541,8.505093,8.505093,2.2994971e-05,2.2994971e-05,6.9557561e-05,6.9557561e-05,0.665518863,4395.436,68.182236,0.00134423957,-7.1888645e-05,0.0,10564.2514,4395.87815,0.0258181541,-6.19817451,6.708544e-06
1365.5,11.75163536,10564.2588,-4.88982461,-4.88982461,-5.40954752,-5.40954752,-4.01512623,-4.01512623,0.0262585345,8.505093,8.505093,2.3387197e-05,2.3387197e-05,7.0744006e-05,7.0744006e-05,0.66553651,4395.436,68.182236,0.00136716829,7.9877334e-05,0.0,10564.2588,4395.88149,0.0262585345,-9.5344096,1.049213e-05
1366.0,20.8628746,10564.206999999999,-8.69666416,-8.69666416,-9.6209467,-9.6209467,-8.01439195,-8.01439195,0.0267018562,8.505093,8.505093,2.3782042e-05,2.3782042e-05,7.1938375e-05,7.1938375e-05,0.665579626,4395.436,68.182236,0.00139025012,8.4666278e-05,0.0,10564.206999999999,4395.86009,0.0267018562,-12.89292915,1.4425576e-05
1366.5,24.533012,10553.4172,-10.33216145,-10.33216145,-11.41863555,-11.41863555,-9.9340528,-9.9340528,0.0268804016,8.505093,8.505093,2.3941064e-05,2.3941064e-05,7.24194e-05,7.24194e-05,0.665645807,4395.436,68.182236,0.00139954622,6.4939412e-05,0.0,10553.4172,4391.37056,0.0268804016,-14.2455521,1.6039984e-05
1367.0,24.533012,10549.117900000001,-10.2123621,-10.2123621,-11.28160685,-11.28160685,-9.78200815,-9.78200815,0.0268745364,8.505093,8.505093,2.3935839e-05,2.3935839e-05,7.2403596e-05,7.2403596e-05,0.665715034,4395.436,68.182236,0.00139924087,2.7220158e-05,0.0,10549.117900000001,4389.58149,0.0268745364,-14.2011186,1.598646e-05
1367.5,24.533012,10549.0113,-10.2084438,-10.2084438,-11.2771641,-11.2771641,-9.7770651,-9.7770651,0.0268754714,8.505093,8.505093,2.3936673e-05,2.3936673e-05,7.2406117e-05,7.2406117e-05,0.665783944,4395.436,68.182236,0.00139928954,-0.000119855297,0.0,10549.0113,4389.537,0.0268754714,-14.2082053,1.5994995e-05
1368.0,24.533012,10549.009,-10.2083686,-10.2083686,-11.2770795,-11.2770795,-9.7769709,-9.7769709,0.026872937,8.505093,8.505093,2.3934415e-05,2.3934415e-05,7.2399288e-05,7.2399288e-05,0.665852835,4395.436,68.182236,0.00139915756,-2.2209808e-05,0.0,10549.009,4389.536,0.026872937,-14.1890023,1.5971877e-05
1368.5,24.533012,10549.009,-10.2083667,-10.2083667,-11.2770776,-11.2770776,-9.7769686,-9.7769686,0.0268714332,8.505093,8.505093,2.3933076e-05,2.3933076e-05,7.2395236e-05,7.2395236e-05,0.665921735,4395.436,68.182236,0.00139907927,7.804285e-06,0.0,10549.009,4389.536,0.0268714332,-14.1776107,1.595816e-05
1369.0,24.533012,10549.009,-10.2083672,-10.2083672,-11.2770782,-11.2770782,-9.7769691,-9.7769691,0.0268744049,8.505093,8.505093,2.3935722e-05,2.3935722e-05,7.2403245e-05,7.2403245e-05,0.665990629,4395.436,68.182236,0.00139923403,-0.000196326827,0.0,10549.009,4389.536,0.0268744049,-14.20012395,1.5985279e-05
1369.5,24.533012,10549.009,-10.2083667,-10.2083667,-11.2770777,-11.2770777,-9.7769687,-9.7769687,0.0268750927,8.505093,8.505093,2.3936335e-05,2.3936335e-05,7.2405096e-05,7.2405096e-05,0.666059517,4395.436,68.182236,0.00139926982,0.000139991644,0.0,10549.009,4389.536,0.0268750927,-14.205335,1.5991549e-05
1370.0,24.533012,10549.0342,-10.2078953,-10.2078953,-11.2765835,-11.2765835,-9.77640905,-9.77640905,0.0071845834,-11.8905398,-11.8905398,2.6011089e-05,2.6011089e-05,9.6746221e-05,9.6746221e-05,0.66612841,4395.436,68.182236,0.000374070145,-0.001972091742,0.0,10549.0342,4389.53506,0.0071845834,-1.838075905,9.056141e-06
1370.5,24.533012,10549.0903,-10.2083792,-10.2083792,-11.2771775,-11.2771775,-9.7770588,-9.7770588,-0.0294391376,-68.2853709,-68.2853709,0.000212822576,0.000212822576,0.000643702277,0.000643702277,0.666197296,4395.436,68.182236,-0.00153276854,-9.4205483e-05,0.0,10549.0903,4389.537,-0.0294391376,33.6300365,4.2046078e-05
1371.0,24.533012,10549.0948,-10.2083323,-10.2083323,-11.2771304,-11.2771304,-9.7770048,-9.7770048,-0.0341373893,-125.2716439,-125.2716439,0.000450131764,0.000450131764,0.00136145075,0.00136145075,0.666266184,4395.436,68.182236,-0.00177738613,-0.00025876115,0.0,10549.0948,4389.536,-0.0341373893,69.2230658,9.9558379e-05
1371.5,24.533012,10549.10135,-10.2083294,-10.2083294,-11.2771341,-11.2771341,-9.7770072,-9.7770072,-0.0388411302,-182.263518,-182.263518,0.00074365434,0.00074365434,0.00224923926,0.00224923926,0.666335064,4395.436,68.182236,-0.00202228962,-5.6400114e-05,0.0,10549.10135,4389.536,-0.0388411302,104.8576876,0.000171176784
1372.0,24.533012,10549.10735,-10.2083294,-10.2083294,-11.27714155,-11.27714155,-9.7770137,-9.7770137,-0.0435412944,-239.245652,-239.245652,0.001093181656,0.001093181656,0.00330645031,0.00330645031,0.666403935,4395.436,68.182236,-0.00226700686,-0.000146849989,0.0,10549.10735,4389.536,-0.0435412944,140.465216,0.000256763582
1372.5,24.533012,10549.111799999999,-10.2083623,-10.2083623,-11.2771819,-11.2771819,-9.777058,-9.777058,-0.0464493604,-274.507431,-274.507431,0.00133526435,0.00133526435,0.00403869108,0.00403869108,0.666472796,4395.436,68.182236,-0.00241841724,-1.2544569e-05,0.0,10549.111799999999,4389.536,-0.0464493604,162.496148,0.00031616699
1373.0,24.533012,10549.111,-10.2083673,-10.2083673,-11.2771877,-11.2771877,-9.7770642,-9.7770642,-0.0464881134,-274.94205,-274.94205,0.00133847943,0.00133847943,0.00404841591,0.00404841591,0.666541666,4395.436,68.182236,-0.00242043499,-3.451536e-06,0.0,10549.111,4389.536,-0.0464881134,162.789733,0.000316998758
1373.5,24.533012,10549.111,-10.2083668,-10.2083668,-11.2771871,-11.2771871,-9.7770635,-9.7770635,-0.0464913991,-274.94205,-274.94205,0.00133857403,0.00133857403,0.00404870206,0.00404870206,0.666610525,4395.436,68.182236,-0.00242060602,-3.0087656e-05,0.0,10549.111,4389.536,-0.0464913991,162.814622,0.00031706963
1374.0,24.533012,10549.111,-10.2083669,-10.2083669,-11.2771871,-11.2771871,-9.7770639,-9.7770639,-0.04648902,-274.94205,-274.94205,0.00133850554,0.00133850554,0.00404849482,0.00404849482,0.666679386,4395.436,68.182236,-0.00242048214,3.7254758e-05,0.0,10549.111,4389.536,-0.04648902,162.796602,0.000317018307
1374.5,24.533012,10463.9317,-12.2929981,-12.2929981,-13.46455265,-13.46455265,-11.9070145,-11.9070145,-0.0464000363,-274.94205,-274.94205,0.00133594354,0.00133594354,0.00404074637,0.00404074637,0.666753516,4356.07599,68.182236,-0.00241584918,1.9598337e-05,0.0,10463.9317,4354.09223,-0.0464000363,162.122477,0.000315102011
1375.0,24.533012,10186.3113,-12.78103485,-12.78103485,-13.63384715,-13.63384715,-12.1006131,-12.1006131,-0.0463735003,-274.94205,-274.94205,0.00133517947,0.00133517947,0.00403843569,0.00403843569,0.666838364,4243.92853,68.182236,-0.00241446756,-0.000147453374,0.0,10186.3113,4238.5723,-0.0463735003,161.921444,0.000314530576
1375.5,24.4013306,9912.3951,-12.70391015,-12.70391015,-13.1873314,-13.1873314,-11.7144463,-11.7144463,-0.0463819312,-274.94205,-274.94205,0.00133542226,0.00133542226,0.00403916981,0.00403916981,0.666920875,4130.25358,68.182236,-0.00241490653,-2.97763e-05,0.0,9912.3951,4124.59354,-0.0463819312,161.985319,0.000314711883
1376.0,23.9726432,9639.14105,-12.51947115,-12.51947115,-12.63769725,-12.63769725,-11.25932055,-11.25932055,-0.04640107,-274.94205,-274.94205,0.00133597327,0.00133597327,0.00404083644,0.00404083644,0.667000707,4016.5787,68.182236,-0.00241590301,-2.1019311e-05,0.0,9639.14105,4010.89073,-0.04640107,162.130308,0.000315123538
1376.5,23.532902,9490.7639,-9.81739795,-9.81739795,-9.7571898,-9.7571898,-8.4385186,-8.4385186,-0.046534665,-274.94205,-274.94205,0.00133981974,0.00133981974,0.00405246952,0.00405246952,0.667070464,3958.8608,68.182236,-0.00242285869,-6.4829218e-05,0.0,9490.7639,3949.14969,-0.046534665,163.142401,0.000318003851
1377.0,23.0931607,9500.1568,-9.5932201,-9.5932201,-9.5438525,-9.5438525,-8.2143776,-8.2143776,-0.0465561739,-274.94205,-274.94205,0.00134043906,0.00134043906,0.00405434246,0.00405434246,0.667129176,3958.8608,68.182236,-0.00242397864,9.0975694e-05,0.0,9500.1568,3953.05813,-0.0465561739,163.30535,0.000318468392
1377.5,22.6534196,9500.591199999997,-9.4259287,-9.4259287,-9.3778518,-9.3778518,-8.03453663,-8.03453663,-0.0465787243,-274.94205,-274.94205,0.0013410883,0.0013410883,0.00405630609,0.00405630609,0.667187183,3958.8608,68.182236,-0.00242515267,9.5529809e-05,0.0,9500.591199999997,3953.23883,-0.0465787243,163.476181,0.00031895595
1378.0,22.2136784,9500.5996,-9.2432637,-9.2432637,-9.19612705,-9.19612705,-7.83931182,-7.83931182,-0.0465956904,-274.94205,-274.94205,0.00134157679,0.00134157679,0.00405778351,0.00405778351,0.667243914,3958.8608,68.182236,-0.00242603607,6.9095644e-05,0.0,9500.5996,3953.24224,-0.0465956904,163.604717,0.000319323016
1378.5,21.7739373,9500.6,-9.06030595,-9.06030595,-9.0141024,-9.0141024,-7.64533403,-7.64533403,-0.0466221309,-274.94205,-274.94205,0.00134233805,0.00134233805,0.00406008582,0.00406008582,0.667299338,3958.8608,68.182236,-0.00242741269,-4.015592e-06,0.0,9500.6,3953.24236,-0.0466221309,163.805019,0.000319895378
1379.0,21.334196,9500.6,-8.87732065,-8.87732065,-8.8320502,-8.8320502,-7.45289479,-7.45289479,-0.0466402031,-274.94205,-274.94205,0.00134285838,0.00134285838,0.00406165946,0.00406165946,0.667353463,3958.8608,68.182236,-0.0024283536,-8.2578967e-05,0.0,9500.6,3953.2424,-0.0466402031,163.94193,0.00032028687
1379.5,21.0619631,9500.9605,-8.75766275,-8.75766275,-8.7133334,-8.7133334,-7.32805325,-7.32805325,-0.0466540646,-274.94205,-274.94205,0.00134325746,0.00134325746,0.00406286647,0.00406286647,0.66740641,3958.8608,68.182236,-0.00242907528,-5.8342627e-05,0.0,9500.9605,3953.39249,-0.0466540646,164.046949,0.00032058726
1380.0,21.058588,9501.3184,-8.76216475,-8.76216475,-8.7181412,-8.7181412,-7.33295499,-7.33295499,-0.0466567795,-274.94205,-274.94205,0.00134333563,0.00134333563,0.00406310295,0.00406310295,0.667459067,3958.8608,68.182236,-0.00242921666,-1.7221757e-05,0.0,9501.3184,3953.54151,-0.0466567795,164.067515,0.000320646134
1380.5,21.058588,9501.3309,-8.76262525,-8.76262525,-8.7186113,-8.7186113,-7.33344264,-7.33344264,-0.046654121,-274.94205,-274.94205,0.00134325911,0.00134325911,0.00406287133,0.00406287133,0.66751174,3958.8608,68.182236,-0.0024290782,-2.6887256e-05,0.0,9501.3309,3953.54681,-0.046654121,164.047371,0.00032058849
1381.0,21.058588,9501.3307,-8.7626436,-8.7626436,-8.718629,-8.718629,-7.3334617,-7.3334617,-0.0462958175,-270.592606,-270.592606,0.00131207262,0.00131207262,0.00396853922,0.00396853922,0.6675644,3958.8608,68.182236,-0.00241042289,7.834859e-05,0.0,9501.3307,3953.5469,-0.0462958175,161.33293,0.000312916447
1381.5,21.058588,9501.3279,-8.7626521,-8.7626521,-8.7186357,-8.7186357,-7.333469,-7.333469,-0.0443003959,-246.37331,-246.37331,0.00114346307,0.00114346307,0.00345853535,0.00345853535,0.66761708,3958.8608,68.182236,-0.00230652994,0.000159734099,0.0,9501.3279,3953.5469,-0.0443003959,146.216007,0.000271452284
1382.0,21.058588,9501.3248,-8.7626516,-8.7626516,-8.7186325,-8.7186325,-7.33346686,-7.33346686,-0.0421030149,-219.727804,-219.727804,0.000969290543,0.000969290543,0.00293171199,0.00293171199,0.667669758,3958.8608,68.182236,-0.00219212188,7.983607e-06,0.0,9501.3248,3953.5469,-0.0421030149,129.569083,0.000228635791
1382.5,21.058588,9501.3216,-8.76265135,-8.76265135,-8.7186293,-8.7186293,-7.33346473,-7.33346473,-0.0399061221,-193.077277,-193.077277,0.000807370642,0.000807370642,0.00244195638,0.00244195638,0.667722445,3958.8608,68.182236,-0.00207773914,8.2672981e-05,0.0,9501.3216,3953.5469,-0.0399061221,112.925859,0.000188892704
1383.0,21.058588,9501.3185,-8.7626514,-8.7626514,-8.7186263,-8.7186263,-7.33346269,-7.33346269,-0.0377085656,-166.427118,-166.427118,0.000657700112,0.000657700112,0.00198925755,0.00198925755,0.66777512,3958.8608,68.182236,-0.00196332189,9.2439018e-05,0.0,9501.3185,3953.5469,-0.0377085656,96.2776,0.000152200828
1383.5,21.058588,9501.3153,-8.76265135,-8.76265135,-8.7186234,-8.7186234,-7.33346096,-7.33346096,-0.0355113519,-139.776189,-139.776189,0.000520296665,0.000520296665,0.00157366764,0.00157366764,0.667827802,3958.8608,68.182236,-0.00184892251,7.2139052e-05,0.0,9501.3153,3953.5469,-0.0355113519,79.6319442,0.000118578365
1384.0,21.058588,9501.31265,-8.7626516,-8.7626516,-8.7186205,-8.7186205,-7.33345948,-7.33345948,-0.033312284,-113.1307346,-113.1307346,0.000395156447,0.000395156447,0.00119517382,0.00119517382,0.667880486,3958.8608,68.182236,-0.00173442651,8.5228708e-05,0.0,9501.31265,3953.5469,-0.033312284,62.9722289,8.7996323e-05
1384.5,21.058588,9501.310099999999,-8.7626516,-8.7626516,-8.71861765,-8.71861765,-7.33345769,-7.33345769,-0.0311147173,-86.4824014,-86.4824014,0.000282295461,0.000282295461,0.000853822918,0.000853822918,0.667933181,3958.8608,68.182236,-0.00162000873,1.241793e-05,0.0,9501.310099999999,3953.5469,-0.0311147173,46.3238977,6.0502554e-05
1385.0,21.058588,9501.3068,-8.7626518,-8.7626518,-8.7186156,-8.7186156,-7.33345571,-7.33345571,-0.0289148727,-59.8307948,-59.8307948,0.000181671169,0.000181671169,0.000549484552,0.000549484552,0.667985873,3958.8608,68.182236,-0.00150547236,0.000154816144,0.0,9501.3068,3953.5469,-0.0289148727,29.6583115,3.6048059e-05
1385.5,21.058588,9501.3038,-8.7626513,-8.7626513,-8.7186123,-8.7186123,-7.33345358,-7.33345358,-0.0267187804,-33.1857098,-33.1857098,9.3357862e-05,9.3357862e-05,0.000282380935,0.000282380935,0.668038554,3958.8608,68.182236,-0.00139113131,0.000161398913,0.0,9501.3038,3953.5469,-0.0267187804,13.02114233,1.4699038e-05
1386.0,21.0947391,9501.387299999999,-8.7741049,-8.7741049,-8.7300849,-8.7300849,-7.34544931,-7.34544931,-0.025391211,-17.1087229,-17.1087229,4.5493271e-05,4.5493271e-05,0.000137611081,0.000137611081,0.668091245,3958.8608,68.182236,-0.00132201051,-7.8911276e-05,0.0,9501.387299999999,3953.58244,-0.025391211,2.96373692,3.152633e-06
1386.5,21.3900823,9501.8276,-8.898875,-8.898875,-8.8546394,-8.8546394,-7.47620693,-7.47620693,-0.0253638812,-16.951195,-16.951195,4.5024059e-05,4.5024059e-05,0.000136191845,0.000136191845,0.668144411,3958.8608,68.182236,-0.00132058758,4.8582645e-05,0.0,9501.8276,3953.76574,-0.0253638812,2.75669304,2.928844e-06
1387.0,21.7356714,9501.8757,-9.0443257,-9.0443257,-8.99941255,-8.99941255,-7.62923845,-7.62923845,-0.0253411988,-16.951195,-16.951195,4.4983796e-05,4.4983796e-05,0.000136070051,0.000136070051,0.668198572,3958.8608,68.182236,-0.00131940658,-8.354231e-05,0.0,9501.8757,3953.78585,-0.0253411988,2.58485421,2.743816e-06
1387.5,22.0185088,9501.7297,-9.16644345,-9.16644345,-9.12078335,-9.12078335,-7.75834016,-7.75834016,-0.0253335922,-16.951195,-16.951195,4.4970293e-05,4.4970293e-05,0.000136029207,0.000136029207,0.668253746,3958.8608,68.182236,-0.00131901054,-4.7505531e-05,0.0,9501.7297,3953.72498,-0.0253335922,2.52722734,2.681831e-06
1388.0,22.045792,9501.3308,-9.1744318,-9.1744318,-9.1283486,-9.1283486,-7.76655318,-7.76655318,-0.025513337,-19.1985408,-19.1985408,5.1361463e-05,5.1361463e-05,0.000155360465,0.000155360465,0.668309364,3958.8608,68.182236,-0.00132836913,4.8910896e-05,0.0,9501.3308,3953.55888,-0.025513337,3.88894434,4.172872e-06
1388.5,22.045792,9501.3043,-9.1734255,-9.1734255,-9.1273221,-9.1273221,-7.76546813,-7.76546813,-0.0267508802,-34.1754706,-34.1754706,9.5944431e-05,9.5944431e-05,0.000290204139,0.000290204139,0.668364962,3958.8608,68.182236,-0.0013928026,-7.171533e-06,0.0,9501.3043,3953.5471,-0.0267508802,13.2643238,1.4915412e-05
1389.0,22.045792,9501.3057,-9.1734059,-9.1734059,-9.1273034,-9.1273034,-7.76544777,-7.76544777,-0.0281491283,-51.1508426,-51.1508426,0.000150987142,0.000150987142,0.000456681116,0.000456681116,0.668420547,3958.8608,68.182236,-0.00146560331,-4.9433164e-05,0.0,9501.3057,3953.5469,-0.0281491283,23.8571768,2.8181957e-05
1389.5,22.045792,9501.307700000001,-9.1734056,-9.1734056,-9.127305,-9.127305,-7.76544867,-7.76544867,-0.0295478671,-68.1261398,-68.1261398,0.000211004905,0.000211004905,0.000638204174,0.000638204174,0.668476133,3958.8608,68.182236,-0.00153842962,-5.8703762e-05,0.0,9501.307700000001,3953.5469,-0.0295478671,34.4537508,4.2694957e-05
1390.0,22.045792,9501.3097,-9.1734054,-9.1734054,-9.1273067,-9.1273067,-7.76544986,-7.76544986,-0.0309494499,-85.1006597,-85.1006597,0.000276018913,0.000276018913,0.000834839436,0.000834839436,0.668531731,3958.8608,68.182236,-0.00161140396,-9.242334e-06,0.0,9501.3097,3953.5469,-0.0309494499,45.0718651,5.8483217e-05
1390.5,22.045792,9501.31165,-9.1734058,-9.1734058,-9.1273093,-9.1273093,-7.76545139,-7.76545139,-0.0323459585,-102.0726008,-102.0726008,0.000345951017,0.000345951017,0.0010463505,0.0010463505,0.668587311,3958.8608,68.182236,-0.00168411415,-5.4195261e-05,0.0,9501.31165,3953.5469,-0.0323459585,55.6515409,7.5453426e-05
1391.0,22.4529408,9502.2608,-9.2964183,-9.2964183,-9.2506602,-9.2506602,-7.89799037,-7.89799037,-0.0337298838,-119.04799,-119.04799,0.000420693971,0.000420693971,0.0012724133,0.0012724133,0.668642999,3958.8608,68.182236,-0.00175616914,-6.7764332e-05,0.0,9502.2608,3953.94124,-0.0337298838,66.1358858,9.3487772e-05
1391.5,26.3847893,9508.413799999998,-10.95185685,-10.95185685,-10.90501335,-10.90501335,-9.62626625,-9.62626625,-0.0349405828,-136.024415,-136.024415,0.0004978808,0.0004978808,0.0015058705,0.0015058705,0.668704404,3958.8608,68.182236,-0.00181920498,-6.0140292e-05,0.0,9508.413799999998,3956.50079,-0.0349405828,75.3079035,0.000110255578
1392.0,31.1292531,9509.197,-12.9525664,-12.9525664,-12.8981768,-12.8981768,-11.5504693,-11.5504693,-0.0361106051,-152.998915,-152.998915,0.000578736445,0.000578736445,0.00175042655,0.00175042655,0.668778491,3958.8608,68.182236,-0.00188012304,4.0257314e-05,0.0,9509.197,3956.82599,-0.0361106051,84.1717705,0.000127354026
1392.5,35.8737179,9509.2145,-14.9272199,-14.9272199,-14.86456425,-14.86456425,-13.48341895,-13.48341895,-0.0369097117,-165.408868,-165.408868,0.000639341003,0.000639341003,0.00193373274,0.00193373274,0.668864752,3958.8608,68.182236,-0.00192172902,-6.732435e-05,0.0,9509.2145,3956.83267,-0.0369097117,90.225637,0.000139496732
1393.0,40.6181818,9509.2143,-16.9015057,-16.9015057,-16.8305629,-16.8305629,-15.4582889,-15.4582889,-0.0367302975,-165.99855,-165.99855,0.000638494783,0.000638494783,0.00193117469,0.00193117469,0.668963071,3958.8608,68.182236,-0.00191238772,-9.4410942e-05,0.0,9509.2143,3956.83286,-0.0367302975,88.866434,0.000136727278
1393.5,45.3626453,9509.2143,-18.8756084,-18.8756084,-18.7963797,-18.7963797,-17.3917798,-17.3917798,-0.0365035165,-165.99855,-165.99855,0.000634552554,0.000634552554,0.00191925247,0.00191925247,0.669073234,3958.8608,68.182236,-0.0019005802,-3.3167344e-05,0.0,9509.2143,3956.83291,-0.0365035165,87.148386,0.000133256133
1394.0,50.1071091,9509.213399999999,-20.8498186,-20.8498186,-20.7623016,-20.7623016,-19.3137509,-19.3137509,-0.0362728522,-165.99855,-165.99855,0.000630542863,0.000630542863,0.00190712611,0.00190712611,0.669194643,3958.8608,68.182236,-0.00188857053,-1.1537806e-05,0.0,9509.213399999999,3956.83267,-0.0362728522,85.4009224,0.000129759058
1394.5,54.8515727,9509.213399999999,-22.8240677,-22.8240677,-22.7282635,-22.7282635,-21.2552753,-21.2552753,-0.0360447735,-165.99855,-165.99855,0.000626578082,0.000626578082,0.00189513561,0.00189513561,0.669327195,3958.8608,68.182236,-0.00187669538,6.8920778e-05,0.0,9509.213399999999,3956.83284,-0.0360447735,83.6730362,0.000126334242
1395.0,59.5960367,9509.2129,-24.7982166,-24.7982166,-24.6941243,-24.6941243,-23.200685,-23.200685,-0.0358116758,-165.99855,-165.99855,0.000622526071,0.000622526071,0.0018828813,0.0018828813,0.669470671,3958.8608,68.182236,-0.00186455902,4.04984e-07,0.0,9509.2129,3956.83285,-0.0358116758,81.9071325,0.000122868226
1395.5,63.4924585,9507.2226,-26.4796006,-26.4796006,-26.3628913,-26.3628913,-24.8280123,-24.8280123,-0.0356257741,-165.99855,-165.99855,0.000619294496,0.000619294496,0.00187310812,0.00187310812,0.669624533,3958.8608,68.182236,-0.00185487994,-0.000144756578,0.0,9507.2226,3956.00468,-0.0356257741,80.4987818,0.000120127808
1396.0,63.87599,9501.718799999999,-26.5935207,-26.5935207,-26.4610238,-26.4610238,-24.9251832,-24.9251832,-0.0356082863,-165.99855,-165.99855,0.000618990488,0.000618990488,0.00187218872,0.00187218872,0.669782948,3958.8608,68.182236,-0.00185396944,0.00018343872,0.0,9501.718799999999,3953.71456,-0.0356082863,80.3662958,0.000119870872
1396.5,63.87599,9501.3237,-26.5795679,-26.5795679,-26.4460402,-26.4460402,-24.9106663,-24.9106663,-0.0356093916,-165.99855,-165.99855,0.000619009712,0.000619009712,0.00187224688,0.00187224688,0.669941184,3958.8608,68.182236,-0.00185402702,-6.020901e-06,0.0,9501.3237,3953.55019,-0.0356093916,80.374676,0.000119887097
1397.0,63.87599,9501.315700000003,-26.5792785,-26.5792785,-26.4457301,-26.4457301,-24.9103662,-24.9103662,-0.035607028,-165.99855,-165.99855,0.000618968616,0.000618968616,0.00187212256,0.00187212256,0.670099409,3958.8608,68.182236,-0.00185390387,-1.7508676e-05,0.0,9501.315700000003,3953.54692,-0.035607028,80.3567615,0.000119852425
1397.5,63.87599,9501.315,-26.5792722,-26.5792722,-26.4457238,-26.4457238,-24.9103602,-24.9103602,-0.0356108258,-165.99855,-165.99855,0.000619034638,0.000619034638,0.00187232225,0.00187232225,0.670257634,3958.8608,68.182236,-0.00185410166,-2.705243e-06,0.0,9501.315,3953.5469,-0.0356108258,80.3855354,0.000119908123
1398.0,63.87599,9501.315,-26.5792722,-26.5792722,-26.4457238,-26.4457238,-24.9103598,-24.9103598,-0.035606659,-165.99855,-165.99855,0.000618962204,0.000618962204,0.00187210321,0.00187210321,0.670415845,3958.8608,68.182236,-0.0018538847,-1.3002625e-05,0.0,9501.315,3953.5469,-0.035606659,80.3539704,0.000119847014
1398.5,63.87599,9468.3432,-28.8076209,-28.8076209,-28.5425304,-28.5425304,-26.9710507,-26.9710507,-0.0355061837,-165.99855,-165.99855,0.000617215594,0.000617215594,0.00186682103,0.00186682103,0.67057557,3938.37978,68.182236,-0.00184865337,-7.139156e-06,0.0,9468.3432,3939.82706,-0.0355061837,79.592784,0.000118384476
1399.0,63.87599,8796.8068,-34.9882137,-34.9882137,-32.2399616,-32.2399616,-30.7577484,-30.7577484,-0.035233365,-165.99855,-165.99855,0.000612473102,0.000612473102,0.0018524784,0.0018524784,0.670760334,3659.10672,68.182236,-0.00183444887,-1.9943089e-05,0.0,8796.8068,3660.39577,-0.035233365,77.5259615,0.000114416909
1399.5,61.0304911,7921.13043,-33.5125142,-33.5125142,-27.824833,-27.824833,-26.6313325,-26.6313325,-0.0353852633,-165.99855,-165.99855,0.00061511362,0.00061511362,0.00186046406,0.00186046406,0.670939288,3302.97739,68.182236,-0.00184235763,-0.000169061226,0.0,7921.13043,3296.02017,-0.0353852633,78.6767239,0.000116620297
1400.0,51.3766827,7149.358130000001,-25.4595327,-25.4595327,-19.1275035,-19.1275035,-18.2174644,-18.2174644,-0.0360269095,-165.99855,-165.99855,0.000626267563,0.000626267563,0.00189419648,0.00189419648,0.671087294,2995.44471,68.182236,-0.00187576534,-5.0522014e-05,0.0,7149.358130000001,2974.87965,-0.0360269095,83.5377042,0.000126097174
1400.5,41.4406445,7067.469440000001,-16.9769767,-16.9769767,-12.564034,-12.564034,-11.79583735,-11.79583735,-0.036698666,-165.99855,-165.99855,0.000637944914,0.000637944914,0.00192951176,0.00192951176,0.671182805,2955.009,68.182236,-0.0019107408,-1.367119e-05,0.0,7067.469440000001,2940.80485,-0.036698666,88.6267999,0.000136245025
1401.0,31.5046062,7075.36343,-13.1031234,-13.1031234,-9.70848195,-9.70848195,-8.97498556,-8.97498556,-0.0371656962,-165.99855,-165.99855,0.000646063478,0.000646063478,0.00195406423,0.00195406423,0.671255815,2955.009,68.182236,-0.00193505705,5.7033332e-05,0.0,7075.36343,2944.08928,-0.0371656962,92.1649316,0.000143487877
1401.5,21.568568,7075.533930000001,-8.97500931,-8.97500931,-6.65001648,-6.65001648,-5.91504794,-5.91504794,-0.037642607,-165.99855,-165.99855,0.000654353763,0.000654353763,0.001979136,0.001979136,0.671309268,2955.009,68.182236,-0.00195988776,-5.579089e-06,0.0,7075.533930000001,2944.15997,-0.037642607,95.7779157,0.000151025645
1402.0,11.63253,7075.536539999999,-4.84057837,-4.84057837,-3.58661898,-3.58661898,-2.93891386,-2.93891386,-0.0378905979,-163.128998,-163.128998,0.000647410891,0.000647410891,0.00195813339,0.00195813339,0.67134153,2955.009,68.182236,-0.00197279951,-5.865382e-05,0.0,7075.536539999999,2944.16086,-0.0378905979,97.6566431,0.000155022013
1402.5,1.696491973,7075.53332,-0.706249022,-0.706249022,-0.523294105,-0.523294105,-0.334498784,-0.334498784,-0.0355250245,-128.677357,-128.677357,0.000479845743,0.000479845743,0.00145131684,0.00145131684,0.671353852,2955.009,68.182236,-0.00184963437,0.000213316999,0.0,7075.53332,2944.16095,-0.0355250245,79.7355216,0.000118899575
1403.0,-8.23954613,7075.529829999999,3.4279562,3.4279562,2.53993628,2.53993628,3.16943483,3.16943483,-0.0324516879,-85.605317,-85.605317,0.000292061344,0.000292061344,0.000883356585,0.000883356585,0.671343231,2955.009,68.182236,-0.00168961903,0.000279450367,0.0,7075.529829999999,2944.16128,-0.0324516879,56.4525293,7.6986094e-05
1403.5,-14.913167,7082.729369999999,6.34750004,6.34750004,4.70801081,4.70801081,5.60096206,5.60096206,-0.0292272058,-42.5205798,-42.5205798,0.000131447438,0.000131447438,0.000397582348,0.000397582348,0.671305403,2955.009,68.182236,-0.00152173419,8.8259799e-05,0.0,7082.729369999999,2947.15894,-0.0292272058,32.0244832,3.9529384e-05
1404.0,-15.0911665,7091.672690000001,6.29258064,6.29258064,4.67311032,4.67311032,5.56707003,5.56707003,-0.0148479487,0.54664658,0.54664658,1.9456035e-05,1.9456035e-05,7.100908e-05,7.100908e-05,0.67125947,2955.009,68.182236,-0.00077306846,0.000838712244,0.0,7091.672690000001,2950.88867,-0.0148479487,5.31893199,8.390155e-06
1404.5,-15.0911665,7091.9728,6.27979247,6.27979247,4.66381138,4.66381138,5.55751212,5.55751212,0.0278622533,43.6244067,43.6244067,0.000128610459,0.000128610459,0.000389002449,0.000389002449,0.671214027,2955.009,68.182236,0.00145066701,0.000256582343,0.0,7091.9728,2951.0385,0.0278622533,-21.6838692,2.5639724e-05
1405.0,-15.0911665,7091.97757,6.27952638,6.27952638,4.6636169,4.6636169,5.5573119,5.5573119,0.031413852,86.6981034,86.6981034,0.000286526899,0.000286526899,0.0008666204,0.0008666204,0.671168589,2955.009,68.182236,0.00163558335,8.5406834e-05,0.0,7091.97757,2951.04257,0.031413852,-48.5900819,6.4267362e-05
1405.5,-15.0911665,7091.972830000001,6.27951715,6.27951715,4.66360683,4.66360683,5.55730108,5.55730108,0.0349657828,129.771114,129.771114,0.000476490073,0.000476490073,0.00144117048,0.00144117048,0.671123151,2955.009,68.182236,0.00182051704,8.6087882e-05,0.0,7091.972830000001,2951.0427,0.0349657828,-75.4988165,0.000110908018
1406.0,-15.0911665,7091.969169999999,6.27953949,6.27953949,4.66362118,4.66362118,5.5573154,5.5573154,0.0374110108,159.369069,159.369069,0.000624394262,0.000624394262,0.00188851827,0.00188851827,0.671077719,2955.009,68.182236,0.0019478295,0.000202633073,0.0,7091.969169999999,2951.04266,0.0374110108,-94.0233816,0.000147350774
1406.5,-15.0911665,7091.969,6.27954593,6.27954593,4.66362582,4.66362582,5.5573202,5.5573202,0.0374883618,160.30675,160.30675,0.000629327772,0.000629327772,0.00190344019,0.00190344019,0.671032258,2955.009,68.182236,0.00195185685,8.5737103e-05,0.0,7091.969,2951.0427,0.0374883618,-94.6093791,0.000148565955
1407.0,-15.0911665,7091.969,6.27954566,6.27954566,4.66362559,4.66362559,5.55731986,5.55731986,0.0374883076,160.30675,160.30675,0.000629326863,0.000629326863,0.00190343736,0.00190343736,0.670986827,2955.009,68.182236,0.00195185395,1.3779517e-05,0.0,7091.969,2951.0427,0.0374883076,-94.6089605,0.000148565083
1407.5,-15.0911665,7091.969,6.27954566,6.27954566,4.66362554,4.66362554,5.5573199,5.5573199,0.0374914132,160.30675,160.30675,0.000629378999,0.000629378999,0.00190359509,0.00190359509,0.670941383,2955.009,68.182236,0.0019520157,5.4568746e-05,0.0,7091.969,2951.0427,0.0374914132,-94.6324944,0.000148614356
1408.0,-14.56422355,7092.3675,6.24119508,6.24119508,4.63538985,4.63538985,5.52797784,5.52797784,0.0359586746,141.5254806,141.5254806,0.000535124461,0.000535124461,0.00161851455,0.00161851455,0.670895931,2955.009,68.182236,0.00187221265,-3.5077632e-05,0.0,7092.3675,2951.20755,0.0359586746,-83.0207682,0.00012558617
1408.5,66.07938437,7251.888400000001,-25.57234607,-25.57234607,-19.52615893,-19.52615893,-18.55612381,-18.55612381,0.0346192183,79.1895987,79.1895987,0.000286224795,0.000286224795,0.00086569934,0.00086569934,0.67090866,2955.009,68.182236,0.00180247293,-2.730463e-06,0.0,7251.888400000001,3017.58454,0.0346192183,-72.8733059,0.000105739176
1409.0,155.356682,7213.36299,-66.5229705,-66.5229705,-50.2424468,-50.2424468,-48.2075227,-48.2075227,0.0338073633,15.13728522,15.13728522,5.6270518e-05,5.6270518e-05,0.000189691052,0.000189691052,0.671125226,2955.009,68.182236,0.00176020316,-0.000234062197,0.0,7213.36299,3001.55335,0.0338073633,-66.7228581,9.5117642e-05
1409.5,156.9757,7096.54297,-65.484045,-65.484045,-48.6644304,-48.6644304,-46.6922106,-46.6922106,0.0285647659,-48.4637118,-48.4637118,-0.000142248481,-0.000142248481,-4.7029694e-05,-4.7029694e-05,0.67139459,2955.009,68.182236,0.00148724381,-0.000155887158,0.0,7096.54297,2952.94055,0.0285647659,-27.005967,3.2996366e-05
1410.0,156.9757,7092.07237,-65.3219916,-65.3219916,-48.5133414,-48.5133414,-46.5478408,-46.5478408,0.0265250016,-73.07749,-73.07749,-0.000202986751,-0.000202986751,-6.7111401e-05,-6.7111401e-05,0.67165949,2955.009,68.182236,0.0013810421,2.896126e-06,0.0,7092.07237,2951.07916,0.0265250016,-11.553114,1.2836407e-05
1410.5,156.9757,7091.986370000001,-65.3188036,-65.3188036,-48.5103854,-48.5103854,-46.5450127,-46.5450127,0.0265235845,-73.07749,-73.07749,-0.000202975906,-0.000202975906,-6.7107813e-05,-6.7107813e-05,0.671924205,2955.009,68.182236,0.00138096829,-1.7930951e-05,0.0,7091.986370000001,2951.04337,0.0265235845,-11.5423766,1.282379e-05
1411.0,156.9757,7091.984999999999,-65.318742,-65.318742,-48.5103304,-48.5103304,-46.5449604,-46.5449604,0.0265262936,-73.07749,-73.07749,-0.000202996634,-0.000202996634,-6.711467e-05,-6.711467e-05,0.672188911,2955.009,68.182236,0.00138110933,-2.0754643e-05,0.0,7091.984999999999,2951.0427,0.0265262936,-11.5628994,1.2847904e-05
1411.5,156.9757,7091.984999999999,-65.31874,-65.31874,-48.51033,-48.51033,-46.54496,-46.54496,0.0265256484,-73.07749,-73.07749,-0.000202991702,-0.000202991702,-6.7113037e-05,-6.7113037e-05,0.672453625,2955.009,68.182236,0.00138107578,-2.8672495e-05,0.0,7091.984999999999,2951.0427,0.0265256484,-11.5580132,1.284216e-05
1412.0,156.9757,7091.984999999999,-65.31874,-65.31874,-48.51033,-48.51033,-46.54496,-46.54496,0.0265260715,-73.07749,-73.07749,-0.000202994937,-0.000202994937,-6.7114107e-05,-6.7114107e-05,0.672718324,2955.009,68.182236,0.00138109778,0.00012313993,0.0,7091.984999999999,2951.0427,0.0265260715,-11.5612171,1.2845922e-05
1412.5,156.9757,7091.984999999999,-65.31874,-65.31874,-48.5103296,-48.5103296,-46.54496,-46.54496,0.0265241599,-73.07749,-73.07749,-0.000202980305,-0.000202980305,-6.7109271e-05,-6.7109271e-05,0.672983012,2955.009,68.182236,0.00138099822,3.8894348e-05,0.0,7091.984999999999,2951.0427,0.0265241599,-11.5467339,1.2828913e-05
1413.0,156.9757,7091.984999999999,-65.31874,-65.31874,-48.5103292,-48.5103292,-46.5449596,-46.5449596,0.0265138063,-73.2092815,-73.2092815,-0.000203266468,-0.000203266468,-6.720388e-05,-6.720388e-05,0.673247696,2955.009,68.182236,0.00138045921,-0.000100264494,0.0,7091.984999999999,2951.0427,0.0265138063,-11.468301,1.2736922e-05
1413.5,156.9757,7091.98504,-65.31874,-65.31874,-48.5103292,-48.5103292,-46.5449596,-46.5449596,0.0263211045,-75.5560345,-75.5560345,-0.000208251115,-0.000208251115,-6.8851869e-05,-6.8851869e-05,0.6735124,2955.009,68.182236,0.00137042605,7.413648e-05,0.0,7091.98504,2951.0427,0.0263211045,-10.0084315,1.1036401e-05
1414.0,156.9757,7091.9854,-65.31874,-65.31874,-48.5103312,-48.5103312,-46.5449616,-46.5449616,0.0260569819,-78.6926189,-78.6926189,-0.000214719876,-0.000214719876,-7.0990524e-05,-7.0990524e-05,0.673777066,2955.009,68.182236,0.00135667434,-7.212279e-05,0.0,7091.9854,2951.0427,0.0260569819,-8.00748944,8.741783e-06
1414.5,156.9757,7091.98582,-65.31874,-65.31874,-48.510334,-48.510334,-46.544964,-46.544964,0.0258027361,-81.830031,-81.830031,-0.000221102226,-0.000221102226,-7.3100607e-05,-7.3100607e-05,0.674041749,2955.009,68.182236,0.00134343686,-6.2846436e-05,0.0,7091.98582,2951.0427,0.0258027361,-6.08137541,6.57471e-06
1415.0,156.9757,7091.98612,-65.31874,-65.31874,-48.5103372,-48.5103372,-46.5449672,-46.5449672,0.0255453165,-84.966516,-84.966516,-0.000227286887,-0.000227286887,-7.5145328e-05,-7.5145328e-05,0.674306391,2955.009,68.182236,0.00133003412,-1.4515344e-05,0.0,7091.98612,2951.0427,0.0255453165,-4.13121098,4.422311e-06
1415.5,156.9757,7091.9863,-65.31874,-65.31874,-48.5103386,-48.5103386,-46.5449688,-46.5449688,0.0252879522,-88.103603,-88.103603,-0.000233304118,-0.000233304118,-7.7134689e-05,-7.7134689e-05,0.674571096,2955.009,68.182236,0.00131663427,4.5657799e-05,0.0,7091.9863,2951.0427,0.0252879522,-2.18146974,2.312639e-06
1416.0,156.73547,7091.719010000001,-65.291369,-65.291369,-48.4881885,-48.4881885,-46.5238629,-46.5238629,0.02126277436,-91.239974,-91.239974,-0.000202654734,-0.000202654734,-6.700107e-05,-6.700107e-05,0.674835743,2955.009,68.182236,0.001107060653,-0.001052674164,0.0,7091.719010000001,2950.92898,0.02126277436,-0.375517819,3.94924e-07
1416.5,133.3082666,7045.8977,-55.985818,-55.985818,-41.3166812,-41.3166812,-39.674498,-39.674498,-0.0263349028,-94.3774653,-94.3774653,0.000260331539,0.000260331539,0.000787404732,0.000787404732,0.675089279,2955.009,68.182236,-0.00137114446,-1.1568076e-05,0.0,7045.8977,2931.83469,-0.0263349028,10.11296222,1.1279174e-05
1417.0,94.6443876,7028.15459,-39.3978179,-39.3978179,-28.9964649,-28.9964649,-27.8166276,-27.8166276,-0.0284737698,-97.5147474,-97.5147474,0.000290823619,0.000290823619,0.000879625546,0.000879625546,0.675292391,2955.009,68.182236,-0.00148250602,-5.9581243e-05,0.0,7028.15459,2924.45041,-0.0284737698,26.3165973,3.1505598e-05
1417.5,55.9805107,7027.72025,-23.2937348,-23.2937348,-17.1428204,-17.1428204,-16.27956515,-16.27956515,-0.0305621634,-100.2266935,-100.2266935,0.000320797476,0.000320797476,0.000970277809,0.000970277809,0.675434227,2955.009,68.182236,-0.00159123962,-2.448883e-05,0.0,7027.72025,2924.26835,-0.0305621634,42.1378576,5.404812e-05
1418.0,18.8382138,7030.88142,-7.58130878,-7.58130878,-5.58025838,-5.58025838,-4.94277979,-4.94277979,-0.0323900523,-100.58593,-100.58593,0.000341175249,0.000341175249,0.00103190555,0.00103190555,0.675506616,2955.009,68.182236,-0.00168640994,7.5923832e-05,0.0,7030.88142,2925.58282,-0.0323900523,55.9855886,7.6024185e-05
1418.5,9.80591265,7083.763730000001,-3.69598456,-3.69598456,-2.74241748,-2.74241748,-2.18660536,-2.18660536,-0.0328348635,-100.58593,-100.58593,0.000345860597,0.000345860597,0.00104607504,0.00104607504,0.675526029,2955.009,68.182236,-0.00170956933,-7.7835043e-05,0.0,7083.763730000001,2947.58718,-0.0328348635,59.3553895,8.1637215e-05
1419.0,13.1529697,7097.427129999999,-5.45864987,-5.45864987,-4.05710788,-4.05710788,-3.34749056,-3.34749056,-0.0326541316,-100.58593,-100.58593,0.00034395689,0.00034395689,0.00104031784,0.00104031784,0.675546864,2955.009,68.182236,-0.00170015936,0.000157473889,0.0,7097.427129999999,2953.27277,-0.0326541316,57.9862013,7.9314952e-05
1419.5,16.61184325,7097.81666,-6.91214156,-6.91214156,-5.13766816,-5.13766816,-4.37171829,-4.37171829,-0.0324917749,-100.58593,-100.58593,0.00034224673,0.00034224673,0.00103514594,0.00103514594,0.675575357,2955.009,68.182236,-0.00169170619,0.000124878003,0.0,7097.81666,2953.43495,-0.0324917749,56.7562189,7.7246541e-05
1420.0,20.0707174,7097.823849999999,-8.35140974,-8.35140974,-6.20745566,-6.20745566,-5.44123096,-5.44123096,-0.0323240864,-100.58593,-100.58593,0.000340480407,0.000340480407,0.0010298042,0.0010298042,0.675611252,2955.009,68.182236,-0.00168297534,4.6452573e-05,0.0,7097.823849999999,2953.4381,-0.0323240864,55.485842,7.512784e-05
1420.5,23.5295912,7097.82375,-9.7908673,-9.7908673,-7.27737916,-7.27737916,-6.56592916,-6.56592916,-0.0321542712,-100.58593,-100.58593,0.000338691686,0.000338691686,0.0010243947,0.0010243947,0.675654759,2955.009,68.182236,-0.00167413379,-3.5631149e-05,0.0,7097.82375,2953.43817,-0.0321542712,54.1993539,7.3000479e-05
1421.0,26.9884651,7097.82386,-11.2302356,-11.2302356,-8.34723618,-8.34723618,-7.65277213,-7.65277213,-0.0319897376,-100.58593,-100.58593,0.000336958597,0.000336958597,0.00101915345,0.00101915345,0.6757059,2955.009,68.182236,-0.00166556724,-0.000104165678,0.0,7097.82386,2953.43819,-0.0319897376,52.9528784,7.0956723e-05
1421.5,30.4473392,7097.823050000001,-12.6694151,-12.6694151,-9.416952,-9.416952,-8.6866341,-8.6866341,-0.0318242646,-100.58593,-100.58593,0.000335215613,0.000335215613,0.00101388228,0.00101388228,0.675764107,2955.009,68.182236,-0.00165695178,-6.1651021e-05,0.0,7097.823050000001,2953.43804,-0.0318242646,51.6992871,6.8918635e-05
1422.0,33.9062126,7097.822569999999,-14.10851365,-14.10851365,-10.48660785,-10.48660785,-9.7325242,-9.7325242,-0.0312806765,-96.0153465,-96.0153465,0.000315027,0.000315027,0.00095282177,0.00095282177,0.675829148,2955.009,68.182236,-0.0016286495,7.9624992e-05,0.0,7097.822569999999,2953.43819,-0.0312806765,47.5811739,6.2479674e-05
1422.5,36.9849502,7096.9103,-15.4271826,-15.4271826,-11.4652533,-11.4652533,-10.6998206,-10.6998206,-0.0185800339,-40.2867354,-40.2867354,0.000105920423,0.000105920423,0.000329178812,0.000329178812,0.675900957,2955.009,68.182236,-0.000967381993,0.002119838906,0.0,7096.9103,2953.06593,-0.0185800339,12.04690475,1.5946155e-05
1423.0,37.469532,7092.45236,-15.6077914,-15.6077914,-11.5922178,-11.5922178,-10.82616235,-10.82616235,0.0292301697,29.53035856,29.53035856,9.386492e-05,9.386492e-05,0.000285323896,0.000285323896,0.675976465,2955.009,68.182236,0.00152188851,0.000177843427,0.0,7092.45236,2951.23883,0.0292301697,-32.0469371,4.0106272e-05
1423.5,37.469532,7091.982300000001,-15.5917477,-15.5917477,-11.5795334,-11.5795334,-10.81356775,-10.81356775,0.0349886327,99.3541261,99.3541261,0.000367506388,0.000367506388,0.001111536333,0.001111536333,0.67605193,2955.009,68.182236,0.00182170672,0.000285464838,0.0,7091.982300000001,2951.04662,0.0349886327,-75.6719182,0.000111772739
1424.0,37.469532,7091.96492,-15.5914026,-15.5914026,-11.57924875,-11.57924875,-10.8132856,-10.8132856,0.0407485942,169.168085,169.168085,0.000725337135,0.000725337135,0.00219381481,0.00219381481,0.676127371,2955.009,68.182236,0.00212160304,0.00011367062,0.0,7091.96492,2951.04276,0.0407485942,-119.3082616,0.000204509004
1424.5,37.469532,7091.956660000001,-15.5913954,-15.5913954,-11.5792302,-11.5792302,-10.8132677,-10.8132677,0.0465042513,238.99461,238.99461,0.001167353893,0.001167353893,0.00353076993,0.00353076993,0.676202802,2955.009,68.182236,0.00242127515,0.000176562374,0.0,7091.956660000001,2951.0427,0.0465042513,-162.911989,0.000318213649
1425.0,37.469532,7091.94864,-15.5913951,-15.5913951,-11.5792167,-11.5792167,-10.8132546,-10.8132546,0.0522615092,308.814198,308.814198,0.00169355549,0.00169355549,0.00512242087,0.00512242087,0.676278232,2955.009,68.182236,0.00272103066,0.000221063623,0.0,7091.94864,2951.0427,0.0522615092,-206.527843,0.000452983332
1425.5,37.469532,7091.943249999999,-15.591358,-15.591358,-11.5791799,-11.5791799,-10.81321875,-10.81321875,0.0560402518,354.528247,354.528247,0.00208060981,0.00208060981,0.00629321495,0.00629321495,0.676353632,2955.009,68.182236,0.00291777344,0.000133934256,0.0,7091.943249999999,2951.04262,0.0560402518,-235.154854,0.000552017977
1426.0,37.469532,7091.943400000001,-15.5913494,-15.5913494,-11.5791735,-11.5791735,-10.8132116,-10.8132116,0.056115704,355.48294,355.48294,0.00208896812,0.00208896812,0.00631849813,0.00631849813,0.676429052,2955.009,68.182236,0.00292170194,-4.058256e-05,0.0,7091.943400000001,2951.0427,0.056115704,-235.726466,0.000554091364
1426.5,37.469532,7091.943400000001,-15.5913496,-15.5913496,-11.5791736,-11.5791736,-10.8132116,-10.8132116,0.0561145531,355.48294,355.48294,0.00208892524,0.00208892524,0.00631836853,0.00631836853,0.676504462,2955.009,68.182236,0.002921642,-7.2647111e-05,0.0,7091.943400000001,2951.0427,0.0561145531,-235.717751,0.00055405951
1427.0,37.469532,7091.943400000001,-15.5913495,-15.5913495,-11.5791736,-11.5791736,-10.8132116,-10.8132116,0.0561169898,355.48294,355.48294,0.00208901588,0.00208901588,0.00631864281,0.00631864281,0.676579862,2955.009,68.182236,0.00292176889,0.000101238379,0.0,7091.943400000001,2951.0427,0.0561169898,-235.736206,0.00055412695
1427.5,37.469532,7091.9432,-15.5913527,-15.5913527,-11.579176,-11.579176,-10.8132142,-10.8132142,0.0562818464,357.489702,357.489702,0.00210700922,0.00210700922,0.00637307142,0.00637307142,0.676655262,2955.009,68.182236,0.00293035223,9.3881817e-05,0.0,7091.9432,2951.0427,0.0562818464,-236.985132,0.000558706453
1428.0,41.1326845,7099.7826,-16.5320159,-16.5320159,-12.294529,-12.294529,-11.5179258,-11.5179258,0.0570261447,364.745855,364.745855,0.00217826351,0.00217826351,0.00658860927,0.00658860927,0.676731018,2955.009,68.182236,0.00296910464,9.9586591e-05,0.0,7099.7826,2954.30526,0.0570261447,-242.623789,0.000579615496
1428.5,89.791957,7234.450930000001,-33.9204718,-33.9204718,-25.6793741,-25.6793741,-24.5984304,-24.5984304,0.0598644603,372.269344,372.269344,0.00233386823,0.00233386823,0.00705926883,0.00705926883,0.676849404,2990.17693,68.182236,0.00311688348,0.000169052559,0.0,7234.450930000001,3010.34339,0.0598644603,-264.126304,0.000662458665
1429.0,97.82172,8221.12377,-27.8952633,-27.8952633,-24.0261619,-24.0261619,-22.8607191,-22.8607191,0.0604573461,379.791075,379.791075,0.00240452991,0.00240452991,0.00727301896,0.00727301896,0.676999748,3431.45471,68.182236,0.0031477525,7.537907e-05,0.0,8221.12377,3420.90555,0.0604573461,-268.6179,0.000680267825
1429.5,97.82172,9567.1349,-28.271728,-28.271728,-28.3250238,-28.3250238,-26.7324664,-26.7324664,0.0607552211,383.15222,383.15222,0.00243771867,0.00243771867,0.00737341376,0.00737341376,0.677157478,3986.49151,68.182236,0.00316326156,-2.8271346e-05,0.0,9567.1349,3980.99089,0.0607552211,-270.874549,0.000689351008
1430.0,97.82172,10345.4125,-39.8891022,-39.8891022,-43.2197456,-43.2197456,-41.1097108,-41.1097108,0.0612680013,383.15222,383.15222,0.00245829321,0.00245829321,0.00743564215,0.00743564215,0.677359308,4291.45,68.182236,0.00318995979,3.4297688e-05,0.0,10345.4125,4304.83828,0.0612680013,-274.759262,0.000705149464
1430.5,97.82172,10301.934449999999,-40.7958293,-40.7958293,-44.0112194,-44.0112194,-41.8900633,-41.8900633,0.0608391545,377.416762,377.416762,0.00240467899,0.00240467899,0.0072734598,0.0072734598,0.677604369,4291.45,68.182236,0.00316763152,8.7140938e-05,0.0,10301.934449999999,4286.7465,0.0608391545,-271.510398,0.000691957406
1431.0,97.82172,10299.4456,-40.7061506,-40.7061506,-43.903839,-43.903839,-41.7862245,-41.7862245,0.0596830596,363.487919,363.487919,0.00227193742,0.00227193742,0.00687192076,0.00687192076,0.677847171,4291.45,68.182236,0.0031074387,-0.000153002076,0.0,10299.4456,4285.71027,0.0596830596,-262.752058,0.000656914563
1431.5,97.82172,10299.3985,-40.7043628,-40.7043628,-43.9017131,-43.9017131,-41.7841692,-41.7841692,0.0585311174,349.494319,349.494319,0.00214231711,0.00214231711,0.00647982691,0.00647982691,0.678089864,4291.45,68.182236,0.00304746212,7.0380613e-05,0.0,10299.3985,4285.69018,0.0585311174,-254.025171,0.000622839808
1432.0,97.82172,10299.399399999998,-40.70433,-40.70433,-43.9016812,-43.9016812,-41.7841366,-41.7841366,0.0573763326,335.504111,335.504111,0.00201599314,0.00201599314,0.0060977072,0.0060977072,0.678332565,4291.45,68.182236,0.00298733747,4.6909506e-05,0.0,10299.399399999998,4285.69,0.0573763326,-245.276746,0.00058952612
1432.5,97.82172,10299.401,-40.7043291,-40.7043291,-43.901686,-43.901686,-41.784142,-41.784142,0.0562206715,321.510945,321.510945,0.00189300802,0.00189300802,0.00572569055,0.00572569055,0.678575239,4291.45,68.182236,0.00292716718,6.2366098e-05,0.0,10299.401,4285.69,0.0562206715,-236.521688,0.000557035479
1433.0,97.82172,10299.4026,-40.7043294,-40.7043294,-43.9016923,-43.9016923,-41.7841504,-41.7841504,0.0550701267,307.520976,307.520976,0.00177359159,0.00177359159,0.00536447143,0.00536447143,0.678817916,4291.45,68.182236,0.00286726326,-1.3253007e-05,0.0,10299.4026,4285.69,0.0550701267,-227.805379,0.00052553
1433.5,97.82172,10299.404400000001,-40.7043294,-40.7043294,-43.901701,-43.901701,-41.7841564,-41.7841564,0.0539128225,293.530103,293.530103,0.00165733211,0.00165733211,0.00501280545,0.00501280545,0.679060594,4291.45,68.182236,0.00280700747,9.676355e-06,0.0,10299.404400000001,4285.69,0.0539128225,-219.037873,0.00049468639
1434.0,97.82172,10299.406,-40.7043297,-40.7043297,-43.901707,-43.901707,-41.784162,-41.784162,0.0527606857,279.539234,279.539234,0.0015446161,0.0015446161,0.0046718599,0.0046718599,0.679303274,4291.45,68.182236,0.00274702069,3.3405756e-05,0.0,10299.406,4285.69,0.0527606857,-210.309511,0.000464825231
1434.5,97.82172,10299.4076,-40.7043297,-40.7043297,-43.9017134,-43.9017134,-41.7841708,-41.7841708,0.0516080903,265.54633,265.54633,0.00143525542,0.00143525542,0.00434106709,0.00434106709,0.679545939,4291.45,68.182236,0.00268701003,-1.6207058e-05,0.0,10299.4076,4285.69,0.0516080903,-201.577678,0.000435796798
1435.0,97.82172,10299.4094,-40.7043294,-40.7043294,-43.9017216,-43.9017216,-41.784176,-41.784176,0.0504535945,251.554602,251.554602,0.00132922486,0.00132922486,0.00402034969,0.00402034969,0.6797886,4291.45,68.182236,0.00262690037,-8.7979784e-05,0.0,10299.4094,4285.69,0.0504535945,-192.831435,0.000407563718
1435.5,97.82172,10299.41,-40.7043368,-40.7043368,-43.9017344,-43.9017344,-41.7841881,-41.7841881,0.04977491,243.385015,243.385015,0.00126862425,0.00126862425,0.00383704859,0.00383704859,0.68003127,4291.45,68.182236,0.00259156423,-0.00012152296,0.0,10299.41,4285.69,0.04977491,-187.68986,0.000391327131
1436.0,97.82172,10299.41,-40.704338,-40.704338,-43.9017342,-43.9017342,-41.7841885,-41.7841885,0.0497722416,243.33223,243.33223,0.00126828088,0.00126828088,0.0038360101,0.0038360101,0.680273935,4291.45,68.182236,0.00259142533,-7.6881e-07,0.0,10299.41,4285.69,0.0497722416,-187.669644,0.000391263987
1436.5,97.82172,10299.41,-40.704338,-40.704338,-43.9017342,-43.9017342,-41.7841891,-41.7841891,0.0497742825,243.33223,243.33223,0.00126833292,0.00126833292,0.00383616742,0.00383616742,0.68051658,4291.45,68.182236,0.00259153161,-2.1747089e-05,0.0,10299.41,4285.69,0.0497742825,-187.685109,0.000391312259
1437.0,97.82172,10299.41,-40.704338,-40.704338,-43.9017354,-43.9017354,-41.7841894,-41.7841894,0.0497750349,243.33223,243.33223,0.00126835206,0.00126835206,0.00383622526,0.00383622526,0.680759226,4291.45,68.182236,0.00259157077,-7.7611874e-05,0.0,10299.41,4285.69,0.0497750349,-187.6908,0.00039133004
1437.5,97.82172,10299.41,-40.704338,-40.704338,-43.9017338,-43.9017338,-41.7841885,-41.7841885,0.0497735719,243.33223,243.33223,0.00126831481,0.00126831481,0.00383611258,0.00383611258,0.681001871,4291.45,68.182236,0.00259149459,0.000133669569,0.0,10299.41,4285.69,0.0497735719,-187.679719,0.000391295432
1438.0,94.4925685,10291.59535,-39.5556617,-39.5556617,-42.6317762,-42.6317762,-40.5527445,-40.5527445,0.0496228616,243.33223,243.33223,0.00126447445,0.00126447445,0.00382449839,0.00382449839,0.681243509,4291.45,68.182236,0.00258364774,-0.000245016714,0.0,10291.59535,4282.43809,0.0496228616,-186.537973,0.000387747092
1438.5,77.679073,10270.5376,-32.2920941,-32.2920941,-34.7311719,-34.7311719,-32.8529872,-32.8529872,0.0488038006,243.33223,243.33223,0.00124360335,0.00124360335,0.00376137899,0.00376137899,0.681462994,4291.45,68.182236,0.00254100275,-6.4534432e-05,0.0,10270.5376,4273.675,0.0488038006,-180.33292,0.000368671384
1439.0,71.79433,9817.8313,-47.8709713,-47.8709713,-48.2525777,-48.2525777,-46.0212853,-46.0212853,0.049314562,243.33223,243.33223,0.00125661849,0.00125661849,0.00380073978,0.00380073978,0.681670767,4049.41049,68.182236,0.00256759589,3.9625371e-05,0.0,9817.8313,4085.30086,0.049314562,-184.202354,0.000380702165
1439.5,71.79433,6417.09032,-65.1912335,-65.1912335,-43.9051942,-43.9051942,-41.9798734,-41.9798734,0.0500868418,243.33223,243.33223,0.00127629745,0.00127629745,0.00386025411,0.00386025411,0.681949843,2661.32792,68.182236,0.00260780523,-6.0164146e-05,0.0,6417.09032,2670.22797,0.0500868418,-190.052994,0.000398737944
1440.0,71.79433,3527.9488,-40.1817579,-40.1817579,-15.3477626,-15.3477626,-14.3917431,-14.3917431,0.048978486,243.33223,243.33223,0.00124805466,0.00124805466,0.00377484074,0.00377484074,0.682119797,1519.96952,68.182236,0.00255009788,4.846574e-06,0.0,3527.9488,1468.03413,0.048978486,-181.656308,0.000372861667
1440.5,71.79433,3481.88047,-29.2738698,-29.2738698,-10.6748961,-10.6748961,-10.0130699,-10.0130699,0.048491826,243.33223,243.33223,0.00123565375,0.00123565375,0.00373733721,0.00373733721,0.68219115,1457.9783,68.182236,0.00252475962,-8.0358717e-05,0.0,3481.88047,1448.86445,0.048491826,-177.969461,0.000361495532
1441.0,71.79433,3498.73456,-29.861357,-29.861357,-10.94080245,-10.94080245,-10.2678478,-10.2678478,0.04851822,243.33223,243.33223,0.0012363263,0.0012363263,0.00373937127,0.00373937127,0.682262594,1457.9783,68.182236,0.00252613384,-0.000194955815,0.0,3498.73456,1455.87763,0.04851822,-178.169417,0.000362098429
1441.5,71.79433,3499.07353,-29.8739108,-29.8739108,-10.94646215,-10.94646215,-10.2732746,-10.2732746,0.048522267,243.33223,243.33223,0.00123642944,0.00123642944,0.00373968318,0.00373968318,0.682334465,1457.9783,68.182236,0.00252634454,-1.4902262e-05,0.0,3499.07353,1456.01868,0.048522267,-178.200081,0.000362190959
1442.0,71.79433,3499.0799,-29.8741463,-29.8741463,-10.9465681,-10.9465681,-10.27337615,-10.27337615,0.048518698,243.33223,243.33223,0.00123633849,0.00123633849,0.00373940807,0.00373940807,0.682406349,1457.9783,68.182236,0.00252615872,-0.00012548223,0.0,3499.0799,1456.02134,0.048518698,-178.173044,0.000362109362
1442.5,71.79433,3499.08003,-29.8741484,-29.8741484,-10.9465691,-10.9465691,-10.2733772,-10.2733772,0.0484912797,242.958031,242.958031,0.00123375025,0.00123375025,0.00373157935,0.00373157935,0.68247823,1457.9783,68.182236,0.00252473119,-3.9431856e-05,0.0,3499.08003,1456.02138,0.0484912797,-177.965324,0.000361485403
1443.0,71.79433,3499.09,-29.8740422,-29.8740422,-10.94656145,-10.94656145,-10.2733708,-10.2733708,0.0411208076,153.5577004,153.5577004,0.000678694215,0.000678694215,0.00205273486,0.00205273486,0.682550124,1457.9783,68.182236,0.00214098259,-0.000416695709,0.0,3499.09,1456.02119,0.0411208076,-122.128078,0.000214722862
1443.5,71.79433,3499.11952,-29.8736363,-29.8736363,-10.9465052,-10.9465052,-10.2733193,-10.2733193,0.018217964,-2.93880004,-2.93880004,7.7368372e-05,7.7368372e-05,0.000291563859,0.000291563859,0.682622012,1457.9783,68.182236,0.00094853054,-0.000417044771,0.0,3499.11952,1456.02016,0.018217964,-24.3990593946,3.930267e-05
1444.0,71.79433,3499.19896,-29.8740727,-29.8740727,-10.9469135,-10.9469135,-10.273715,-10.273715,-0.0342074715,-153.719109,-153.719109,0.000562946812,0.000562946812,0.00170268467,0.00170268467,0.68269392,1457.9783,68.182236,-0.00178103508,-0.000205382145,0.0,3499.19896,1456.02255,-0.0342074715,69.7540023,0.000103025666
1444.5,71.79433,3499.20106,-29.8741616,-29.8741616,-10.9469526,-10.9469526,-10.2737522,-10.2737522,-0.0376340406,-195.17194,-195.17194,0.000769177968,0.000769177968,0.00232645537,0.00232645537,0.682765814,1457.9783,68.182236,-0.00195944174,3.612686e-05,0.0,3499.20106,1456.02141,-0.0376340406,95.7130195,0.000150883069
1445.0,71.79433,3499.2007,-29.8741508,-29.8741508,-10.9469473,-10.9469473,-10.2737472,-10.2737472,-0.0376349611,-195.17194,-195.17194,0.000769196781,0.000769196781,0.00232651225,0.00232651225,0.6828377,1457.9783,68.182236,-0.00195948966,-0.000119073571,0.0,3499.2007,1456.0212,-0.0376349611,95.719991,0.000150897751
1445.5,74.1831395,3504.00927,-30.8018278,-30.8018278,-11.30251625,-11.30251625,-10.61339095,-10.61339095,-0.0375214922,-195.17194,-195.17194,0.00076687766,0.00076687766,0.00231949857,0.00231949857,0.682910289,1457.9783,68.182236,-0.00195358182,-4.9399823e-05,0.0,3504.00927,1458.02221,-0.0375214922,94.8603725,0.000149093149
1446.0,78.6551095,3506.5734,-32.7261906,-32.7261906,-12.0173065,-12.0173065,-11.29037945,-11.29037945,-0.0373018955,-195.17194,-195.17194,0.000762389457,0.000762389457,0.0023059249,0.0023059249,0.682986565,1457.9783,68.182236,-0.00194214833,-3.6533264e-05,0.0,3506.5734,1459.08932,-0.0373018955,93.1967485,0.000145621014
1446.5,83.1270789,3506.64192,-34.5898723,-34.5898723,-12.70190895,-12.70190895,-11.9361719,-11.9361719,-0.0370874083,-195.17194,-195.17194,0.000758005673,0.000758005673,0.00229266708,0.00229266708,0.683066997,1457.9783,68.182236,-0.00193098091,-4.2119087e-05,0.0,3506.64192,1459.11793,-0.0370874083,91.5718327,0.000142259317
1447.0,87.5990489,3506.64299,-36.4508658,-36.4508658,-13.3852974,-13.3852974,-12.5810892,-12.5810892,-0.0368738342,-195.17194,-195.17194,0.000753640569,0.000753640569,0.00227946555,0.00227946555,0.683151478,1457.9783,68.182236,-0.00191986099,-2.7707517e-05,0.0,3506.64299,1459.11853,-0.0368738342,89.953837,0.000138940933
1447.5,92.0710181,3506.64221,-38.3114103,-38.3114103,-14.0685134,-14.0685134,-13.22537665,-13.22537665,-0.0366551269,-195.17194,-195.17194,0.000749170581,0.000749170581,0.00226594699,0.00226594699,0.683239998,1457.9783,68.182236,-0.0019084739,-3.7017372e-05,0.0,3506.64221,1459.1183,-0.0366551269,88.296958,0.000135572814
1448.0,96.5429879,3506.64235,-40.1722669,-40.1722669,-14.7518484,-14.7518484,-13.8653888,-13.8653888,-0.036435628,-195.17194,-195.17194,0.000744684386,0.000744684386,0.00225237926,0.00225237926,0.683332476,1457.9783,68.182236,-0.00189704554,-1.5828641e-05,0.0,3506.64235,1459.11852,-0.036435628,86.634076,0.000132223232
1448.5,101.0149571,3506.64184,-42.0332136,-42.0332136,-15.4352131,-15.4352131,-14.5044231,-14.5044231,-0.0362274585,-195.17194,-195.17194,0.000740429735,0.000740429735,0.00223951187,0.00223951187,0.68342888,1457.9783,68.182236,-0.00188620704,-7.3994171e-05,0.0,3506.64184,1459.11843,-0.0362274585,85.057024,0.000129074567
1449.0,105.4869271,3506.6416,-43.8940031,-43.8940031,-16.118521,-16.118521,-15.1431151,-15.1431151,-0.0360117348,-195.17194,-195.17194,0.00073602069,0.00073602069,0.00222617754,0.00222617754,0.683529172,1457.9783,68.182236,-0.00187497523,2.6061948e-05,0.0,3506.6416,1459.11842,-0.0360117348,83.4227424,0.000125840632
1449.5,109.8327339,3506.38871,-45.7257581,-45.7257581,-16.7899403,-16.7899403,-15.7692089,-15.7692089,-0.0358025483,-195.17194,-195.17194,0.000731745243,0.000731745243,0.00221324719,0.00221324719,0.683633303,1457.9783,68.182236,-0.00186408377,-6.222638e-06,0.0,3506.38871,1459.01335,-0.0358025483,81.8379846,0.000122732852
1450.0,111.11687,3500.58598,-46.2803921,-46.2803921,-16.9654948,-16.9654948,-15.9305765,-15.9305765,-0.0357362153,-195.17194,-195.17194,0.000730389514,0.000730389514,0.00220914708,0.00220914708,0.683740098,1457.9783,68.182236,-0.00186063016,-0.000140191293,0.0,3500.58598,1456.5988,-0.0357362153,81.3354603,0.00012175229
1450.5,111.11687,3499.22899,-46.2376899,-46.2376899,-16.9432652,-16.9432652,-15.9095729,-15.9095729,-0.0357393699,-195.17194,-195.17194,0.000730454009,0.000730454009,0.00220934207,0.00220934207,0.68384696,1457.9783,68.182236,-0.0018607944,-6.8966625e-05,0.0,3499.22899,1456.03415,-0.0357393699,81.3593613,0.000121798817
1451.0,111.11687,3499.1986,-46.2365714,-46.2365714,-16.942708,-16.942708,-15.90904755,-15.90904755,-0.0357376883,-195.17194,-195.17194,0.000730419632,0.000730419632,0.0022092381,0.0022092381,0.683953774,1457.9783,68.182236,-0.00186070681,2.712251e-05,0.0,3499.1986,1456.02152,-0.0357376883,81.3466175,0.000121774004
1451.5,111.11687,3499.198,-46.23655,-46.23655,-16.942698,-16.942698,-15.9090379,-15.9090379,-0.0357390644,-195.17194,-195.17194,0.000730447759,0.000730447759,0.00220932319,0.00220932319,0.684060608,1457.9783,68.182236,-0.00186077846,9.369888e-06,0.0,3499.198,1456.0212,-0.0357390644,81.3570451,0.000121794309
1452.0,111.11687,3499.19533,-46.2365839,-46.2365839,-16.9426976,-16.9426976,-15.9090368,-15.9090368,-0.03373473,-170.809416,-170.809416,0.000605880212,0.000605880212,0.00183254976,0.00183254976,0.684167418,1457.9783,68.182236,-0.00175642146,9.1444271e-05,0.0,3499.19533,1456.02134,-0.03373473,66.1726035,9.4122554e-05
1452.5,111.11687,3499.18826,-46.2365886,-46.2365886,-16.9426647,-16.9426647,-15.9090046,-15.9090046,-0.0287742051,-110.677833,-110.677833,0.000336094097,0.000336094097,0.00101655192,0.00101655192,0.684274243,1457.9783,68.182236,-0.00149814841,2.1604346e-05,0.0,3499.18826,1456.0212,-0.0287742051,28.5926397,3.5109704e-05
1453.0,111.11687,3499.13606,-46.2370078,-46.2370078,-16.942566,-16.942566,-15.9088979,-15.9088979,0.00910196225,-50.2369492,-50.2369492,-1.0066529e-05,-1.0066529e-05,0.000151142253,0.000151142253,0.684381073,1457.9783,68.182236,0.000473899829,0.0018537569,0.0,3499.13606,1456.02167,0.00910196225,-8.756832373,1.2842867e-05
1453.5,111.11687,3499.10342,-46.2365595,-46.2365595,-16.9422427,-16.9422427,-15.908589,-15.908589,0.031180112,10.21186302,10.21186302,3.5943013e-05,3.5943013e-05,0.000135786203,0.000135786203,0.684487903,1457.9783,68.182236,0.00162341358,0.000110413951,0.0,3499.10342,1456.02096,0.031180112,-46.8193189,6.1798518e-05
1454.0,111.11687,3499.09734,-46.236588,-46.236588,-16.942224,-16.942224,-15.90857015,-15.90857015,0.0361681301,70.6636707,70.6636707,0.00027024584,0.00027024584,0.000817365342,0.000817365342,0.684594711,1457.9783,68.182236,0.00188311808,5.6374353e-05,0.0,3499.09734,1456.0214,0.0361681301,-84.6075643,0.000128833129
1454.5,111.11687,3499.09036,-46.236588,-46.236588,-16.9421904,-16.9421904,-15.90853675,-15.90853675,0.0411531953,131.109163,131.109163,0.00056762985,0.00056762985,0.00171679454,0.00171679454,0.684701529,1457.9783,68.182236,0.00214266886,0.000216060724,0.0,3499.09036,1456.0214,0.0411531953,-122.3734416,0.000211603051
1455.0,111.11687,3564.37103,-41.5552222,-41.5552222,-15.421124,-15.421124,-14.485488,-14.485488,0.0459315099,191.565576,191.565576,0.0009235407,0.0009235407,0.00279327655,0.00279327655,0.684807168,1499.59842,68.182236,0.00239145503,0.000158096039,0.0,3564.37103,1483.18794,0.0459315099,-158.573011,0.000305534785
1455.5,111.11687,5005.98207,-27.9318643,-27.9318643,-14.6849164,-14.6849164,-13.9242328,-13.9242328,0.0479824048,223.68782,223.68782,0.00112396544,0.00112396544,0.00339949875,0.00339949875,0.684896798,2099.89061,68.182236,0.00249823628,-8.7162574e-05,0.0,5005.98207,2083.0541,0.0479824048,-174.110192,0.000349941343
1456.0,111.11687,6868.521559999999,-31.7731318,-31.7731318,-23.0464784,-23.0464784,-22.0339554,-22.0339554,0.0481561921,223.68782,223.68782,0.0011280363,0.0011280363,0.00341180994,0.00341180994,0.685011002,2852.53393,68.182236,0.00250728459,-2.50703e-06,0.0,6868.521559999999,2858.07065,0.0481561921,-175.426765,0.000353886145
1456.5,111.11687,7427.03016,-47.3759271,-47.3759271,-36.8495249,-36.8495249,-35.4180204,-35.4180204,0.0488434771,223.68782,223.68782,0.00114413564,0.00114413564,0.00346049768,0.00346049768,0.685196028,3076.2727,68.182236,0.00254306848,4.7743178e-05,0.0,7427.03016,3090.4706,0.0488434771,-180.633506,0.000369567633
1457.0,110.332967,7382.298089999999,-46.0068311,-46.0068311,-35.5667223,-35.5667223,-34.1837204,-34.1837204,0.04875947,223.68782,223.68782,0.00114216782,0.00114216782,0.00345454653,0.00345454653,0.685404435,3076.2727,68.182236,0.00253869469,-1.276261e-05,0.0,7382.298089999999,3071.85718,0.04875947,-179.997083,0.000367632303
1457.5,106.4010096,7376.265300000001,-44.2873727,-44.2873727,-34.2093873,-34.2093873,-32.8735245,-32.8735245,0.0485663798,223.68782,223.68782,0.00113764479,0.00113764479,0.00344086796,0.00344086796,0.68560729,3076.2727,68.182236,0.0025286413,5.7726699e-05,0.0,7376.265300000001,3069.3468,0.0485663798,-178.53427,0.000363201109
1458.0,102.1393084,7375.90076,-42.5011323,-42.5011323,-32.8279814,-32.8279814,-31.5372563,-31.5372563,0.0483612869,223.68782,223.68782,0.00113284057,0.00113284057,0.00342633902,0.00342633902,0.6858033,3076.2727,68.182236,0.002517963,0.000100044452,0.0,7375.90076,3069.19499,0.0483612869,-176.980526,0.000358519831
1458.5,97.877615,7375.8941,-40.7275164,-40.7275164,-31.4580081,-31.4580081,-30.2127849,-30.2127849,0.0481547425,223.68782,223.68782,0.0011280024,0.0011280024,0.00341170737,0.00341170737,0.685992575,3076.2727,68.182236,0.00250720915,-0.000117549571,0.0,7375.8941,3069.19211,0.0481547425,-175.415793,0.00035383245
1459.0,93.6159137,7375.89412,-38.9543167,-38.9543167,-30.0883859,-30.0883859,-28.8892827,-28.8892827,0.0479514966,223.68782,223.68782,0.00112324144,0.00112324144,0.00339730919,0.00339730919,0.68617502,3076.2727,68.182236,0.00249662703,7.523216e-06,0.0,7375.89412,3069.19205,0.0479514966,-173.876038,0.000349246323
1459.5,89.3542165,7375.89445,-37.1810081,-37.1810081,-28.7186811,-28.7186811,-27.5595613,-27.5595613,0.0477460759,223.68782,223.68782,0.00111842953,0.00111842953,0.00338275696,0.00338275696,0.686350577,3076.2727,68.182236,0.00248593159,4.5271794e-05,0.0,7375.89445,3069.19202,0.0477460759,-172.319805,0.000344637908
1460.0,85.5828008,7377.05101,-35.5649874,-35.5649874,-27.474735,-27.474735,-26.3494323,-26.3494323,0.047560726,223.68782,223.68782,0.0011140878,0.0011140878,0.00336962667,0.00336962667,0.686519162,3076.2727,68.182236,0.00247628128,0.000136293491,0.0,7377.05101,3069.67319,0.047560726,-170.915638,0.000340501824
1460.5,85.00766,7382.425310000001,-35.3528164,-35.3528164,-27.3307601,-27.3307601,-26.2093802,-26.2093802,0.0471818346,219.392213,219.392213,0.00108422507,0.00108422507,0.00327930154,0.00327930154,0.686684063,3076.2727,68.182236,0.00245655396,-1.7611363e-05,0.0,7382.425310000001,3071.90924,0.0471818346,-168.045218,0.000332175181
1461.0,85.00766,7382.98015,-35.3718725,-35.3718725,-27.3475458,-27.3475458,-26.2256902,-26.2256902,0.0449891941,192.7683,192.7683,0.000908812347,0.000908812347,0.00274873699,0.00274873699,0.686848997,3076.2727,68.182236,0.0023423927,-5.771624e-05,0.0,7382.98015,3072.13879,0.0449891941,-151.434213,0.000285535938
1461.5,85.00766,7382.99472,-35.3722868,-35.3722868,-27.3479221,-27.3479221,-26.2260552,-26.2260552,0.042529479,162.991921,162.991921,0.000726547664,0.000726547664,0.00219745711,0.00219745711,0.687013957,3076.2727,68.182236,0.00221432602,-5.6050337e-05,0.0,7382.99472,3072.14354,0.042529479,-132.7998969,0.000236738124
1462.0,85.00766,7382.99846,-35.372295,-35.372295,-27.3479413,-27.3479413,-26.226074,-26.226074,0.0400784906,133.2182116,133.2182116,0.00055974842,0.00055974842,0.00169296314,0.00169296314,0.687178934,3076.2727,68.182236,0.00208671363,3.6112923e-05,0.0,7382.99846,3072.1436,0.0400784906,-114.2316876,0.000191929917
1462.5,85.00766,7383.00193,-35.372295,-35.372295,-27.347954,-27.347954,-26.226087,-26.226087,0.0376218579,103.442505,103.442505,0.000408168373,0.000408168373,0.00123450844,0.00123450844,0.687343884,3076.2727,68.182236,0.00195880738,-6.2342815e-05,0.0,7383.00193,3072.1436,0.0376218579,-95.620724,0.000150846074
1463.0,85.00766,7383.003999999999,-35.372314,-35.372314,-27.3479759,-27.3479759,-26.2261071,-26.2261071,0.0361636342,85.832647,85.832647,0.000325053824,0.000325053824,0.00098313097,0.00098313097,0.68750885,3076.2727,68.182236,0.00188288398,-3.1865933e-05,0.0,7383.003999999999,3072.1436,0.0361636342,-84.573502,0.000128113958
1463.5,85.00766,7383.003999999999,-35.372314,-35.372314,-27.3479778,-27.3479778,-26.2261094,-26.2261094,0.036154574,85.69584,85.69584,0.000324452874,0.000324452874,0.00098131342,0.00098131342,0.687673831,3076.2727,68.182236,0.00188241232,-8.8490335e-05,0.0,7383.003999999999,3072.1436,0.036154574,-84.5048699,0.000127977509
1464.0,85.00766,7383.003999999999,-35.372314,-35.372314,-27.3479772,-27.3479772,-26.2261091,-26.2261091,0.0361584004,85.69584,85.69584,0.000324487203,0.000324487203,0.00098141728,0.00098141728,0.687838769,3076.2727,68.182236,0.00188261151,4.6535702e-05,0.0,7383.003999999999,3072.1436,0.0361584004,-84.533856,0.000128034956
1464.5,85.00766,7383.003999999999,-35.372314,-35.372314,-27.347977,-27.347977,-26.226109,-26.226109,0.036152351,85.69584,85.69584,0.00032443291,0.00032443291,0.00098125303,0.00098125303,0.688003742,3076.2727,68.182236,0.00188229645,-6.7737162e-05,0.0,7383.003999999999,3072.1436,0.036152351,-84.488014,0.000127944099
1465.0,85.00766,7383.003999999999,-35.3723146,-35.3723146,-27.3479774,-27.3479774,-26.2261092,-26.2261092,0.036157295,85.69584,85.69584,0.000324477291,0.000324477291,0.00098138725,0.00098138725,0.688168672,3076.2727,68.182236,0.00188255399,-8.590698e-05,0.0,7383.003999999999,3072.1436,0.036157295,-84.5254831,0.000128018357
1465.5,85.00766,7383.00412,-35.372314,-35.372314,-27.347977,-27.347977,-26.226109,-26.226109,0.0360578074,84.514669,84.514669,0.000319128965,0.000319128965,0.000965211636,0.000965211636,0.688333637,3076.2727,68.182236,0.00187737406,-9.0034078e-05,0.0,7383.00412,3072.1436,0.0360578074,-83.7717779,0.000126528858
1466.0,85.00766,7383.0044,-35.372314,-35.372314,-27.3479776,-27.3479776,-26.2261093,-26.2261093,0.0358509241,81.982682,81.982682,0.00030779225,0.00030779225,0.000930924503,0.000930924503,0.688498568,3076.2727,68.182236,0.00186660251,1.6626839e-05,0.0,7383.0044,3072.1436,0.0358509241,-82.2044724,0.000123449302
1466.5,85.00766,7383.00482,-35.372314,-35.372314,-27.347979,-27.347979,-26.22611,-26.22611,0.0356414177,79.4511869,79.4511869,0.000296544955,0.000296544955,0.000896907774,0.000896907774,0.688663517,3076.2727,68.182236,0.00185569444,3.2675011e-05,0.0,7383.00482,3072.1436,0.0356414177,-80.617292,0.000120358232
1467.0,85.00766,7383.005,-35.372314,-35.372314,-27.3479793,-27.3479793,-26.2261104,-26.2261104,0.0354316009,76.9190239,76.9190239,0.00028540414,0.00028540414,0.000863213009,0.000863213009,0.688828456,3076.2727,68.182236,0.00184477021,0.000208062252,0.0,7383.005,3072.1436,0.0354316009,-79.027765,0.000117290695
1467.5,85.00766,7383.0054,-35.372314,-35.372314,-27.3479802,-27.3479802,-26.226112,-26.226112,0.03522486,74.387063,74.387063,0.000274399059,0.000274399059,0.000829928691,0.000829928691,0.688993389,3076.2727,68.182236,0.00183400612,9.9203091e-05,0.0,7383.0054,3072.1436,0.03522486,-77.4615392,0.000114295332
1468.0,85.00766,7383.00558,-35.372314,-35.372314,-27.3479814,-27.3479814,-26.2261132,-26.2261132,0.0350130275,71.8552385,71.8552385,0.000263465674,0.000263465674,0.000796861159,0.000796861159,0.689158328,3076.2727,68.182236,0.00182297687,-3.8920572e-05,0.0,7383.00558,3072.1436,0.0350130275,-75.85673,0.000111254259
1468.5,84.812007,7382.691560000001,-35.3380389,-35.3380389,-27.3203284,-27.3203284,-26.1992401,-26.1992401,0.0347984678,69.3234816,69.3234816,0.000252626135,0.000252626135,0.000764077426,0.000764077426,0.689323252,3076.2727,68.182236,0.00181180565,-1.2885271e-05,0.0,7382.691560000001,3072.01275,0.0347984678,-74.2312669,0.000108203718
1469.0,76.1792599,7366.287979999999,-31.8520305,-31.8520305,-24.5712806,-24.5712806,-23.5271541,-23.5271541,0.0341758535,66.7921261,66.7921261,0.000239059975,0.000239059975,0.000723047811,0.000723047811,0.689482742,3076.2727,68.182236,0.00177938884,-1.6611433e-05,0.0,7366.287979999999,3065.1868,0.0341758535,-69.514467,9.9532505e-05
1469.5,63.0956985,7361.349400000001,-26.2583155,-26.2583155,-20.2419944,-20.2419944,-19.3026789,-19.3026789,0.0333336987,64.2595936,64.2595936,0.000224329113,0.000224329113,0.000678495914,0.000678495914,0.689621123,3076.2727,68.182236,0.00173554146,-1.098602e-05,0.0,7361.349400000001,3063.13131,0.0333336987,-63.1344635,8.8171787e-05
1470.0,50.0121384,7361.23434,-20.8108515,-20.8108515,-16.04239165,-16.04239165,-15.1849284,-15.1849284,0.0325292756,62.1799888,62.1799888,0.000211819238,0.000211819238,0.000640661726,0.000640661726,0.689735726,3076.2727,68.182236,0.00169365861,-7.2272844e-05,0.0,7361.23434,3063.08291,0.0325292756,-57.0403103,7.7735226e-05
1470.5,36.9285781,7361.233539999999,-15.36623665,-15.36623665,-11.84531805,-11.84531805,-11.05227545,-11.05227545,0.0318832301,61.974518,61.974518,0.00020692077,0.00020692077,0.000625847461,0.000625847461,0.689825431,3076.2727,68.182236,0.00166002189,-4.189886e-05,0.0,7361.233539999999,3063.08225,0.0318832301,-52.1460024,6.9652363e-05
1471.0,23.8450171,7361.23479,-9.92188891,-9.92188891,-7.64845354,-7.64845354,-6.88296794,-6.88296794,0.0312535265,61.974518,61.974518,0.000202834019,0.000202834019,0.000613488092,0.000613488092,0.689888713,3076.2727,68.182236,0.00162723591,-7.2151796e-05,0.0,7361.23479,3063.08233,0.0312535265,-47.3754917,6.2031479e-05
1471.5,12.0486741,7364.28451,-4.88287959,-4.88287959,-3.76528451,-3.76528451,-3.07222163,-3.07222163,0.0306833969,61.974518,61.974518,0.000199133903,0.000199133903,0.000602297955,0.000602297955,0.689923921,3076.2727,68.182236,0.00159755173,3.4196485e-05,0.0,7364.28451,3064.35107,0.0306833969,-43.0562991,5.5343231e-05
1472.0,10.054432,7381.051270000001,-4.11640595,-4.11640595,-3.18175497,-3.18175497,-2.53684,-2.53684,0.0296758709,50.9260538,50.9260538,0.000158922222,0.000158922222,0.000480679126,0.000480679126,0.689943157,3076.2727,68.182236,0.00154509424,-5.0198315e-05,0.0,7381.051270000001,3071.32721,0.0296758709,-35.4234811,4.4198578e-05
1472.5,10.054432,7382.97663,-4.18221388,-4.18221388,-3.23345152,-3.23345152,-2.58179925,-2.58179925,0.0269900523,18.30599827,18.30599827,5.2520118e-05,5.2520118e-05,0.00015886286,0.00015886286,0.689962341,3076.2727,68.182236,0.00140525526,-5.5236588e-05,0.0,7382.97663,3072.12678,0.0269900523,-15.07624539,1.7238614e-05
1473.0,10.054432,7383.06518,-4.183264,-4.183264,-3.23430218,-3.23430218,-2.58253693,-2.58253693,-0.0086283397,-14.854422603,-14.854422603,3.3504954e-05,3.3504954e-05,0.000108067241,0.000108067241,0.689981586,3076.2727,68.182236,-0.00044924031,-0.001461505472,0.0,7383.06518,3072.14293,-0.0086283397,5.2756389,7.007191e-06
1473.5,10.054432,7383.09522,-4.18373033,-4.18373033,-3.23467595,-3.23467595,-2.58286177,-2.58286177,-0.0284666966,-48.0337029,-48.0337029,0.000143973193,0.000143973193,0.000435466755,0.000435466755,0.690000865,3076.2727,68.182236,-0.00148213775,-5.0188383e-05,0.0,7383.09522,3072.14384,-0.0284666966,26.2630129,3.1512001e-05
1474.0,10.054432,7383.09822,-4.18370215,-4.18370215,-3.23465553,-3.23465553,-2.58284368,-2.58284368,-0.0312036471,-81.2037016,-81.2037016,0.00026612885,0.00026612885,0.000804925662,0.000804925662,0.690020124,3076.2727,68.182236,-0.00162463891,-9.0054457e-05,0.0,7383.09822,3072.1436,-0.0312036471,46.997614,6.1624696e-05
1474.5,10.054432,7383.102129999999,-4.18370136,-4.18370136,-3.23465645,-3.23465645,-2.58284428,-2.58284428,-0.0339424023,-114.3771484,-114.3771484,0.000407330023,0.000407330023,0.00123199134,0.00123199134,0.690039385,3076.2727,68.182236,-0.00176723408,-0.000147000939,0.0,7383.102129999999,3072.1436,-0.0339424023,67.7458884,9.6515044e-05
1475.0,10.054432,7383.10592,-4.18370127,-4.18370127,-3.2346581,-3.2346581,-2.58284535,-2.58284535,-0.036676821,-147.541336,-147.541336,0.000567456736,0.000567456736,0.00171630426,0.00171630426,0.69005864,3076.2727,68.182236,-0.00190960345,-8.1258833e-05,0.0,7383.10592,3072.1436,-0.036676821,88.4613086,0.000136099331
1475.5,10.054432,7383.10982,-4.18370136,-4.18370136,-3.23465985,-3.23465985,-2.58284662,-2.58284662,-0.0394113809,-180.712792,-180.712792,0.000746616561,0.000746616561,0.00225819278,0.00225819278,0.690077901,3076.2727,68.182236,-0.00205198014,-1.057938e-05,0.0,7383.10982,3072.1436,-0.0394113809,109.1777955,0.000180435095
1476.0,10.054432,7383.113009999999,-4.18371478,-4.18371478,-3.23467157,-3.23467157,-2.58285672,-2.58285672,-0.0416014905,-207.288214,-207.288214,0.000903163809,0.000903163809,0.00273169411,0.00273169411,0.690097143,3076.2727,68.182236,-0.00216600961,7.9218907e-05,0.0,7383.113009999999,3072.1436,-0.0416014905,125.7696354,0.000219194536
1476.5,10.054432,7383.1133,-4.18372422,-4.18372422,-3.23467896,-3.23467896,-2.58286315,-2.58286315,-0.0417876056,-209.52557,-209.52557,0.000916881346,0.000916881346,0.00277318524,0.00277318524,0.690116403,3076.2727,68.182236,-0.00217569984,-0.000127089607,0.0,7383.1133,3072.1436,-0.0417876056,127.1796106,0.000222614583
1477.0,10.054432,7383.1133,-4.1837235,-4.1837235,-3.23467834,-3.23467834,-2.58286262,-2.58286262,-0.0417902715,-209.52557,-209.52557,0.000916939833,0.000916939833,0.00277336209,0.00277336209,0.690135643,3076.2727,68.182236,-0.00217583867,-1.3433445e-05,0.0,7383.1133,3072.1436,-0.0417902715,127.1998042,0.000222664152
1477.5,10.054432,7383.1133,-4.18372351,-4.18372351,-3.23467843,-3.23467843,-2.58286266,-2.58286266,-0.0417890333,-209.52557,-209.52557,0.000916912685,0.000916912685,0.00277327987,0.00277327987,0.690154902,3076.2727,68.182236,-0.0021757742,-1.6793687e-05,0.0,7383.1133,3072.1436,-0.0417890333,127.1904239,0.000222641122
1478.0,14.780871,7393.111449999999,-5.98589028,-5.98589028,-4.63516421,-4.63516421,-3.87884987,-3.87884987,-0.0409543539,-202.040582,-202.040582,0.000868095456,0.000868095456,0.00262562637,0.00262562637,0.690176707,3076.2727,68.182236,-0.00213231601,0.000146515034,0.0,7393.111449999999,3076.30436,-0.0409543539,120.867051,0.000207792908
1478.5,25.9645531,7401.49589,-10.7943491,-10.7943491,-8.36655012,-8.36655012,-7.60787051,-7.60787051,-0.0318043698,-97.6292863,-97.6292863,0.000338543246,0.000338543246,0.001023948695,0.001023948695,0.690218074,3076.2727,68.182236,-0.00165591595,0.000194836315,0.0,7401.49589,3079.79854,-0.0318043698,51.5485703,7.2186067e-05
1479.0,37.18405,7401.69271,-15.47277895,-15.47277895,-11.9930013,-11.9930013,-11.1932245,-11.1932245,0.02273037846,36.10098582,36.10098582,0.000140753242,0.000140753242,0.000427384458,0.000427384458,0.690284142,3076.2727,68.182236,0.001183472475,0.003074486642,0.0,7401.69271,3079.91233,0.02273037846,-35.4870534,4.8531553e-05
1479.5,48.4035463,7401.67085,-20.1406806,-20.1406806,-15.6110643,-15.6110643,-14.75901335,-14.75901335,0.04081759,163.7104906,163.7104906,0.000708482524,0.000708482524,0.0021428348,0.0021428348,0.690372938,3076.2727,68.182236,0.00212519534,6.2927151e-05,0.0,7401.67085,3079.91374,0.04081759,-119.8309606,0.000207192674
1480.0,59.6230434,7401.667200000001,-24.809671,-24.809671,-19.2299951,-19.2299951,-18.3116507,-18.3116507,0.0440413023,196.16989,196.16989,0.000904734447,0.000904734447,0.0027364139,0.0027364139,0.690483292,3076.2727,68.182236,0.00229304013,0.000130371292,0.0,7401.667200000001,3079.91404,0.0440413023,-144.253172,0.000266125721
1480.5,70.842541,7401.666620000001,-29.478122,-29.478122,-22.8485135,-22.8485135,-21.8459063,-21.8459063,0.0445839667,196.16989,196.16989,0.000915882332,0.000915882332,0.00277012722,0.00277012722,0.690614233,3076.2727,68.182236,0.00232129432,5.7204854e-05,0.0,7401.666620000001,3079.91418,0.0445839667,-148.364292,0.000277082101
1481.0,82.0620365,7401.66498,-34.146758,-34.146758,-26.4671701,-26.4671701,-25.3706314,-25.3706314,0.0451233045,196.16989,196.16989,0.000926961864,0.000926961864,0.00280363385,0.00280363385,0.690764905,3076.2727,68.182236,0.00234937526,3.9520646e-05,0.0,7401.66498,3079.91377,0.0451233045,-152.45021,0.000288157015
1481.5,93.281535,7401.665029999999,-38.8152298,-38.8152298,-30.0857055,-30.0857055,-28.8851602,-28.8851602,0.0456649341,196.16989,196.16989,0.000938088474,0.000938088474,0.00283728256,0.00283728256,0.690934497,3076.2727,68.182236,0.00237757549,2.417134e-06,0.0,7401.665029999999,3079.91408,0.0456649341,-156.553485,0.000299464618
1482.0,104.501031,7401.664870000001,-43.483949,-43.483949,-33.7044327,-33.7044327,-32.3853873,-32.3853873,0.0462032876,196.16989,196.16989,0.000949147808,0.000949147808,0.00287072787,0.00287072787,0.691122375,3076.2727,68.182236,0.00240560527,-0.000126028259,0.0,7401.664870000001,3079.91439,0.0462032876,-160.631945,0.000310888095
1482.5,113.2919845,7396.01743,-47.2863362,-47.2863362,-36.6235055,-36.6235055,-35.2006811,-35.2006811,0.0466337334,196.16989,196.16989,0.000957990398,0.000957990398,0.0028974692,0.0028974692,0.69132725,3076.2727,68.182236,0.00242801678,-5.0378745e-05,0.0,7396.01743,3077.56467,0.0466337334,-163.892918,0.000320147757
1483.0,113.934105,7383.744000000001,-47.4357149,-47.4357149,-36.6784303,-36.6784303,-35.2529749,-35.2529749,0.04653421,194.638456,194.638456,0.000948529799,0.000948529799,0.00286885413,0.00286885413,0.691538682,3076.2727,68.182236,0.00242283505,-1.9916128e-05,0.0,7383.744000000001,3072.45755,0.04653421,-163.13895,0.000318005536
1483.5,113.934105,7383.005929999999,-47.4093563,-47.4093563,-36.6543828,-36.6543828,-35.2298146,-35.2298146,0.0452375947,178.872635,178.872635,0.000847630656,0.000847630656,0.00256367239,0.00256367239,0.69174969,3076.2727,68.182236,0.00235532583,-4.791331e-06,0.0,7383.005929999999,3072.14973,0.0452375947,-153.316041,0.000290585167
1484.0,113.934105,7382.993670000001,-47.4088192,-47.4088192,-36.6539053,-36.6539053,-35.2293542,-35.2293542,0.0436467046,159.628845,159.628845,0.000729875068,0.000729875068,0.00220751005,0.00220751005,0.69196069,3076.2727,68.182236,0.00227249505,-7.4067202e-05,0.0,7382.993670000001,3072.1437,0.0436467046,-141.263778,0.000258334164
1484.5,113.934105,7382.99566,-47.4088096,-47.4088096,-36.653907,-36.653907,-35.2293574,-35.2293574,0.0420573276,140.387071,140.387071,0.000618560442,0.000618560442,0.00187083317,0.00187083317,0.69217169,3076.2727,68.182236,0.00218974307,-0.00011814318,0.0,7382.99566,3072.1436,0.0420573276,-129.222967,0.0002277168
1485.0,113.934105,7382.99792,-47.40881,-47.40881,-36.6539181,-36.6539181,-35.2293672,-35.2293672,0.0404696691,121.1519111,121.1519111,0.000513702093,0.000513702093,0.00155368737,0.00155368737,0.692382662,3076.2727,68.182236,0.00210708059,-6.2638666e-05,0.0,7382.99792,3072.1436,0.0404696691,-117.1951754,0.000198733767
1485.5,113.934105,7383.00015,-47.40881,-47.40881,-36.6539292,-36.6539292,-35.2293774,-35.2293774,0.0388824771,101.9037039,101.9037039,0.000415192179,0.000415192179,0.00125574614,0.00125574614,0.69259365,3076.2727,68.182236,0.00202444236,-4.6967418e-05,0.0,7383.00015,3072.1436,0.0388824771,-105.1709211,0.000171358701
1486.0,113.934105,7518.074009999999,-42.4383246,-42.4383246,-33.3453212,-33.3453212,-32.026007,-32.026007,0.0371455564,83.4724209,83.4724209,0.000324962181,0.000324962181,0.000982850573,0.000982850573,0.692800339,3144.37213,68.182236,0.00193400846,-0.000158196357,0.0,7518.074009999999,3128.34775,0.0371455564,-92.0123524,0.000143267522
1486.5,113.934105,8372.339109999999,-40.6783658,-40.6783658,-35.7342586,-35.7342586,-34.2403555,-34.2403555,0.0366633755,78.62669,78.62669,0.000301877724,0.000301877724,0.000913033683,0.000913033683,0.692991777,3484.23854,68.182236,0.00190890331,6.2026645e-05,0.0,8372.339109999999,3483.81349,0.0366633755,-88.3594396,0.000135707472
1487.0,113.934105,8597.9048,-47.9129816,-47.9129816,-43.1400232,-43.1400232,-41.3611203,-41.3611203,0.0369873121,78.62669,78.62669,0.000304544943,0.000304544943,0.000921099714,0.000921099714,0.693220446,3575.1948,68.182236,0.00192576933,-4.138394e-06,0.0,8597.9048,3577.67342,0.0369873121,-90.8135256,0.000140699401
1487.5,113.934105,8580.838,-47.4243593,-47.4243593,-42.6147362,-42.6147362,-40.8581886,-40.8581886,0.0369665077,78.62669,78.62669,0.000304373644,0.000304373644,0.000920581674,0.000920581674,0.693459191,3575.1948,68.182236,0.00192468614,5.7147538e-05,0.0,8580.838,3570.57164,0.0369665077,-90.6559146,0.000140376111
1488.0,113.934105,8580.4236,-47.4091173,-47.4091173,-42.5989813,-42.5989813,-40.8430916,-40.8430916,0.0369656002,78.62669,78.62669,0.000304366173,0.000304366173,0.000920559082,0.000920559082,0.693697189,3575.1948,68.182236,0.00192463887,-3.9554805e-05,0.0,8580.4236,3570.39924,0.0369656002,-90.6490392,0.000140362025
1488.5,113.934105,8580.416,-47.4088268,-47.4088268,-42.5986838,-42.5986838,-40.8428041,-40.8428041,0.0369639761,78.62669,78.62669,0.000304352802,0.000304352802,0.000920518634,0.000920518634,0.693935182,3575.1948,68.182236,0.0019245543,4.595805e-05,0.0,8580.416,3570.39602,0.0369639761,-90.6367337,0.000140336801
1489.0,109.8991704,8571.7974,-45.8787261,-45.8787261,-41.1831194,-41.1831194,-39.4801445,-39.4801445,0.034758497,54.0993389,54.0993389,0.000199140325,0.000199140325,0.000602312322,0.000602312322,0.694171366,3575.1948,68.182236,0.00180972454,-0.00011346698,0.0,8571.7974,3566.80856,0.034758497,-73.9284565,0.000108252749
1489.5,99.8238745,8563.8353,-41.5476536,-41.5476536,-37.2600811,-37.2600811,-35.6860654,-35.6860654,0.0298884574,1.01325951,1.01325951,5.398749e-06,5.398749e-06,6.5174391e-05,6.5174391e-05,0.694393763,3575.1948,68.182236,0.00155616269,-0.000159373909,0.0,8563.8353,3563.49248,0.0298884574,-37.033994,4.6982844e-05
1490.0,89.6902216,8563.5954,-37.3202642,-37.3202642,-33.4679745,-33.4679745,-32.0087935,-32.0087935,0.0043488672,-52.0717973,-52.0717973,1.206179e-05,1.206179e-05,0.000207150951,0.000207150951,0.694597845,3575.1948,68.182236,0.000226426706,-0.001111901662,0.0,8563.5954,3563.37787,0.0043488672,-0.35457647,1.0041041e-05
1490.5,79.5565688,8563.64665,-33.1043363,-33.1043363,-29.6874066,-29.6874066,-28.3283798,-28.3283798,-0.0298293282,-105.1614141,-105.1614141,0.000330731881,0.000330731881,0.001000328649,0.001000328649,0.694783301,3575.1948,68.182236,-0.00155308407,-0.000178876839,0.0,8563.64665,3563.3793,-0.0298293282,36.5860392,4.6336194e-05
1491.0,69.4229162,8563.6487,-28.8875682,-28.8875682,-25.9058873,-25.9058873,-24.6315902,-24.6315902,-0.0346665431,-157.849982,-157.849982,0.000575110984,0.000575110984,0.00173947224,0.00173947224,0.69494943,3575.1948,68.182236,-0.00180493693,-0.000102175491,0.0,8563.6487,3563.3775,-0.0346665431,73.2318333,0.000106919075
1491.5,59.2892633,8563.652100000001,-24.6706134,-24.6706134,-22.1242016,-22.1242016,-20.9318291,-20.9318291,-0.036835705,-178.15726,-178.15726,0.000687228414,0.000687228414,0.002078582,0.002078582,0.695095481,3575.1948,68.182236,-0.00191787582,-4.159914e-05,0.0,8563.652100000001,3563.37753,-0.036835705,89.6649784,0.000138356623
1492.0,49.2693784,8563.8307,-20.4732658,-20.4732658,-18.3604391,-18.3604391,-17.2247084,-17.2247084,-0.0373129869,-178.15726,-178.15726,0.000696132856,0.000696132856,0.00210551139,0.00210551139,0.695220615,3575.1948,68.182236,-0.00194272581,-9.0316129e-05,0.0,8563.8307,3563.45152,-0.0373129869,93.2807696,0.000145800276
1492.5,45.670986,8576.3609,-18.8807103,-18.8807103,-16.9570743,-16.9570743,-15.8474653,-15.8474653,-0.0374907974,-178.15726,-178.15726,0.0006994502,0.0006994502,0.00211554391,0.00211554391,0.695329039,3575.1948,68.182236,-0.00195198362,-0.000148291143,0.0,8576.3609,3568.66519,-0.0374907974,94.627831,0.000148604588
1493.0,45.670986,8580.4219,-19.000426,-19.000426,-17.0726371,-17.0726371,-15.95903635,-15.95903635,-0.0374920458,-178.15726,-178.15726,0.000699473485,0.000699473485,0.00211561435,0.00211561435,0.695435789,3575.1948,68.182236,-0.00195204867,6.767601e-06,0.0,8580.4219,3570.355,-0.0374920458,94.637287,0.000148624392
1493.5,45.670986,8556.052599999999,-20.8274756,-20.8274756,-18.6476913,-18.6476913,-17.5128528,-17.5128528,-0.0374047552,-178.15726,-178.15726,0.000697844939,0.000697844939,0.00211068918,0.00211068918,0.695543873,3559.3173,68.182236,-0.00194750378,5.8978157e-05,0.0,8556.052599999999,3560.21469,-0.0374047552,93.9759895,0.000147247423
1494.0,45.670986,7983.881789999999,-26.3391705,-26.3391705,-22.0282318,-22.0282318,-20.9609819,-20.9609819,-0.0371584144,-178.15726,-178.15726,0.000693249069,0.000693249069,0.00209679002,0.00209679002,0.695674365,3320.82651,68.182236,-0.0019346779,6.396318e-05,0.0,7983.881789999999,3322.13041,-0.0371584144,92.109761,0.000143367835
1494.5,49.1036582,7234.71089,-27.1179636,-27.1179636,-20.516429,-20.516429,-19.5713432,-19.5713432,-0.0370236214,-178.15726,-178.15726,0.000690734296,0.000690734296,0.00208918471,0.00208918471,0.695804344,3010.91372,68.182236,-0.00192765978,0.000112176511,0.0,7234.71089,3010.39505,-0.0370236214,91.088597,0.000141275246
1495.0,59.3233623,6496.60861,-31.8634416,-31.8634416,-21.6777025,-21.6777025,-20.7104465,-20.7104465,-0.0365140485,-178.15726,-178.15726,0.00068122738,0.00068122738,0.00206043324,0.00206043324,0.695937487,2701.00097,68.182236,-0.00190112854,-7.3999205e-05,0.0,6496.60861,2703.26546,-0.0365140485,87.2281704,0.000133415283
1495.5,59.345257,5942.375440000001,-26.2764756,-26.2764756,-16.36522345,-16.36522345,-15.55435315,-15.55435315,-0.0367026851,-177.462999,-177.462999,0.00068207459,0.00068207459,0.002062994,0.002062994,0.696058765,2486.30208,68.182236,-0.00191095007,-8.9094895e-05,0.0,5942.375440000001,2472.64485,-0.0367026851,88.6572483,0.000136304915
1496.0,59.345257,5947.24914,-24.599487,-24.599487,-15.3204499,-15.3204499,-14.5423594,-14.5423594,-0.0366030096,-175.327475,-175.327475,0.000672044221,0.000672044221,0.00203265534,0.00203265534,0.696157143,2479.1143,68.182236,-0.00190576035,4.9408937e-05,0.0,5947.24914,2474.67287,-0.0366030096,87.9021248,0.000134774671
1496.5,59.345257,5949.872079999999,-24.6920369,-24.6920369,-15.3848463,-15.3848463,-14.60454745,-14.60454745,-0.0364209982,-173.147388,-173.147388,0.000660387246,0.000660387246,0.00199739718,0.00199739718,0.696255823,2479.1143,68.182236,-0.00189628383,-4.1050014e-05,0.0,5949.872079999999,2475.76443,-0.0364209982,86.5232445,0.000132000686
1497.0,59.345257,5949.92402,-24.6939636,-24.6939636,-15.3861808,-15.3861808,-14.60583625,-14.60583625,-0.036235034,-170.967228,-170.967228,0.000648742621,0.000648742621,0.00196217655,0.00196217655,0.696354615,2479.1143,68.182236,-0.00188660149,4.9922263e-05,0.0,5949.92402,2475.7861,-0.036235034,85.1144178,0.000129188333
1497.5,59.345257,5949.92472,-24.6939998,-24.6939998,-15.3862056,-15.3862056,-14.6058602,-14.6058602,-0.0360581464,-168.7976,-168.7976,0.000637383171,0.000637383171,0.00192781834,0.00192781834,0.696453386,2479.1143,68.182236,-0.00187739167,-8.722986e-06,0.0,5949.92472,2475.7864,-0.0360581464,83.7743507,0.000126533692
1498.0,59.345257,5949.9243,-24.6939994,-24.6939994,-15.3862048,-15.3862048,-14.6058597,-14.6058597,-0.0359825578,-167.91129,-167.91129,0.000632703941,0.000632703941,0.00191366541,0.00191366541,0.696552163,2479.1143,68.182236,-0.00187345614,-6.1246768e-05,0.0,5949.9243,2475.7864,-0.0359825578,83.2017074,0.000125404452
1498.5,59.345257,5949.9243,-24.693999,-24.693999,-15.386205,-15.386205,-14.6058595,-14.6058595,-0.0359835943,-167.91129,-167.91129,0.000632722143,0.000632722143,0.00191372047,0.00191372047,0.696650946,2479.1143,68.182236,-0.00187351006,1.9798511e-05,0.0,5949.9243,2475.7864,-0.0359835943,83.2095525,0.000125419871
1499.0,59.345257,5949.9243,-24.6939988,-24.6939988,-15.3862049,-15.3862049,-14.6058594,-14.6058594,-0.0359834367,-167.91129,-167.91129,0.000632719389,0.000632719389,0.00191371214,0.00191371214,0.696749718,2479.1143,68.182236,-0.0018735019,-4.407578e-06,0.0,5949.9243,2475.7864,-0.0359834367,83.2083648,0.000125417542
1499.5,57.1303276,5945.08461,-23.8601812,-23.8601812,-14.85483695,-14.85483695,-14.0859272,-14.0859272,-0.0360840923,-167.91129,-167.91129,0.000634489273,0.000634489273,0.00191906472,0.00191906472,0.696847688,2479.1143,68.182236,-0.00187874258,2.6536998e-05,0.0,5945.08461,2473.77256,-0.0360840923,83.9709102,0.000126923128
1500.0,50.9665587,5939.7554,-21.215458,-21.215458,-13.1962357,-13.1962357,-12.4616682,-12.4616682,-0.0363867519,-167.91129,-167.91129,0.000639811126,0.000639811126,0.00193515941,0.00193515941,0.69693834,2479.1143,68.182236,-0.00189450075,-5.5451108e-05,0.0,5939.7554,2471.55474,-0.0363867519,86.2638008,0.000131482762
1500.5,44.7331841,5939.55456,-18.6142413,-18.6142413,-11.5778479,-11.5778479,-10.88820725,-10.88820725,-0.0366873121,-167.91129,-167.91129,0.000645096063,0.000645096063,0.00195114235,0.00195114235,0.697018954,2479.1143,68.182236,-0.00191014961,7.891835e-06,0.0,5939.55456,2471.47106,-0.0366873121,88.5407812,0.000136067756
1501.0,38.4998098,5939.55104,-16.0200081,-16.0200081,-9.9642581,-9.9642581,-9.3002975,-9.3002975,-0.0369889199,-167.91129,-167.91129,0.000650399437,0.000650399437,0.0019671811,0.0019671811,0.697089519,2479.1143,68.182236,-0.00192585307,2.8925801e-05,0.0,5939.55104,2471.4694,-0.0369889199,90.8257085,0.000140726599
1501.5,32.2664357,5939.551509999999,-13.426574,-13.426574,-8.35117295,-8.35117295,-7.71169118,-7.71169118,-0.0372861933,-167.91129,-167.91129,0.000655626571,0.000655626571,0.00198298917,0.00198298917,0.697149695,2479.1143,68.182236,-0.00194133076,-3.3145756e-05,0.0,5939.551509999999,2471.46941,-0.0372861933,93.0777882,0.000145374939
1502.0,26.0330612,5939.55172,-10.8322047,-10.8322047,-6.7375055,-6.7375055,-6.14160585,-6.14160585,-0.0375878881,-167.91129,-167.91129,0.000660931454,0.000660931454,0.00199903243,0.00199903243,0.697199353,2479.1143,68.182236,-0.00195703873,8.696917e-05,0.0,5939.55172,2471.46928,-0.0375878881,95.3633719,0.00015014994
1502.5,19.7996869,5939.5523,-8.23883396,-8.23883396,-5.12445975,-5.12445975,-4.48176945,-4.48176945,-0.0378891303,-167.91129,-167.91129,0.000666228393,0.000666228393,0.00201505161,0.00201505161,0.697237966,2479.1143,68.182236,-0.00197272311,-5.9496279e-05,0.0,5939.5523,2471.46942,-0.0378891303,97.645525,0.000154975169
1503.0,13.5663123,5939.55215,-5.64492871,-5.64492871,-3.51108047,-3.51108047,-2.91427737,-2.91427737,-0.0381857741,-167.91129,-167.91129,0.000671444445,0.000671444445,0.00203082614,0.00203082614,0.697265121,2479.1143,68.182236,-0.00198816804,-0.000119656056,0.0,5939.55215,2471.46916,-0.0381857741,99.8928366,0.000159783123
1503.5,7.33293835,5939.55335,-3.05115367,-3.05115367,-1.89778273,-1.89778273,-1.506877726,-1.506877726,-0.0384883223,-167.91129,-167.91129,0.00067676436,0.00067676436,0.00204691474,0.00204691474,0.697281493,2479.1143,68.182236,-0.00200392047,-0.000119489864,0.0,5939.55335,2471.46953,-0.0384883223,102.1848865,0.000164744365
1504.0,2.52342626,5942.8399,-0.96704864,-0.96704864,-0.60176992,-0.60176992,-0.475834123,-0.475834123,-0.0387228878,-167.91129,-167.91129,0.000680888881,0.000680888881,0.00205938812,0.00205938812,0.697288391,2479.1143,68.182236,-0.00201613323,4.0990265e-05,0.0,5942.8399,2472.83692,-0.0387228878,103.9619084,0.000168628698
1504.5,2.1986468,5949.53572,-0.900840743,-0.900840743,-0.561254899,-0.561254899,-0.443802376,-0.443802376,-0.038734924,-167.91129,-167.91129,0.000681100508,0.000681100508,0.00206002818,0.00206002818,0.697291623,2479.1143,68.182236,-0.00201675995,0.000118668044,0.0,5949.53572,2475.62309,-0.038734924,104.0530899,0.00016882872
1505.0,2.1986468,5949.92076,-0.914588811,-0.914588811,-0.569856714,-0.569856714,-0.450604343,-0.450604343,-0.0387352458,-167.91129,-167.91129,0.000681106164,0.000681106164,0.00206004525,0.00206004525,0.697295017,2479.1143,68.182236,-0.00201677668,-2.6911965e-05,0.0,5949.92076,2475.78332,-0.0387352458,104.0555285,0.000168834085
1505.5,2.1986468,5949.92797,-0.914867823,-0.914867823,-0.570031293,-0.570031293,-0.450742384,-0.450742384,-0.0387338637,-167.91129,-167.91129,0.000681081879,0.000681081879,0.00205997176,0.00205997176,0.697298433,2479.1143,68.182236,-0.00201670475,6.72249e-05,0.0,5949.92797,2475.7864,-0.0387338637,104.0450562,0.000168811071
1506.0,2.1986468,5949.928,-0.91487328,-0.91487328,-0.5700347,-0.5700347,-0.450745082,-0.450745082,-0.0387332387,-167.91129,-167.91129,0.000681070887,0.000681070887,0.00205993857,0.00205993857,0.697301845,2479.1143,68.182236,-0.0020166722,-5.3571708e-05,0.0,5949.928,2475.7864,-0.0387332387,104.040325,0.000168800662
1506.5,2.1986468,5949.928,-0.914872971,-0.914872971,-0.570034499,-0.570034499,-0.450744925,-0.450744925,-0.0387354524,-167.91129,-167.91129,0.000681109803,0.000681109803,0.00206005628,0.00206005628,0.69730525,2479.1143,68.182236,-0.00201678745,0.000126370976,0.0,5949.928,2475.7864,-0.0387354524,104.0570915,0.000168837519
1507.0,2.1986468,5949.928,-0.91487309,-0.91487309,-0.570034574,-0.570034574,-0.450744987,-0.450744987,-0.0387353355,-167.91129,-167.91129,0.000681107745,0.000681107745,0.00206004996,0.00206004996,0.697308656,2479.1143,68.182236,-0.00201678131,8.0918069e-05,0.0,5949.928,2475.7864,-0.0387353355,104.0562032,0.000168835557
1507.5,2.19454602,5949.926750000001,-0.914768122,-0.914768122,-0.569969049,-0.569969049,-0.450693163,-0.450693163,-0.0386601888,-167.022856,-167.022856,0.000676198539,0.000676198539,0.00204520161,0.00204520161,0.697312077,2479.1143,68.182236,-0.00201286874,8.9425451e-05,0.0,5949.926750000001,2475.78597,-0.0386601888,103.486908,0.000167588381
1508.0,0.536420074,5946.6208,-0.2656469398,-0.2656469398,-0.1654770888,-0.1654770888,-0.1135885524,-0.1135885524,-0.0383404668,-162.188022,-162.188022,0.000651198798,0.000651198798,0.00196958669,0.00196958669,0.697314682,2479.1143,68.182236,-0.00199622227,-5.3878919e-05,0.0,5946.6208,2474.41041,-0.0383404668,101.064757,0.000162312346
1508.5,-2.39722198,5945.075,1.000733012,1.000733012,0.623022465,0.623022465,0.787910575,0.787910575,-0.0380479249,-156.88448,-156.88448,0.000625099724,0.000625099724,0.00189064667,0.00189064667,0.697312209,2479.1143,68.182236,-0.00198099084,0.00010255767,0.0,5945.075,2473.76734,-0.0380479249,98.8485207,0.000157542073
1509.0,-3.5974169,5948.478160000001,1.53723086,1.53723086,0.957573146,0.957573146,1.21099723,1.21099723,-0.0376698086,-151.58284,-151.58284,0.000597980422,0.000597980422,0.00180862148,0.00180862148,0.697303818,2479.1143,68.182236,-0.00196130397,-7.459612e-05,0.0,5948.478160000001,2475.18369,-0.0376698086,95.9839828,0.000151459266
1509.5,-3.5974169,5949.89023,1.49822801,1.49822801,0.933502483,0.933502483,1.18055383,1.18055383,-0.0372316773,-146.279436,-146.279436,0.000570347549,0.000570347549,0.00172504349,0.00172504349,0.697294606,2479.1143,68.182236,-0.00193849238,-5.8212557e-05,0.0,5949.89023,2475.77153,-0.0372316773,92.6647874,0.000144520899
1510.0,-3.5974169,5949.92501,1.49693306,1.49693306,0.93270108,0.93270108,1.17954032,1.17954032,-0.0367910574,-140.976867,-140.976867,0.000543168646,0.000543168646,0.00164283886,0.00164283886,0.697285479,2479.1143,68.182236,-0.00191555124,-8.6690233e-05,0.0,5949.92501,2475.78622,-0.0367910574,89.3267385,0.000137666436
1510.5,-3.5974169,5949.9253,1.49691128,1.49691128,0.93268755,0.93268755,1.1795232,1.1795232,-0.0364846472,-137.237937,-137.237937,0.000524340718,0.000524340718,0.00158589262,0.00158589262,0.697276358,2479.1143,68.182236,-0.00189959777,-1.1691686e-05,0.0,5949.9253,2475.7864,-0.0364846472,87.0054352,0.000132967586
1511.0,-4.24661509,5948.60504,1.74786405,1.74786405,1.08879772,1.08879772,1.37695052,1.37695052,-0.036505836,-137.09863,-137.09863,0.000524111921,0.000524111921,0.00158520044,0.00158520044,0.697266742,2479.1143,68.182236,-0.00190070093,-2.120164e-05,0.0,5948.60504,2475.23722,-0.036505836,87.165957,0.000133290198
1511.5,-5.52253188,5947.823539999999,2.29717546,2.29717546,1.43080605,1.43080605,1.80947396,1.80947396,-0.036562833,-137.09863,-137.09863,0.000524930223,0.000524930223,0.00158767514,0.00158767514,0.697254345,2479.1143,68.182236,-0.00190366855,0.00020654472,0.0,5947.823539999999,2474.91197,-0.036562833,87.5977574,0.000134159572
1512.0,-6.79844864,5947.80221,2.82886159,2.82886159,1.76196318,1.76196318,2.22827299,2.22827299,-0.0366249018,-137.09863,-137.09863,0.000525821336,0.000525821336,0.00159037002,0.00159037002,0.6972386,2479.1143,68.182236,-0.00190690019,-1.8575492e-05,0.0,5947.80221,2474.90297,-0.0366249018,88.0679759,0.00013510872
1512.5,-8.07436561,5947.801949999999,3.35984129,3.35984129,2.09268507,2.09268507,2.64535343,2.64535343,-0.0366891455,-137.09863,-137.09863,0.000526743682,0.000526743682,0.00159315937,0.00159315937,0.697219497,2479.1143,68.182236,-0.00191024506,2.0223457e-05,0.0,5947.801949999999,2474.90278,-0.0366891455,88.5546715,0.000136093687
1513.0,-9.3502823,5947.80206,3.89072559,3.89072559,2.42334763,2.42334763,3.0370811,3.0370811,-0.0367504933,-137.09863,-137.09863,0.000527624448,0.000527624448,0.00159582296,0.00159582296,0.697197128,2479.1143,68.182236,-0.00191343922,-6.429863e-06,0.0,5947.80206,2474.90278,-0.0367504933,89.0194333,0.000137036696
1513.5,-10.62619905,5947.80204,4.42165946,4.42165946,2.75404107,2.75404107,3.41210355,3.41210355,-0.0368120921,-137.09863,-137.09863,0.000528508808,0.000528508808,0.00159849746,0.00159849746,0.697171622,2479.1143,68.182236,-0.00191664638,-6.93245e-07,0.0,5947.80204,2474.9028,-0.0368120921,89.4860895,0.000137985983
1514.0,-11.9021159,5947.80216,4.95255671,4.95255671,3.08471175,3.08471175,3.77861922,3.77861922,-0.0368729174,-137.09863,-137.09863,0.000529382091,0.000529382091,0.00160113842,0.00160113842,0.697143083,2479.1143,68.182236,-0.00191981332,-0.000132939134,0.0,5947.80216,2474.9028,-0.0368729174,89.9468961,0.000138925734
1514.5,-13.1159698,5947.93698,5.46724735,5.46724735,3.40536732,3.40536732,4.12629669,4.12629669,-0.0369329964,-137.09863,-137.09863,0.000530244629,0.000530244629,0.00160374686,0.00160374686,0.697111548,2479.1143,68.182236,-0.00192294135,-7.6674154e-05,0.0,5947.93698,2474.95887,-0.0369329964,90.4020371,0.000139856161
1515.0,-13.417727,5949.616120000001,5.59336556,5.59336556,3.48490327,3.48490327,4.21171672,4.21171672,-0.0369459404,-137.09863,-137.09863,0.000530430469,0.000530430469,0.00160430894,0.00160430894,0.69707803,2479.1143,68.182236,-0.00192361531,-2.6381708e-05,0.0,5949.616120000001,2475.65757,-0.0369459404,90.5001032,0.00014005688
1515.5,-13.417727,5949.91921,5.58346169,5.58346169,3.47891028,3.47891028,4.20534815,4.20534815,-0.0369473433,-137.09863,-137.09863,0.000530450602,0.000530450602,0.00160436974,0.00160436974,0.697044431,2479.1143,68.182236,-0.00192368831,8.3945206e-05,0.0,5949.91921,2475.78372,-0.0369473433,90.5107246,0.000140078639
1516.0,-12.1585647,5952.90391,5.1697034,5.1697034,3.22248374,3.22248374,3.92461728,3.92461728,-0.0368895001,-137.09863,-137.09863,0.000529620159,0.000529620159,0.00160185839,0.00160185839,0.697011156,2479.1143,68.182236,-0.00192067671,6.924792e-06,0.0,5952.90391,2477.02569,-0.0368895001,90.0725181,0.000139183776
1516.5,-3.663397336,5964.84712,1.563740812,1.563740812,0.976643657,0.976643657,1.243321645,1.243321645,-0.0364786481,-137.09863,-137.09863,0.000523721589,0.000523721589,0.00158401999,0.00158401999,0.696989366,2479.1143,68.182236,-0.00189928542,9.1463034e-05,0.0,5964.84712,2481.99558,-0.0364786481,86.9599896,0.000132881693
1517.0,5.98460952,5965.95997,-2.489483053,-2.489483053,-1.555316653,-1.555316653,-1.235455531,-1.235455531,-0.0360091874,-137.09863,-137.09863,0.000516981571,0.000516981571,0.00156363687,0.00156363687,0.69699,2479.1143,68.182236,-0.00187484261,-3.2527222e-05,0.0,5965.95997,2482.45895,-0.0360091874,83.4034424,0.000125807248
1517.5,15.0493297,5964.65006,-6.3393693,-6.3393693,-3.95953364,-3.95953364,-3.33739007,-3.33739007,-0.0355733674,-137.09863,-137.09863,0.000510724539,0.000510724539,0.00154471433,0.00154471433,0.697007061,2479.1143,68.182236,-0.00185215135,-7.2921755e-05,0.0,5964.65006,2481.91412,-0.0355733674,80.101758,0.000119362447
1518.0,17.068802,5951.9638,-7.17036701,-7.17036701,-4.46921746,-4.46921746,-3.82056415,-3.82056415,-0.035477775,-137.09863,-137.09863,0.00050935212,0.00050935212,0.00154056385,0.00154056385,0.697034676,2479.1143,68.182236,-0.00184717428,-9.9952002e-05,0.0,5951.9638,2476.63542,-0.035477775,79.3775704,0.000117962194
1518.5,17.068802,5949.966969999999,-7.10405125,-7.10405125,-4.42638574,-4.42638574,-3.77879172,-3.77879172,-0.0354807471,-137.09863,-137.09863,0.000509394783,0.000509394783,0.00154069288,0.00154069288,0.697062571,2479.1143,68.182236,-0.001847329,-3.5765175e-05,0.0,5949.966969999999,2475.80446,-0.0354807471,79.4000827,0.000118005533
1519.0,17.068802,5949.92469,-7.10248467,-7.10248467,-4.42537809,-4.42537809,-3.77781057,-3.77781057,-0.0354775953,-137.09863,-137.09863,0.00050934954,0.00050934954,0.00154055606,0.00154055606,0.697090408,2479.1143,68.182236,-0.00184716496,-1.3344861e-05,0.0,5949.92469,2475.78685,-0.0354775953,79.3762105,0.000117959574
1519.5,17.068802,5949.924,-7.10245464,-7.10245464,-4.42535894,-4.42535894,-3.77779184,-3.77779184,-0.0354987987,-137.345295,-137.345295,0.000510571738,0.000510571738,0.00154425269,0.00154425269,0.697118223,2479.1143,68.182236,-0.00184826887,-1.9746091e-05,0.0,5949.924,2475.78646,-0.0354987987,79.5368402,0.000118269114
1520.0,17.068802,5949.924059999999,-7.10245301,-7.10245301,-4.42535815,-4.42535815,-3.77779097,-3.77779097,-0.0356517629,-139.15141,-139.15141,0.000519517056,0.000519517056,0.00157130834,0.00157130834,0.697146064,2479.1143,68.182236,-0.00185623307,-0.000205148597,0.0,5949.924059999999,2475.7864,-0.0356517629,80.6956641,0.000120509864
1520.5,17.068802,5949.9243,-7.10245308,-7.10245308,-4.42535835,-4.42535835,-3.77779121,-3.77779121,-0.0358176758,-141.230283,-141.230283,0.000529732191,0.000529732191,0.00160220476,0.00160220476,0.697173869,2479.1143,68.182236,-0.00186487146,0.000118320133,0.0,5949.9243,2475.7864,-0.0358176758,81.9525895,0.000122956477
1521.0,17.068802,5949.92444,-7.10245328,-7.10245328,-4.42535865,-4.42535865,-3.77779146,-3.77779146,-0.0359889928,-143.308859,-143.308859,0.00054009971,0.00054009971,0.00163356219,0.00163356219,0.697201705,2479.1143,68.182236,-0.00187379119,5.5528777e-05,0.0,5949.92444,2475.7864,-0.0359889928,83.2504548,0.000125501192
1521.5,18.2662706,5952.6541,-7.44578965,-7.44578965,-4.6417219,-4.6417219,-3.9944706,-3.9944706,-0.0361126983,-145.387384,-145.387384,0.000549812306,0.000549812306,0.00166293904,0.00166293904,0.697229678,2479.1143,68.182236,-0.00188023198,2.8865237e-05,0.0,5952.6541,2476.92213,-0.0361126983,84.1876215,0.000127350244
1522.0,32.5854921,5897.09347,-19.9719109,-19.9719109,-12.13811385,-12.13811385,-11.3888501,-11.3888501,-0.0353049905,-147.466314,-147.466314,0.000545165778,0.000545165778,0.00164889068,0.00164889068,0.697272417,2425.21527,68.182236,-0.0018381782,6.3052878e-05,0.0,5897.09347,2453.80352,-0.0353049905,78.068594,0.000115586439
1522.5,43.1560707,3821.48858,-38.83187,-38.83187,-16.29907584,-16.29907584,-15.37277593,-15.37277593,-0.0343241504,-149.544939,-149.544939,0.000537560998,0.000537560998,0.00162589563,0.00162589563,0.697384307,1586.72458,68.182236,-0.00178711,7.719921e-06,0.0,3821.48858,1590.12954,-0.0343241504,70.6379315,0.000101684803
1523.0,43.2373,3168.61942,-16.622844,-16.622844,-5.5202467,-5.5202467,-5.0724129,-5.0724129,-0.0354750366,-151.623477,-151.623477,0.0005632717,0.0005632717,0.00170365485,0.00170365485,0.697440252,1339.3774,68.182236,-0.00184703169,0.000178569867,0.0,3168.61942,1318.46523,-0.0354750366,79.356819,0.000117922308
1523.5,43.2373,3213.47609,-17.9516396,-17.9516396,-6.04099049,-6.04099049,-5.5777327,-5.5777327,-0.0355925283,-153.702173,-153.702173,0.000572887794,0.000572887794,0.00173274005,0.00173274005,0.697479687,1339.3774,68.182236,-0.00185314899,-7.7479872e-05,0.0,3213.47609,1337.13035,-0.0355925283,80.2469185,0.000119640475
1524.0,43.2373,3214.53543,-17.9906047,-17.9906047,-6.05609386,-6.05609386,-5.59210097,-5.59210097,-0.0357288085,-155.417113,-155.417113,0.000581495617,0.000581495617,0.00175877529,0.00175877529,0.697520193,1339.3774,68.182236,-0.00186024449,-5.052075e-05,0.0,3214.53543,1337.57105,-0.0357288085,81.2793473,0.000121643235
1524.5,43.2373,3214.55539,-17.9913459,-17.9913459,-6.05638093,-6.05638093,-5.59237412,-5.59237412,-0.0357425012,-155.5902,-155.5902,0.000582365711,0.000582365711,0.00176140698,0.00176140698,0.697560727,1339.3774,68.182236,-0.00186095741,-4.4080207e-05,0.0,3214.55539,1337.57936,-0.0357425012,81.3830778,0.000121845004
1525.0,43.2373,3214.5557,-17.9913596,-17.9913596,-6.05638615,-6.05638615,-5.59237902,-5.59237902,-0.0357443231,-155.5902,-155.5902,0.000582395407,0.000582395407,0.00176149674,0.00176149674,0.697601273,1339.3774,68.182236,-0.00186105226,8.4155309e-05,0.0,3214.5557,1337.5795,-0.0357443231,81.3968808,0.000121871874
1525.5,42.3180499,3212.37912,-17.6873114,-17.6873114,-5.95012905,-5.95012905,-5.49021625,-5.49021625,-0.0360987563,-155.5902,-155.5902,0.00058817031,0.00058817031,0.00177896142,0.00177896142,0.69764173,1339.3774,66.2600662,-0.00187950606,-5.6834194e-05,0.0,3212.37912,1336.67358,-0.0360987563,81.6794926,0.000123511775
1526.0,36.2877531,3203.99219,-15.1267697,-15.1267697,-5.07541452,-5.07541452,-4.63634062,-4.63634062,-0.0372294871,-155.5902,-155.5902,0.00060659374,0.00060659374,0.00183467799,0.00183467799,0.697678901,1339.3774,61.7682925,-0.00193837837,-7.0408466e-05,0.0,3203.99219,1333.18309,-0.0372294871,83.8876834,0.000130830503
1526.5,29.4730215,3203.23303,-12.2645656,-12.2645656,-4.11404881,-4.11404881,-3.71127335,-3.71127335,-0.0385842484,-155.5902,-155.5902,0.000628667353,0.000628667353,0.00190143305,0.00190143305,0.697709484,1339.3774,57.2649247,-0.00200891492,6.6086606e-05,0.0,3203.23303,1332.8664,-0.0385842484,86.380247,0.000139621375
1527.0,22.6582904,3203.21964,-9.4282655,-9.4282655,-3.16262079,-3.16262079,-2.77226564,-2.77226564,-0.0401717547,-155.5902,-155.5902,0.000654533156,0.000654533156,0.00197965569,0.00197965569,0.697733526,1339.3774,52.7615567,-0.00209156941,-0.000136289412,0.0,3203.21964,1332.8599,-0.0401717547,88.87952,0.000149573165
1527.5,15.8435596,3203.22088,-6.59265763,-6.59265763,-2.21144437,-2.21144437,-1.82414502,-1.82414502,-0.0416547613,-155.5902,-155.5902,0.000678696337,0.000678696337,0.00205272874,0.00205272874,0.697750628,1339.3774,49.3866576,-0.00216878322,0.000118317783,0.0,3203.22088,1332.85955,-0.0416547613,91.3854312,0.000159458674
1528.0,9.02882832,3203.222,-3.7569414,-3.7569414,-1.260230766,-1.260230766,-0.978825184,-0.978825184,-0.0421670589,-155.5902,-155.5902,0.000687043399,0.000687043399,0.00207797125,0.00207797125,0.697761079,1339.3774,49.194782,-0.00219545632,-0.00010036444,0.0,3203.222,1332.8597,-0.0421670589,93.8366364,0.000165746336
1528.5,4.54814234,3208.34808,-1.79572719,-1.79572719,-0.60330112,-0.60330112,-0.461730841,-0.461730841,-0.042479032,-155.5902,-155.5902,0.000692126509,0.000692126509,0.00209334316,0.00209334316,0.697766067,1339.3774,49.194782,-0.00221169943,-2.0526713e-05,0.0,3208.34808,1334.99253,-0.042479032,95.5419111,0.000170003308
1529.0,4.4501805,3214.32633,-1.84309912,-1.84309912,-0.620393781,-0.620393781,-0.474913207,-0.474913207,-0.0424788971,-155.5902,-155.5902,0.000692124314,0.000692124314,0.00209333657,0.00209333657,0.697769587,1339.3774,49.194782,-0.00221169244,-8.6121921e-05,0.0,3214.32633,1337.48012,-0.0424788971,95.5411754,0.000170001389
1529.5,4.4501805,3214.56057,-1.85158276,-1.85158276,-0.623294596,-0.623294596,-0.477137673,-0.477137673,-0.0424778776,-155.5902,-155.5902,0.000692107689,0.000692107689,0.00209328631,0.00209328631,0.69777316,1339.3774,49.194782,-0.00221163936,1.925473e-06,0.0,3214.56057,1337.57759,-0.0424778776,95.5356025,0.000169987395
1530.0,4.4501805,3214.56514,-1.85174965,-1.85174965,-0.623351647,-0.623351647,-0.477181418,-0.477181418,-0.0424761474,-155.5902,-155.5902,0.000692079486,0.000692079486,0.002093201,0.002093201,0.697776798,1339.3774,49.194782,-0.00221154924,-2.12349e-07,0.0,3214.56514,1337.57948,-0.0424761474,95.5261424,0.000169963637
1530.5,4.4501805,3214.56641,-1.85173595,-1.85173595,-0.623347287,-0.623347287,-0.477178097,-0.477178097,-0.0433931382,-163.64929,-163.64929,0.000744074737,0.000744074737,0.00225046263,0.00225046263,0.697780388,1339.3774,49.194782,-0.00225929301,-5.397772e-06,0.0,3214.56641,1337.5795,-0.0433931382,100.5384942,0.00018285152
1531.0,4.4501805,3214.56993,-1.85173263,-1.85173263,-0.623346872,-0.623346872,-0.477177832,-0.477177832,-0.0458871699,-185.443545,-185.443545,0.000891587722,0.000891587722,0.00269662453,0.00269662453,0.697784002,1339.3774,49.194782,-0.00238914651,-0.000150001453,0.0,3214.56993,1337.5795,-0.0458871699,114.1710925,0.000219569334
1531.5,5.7442889,3217.5679,-2.23809267,-2.23809267,-0.75443961,-0.75443961,-0.578430181,-0.578430181,-0.0483202254,-207.439219,-207.439219,0.00105007355,0.00105007355,0.00317598114,0.00317598114,0.697787694,1339.3774,49.194782,-0.00251582516,-5.3371319e-05,0.0,3217.5679,1338.82554,-0.0483202254,127.4703884,0.000258094937
1532.0,18.7535968,3238.13473,-7.70907143,-7.70907143,-2.61462775,-2.61462775,-2.23064756,-2.23064756,-0.0499665814,-229.430581,-229.430581,0.00120077078,0.00120077078,0.00363179452,0.00363179452,0.697797063,1339.3774,49.194782,-0.00260154374,-8.4960077e-05,0.0,3238.13473,1347.38258,-0.0499665814,136.469512,0.000285670491
1532.5,34.5652331,3240.83779,-14.3807521,-14.3807521,-4.88054659,-4.88054659,-4.45022987,-4.45022987,-0.0514214065,-251.428636,-251.428636,0.00135418041,0.00135418041,0.00409582146,0.00409582146,0.697821736,1339.3774,49.194782,-0.00267729016,-0.000171433531,0.0,3240.83779,1348.5065,-0.0514214065,144.421704,0.000311115434
1533.0,50.3768695,3240.89644,-20.9618381,-20.9618381,-7.11415216,-7.11415216,-6.60296979,-6.60296979,-0.0528809256,-273.422303,-273.422303,0.00151439964,0.00151439964,0.00458045278,0.00458045278,0.69786177,1339.3774,49.194782,-0.00275328108,1.3523177e-05,0.0,3240.89644,1348.53007,-0.0528809256,152.399568,0.000337615495
1533.5,66.188507,3240.89768,-27.5414818,-27.5414818,-9.3471937,-9.3471937,-8.73387746,-8.73387746,-0.0538054212,-290.794795,-290.794795,0.00163848525,0.00163848525,0.00495579498,0.00495579498,0.697916359,1339.3774,49.194782,-0.00280141554,7.8293882e-05,0.0,3240.89768,1348.53006,-0.0538054212,157.45294,0.000354875174
1534.0,82.0001421,3240.89738,-34.1209691,-34.1209691,-11.5801784,-11.5801784,-10.84444485,-10.84444485,-0.0529070837,-292.11237,-292.11237,0.00161842426,0.00161842426,0.00489512892,0.00489512892,0.697984883,1339.3774,49.194782,-0.00275464293,4.8745324e-05,0.0,3240.89738,1348.53044,-0.0529070837,152.542544,0.000338080871
1534.5,94.9744256,3234.23746,-39.7197004,-39.7197004,-13.45216055,-13.45216055,-12.5979109,-12.5979109,-0.0520311934,-292.11237,-292.11237,0.00159163089,0.00159163089,0.00481409621,0.00481409621,0.698066439,1339.3774,49.194782,-0.00270903914,-0.000226149338,0.0,3234.23746,1345.75972,-0.0520311934,147.754855,0.000322032612
1535.0,96.245186,3215.91527,-40.0955975,-40.0955975,-13.502995,-13.502995,-12.6414993,-12.6414993,-0.0519504396,-292.11237,-292.11237,0.00158916063,0.00158916063,0.00480662529,0.00480662529,0.698153394,1339.3774,49.194782,-0.00270483463,0.000103313295,0.0,3215.91527,1338.13575,-0.0519504396,147.313451,0.000320568085
1535.5,96.245186,3214.60491,-40.0493115,-40.0493115,-13.4819057,-13.4819057,-12.62157235,-12.62157235,-0.0519546393,-292.11237,-292.11237,0.00158928913,0.00158928913,0.00480701382,0.00480701382,0.698239964,1339.3774,49.194782,-0.00270505337,-2.8393538e-05,0.0,3214.60491,1337.59052,-0.0519546393,147.336413,0.000320643955
1536.0,96.245186,3214.57894,-40.0483494,-40.0483494,-13.4814726,-13.4814726,-12.6211639,-12.6211639,-0.051953447,-292.11237,-292.11237,0.0015892526,0.0015892526,0.00480690327,0.00480690327,0.698326499,1339.3774,49.194782,-0.00270499119,-9.677843e-06,0.0,3214.57894,1337.57971,-0.051953447,147.329883,0.000320622375
1536.5,96.245186,3214.57842,-40.048332,-40.048332,-13.4814643,-13.4814643,-12.6211568,-12.6211568,-0.0519522628,-292.11237,-292.11237,0.0015892164,0.0015892164,0.00480679399,0.00480679399,0.698413036,1339.3774,49.194782,-0.00270492957,-6.8219367e-05,0.0,3214.57842,1337.5795,-0.0519522628,147.323417,0.000320601023
1537.0,96.245186,4165.67833,3.0549062,-3.8141294,6.85382923,2.24820523,7.96432467,3.14496907,-0.0508079624,-292.11237,-262.412337,0.00155421231,0.00142505138,0.00470087796,0.00431022642,0.698467217,1845.89526,49.194782,-0.00264535079,0.000821335574,0.0,4165.67833,1733.33986,-0.0508079624,141.0685678,0.0003067732
1537.5,96.245186,8208.17811,-26.8404488,-31.832657,-23.9318315,-27.8624409,-22.2702058,-26.3841162,-0.050319149,-292.11237,-273.421627,0.00153925954,0.001471244115,0.00465568209,0.00444996679,0.698417543,3316.2544,49.194782,-0.00261990039,-1.4283342e-05,0.0,8208.17811,3415.45414,-0.050319149,138.3966733,0.000298138634
1538.0,96.245186,7979.24041,-40.7703139,-40.7703139,-34.0685148,-34.0685148,-32.6905134,-32.6905134,-0.051912419,-292.11237,-292.11237,0.00158799757,0.00158799757,0.0048031078,0.0048031078,0.698621481,3316.2544,49.194782,-0.00270285514,0.000109101059,0.0,7979.24041,3320.19055,-0.051912419,147.105626,0.000319882067
1538.5,96.245186,7959.476290000001,-40.0628869,-40.0628869,-33.3929941,-33.3929941,-32.0395022,-32.0395022,-0.051955112,-292.11237,-292.11237,0.00158930352,0.00158930352,0.00480705749,0.00480705749,0.698817198,3316.2544,49.194782,-0.00270507793,2.4823421e-05,0.0,7959.476290000001,3311.96653,-0.051955112,147.338987,0.000320652472
1539.0,96.245186,7959.090910000001,-40.0486036,-40.0486036,-33.3794716,-33.3794716,-32.026473,-32.026473,-0.051957512,-292.11237,-292.11237,0.00158937696,0.00158937696,0.00480727953,0.00480727953,0.699012048,3316.2544,49.194782,-0.00270520291,2.42134e-06,0.0,7959.090910000001,3311.80613,-0.051957512,147.352109,0.000320695839
1539.5,96.245186,7959.08365,-40.0483363,-40.0483363,-33.3792188,-33.3792188,-32.026229,-32.026229,-0.0519487685,-292.11237,-292.11237,0.00158910952,0.00158910952,0.00480647063,0.00480647063,0.699206908,3316.2544,49.194782,-0.00270474762,0.000127944463,0.0,7959.08365,3311.8032,-0.0519487685,147.304309,0.000320537863
1540.0,96.245186,7959.083499999999,-40.0483318,-40.0483318,-33.3792145,-33.3792145,-32.0262248,-32.0262248,-0.051956828,-292.11237,-292.11237,0.00158935606,0.00158935606,0.00480721626,0.00480721626,0.699401735,3316.2544,49.194782,-0.00270516727,-0.000130405383,0.0,7959.083499999999,3311.803,-0.051956828,147.348372,0.000320683482
1540.5,96.245186,7959.083499999999,-40.048332,-40.048332,-33.379215,-33.379215,-32.026226,-32.026226,-0.0519562948,-292.11237,-292.11237,0.00158933976,0.00158933976,0.00480716694,0.00480716694,0.699596593,3316.2544,49.194782,-0.00270513952,-0.000167012587,0.0,7959.083499999999,3311.803,-0.0519562948,147.345457,0.000320673862
1541.0,71.18501153,7899.69118,-32.15922613,-32.15922613,-26.71843322,-26.71843322,-25.53068378,-25.53068378,-0.0534622823,-292.11237,-292.11237,0.00163540778,0.00163540778,0.00494649208,0.00494649208,0.699786895,3316.2544,49.194782,-0.00278354976,-0.000139125677,0.0,7899.69118,3287.08855,-0.0534622823,155.577312,0.000349521803
1541.5,-39.9189907,7795.92512,19.0449161,19.0449161,15.55710383,15.55710383,16.54346827,16.54346827,-0.0611954718,-292.11237,-292.11237,0.00187196553,0.00187196553,0.00566191535,0.00566191535,0.699773947,3316.2544,49.194782,-0.00318618344,4.702968e-05,0.0,7795.92512,3243.90622,-0.0611954718,197.847596,0.000507184287
1542.0,-41.037834,7953.308010000001,17.2865162,17.2865162,14.39726635,14.39726635,15.36882795,15.36882795,-0.0611296122,-292.11237,-292.11237,0.00186995092,0.00186995092,0.00565582268,0.00565582268,0.699616807,3316.2544,49.194782,-0.00318275445,-2.1813295e-05,0.0,7953.308010000001,3309.39453,-0.0611296122,197.487608,0.000505685083
1542.5,-41.037834,7958.98569,17.0802487,17.0802487,14.2357561,14.2357561,15.2101938,15.2101938,-0.0610675754,-291.683063,-291.683063,0.00186532692,0.00186532692,0.00564183625,0.00564183625,0.699473637,3316.2544,49.194782,-0.00317952446,-0.000170895231,0.0,7958.98569,3311.75698,-0.0610675754,197.148502,0.000504309034
1543.0,-41.037834,7959.088379999999,17.0761625,17.0761625,14.2325336,14.2325336,15.20706225,15.20706225,-0.056763998,-253.955446,-253.955446,0.00151333874,0.00151333874,0.00457716576,0.00457716576,0.69933096,3316.2544,49.194782,-0.00295545585,0.00021952501,0.0,7959.088379999999,3311.8023,-0.056763998,173.624776,0.000413769603
1543.5,-41.037834,7959.080499999999,17.0760902,17.0760902,14.23245915,14.23245915,15.2069867,15.2069867,-0.0497226959,-192.38157,-192.38157,0.001005464272,0.001005464272,0.00304102698,0.00304102698,0.699188295,3316.2544,49.194782,-0.00258884565,0.000271554854,0.0,7959.080499999999,3311.80302,-0.0497226959,135.1364075,0.00028239462
1544.0,-41.037834,7959.07066,17.0760888,17.0760888,14.2324406,14.2324406,15.20696565,15.20696565,-0.0426856609,-130.8062,-130.8062,0.000588455732,0.000588455732,0.0017797729,0.0017797729,0.699045638,3316.2544,49.194782,-0.00222245775,0.000284001398,0.0,7959.07066,3311.80318,-0.0426856609,96.6713655,0.000173787251
1544.5,-41.037834,7959.0605,17.0760884,17.0760884,14.2324227,14.2324227,15.2069453,15.2069453,-0.0356493201,-69.2281776,-69.2281776,0.000262181968,0.000262181968,0.000792976953,0.000792976953,0.698902986,3316.2544,49.194782,-0.00185610588,8.2536313e-05,0.0,7959.0605,3311.8032,-0.0356493201,58.2101102,8.7857614e-05
1545.0,-41.037834,7959.050720000001,17.0760894,17.0760894,14.2324059,14.2324059,15.2069259,15.2069259,-0.0286104891,-7.66575036,-7.66575036,2.6718272e-05,2.6718272e-05,0.000112539415,0.000112539415,0.698760337,3316.2544,49.194782,-0.00148962439,0.000401107258,0.0,7959.050720000001,3311.8032,-0.0286104891,19.73524582,2.4590223e-05
1545.5,-41.037834,7959.046240000001,17.0761476,17.0761476,14.2324458,14.2324458,15.2069636,15.2069636,-0.0254120139,20.303703,20.303703,-5.4030993e-05,-5.4030993e-05,-1.786243e-05,-1.786243e-05,0.698617665,3316.2544,49.194782,-0.00132309362,-0.000103921101,0.0,7959.046240000001,3311.80304,-0.0254120139,2.25210349,2.397284e-06
1546.0,-41.037834,7959.046400000001,17.076145,17.076145,14.2324446,14.2324446,15.2069627,15.2069627,-0.0254082655,20.303703,20.303703,-5.4023022e-05,-5.4023022e-05,-1.7859795e-05,-1.7859795e-05,0.698475002,3316.2544,49.194782,-0.00132289843,-0.000255270778,0.0,7959.046400000001,3311.8032,-0.0254082655,2.23161354,2.375124e-06
1546.5,-41.037834,7959.046400000001,17.0761452,17.0761452,14.2324446,14.2324446,15.206963,15.206963,-0.0254100976,20.303703,20.303703,-5.4026918e-05,-5.4026918e-05,-1.7861083e-05,-1.7861083e-05,0.698332315,3316.2544,49.194782,-0.00132299386,-0.000128954879,0.0,7959.046400000001,3311.8032,-0.0254100976,2.24162848,2.385952e-06
1547.0,-41.037834,7959.046400000001,17.0761452,17.0761452,14.2324445,14.2324445,15.2069628,15.2069628,-0.0254034623,20.303703,20.303703,-5.4012811e-05,-5.4012811e-05,-1.7856419e-05,-1.7856419e-05,0.698189627,3316.2544,49.194782,-0.00132264839,-8.452534e-06,0.0,7959.046400000001,3311.8032,-0.0254034623,2.2053599,2.346731e-06
1547.5,-41.037834,7959.046400000001,17.0761454,17.0761454,14.2324445,14.2324445,15.2069629,15.2069629,-0.0254066988,20.303703,20.303703,-5.4019692e-05,-5.4019692e-05,-1.7858694e-05,-1.7858694e-05,0.69804694,3316.2544,49.194782,-0.00132281688,3.189903e-05,0.0,7959.046400000001,3311.8032,-0.0254066988,2.22305059,2.365862e-06
1548.0,-41.037834,7959.046400000001,17.0761446,17.0761446,14.2324443,14.2324443,15.2069627,15.2069627,-0.0254084736,20.303703,20.303703,-5.4023466e-05,-5.4023466e-05,-1.7859942e-05,-1.7859942e-05,0.697904249,3316.2544,49.194782,-0.00132290934,-0.000194343901,0.0,7959.046400000001,3311.8032,-0.0254084736,2.232753,2.37636e-06
1548.5,-39.4938505,7962.42752,16.4957346,16.4957346,13.7544035,13.7544035,14.736626,14.736626,-0.0266010271,8.97914694,8.97914694,-2.4269338e-05,-2.4269338e-05,-3.682646e-06,-3.682646e-06,0.697762956,3316.2544,49.194782,-0.00138500038,-0.000150707149,0.0,7962.42752,3313.20937,-0.0266010271,8.75135261,9.921016e-06
1549.0,-35.1478741,7966.227709999999,14.63066095,14.63066095,12.20520345,12.20520345,13.19524755,13.19524755,-0.0296974609,-20.71530033,-20.71530033,6.5231994e-05,6.5231994e-05,0.000197312541,0.000197312541,0.697634621,3316.2544,49.194782,-0.0015462183,-6.5394097e-05,0.0,7966.227709999999,3314.78882,-0.0296974609,25.6767295,3.2125949e-05
1549.5,-30.7478954,7966.37738,12.7944482,12.7944482,10.67360285,10.67360285,11.64295615,11.64295615,-0.0328240597,-50.6504035,-50.6504035,0.000174911228,0.000174911228,0.000529034526,0.000529034526,0.6975236,3316.2544,49.194782,-0.00170900676,-2.6636313e-05,0.0,7966.37738,3314.84927,-0.0328240597,42.7669888,5.8986659e-05
1550.0,-26.3479169,7966.384690000001,10.9638835,10.9638835,9.1464864,9.1464864,10.0738208,10.0738208,-0.0359563873,-80.576646,-80.576646,0.00030420998,0.00030420998,0.000920089351,0.000920089351,0.69742891,3316.2544,49.194782,-0.00187209353,-9.2681684e-05,0.0,7966.384690000001,3314.85046,-0.0359563873,59.888566,9.0386438e-05
1550.5,-22.9324397,7923.74719,5.86066923,5.86066923,4.92021303,4.92021303,5.88838488,5.88838488,-0.0389269563,-110.5157391,-110.5157391,0.00045110109,0.00045110109,0.00136435473,0.00136435473,0.697351338,3287.53947,49.194782,-0.00202675818,-0.000119890087,0.0,7923.74719,3297.10697,-0.0389269563,76.1259535,0.000124240784
1551.0,-22.694372,6578.892290000001,-8.7035423,-8.7035423,-6.03878376,-6.03878376,-5.33879722,-5.33879722,-0.041441081,-140.448894,-140.448894,0.000610429542,0.000610429542,0.00184624516,0.00184624516,0.697357205,2724.77917,49.194782,-0.00215765782,-0.000158899597,0.0,6578.892290000001,2737.50144,-0.041441081,89.8683816,0.000156241616
1551.5,-22.694372,4710.02502,-7.65908882,-7.65908882,-3.77953824,-3.77953824,-3.24648649,-3.24648649,-0.0449216431,-170.380378,-170.380378,0.000802385663,0.000802385663,0.00242682122,0.00242682122,0.697387438,1962.07327,49.194782,-0.00233887559,-0.000247013936,0.0,4710.02502,1959.84997,-0.0449216431,108.8934329,0.000205123108
1552.0,-22.694372,2878.56628,-7.6235772,-7.6235772,-2.29810664,-2.29810664,-1.91873597,-1.91873597,-0.0470518339,-188.969527,-188.969527,0.000931107584,0.000931107584,0.00281614856,0.00281614856,0.697406628,1199.367342,49.194782,-0.00244978547,0.00013179575,0.0,2878.56628,1197.76518,-0.0470518339,120.5372379,0.000237568824
1552.5,-22.694372,1227.771274,0.3727931884,0.3727931884,-0.1870843711,-0.1870843711,0.076579473,0.076579473,-0.0475773975,-189.20549,-189.20549,0.000942677252,0.000942677252,0.00285113738,0.00285113738,0.697414936,532.341527,49.194782,-0.0024771493,-5.8420706e-05,0.0,1227.771274,510.856917,-0.0475773975,123.4100238,0.000246010493
1553.0,-22.694372,1030.999849,10.0555776,10.0555776,1.08466791,1.08466791,1.3957131,1.3957131,-0.0481703381,-189.20549,-189.20549,0.000954425492,0.000954425492,0.00288666543,0.00288666543,0.697406788,437.34515,49.194782,-0.00250802112,-0.000147838428,0.0,1030.999849,428.978523,-0.0481703381,126.6510817,0.000255551117
1553.5,-22.694372,1049.29315,9.4581575,9.4581575,1.03927797,1.03927797,1.35765159,1.35765159,-0.0481324391,-189.20549,-189.20549,0.000953674593,0.000953674593,0.00288439465,0.00288439465,0.697396167,437.34515,49.194782,-0.00250604789,-0.000135032114,0.0,1049.29315,436.590527,-0.0481324391,126.4439237,0.000254932071
1554.0,-22.694372,1049.68819,9.4435761,9.4435761,1.03806706,1.03806706,1.35666416,1.35666416,-0.0481290685,-189.20549,-189.20549,0.00095360781,0.00095360781,0.00288419272,0.00288419272,0.697385644,437.34515,49.194782,-0.00250587245,6.0084228e-05,0.0,1049.68819,436.754901,-0.0481290685,126.4255041,0.000254877088
1554.5,-22.694372,1049.69561,9.4433011,9.4433011,1.0380442,1.0380442,1.35664543,1.35664543,-0.0481336973,-189.20549,-189.20549,0.000953699535,0.000953699535,0.00288447,0.00288447,0.697375102,437.34515,49.194782,-0.00250611344,-8.8117459e-05,0.0,1049.69561,436.757986,-0.0481336973,126.4508073,0.000254952614
1555.0,-22.694372,1049.6957,9.44329585,9.44329585,1.03804378,1.03804378,1.35664509,1.35664509,-0.0481314842,-189.20549,-189.20549,0.000953655663,0.000953655663,0.0028843374,0.0028843374,0.697364599,437.34515,49.194782,-0.00250599819,6.8549799e-05,0.0,1049.6957,436.758036,-0.0481314842,126.438707,0.000254916506
1555.5,-22.694372,1049.6957,9.44329585,9.44329585,1.03804376,1.03804376,1.3566451,1.3566451,-0.0481343797,-189.20549,-189.20549,0.000953713047,0.000953713047,0.00288451089,0.00288451089,0.697354067,437.34515,49.194782,-0.00250614893,3.7671247e-05,0.0,1049.6957,436.758036,-0.0481343797,126.454533,0.000254963738
1556.0,-22.694372,1049.69571,9.44329565,9.44329565,1.03804367,1.03804367,1.35664506,1.35664506,-0.0481279895,-189.20549,-189.20549,0.000953586425,0.000953586425,0.00288412799,0.00288412799,0.697343538,437.34515,49.194782,-0.00250581616,3.6000911e-05,0.0,1049.69571,436.758045,-0.0481279895,126.4196034,0.00025485948
1556.5,-22.694372,1049.6957,9.44329575,9.44329575,1.03804369,1.03804369,1.35664507,1.35664507,-0.0481288177,-189.20549,-189.20549,0.000953602848,0.000953602848,0.00288417767,0.00288417767,0.697333008,437.34515,49.194782,-0.00250585937,-2.4091517e-05,0.0,1049.6957,436.758048,-0.0481288177,126.4241321,0.000254872991
1557.0,-22.1127652,1050.95475,9.2914236,9.2914236,1.02249486,1.02249486,1.34278532,1.34278532,-0.048101874,-189.20549,-189.20549,0.00095306899,0.00095306899,0.00288256311,0.00288256311,0.69732249,437.34515,49.194782,-0.00250445647,-4.0251635e-05,0.0,1050.95475,437.281949,-0.048101874,126.2768503,0.000254434423
1557.5,-12.88009905,1066.89713,5.4564082,5.4564082,0.609201192,0.609201192,0.906500137,0.906500137,-0.0474799156,-189.20549,-189.20549,0.000940745779,0.000940745779,0.0028452964,0.0028452964,0.697313359,437.34515,49.194782,-0.00247207381,0.000339459942,0.0,1066.89713,443.916051,-0.0474799156,122.8771756,0.000244395228
1558.0,-0.763816807,1069.79672,0.320827639,0.320827639,0.03593306965,0.03593306965,0.11359752825,0.11359752825,-0.046666905,-189.20549,-189.20549,0.000924637153,0.000924637153,0.00279658182,0.00279658182,0.697309426,437.34515,49.194782,-0.00242974384,-0.000115195265,0.0,1069.79672,445.123061,-0.046666905,118.4331871,0.000231523659
1558.5,11.35246579,1069.8579,-4.72388826,-4.72388826,-0.5292422,-0.5292422,-0.348069924,-0.348069924,-0.0458577873,-189.20549,-189.20549,0.00090860565,0.00090860565,0.00274810037,0.00274810037,0.697310454,437.34515,49.194782,-0.00238761662,-6.5591179e-05,0.0,1069.8579,445.149013,-0.0458577873,114.0104796,0.000219013404
1559.0,23.4687482,1069.85791,-9.76573207,-9.76573207,-1.094106379,-1.094106379,-0.846622584,-0.846622584,-0.0450571776,-189.20549,-189.20549,0.000892742737,0.000892742737,0.00270012847,0.00270012847,0.697314889,437.34515,49.194782,-0.00234593237,-2.742973e-05,0.0,1069.85791,445.149474,-0.0450571776,109.6342784,0.000206930595
1559.5,35.5850309,1069.85702,-14.8075286,-14.8075286,-1.65896379,-1.65896379,-1.3623592,-1.3623592,-0.0442416105,-189.20549,-189.20549,0.000876583436,0.000876583436,0.0026512601,0.0026512601,0.697323235,437.34515,49.194782,-0.0023034692,-9.237296e-05,0.0,1069.85702,445.149567,-0.0442416105,105.1763145,0.000194924192
1560.0,47.7013133,1396.02204,-7.73396607,-7.73396607,-0.789429119,-0.789429119,-0.537144778,-0.537144778,-0.0441739806,-189.20549,-189.20549,0.000875243464,0.000875243464,0.0026472077,0.0026472077,0.69733292,602.187919,49.194782,-0.00229994807,0.000108381796,0.0,1396.02204,580.869282,-0.0441739806,104.8066441,0.000193980248
1560.5,59.8175961,3390.59315,-11.402384286,-11.402384286,-4.547686124,-4.547686124,-4.2071706675,-4.2071706675,-0.0434540699,-189.20549,-189.20549,0.000860979481,0.000860979481,0.00260407077,0.00260407077,0.69733879,1388.00879,49.194782,-0.00226246542,6.8590338e-05,0.0,3390.59315,1410.82548,-0.0434540699,100.8715516,0.000183794576
1561.0,71.9338786,3722.51678,-30.8120957,-30.8120957,-12.0095991,-12.0095991,-11.3031292,-11.3031292,-0.039182264,-166.504666,-166.504666,0.000695846148,0.000695846148,0.00210462669,0.00210462669,0.697401345,1531.1498,49.194782,-0.00204005097,0.000660105943,0.0,3722.51678,1548.94385,-0.039182264,77.521486,0.000130535924
1561.5,78.703625,3684.28149,-32.9478956,-32.9478956,-12.71189955,-12.71189955,-11.9664555,-11.9664555,0.0225440409,23.421528,23.421528,0.000199899231,0.000199899231,0.000633812987,0.000633812987,0.697482163,1531.1498,49.194782,0.00117377065,0.00506725534,0.0,3684.28149,1533.06987,0.0225440409,-42.39114453,7.6110203e-05
1562.0,78.71538,3674.96213,-32.7646436,-32.7646436,-12.60918315,-12.60918315,-11.86832,-11.86832,0.0583858912,246.416526,246.416526,0.00155573578,0.00155573578,0.00470540581,0.00470540581,0.697564241,1531.1498,49.194782,0.00303990078,0.001004038049,0.0,3674.96213,1529.21296,0.0583858912,-182.49019,0.000458584779
1562.5,78.71538,3674.66254,-32.7542647,-32.7542647,-12.6041608,-12.6041608,-11.86353945,-11.86353945,0.0724838184,369.575686,369.575686,0.00280526031,0.00280526031,0.00848496445,0.00848496445,0.697646048,1531.1498,49.194782,0.00377391891,0.000297768361,0.0,3674.66254,1529.09653,0.0724838184,-259.550687,0.000788046738
1563.0,78.71538,3674.658,-32.7540515,-32.7540515,-12.6040633,-12.6040633,-11.8634467,-11.8634467,0.0724927606,369.63364,369.63364,0.00280604578,0.00280604578,0.0084873403,0.0084873403,0.697727826,1531.1498,49.194782,0.00377438446,0.000110611283,0.0,3674.658,1529.09461,0.0724927606,-259.599565,0.000788292181
1563.5,78.71538,3674.658,-32.7540497,-32.7540497,-12.6040621,-12.6040621,-11.8634457,-11.8634457,0.072493142,369.63364,369.63364,0.00280606055,0.00280606055,0.008487385,0.008487385,0.697809597,1531.1498,49.194782,0.00377440436,-2.081574e-06,0.0,3674.658,1529.0946,0.072493142,-259.601652,0.000788302689
1564.0,78.71538,3674.658,-32.7540494,-32.7540494,-12.604062,-12.604062,-11.8634454,-11.8634454,0.072491544,369.63364,369.63364,0.00280599867,0.00280599867,0.00848719765,0.00848719765,0.697891374,1531.1498,49.194782,0.00377432113,5.3298607e-05,0.0,3674.658,1529.0946,0.072491544,-259.592909,0.000788258756
1564.5,78.71538,3674.658,-32.7540494,-32.7540494,-12.6040621,-12.6040621,-11.8634455,-11.8634455,0.0724943035,369.63364,369.63364,0.00280610553,0.00280610553,0.008487521,0.008487521,0.697973146,1531.1498,49.194782,0.00377446481,-7.920653e-06,0.0,3674.658,1529.0946,0.0724943035,-259.607998,0.000788334577
1565.0,78.71538,3674.658,-32.7540491,-32.7540491,-12.6040621,-12.6040621,-11.8634456,-11.8634456,0.0724897506,369.63364,369.63364,0.00280592918,0.00280592918,0.00848698795,0.00848698795,0.698054919,1531.1498,49.194782,0.00377422769,-8.5971268e-05,0.0,3674.658,1529.0946,0.0724897506,-259.5831,0.000788209464
1565.5,78.71538,3674.658,-32.7540497,-32.7540497,-12.604062,-12.604062,-11.8634453,-11.8634453,0.0724935222,369.63364,369.63364,0.0028060752,0.0028060752,0.00848742945,0.00848742945,0.69813669,1531.1498,49.194782,0.00377442409,0.000107963512,0.0,3674.658,1529.0946,0.0724935222,-259.603719,0.000788313097
1566.0,78.753436,3674.69178,-32.7574179,-32.7574179,-12.6054744,-12.6054744,-11.8647844,-11.8647844,0.0724969324,369.63364,369.63364,0.00280620727,0.00280620727,0.0084878284,0.0084878284,0.698218468,1531.1498,49.194782,0.00377460169,2.9662902e-05,0.0,3674.69178,1529.10866,0.0724969324,-259.622369,0.000788406814
1566.5,83.5997169,3684.2468,-34.6744722,-34.6744722,-13.3782433,-13.3782433,-12.5967143,-12.5967143,0.0728089052,369.63364,369.63364,0.00281828309,0.00281828309,0.0085243512,0.0085243512,0.698301812,1531.1498,49.194782,0.00379084474,5.6662025e-05,0.0,3684.2468,1533.0848,0.0728089052,-261.327635,0.000797006162
1567.0,91.7883995,3688.18537,-38.1902286,-38.1902286,-14.7500634,-14.7500634,-13.8942928,-13.8942928,0.0733654939,369.63364,369.63364,0.00283982753,0.00283982753,0.0085895104,0.0085895104,0.698392247,1531.1498,49.194782,0.00381982396,2.6503936e-05,0.0,3688.18537,1534.72402,0.0733654939,-264.370006,0.000812448011
1567.5,99.9770829,3688.28372,-41.6009725,-41.6009725,-16.0678004,-16.0678004,-15.1321496,-15.1321496,0.0739088084,369.63364,369.63364,0.00286085808,0.00286085808,0.00865311515,0.00865311515,0.698490383,1531.1498,49.194782,0.00384811193,0.000121244169,0.0,3688.28372,1534.76521,0.0739088084,-267.3398,0.000827659094
1568.0,108.1657666,3688.28469,-45.0087911,-45.0087911,-17.3840275,-17.3840275,-16.36548175,-16.36548175,0.0744557001,369.63364,369.63364,0.00288202713,0.00288202713,0.00871713935,0.00871713935,0.698595964,1531.1498,49.194782,0.00387658619,-0.000116283252,0.0,3688.28469,1534.76593,0.0744557001,-270.329155,0.000843106678
1568.5,116.3544494,3688.28431,-48.4161268,-48.4161268,-18.7000621,-18.7000621,-17.5913968,-17.5913968,0.0748963519,368.674676,368.674676,0.00289163496,0.00289163496,0.008746191,0.008746191,0.698708845,1531.1498,49.194782,0.00389952904,3.3727253e-05,0.0,3688.28431,1534.76606,0.0748963519,-272.7378,0.000855664124
1569.0,124.5431324,3690.63756,-51.4422501,-51.4422501,-19.8812381,-19.8812381,-18.689396,-18.689396,0.0681935906,305.352429,305.352429,0.00218997496,0.00218997496,0.00662374536,0.00662374536,0.698828859,1533.52919,49.194782,0.0035505452,-0.000505262665,0.0,3690.63756,1535.74135,0.0681935906,-236.099925,0.000676672223
1569.5,132.731815,3963.12809,-50.9438138,-50.9438138,-21.157811,-21.157811,-19.9564034,-19.9564034,0.057132815,205.894844,205.894844,0.001241126467,0.001241126467,0.00375374795,0.00375374795,0.698953761,1650.78935,49.194782,0.00297465849,-0.0001771292,0.0,3963.12809,1649.12023,0.057132815,-175.640764,0.000422537943
1570.0,140.890246,4406.0523,-54.604926,-54.604926,-25.2075775,-25.2075775,-23.8587201,-23.8587201,0.0463239455,106.4376747,106.4376747,0.000525623707,0.000525623707,0.00158970981,0.00158970981,0.699094829,1830.36028,49.194782,0.00241188746,-0.000284275425,0.0,4406.0523,1833.41792,0.0463239455,-116.5585435,0.00022838076
1570.5,144.30287,4827.93117,-56.1412052,-56.1412052,-28.3828954,-28.3828954,-26.9464135,-26.9464135,0.0383675332,34.8634138,34.8634138,0.000140565528,0.000140565528,0.000425158521,0.000425158521,0.699255829,2009.9312,49.194782,0.00199763146,-4.876153e-06,0.0,4827.93117,2008.96022,0.0383675332,-73.0680995,0.000117554546
1571.0,144.30287,5172.74127,-58.6238185,-58.6238185,-31.764169,-31.764169,-30.2138272,-30.2138272,0.0381794995,31.887531,31.887531,0.000127491066,0.000127491066,0.000385617387,0.000385617387,0.699432168,2149.6212,49.194782,0.00198784142,7.5257995e-05,0.0,5172.74127,2152.43812,0.0381794995,-72.040295,0.000115214624
1571.5,144.30287,5185.07512,-60.1288614,-60.1288614,-32.6487756,-32.6487756,-31.0490515,-31.0490515,0.0382712173,31.887531,31.887531,0.000127797336,0.000127797336,0.000386543671,0.000386543671,0.699621702,2159.465,49.194782,0.00199261673,0.000121361497,0.0,5185.07512,2157.57036,0.0382712173,-72.541632,0.000116291601
1572.0,140.062893,5172.8682,-58.5356113,-58.5356113,-31.7106005,-31.7106005,-30.1639943,-30.1639943,0.0379999416,31.887531,31.887531,0.000126891473,0.000126891473,0.000383803964,0.000383803964,0.699810533,2159.465,49.194782,0.00197849258,1.3581013e-05,0.0,5172.8682,2152.49085,0.0379999416,-71.058808,0.000113124711
1572.5,121.7327225,5151.623720000001,-50.7002661,-50.7002661,-27.3519072,-27.3519072,-26.0477927,-26.0477927,0.0367639058,31.887531,31.887531,0.000122764034,0.000122764034,0.000371320812,0.000371320812,0.699985684,2159.465,49.194782,0.00191413752,0.000184037084,0.0,5151.623720000001,2143.65016,0.0367639058,-64.3025311,9.9056567e-05
1573.0,102.3056215,5150.35654,-42.5711365,-42.5711365,-22.9604946,-22.9604946,-21.8758551,-21.8758551,0.0354613721,31.887531,31.887531,0.000118414542,0.000118414542,0.000358166005,0.000358166005,0.700138094,2159.465,49.194782,0.00184632021,3.6783129e-05,0.0,5150.35654,2143.12206,0.0354613721,-57.182767,8.4971286e-05
1573.5,82.8785191,5150.33213,-34.4858909,-34.4858909,-18.5996727,-18.5996727,-17.7016514,-17.7016514,0.0341790258,32.0094106,32.0094106,0.000114562525,0.000114562525,0.000346515662,0.000346515662,0.700267267,2159.465,49.194782,0.001779554,8.7821311e-05,0.0,5150.33213,2143.11109,0.0341790258,-50.1733516,7.1861286e-05
1574.0,63.4514162,5150.334919999999,-26.4025904,-26.4025904,-14.2400211,-14.2400211,-13.4963618,-13.4963618,0.0332100095,34.8322153,34.8322153,0.000121108712,0.000121108712,0.000366312793,0.000366312793,0.700371908,2159.465,49.194782,0.00172910155,-0.000140910783,0.0,5150.334919999999,2143.11169,0.0332100095,-44.8766266,6.2441562e-05
1574.5,44.024315,5150.33682,-18.3192663,-18.3192663,-9.88034985,-9.88034985,-9.25741094,-9.25741094,0.0323546736,38.7376134,38.7376134,0.000131221414,0.000131221414,0.000396896423,0.000396896423,0.70045056,2159.465,49.194782,0.00168456788,-6.530625e-06,0.0,5150.33682,2143.11202,0.0323546736,-40.2012865,5.4496916e-05
1575.0,24.597213,5150.33659,-10.23463503,-10.23463503,-5.51996824,-5.51996824,-4.96655345,-4.96655345,0.0313253929,41.021908,41.021908,0.000134566868,0.000134566868,0.000407015293,0.000407015293,0.700501371,2159.465,49.194782,0.00163097767,-0.000129552307,0.0,5150.33659,2143.11129,0.0313253929,-34.5751482,4.539916e-05
1575.5,5.17011111,5150.33825,-2.151449234,-2.151449234,-1.160367388,-1.160367388,-0.881358098,-0.881358098,0.0300265278,41.03701,41.03701,0.000129035574,0.000129035574,0.000390286588,0.000390286588,0.700522594,2159.465,49.194782,0.0015633514,-0.000244289898,0.0,5150.33825,2143.1113,0.0300265278,-27.4754373,3.4588426e-05
1576.0,-14.256991,5150.34095,5.93243655,5.93243655,3.19961519,3.19961519,3.77861951,3.77861951,0.0287310182,41.03701,41.03701,0.000123468268,0.000123468268,0.000373448861,0.000373448861,0.70051163,2159.465,49.194782,0.00149589982,5.7247787e-05,0.0,5150.34095,2143.11168,0.0287310182,-20.3940691,2.4575601e-05
1576.5,-33.6840931,5150.34179,14.0157947,14.0157947,7.55931353,7.55931353,8.17489361,8.17489361,0.0274290831,41.03701,41.03701,0.00011787335,0.00011787335,0.000356527499,0.000356527499,0.700462455,2159.465,49.194782,0.00142811371,5.2546371e-05,0.0,5150.34179,2143.11129,0.0274290831,-13.2775804,1.5286813e-05
1577.0,-47.2350326,5163.4749,19.9279703,19.9279703,10.7757167,10.7757167,11.46182795,11.46182795,0.0265118553,41.03701,41.03701,0.000113931666,0.000113931666,0.000344606138,0.000344606138,0.700374954,2159.465,49.194782,0.00138035759,-4.990563e-05,0.0,5163.4749,2148.57548,0.0265118553,-8.26393096,9.178845e-06
1577.5,-47.708702,5181.85272,19.8817665,19.8817665,10.7886856,10.7886856,11.4759668,11.4759668,0.0264944823,41.03701,41.03701,0.000113857009,0.000113857009,0.000344380331,0.000344380331,0.700273508,2159.465,49.194782,0.00137945308,-5.051551e-05,0.0,5181.85272,2156.22261,0.0264944823,-8.16897065,9.065927e-06
1578.0,-47.708702,5182.662969999999,19.8525353,19.8525353,10.77451075,10.77451075,11.4613762,11.4613762,0.0264976057,41.03701,41.03701,0.000113870432,0.000113870432,0.000344420927,0.000344420927,0.700172808,2159.465,49.194782,0.00137961571,0.000189830521,0.0,5182.662969999999,2156.55981,0.0264976057,-8.1860439,9.085946e-06
1578.5,-47.708702,5182.67846,19.8519549,19.8519549,10.77422805,10.77422805,11.4610852,11.4610852,0.0264931292,41.03701,41.03701,0.000113851191,0.000113851191,0.000344362739,0.000344362739,0.7000721,2159.465,49.194782,0.00137938257,9.4087528e-05,0.0,5182.67846,2156.56632,0.0264931292,-8.16157125,9.057252e-06
1579.0,-47.708702,5182.6787,19.8519428,19.8519428,10.7742222,10.7742222,11.46108,11.46108,0.0265001877,41.03701,41.03701,0.000113881525,0.000113881525,0.00034445449,0.00034445449,0.699971409,2159.465,49.194782,0.00137975012,-0.000111740131,0.0,5182.6787,2156.5664,0.0265001877,-8.2001553,9.1025e-06
1579.5,-47.708702,5182.6787,19.8519434,19.8519434,10.7742224,10.7742224,11.4610801,11.4610801,0.0264947564,41.03701,41.03701,0.000113858189,0.000113858189,0.000344383899,0.000344383899,0.699870723,2159.465,49.194782,0.00137946735,6.9395019e-05,0.0,5182.6787,2156.5664,0.0264947564,-8.17046905,9.067681e-06
1580.0,-47.708702,5182.6787,19.8519434,19.8519434,10.7742226,10.7742226,11.46108,11.46108,0.0264924702,41.03701,41.03701,0.00011384836,0.00011384836,0.000344354182,0.000344354182,0.699770005,2159.465,49.194782,0.00137934828,-2.4272458e-05,0.0,5182.6787,2156.5664,0.0264924702,-8.1579701,9.053033e-06
1580.5,-47.708702,5182.6787,19.8519432,19.8519432,10.7742225,10.7742225,11.46108,11.46108,0.0264928032,41.03701,41.03701,0.000113849792,0.000113849792,0.000344358503,0.000344358503,0.699669311,2159.465,49.194782,0.00137936564,-0.000119087545,0.0,5182.6787,2156.5664,0.0264928032,-8.1597914,9.05517e-06
1581.0,-47.708702,5182.6787,19.8519434,19.8519434,10.7742224,10.7742224,11.4610799,11.4610799,0.0264972019,41.03701,41.03701,0.000113868696,0.000113868696,0.000344415679,0.000344415679,0.699568597,2159.465,49.194782,0.00137959466,0.000136564748,0.0,5182.6787,2156.5664,0.0264972019,-8.1838346,9.08336e-06
1581.5,-47.708702,5182.6787,19.8519434,19.8519434,10.7742223,10.7742223,11.4610799,11.4610799,0.0264994874,41.03701,41.03701,0.000113878517,0.000113878517,0.000344445385,0.000344445385,0.699467868,2159.465,49.194782,0.00137971365,6.435617e-05,0.0,5182.6787,2156.5664,0.0264994874,-8.19632805,9.098009e-06
1582.0,-47.708702,5182.6787,19.8519436,19.8519436,10.7742224,10.7742224,11.46108,11.46108,0.0264979986,41.03701,41.03701,0.00011387212,0.00011387212,0.000344426035,0.000344426035,0.699367169,2159.465,49.194782,0.00137963617,4.7084077e-05,0.0,5182.6787,2156.5664,0.0264979986,-8.1881902,9.088463e-06
1582.5,-47.708702,5182.6787,19.851942,19.851942,10.7742214,10.7742214,11.4610787,11.4610787,0.0265804862,41.8152158,41.8152158,0.000116398046,0.000116398046,0.000352065864,0.000352065864,0.699266463,2159.465,49.194782,0.00138393091,8.4361625e-05,0.0,5182.6787,2156.5664,0.0265804862,-8.6390753,9.62004e-06
1583.0,-47.708702,5182.67814,19.851941,19.851941,10.7742198,10.7742198,11.4610771,11.4610771,0.0268854307,44.4551255,44.4551255,0.000125168016,0.000125168016,0.00037859112,0.00037859112,0.699165732,2159.465,49.194782,0.00139980808,-0.000125105458,0.0,5182.67814,2156.5664,0.0268854307,-10.30592845,1.1608199e-05
1583.5,-47.708702,5182.67779,19.8519406,19.8519406,10.77421935,10.77421935,11.4610761,11.4610761,0.0271983886,47.1724514,47.1724514,0.000134364301,0.000134364301,0.000406405627,0.000406405627,0.699065,2159.465,49.194782,0.00141610245,-2.723171e-05,0.0,5182.67779,2156.5664,0.0271983886,-12.01658485,1.3692147e-05
1584.0,-47.708702,5182.67745,19.8519404,19.8519404,10.7742187,10.7742187,11.461075,11.461075,0.027507551,49.8892936,49.8892936,0.00014371756,0.00014371756,0.00043469478,0.00043469478,0.698964268,2159.465,49.194782,0.00143219918,-0.000147809765,0.0,5182.67745,2156.5664,0.027507551,-13.70649205,1.57949e-05
1584.5,-47.7049171,5182.67842,19.8518239,19.8518239,10.7741572,10.7741572,11.4610118,11.4610118,0.0278196534,52.6062068,52.6062068,0.000153263502,0.000153263502,0.000463566524,0.000463566524,0.698863537,2159.465,49.194782,0.00144844898,-3.4164657e-05,0.0,5182.67842,2156.56694,0.0278196534,-15.4124699,1.7962233e-05
1585.0,-46.3879373,5185.30161,19.3358202,19.3358202,10.4993867,10.4993867,11.1774927,11.1774927,0.0282171907,55.3234973,55.3234973,0.00016348662,0.00016348662,0.000494486151,0.000494486151,0.698763746,2159.465,49.194782,0.00146914707,-3.0949493e-05,0.0,5185.30161,2157.65879,0.0282171907,-17.5854462,2.0789707e-05
1585.5,-44.0553611,5186.52637,18.3329013,18.3329013,9.9571801,9.9571801,10.6167605,10.6167605,0.0286826706,58.0405599,58.0405599,0.000174343724,0.000174343724,0.000527322993,0.000527322993,0.698668788,2159.465,49.194782,0.00149338258,-3.4671672e-05,0.0,5186.52637,2158.16859,0.0286826706,-20.1297976,2.4188988e-05
1586.0,-41.7227877,5186.5571,17.3612438,17.3612438,9.4294989,9.4294989,10.07301635,10.07301635,0.0291466166,60.7572787,60.7572787,0.000185456151,0.000185456151,0.00056093185,0.00056093185,0.698579384,2159.465,49.194782,0.00151753822,1.8038509e-05,0.0,5186.5571,2158.18177,0.0291466166,-22.6657669,2.7676718e-05
1586.5,-39.3902109,5186.55682,16.3905078,16.3905078,8.90225795,8.90225795,9.54516515,9.54516515,0.0294578809,62.095917,62.095917,0.000191554853,0.000191554853,0.000579376836,0.000579376836,0.698495259,2159.465,49.194782,0.00153374444,-1.2150213e-05,0.0,5186.55682,2158.18181,0.0294578809,-24.3671666,3.0067843e-05
1587.0,-37.0576375,5186.55688,15.4199467,15.4199467,8.3751125,8.3751125,9.0156884,9.0156884,0.029616229,62.095917,62.095917,0.000192584534,0.000192584534,0.000582490885,0.000582490885,0.698416231,2159.465,49.194782,0.00154198895,-5.38502e-06,0.0,5186.55688,2158.18201,0.029616229,-25.2327098,3.1303214e-05
1587.5,-34.7250616,5186.55668,14.44935805,14.44935805,7.84795124,7.84795124,8.4819629,8.4819629,0.0297704991,62.095917,62.095917,0.000193587703,0.000193587703,0.000585524768,0.000585524768,0.69834228,2159.465,49.194782,0.00155002112,-0.000177032595,0.0,5186.55668,2158.18202,0.0297704991,-26.0759632,3.2517832e-05
1588.0,-32.3924875,4597.47009,-0.53221591,-0.53221591,0.01572046,0.01572046,0.46345962,0.46345962,0.01996369117,37.172518908,37.172518908,0.000123828848,0.000123828848,0.00037456945,0.00037456945,0.698297889,1888.62694,49.194782,0.001039423048,-0.003069966854,0.0,4597.47009,1913.05293,0.01996369117,-16.6663833,2.4161916e-05
1588.5,-30.3121566,2748.91844,-4.47597072,-4.47597072,-1.287657083,-1.287657083,-0.992490346,-0.992490346,-0.0360672854,-88.55702,-88.55702,0.000352780725,0.000352780725,0.001066993036,0.001066993036,0.698306774,1141.865592,49.194782,-0.00187786754,-0.000474810084,0.0,2748.91844,1143.824205,-0.0360672854,60.4947454,9.5954998e-05
1589.0,-29.981258,1077.046865,2.6428869,2.6428869,0.060545209,0.060545209,0.3068399156,0.3068399156,-0.0520683135,-224.885018,-224.885018,0.00124645528,0.00124645528,0.00376995618,0.00376995618,0.698310648,467.542333,49.194782,-0.00271097185,-0.000277643957,0.0,1077.046865,448.136757,-0.0520683135,147.9577586,0.000328293705
1589.5,-29.981258,840.794578,13.15473985,13.15473985,1.15704408,1.15704408,1.49636086,1.49636086,-0.0670920585,-350.550826,-350.550826,0.00247166329,0.00247166329,0.00747592841,0.00747592841,0.698301711,359.09558,49.194782,-0.00349319331,-7.0358726e-05,0.0,840.794578,349.821653,-0.0670920585,230.078865,0.000648763477
1590.0,-25.6262895,871.736919,11.0996557,11.0996557,1.010021753,1.010021753,1.33476667,1.33476667,-0.0696392388,-375.42264,-375.42264,0.00273780867,0.00273780867,0.0082809963,0.0082809963,0.698290382,359.09558,49.194782,-0.00362581389,-1.3229381e-05,0.0,871.736919,362.695506,-0.0696392388,244.001962,0.000711794244
1590.5,7.64731905,920.916044,-3.00351366,-3.00351366,-0.2919734408,-0.2919734408,-0.1221644847,-0.1221644847,-0.0674073251,-375.42264,-375.42264,0.00265006276,0.00265006276,0.0080156119,0.0080156119,0.698284987,359.09558,49.194782,-0.00350960778,0.000201265407,0.0,920.916044,383.160604,-0.0674073251,231.802126,0.000654635563
1591.0,46.2055058,925.993256,-19.2230036,-19.2230036,-1.86409625,-1.86409625,-1.52686147,-1.52686147,-0.0648222499,-375.42264,-375.42264,0.00254843279,0.00254843279,0.00770823363,0.00770823363,0.698291242,359.09558,49.194782,-0.00337501411,-3.6737957e-05,0.0,925.993256,385.274781,-0.0648222499,217.671885,0.000591162526
1591.5,84.7636929,926.092209,-35.2697525,-35.2697525,-3.42046724,-3.42046724,-2.84126378,-2.84126378,-0.0622453564,-375.42264,-375.42264,0.00244712439,0.00244712439,0.00740182694,0.00740182694,0.698307546,359.09558,49.194782,-0.0032408465,0.000133087336,0.0,926.092209,385.317464,-0.0622453564,203.586364,0.000530942169
1592.0,107.5340985,892.52481,-45.3133279,-45.3133279,-4.23518275,-4.23518275,-3.46366593,-3.46366593,-0.0606932892,-375.42264,-375.42264,0.00238610606,0.00238610606,0.0072172766,0.0072172766,0.698331811,359.09558,49.194782,-0.00316003699,-5.7814936e-05,0.0,892.52481,371.350727,-0.0606932892,195.102625,0.000496012874
1592.5,107.70781,862.915916,-44.8545108,-44.8545108,-4.05325219,-4.05325219,-3.29343288,-3.29343288,-0.0607099525,-375.42264,-375.42264,0.00238676121,0.00238676121,0.00721925801,0.00721925801,0.698356544,359.09558,49.194782,-0.00316090457,-0.000133072278,0.0,862.915916,359.030229,-0.0607099525,195.193708,0.000496380067
1593.0,107.70781,861.933541,-44.8187234,-44.8187234,-4.04540381,-4.04540381,-3.28642773,-3.28642773,-0.0607157926,-375.42264,-375.42264,0.00238699078,0.00238699078,0.00721995247,0.00721995247,0.698380815,359.09558,49.194782,-0.00316120868,0.000156187885,0.0,861.933541,358.621463,-0.0607157926,195.225635,0.00049650901
1593.5,107.70781,861.914744,-44.8180321,-44.8180321,-4.04525333,-4.04525333,-3.28629334,-3.28629334,-0.060650467,-374.844166,-374.844166,0.00238078444,0.00238078444,0.00720117871,0.00720117871,0.698405083,359.09558,49.194782,-0.00315780741,-2.5175926e-05,0.0,861.914744,358.613674,-0.060650467,194.868558,0.000495076585
1594.0,107.70781,861.90712,-44.8180883,-44.8180883,-4.04522262,-4.04522262,-3.28626242,-3.28626242,-0.0553311653,-328.25606,-328.25606,0.00190760278,0.00190760278,0.0057698648,0.0057698648,0.698429352,359.09558,49.194782,-0.00288085445,0.000355018952,0.0,861.90712,358.61362,-0.0553311653,165.79279,0.000385660474
1594.5,107.70781,861.894858,-44.818085,-44.818085,-4.04516459,-4.04516459,-3.28620583,-3.28620583,-0.0467315532,-253.024781,-253.024781,0.00124382205,0.00124382205,0.0037620772,0.0037620772,0.698453637,359.09558,49.194782,-0.00243310985,0.000320256982,0.0,861.894858,358.61353,-0.0467315532,118.7865639,0.000233919406
1595.0,107.70781,861.882808,-44.818085,-44.818085,-4.04510808,-4.04510808,-3.2861506,-3.2861506,-0.0381320509,-177.796947,-177.796947,0.000715561595,0.000715561595,0.0021642717,0.0021642717,0.698477921,359.09558,49.194782,-0.00198537089,0.000359366052,0.0,861.882808,358.613536,-0.0381320509,71.780931,0.000116049332
1595.5,107.70781,861.871108,-44.8180704,-44.8180704,-4.04505182,-4.04505182,-3.28609585,-3.28609585,-0.0298504969,-105.3425121,-105.3425121,0.000333221871,0.000333221871,0.00100785959,0.00100785959,0.698502224,359.09558,49.194782,-0.00155418624,0.000427669594,0.0,861.871108,358.613507,-0.0298504969,26.5132376,3.4135402e-05
1596.0,107.70781,861.867876,-44.8180111,-44.8180111,-4.04503127,-4.04503127,-3.28607696,-3.28607696,-0.0275746568,-85.48906,-85.48906,0.000246859182,0.000246859182,0.000746652538,0.000746652538,0.698526533,359.09558,49.194782,-0.0014356931,-6.3708539e-05,0.0,861.867876,358.613484,-0.0275746568,14.0732988,1.6255302e-05
1596.5,107.70781,861.86804,-44.818016,-44.818016,-4.0450325,-4.0450325,-3.286078,-3.286078,-0.0275747384,-85.48906,-85.48906,0.000246859905,0.000246859905,0.000746654724,0.000746654724,0.69855084,359.09558,49.194782,-0.00143569734,-0.000218869876,0.0,861.86804,358.61356,-0.0275747384,14.0737412,1.625586e-05
1597.0,107.70781,861.86804,-44.818016,-44.818016,-4.0450325,-4.0450325,-3.286078,-3.286078,-0.0275731377,-85.48906,-85.48906,0.000246845579,0.000246845579,0.000746611404,0.000746611404,0.69857515,359.09558,49.194782,-0.00143561402,-0.000118765028,0.0,861.86804,358.61356,-0.0275731377,14.0649946,1.6244814e-05
1597.5,107.70781,861.86804,-44.8180148,-44.8180148,-4.0450325,-4.0450325,-3.286078,-3.286078,-0.0275768289,-85.48906,-85.48906,0.000246878625,0.000246878625,0.000746711341,0.000746711341,0.698599456,359.09558,49.194782,-0.0014358062,-1.467375e-06,0.0,861.86804,358.61356,-0.0275768289,14.0851702,1.6270308e-05
1598.0,106.7541035,859.684293,-44.4738361,-44.4738361,-4.00387595,-4.00387595,-3.25224283,-3.25224283,-0.0276289203,-85.48906,-85.48906,0.000247344966,0.000247344966,0.00074812172,0.00074812172,0.698623705,359.09558,49.194782,-0.00143851833,8.5890449e-05,0.0,859.684293,357.70485,-0.0276289203,14.3699087,1.6631342e-05
1598.5,103.0645225,855.663551,-42.8938025,-42.8938025,-3.84350376,-3.84350376,-3.12460029,-3.12460029,-0.0278843423,-85.48906,-85.48906,0.000249631597,0.000249631597,0.000755037214,0.000755037214,0.698647317,359.09558,49.194782,-0.00145181705,5.2929048e-05,0.0,855.663551,356.031633,-0.0278843423,15.7660659,1.8416359e-05
1599.0,99.2047002,855.448486,-41.2801066,-41.2801066,-3.69796944,-3.69796944,-3.01163098,-3.01163098,-0.0281362256,-85.48906,-85.48906,0.000251886564,0.000251886564,0.000761856893,0.000761856893,0.698670048,359.09558,49.194782,-0.00146493153,7.92184e-06,0.0,855.448486,355.941997,-0.0281362256,17.1428813,2.0205379e-05
1599.5,95.3448753,855.44503,-39.6738715,-39.6738715,-3.55406456,-3.55406456,-2.89968917,-2.89968917,-0.0283977785,-85.48906,-85.48906,0.000254228081,0.000254228081,0.000768938356,0.000768938356,0.698691989,359.09558,49.194782,-0.00147854947,4.8950515e-05,0.0,855.44503,355.940415,-0.0283977785,18.5725516,2.2093879e-05
1600.0,91.4850532,855.44528,-38.067601,-38.067601,-3.4101726,-3.4101726,-2.78686055,-2.78686055,-0.0286567561,-85.48906,-85.48906,0.000256546553,0.000256546553,0.000775950098,0.000775950098,0.698713099,359.09558,49.194782,-0.0014920333,0.000119072986,0.0,855.44528,355.940359,-0.0286567561,19.9881467,2.399445e-05
1600.5,87.6252288,855.445063,-36.4613879,-36.4613879,-3.26628398,-3.26628398,-2.67205082,-2.67205082,-0.0289118463,-85.48906,-85.48906,0.000258830223,0.000258830223,0.000782856566,0.000782856566,0.698733394,359.09558,49.194782,-0.00150531474,-2.1721468e-05,0.0,855.445063,355.940124,-0.0289118463,21.3824905,2.5896523e-05
1601.0,83.7654066,855.446039,-34.8553319,-34.8553319,-3.12241383,-3.12241383,-2.55688475,-2.55688475,-0.0291700581,-85.48906,-85.48906,0.000261141839,0.000261141839,0.000789847566,0.000789847566,0.698752844,359.09558,49.194782,-0.00151875876,5.3820914e-05,0.0,855.446039,355.940383,-0.0291700581,22.7939015,2.7852569e-05
1601.5,79.905582,855.446226,-33.2493517,-33.2493517,-2.97854737,-2.97854737,-2.44148799,-2.44148799,-0.0294298619,-85.48906,-85.48906,0.000263467704,0.000263467704,0.000796881615,0.000796881615,0.698771473,359.09558,49.194782,-0.00153228559,-0.00026230977,0.0,855.446226,355.94031,-0.0294298619,24.2140092,2.9851216e-05
1602.0,76.045758,855.446741,-31.6431901,-31.6431901,-2.83466569,-2.83466569,-2.32567017,-2.32567017,-0.0296335956,-85.0613605,-85.0613605,0.00026397807,0.00026397807,0.000798424729,0.000798424729,0.69878925,359.09558,49.194782,-0.00154289313,0.000200759548,0.0,855.446741,355.940406,-0.0296335956,25.3276374,3.1442248e-05
1602.5,72.4504724,856.045846,-30.1131896,-30.1131896,-2.69947007,-2.69947007,-2.21463692,-2.21463692,-0.0265069493,-58.6911932,-58.6911932,0.000165214794,0.000165214794,0.000499713906,0.000499713906,0.698806179,359.09558,49.194782,-0.00138010218,0.000606077684,0.0,856.045846,356.191525,-0.0265069493,10.32698018,1.1996963e-05
1603.0,71.68933,861.033326,-29.8054575,-29.8054575,-2.68747626,-2.68747626,-2.20697108,-2.20697108,0.0272504605,-17.58594199,-17.58594199,-4.7527638e-05,-4.7527638e-05,-1.4920756e-05,-1.4920756e-05,0.698822636,359.09558,49.194782,0.0014188136,0.001863650915,0.0,861.033326,358.298232,0.0272504605,-14.7223487,1.756727e-05
1603.5,71.68933,861.767791,-29.8299005,-29.8299005,-2.69197297,-2.69197297,-2.2110397,-2.2110397,0.0324584349,23.5181684,23.5181684,8.1601198e-05,8.1601198e-05,0.000246820438,0.000246820438,0.698839153,359.09558,49.194782,0.00168997027,1.541336e-06,0.0,861.767791,358.606892,0.0324584349,-40.7684527,5.584323e-05
1604.0,71.68933,861.777097,-29.8304877,-29.8304877,-2.69205496,-2.69205496,-2.21111205,-2.21111205,0.0371631394,64.622394,64.622394,0.000253159943,0.000253159943,0.000765687206,0.000765687206,0.698855661,359.09558,49.194782,0.00193492393,0.000292621748,0.0,861.777097,358.613519,0.0371631394,-66.4847789,0.000103912676
1604.5,73.3718354,865.743143,-30.36799,-30.36799,-2.75365327,-2.75365327,-2.26400475,-2.26400475,0.040484646,92.790064,92.790064,0.00039344401,0.00039344401,0.00118996034,0.00118996034,0.698872235,359.09558,49.194782,0.00210786044,0.000158314901,0.0,865.743143,360.265759,0.040484646,-84.6404245,0.000143555934
1605.0,86.4088563,884.910454,-35.884281,-35.884281,-3.32567294,-3.32567294,-2.73944545,-2.73944545,0.0414594714,93.666695,93.666695,0.000406665721,0.000406665721,0.00122994494,0.00122994494,0.698890703,359.09558,49.194782,0.00215861535,0.000130110265,0.0,884.910454,368.241984,0.0414594714,-89.9689034,0.000156263977
1605.5,101.548211,886.925324,-42.2534417,-42.2534417,-3.92444801,-3.92444801,-3.21561683,-3.21561683,0.0424709684,93.666695,93.666695,0.000416587243,0.000416587243,0.00125994776,0.00125994776,0.6989128,359.09558,49.194782,0.00221127959,-0.000141682861,0.0,886.925324,369.080981,0.0424709684,-95.497834,0.000169911948
1606.0,116.6875656,886.966456,-48.5545803,-48.5545803,-4.50989083,-4.50989083,-3.66658413,-3.66658413,0.0434856234,93.666695,93.666695,0.000426539743,0.000426539743,0.001290044,0.001290044,0.698938226,359.09558,49.194782,0.00226410833,4.8840683e-05,0.0,886.966456,369.098688,0.0434856234,-101.0440276,0.000184073503
1606.5,131.8269215,886.965523,-54.8544038,-54.8544038,-5.0950311,-5.0950311,-4.10462882,-4.10462882,0.044492967,93.666695,93.666695,0.000436420532,0.000436420532,0.00131992313,0.00131992313,0.698966805,359.09558,49.194782,0.0023165563,3.658478e-05,0.0,886.965523,369.098884,0.044492967,-106.550254,0.000198598799
1607.0,146.966275,886.964744,-61.1539952,-61.1539952,-5.6801498,-5.6801498,-4.53057608,-4.53057608,0.0455029382,93.666695,93.666695,0.000446327087,0.000446327087,0.00134988003,0.00134988003,0.698998443,359.09558,49.194782,0.00236914116,-3.4401739e-05,0.0,886.964744,369.099151,0.0455029382,-112.0708436,0.00021362896
1607.5,156.008393,873.96221,-65.1388531,-65.1388531,-5.96156655,-5.96156655,-4.70795636,-4.70795636,0.0461212462,93.666695,93.666695,0.000452391923,0.000452391923,0.00136821967,0.00136821967,0.699032542,359.09558,49.194782,0.00240133379,-0.000113858725,0.0,873.96221,363.689052,0.0461212462,-115.4505714,0.000223041638
1608.0,156.08789,862.169664,-64.9640591,-64.9640591,-5.86535842,-5.86535842,-4.61864169,-4.61864169,0.0461098427,93.666695,93.666695,0.000452280065,0.000452280065,0.00136788139,0.00136788139,0.699066516,359.09558,49.194782,0.00240074004,-7.9603702e-05,0.0,862.169664,358.782092,0.0461098427,-115.3882371,0.000222866002
1608.5,156.08789,861.77273,-64.9496085,-64.9496085,-5.86135336,-5.86135336,-4.61510989,-4.61510989,0.0460108993,92.7620285,92.7620285,0.000446956011,0.000446956011,0.00135177949,0.00135177949,0.699100254,359.09558,49.194782,0.00239558847,0.000187308218,0.0,861.77273,358.616863,0.0460108993,-114.8474002,0.000221346763
1609.0,156.08789,861.765538,-64.9493282,-64.9493282,-5.86127904,-5.86127904,-4.6150447,-4.6150447,0.0457379018,90.352906,90.352906,0.000432765732,0.000432765732,0.00130886283,0.00130886283,0.699133982,359.09558,49.194782,0.00238137473,-0.000168548103,0.0,861.765538,358.613714,0.0457379018,-113.3551744,0.000217174675
1609.5,156.08789,861.765784,-64.949323,-64.949323,-5.86128028,-5.86128028,-4.6150461,-4.6150461,0.045458259,87.9234282,87.9234282,0.000418554473,0.000418554473,0.00126588338,0.00126588338,0.699167705,359.09558,49.194782,0.00236681488,-0.000149596485,0.0,861.765784,358.61365,0.045458259,-111.826622,0.000212936228
1610.0,156.08789,861.76618,-64.9493218,-64.9493218,-5.86128289,-5.86128289,-4.61504871,-4.61504871,0.0451757837,85.4929894,85.4929894,0.000404455787,0.000404455787,0.00122324477,0.00122324477,0.699201447,359.09558,49.194782,0.00235210761,-5.4875298e-05,0.0,861.76618,358.61365,0.0451757837,-110.282586,0.000208691277
1610.5,156.08789,861.766564,-64.9493206,-64.9493206,-5.86128537,-5.86128537,-4.61505123,-4.61505123,0.0449002762,83.0631167,83.0631167,0.000390564264,0.000390564264,0.00118123256,0.00118123256,0.699235178,359.09558,49.194782,0.00233776312,7.204753e-06,0.0,861.766564,358.61365,0.0449002762,-108.776642,0.000204586305
1611.0,156.08789,861.766952,-64.9493206,-64.9493206,-5.86128812,-5.86128812,-4.61505369,-4.61505369,0.0446270217,80.6331694,80.6331694,0.000376831265,0.000376831265,0.00113969969,0.00113969969,0.699268916,359.09558,49.194782,0.00232353596,1.7106231e-05,0.0,861.766952,358.61365,0.0446270217,-107.2830111,0.000200549049
1611.5,144.88344,835.847805,-61.6105832,-61.6105832,-5.41745909,-5.41745909,-4.26183025,-4.26183025,0.043683994,78.2032302,78.2032302,0.000357814675,0.000357814675,0.00108218918,0.00108218918,0.699302344,359.09558,49.194782,0.00227443658,-9.7047217e-05,0.0,835.847805,347.827954,0.043683994,-102.1283375,0.000187153326
1612.0,45.9316065,690.292272,-18.54243555,-18.54243555,-1.331202047,-1.331202047,-1.00612031,-1.00612031,0.0366853799,75.7728161,75.7728161,0.00029122067,0.00029122067,0.000880801217,0.000880801217,0.699322267,359.09558,49.194782,0.00191004905,-1.7367087e-05,0.0,690.292272,287.257138,0.0366853799,-63.8733039,9.8923398e-05
1612.5,25.439873,842.102935,-9.91108895,-9.91108895,-0.875262023,-0.875262023,-0.649233868,-0.649233868,0.0350335306,73.3432279,73.3432279,0.000269077892,0.000269077892,0.000813835316,0.000813835316,0.699326896,359.09558,49.194782,0.00182404439,2.431538e-05,0.0,842.102935,350.425709,0.0350335306,-54.8441516,8.0483306e-05
1613.0,25.2436625,860.994321,-10.5271623,-10.5271623,-0.949170086,-0.949170086,-0.720804045,-0.720804045,0.0348171448,71.187171,71.187171,0.000259553836,0.000259553836,0.00078503027,0.00078503027,0.699332242,359.09558,49.194782,0.00181277815,-6.3270449e-05,0.0,860.994321,358.286429,0.0348171448,-53.661369,7.8261519e-05
1613.5,19.9982581,851.779563,-8.39578823,-8.39578823,-0.749092213,-0.749092213,-0.526599536,-0.526599536,0.0344304722,70.853775,70.853775,0.000255466873,0.000255466873,0.00077267019,0.00077267019,0.699337134,359.09558,49.194782,0.00179264576,-5.3428014e-05,0.0,851.779563,354.451873,0.0344304722,-51.5477849,7.4348005e-05
1614.0,12.563988,849.461464,-5.22987945,-5.22987945,-0.465230588,-0.465230588,-0.286060883,-0.286060883,0.0339291029,70.853775,70.853775,0.000251746819,0.000251746819,0.000761420034,0.000761420034,0.699340157,359.09558,49.194782,0.00176654162,8.6117692e-05,0.0,849.461464,353.486996,0.0339291029,-48.8072521,6.9370785e-05
1614.5,5.12971791,849.409734,-2.134526,-2.134526,-0.189866094,-0.189866094,-0.1066768261,-0.1066768261,0.0334312916,70.853775,70.853775,0.000248053169,0.000248053169,0.000750249706,0.000750249706,0.699341622,359.09558,49.194782,0.00174062275,9.2230247e-05,0.0,849.409734,353.465192,0.0334312916,-46.0861759,6.4542095e-05
1615.0,-2.304552258,849.409128,0.959076397,0.959076397,0.0853097581,0.0853097581,0.15792317867,0.15792317867,0.0329388809,70.853775,70.853775,0.000244399583,0.000244399583,0.000739200518,0.000739200518,0.699341618,359.09558,49.194782,0.00171498506,-0.000114014065,0.0,849.409128,353.464638,0.0329388809,-43.3946139,5.9877998e-05
1615.5,-9.73882239,849.410693,4.05277367,4.05277367,0.360494537,0.360494537,0.615767994,0.615767994,0.0324426444,70.853775,70.853775,0.000240717613,0.000240717613,0.000728065436,0.000728065436,0.699338622,359.09558,49.194782,0.00168914818,0.000144081875,0.0,849.410693,353.465006,0.0324426444,-40.6821441,5.5290125e-05
1616.0,-17.1730926,849.410643,7.14576711,7.14576711,0.635616551,0.635616551,0.953684607,0.953684607,0.0319426119,70.853775,70.853775,0.000237007479,0.000237007479,0.000716845159,0.000716845159,0.699332511,359.09558,49.194782,0.00166311366,2.365913e-06,0.0,849.410643,353.464688,0.0319426119,-37.9489238,5.078055e-05
1616.5,-22.0573749,855.010069,9.2837512,9.2837512,0.831260892,0.831260892,1.14572563,1.14572563,0.0316141341,70.853775,70.853775,0.000234570241,0.000234570241,0.000709474383,0.000709474383,0.69932423,359.09558,49.194782,0.00164601124,0.000184794639,0.0,855.010069,355.794464,0.0316141341,-36.153435,4.7876266e-05
1617.0,-22.163305,927.84212,10.648871,10.648871,1.03616206,1.03616206,1.34161741,1.34161741,0.0315184786,70.853775,70.853775,0.000233860492,0.000233860492,0.00070732794,0.00070732794,0.699314773,389.111801,49.194782,0.00164103083,-7.25118e-05,0.0,927.84212,386.100358,0.0315184786,-35.6305709,4.704125e-05
1617.5,-22.163305,1097.34153,10.7637985,10.7637985,1.23685029,1.23685029,1.54705134,1.54705134,0.0315136626,70.853775,70.853775,0.000233824761,0.000233824761,0.000707219864,0.000707219864,0.699303517,457.382979,49.194782,0.00164078006,0.000158385978,0.0,1097.34153,456.63031,0.0315136626,-35.6042449,4.6999088e-05
1618.0,-22.163305,1261.71752,10.7520265,10.7520265,1.42062921,1.42062921,1.73548144,1.73548144,0.0315169037,70.853775,70.853775,0.000233848808,0.000233848808,0.000707292597,0.000707292597,0.699290775,525.7367,49.194782,0.00164094883,5.7198891e-05,0.0,1261.71752,525.028378,0.0315169037,-35.6219625,4.7027307e-05
1618.5,-22.163305,1418.78909,10.30152705,10.30152705,1.52861844,1.52861844,1.85620637,1.85620637,0.0315420733,70.853775,70.853775,0.00023403556,0.00023403556,0.000707857375,0.000707857375,0.699276607,589.833586,49.194782,0.00164225931,-9.6997218e-05,0.0,1418.78909,590.387033,0.0315420733,-35.7595426,4.7247048e-05
1619.0,-15.7678488,1465.4144,6.68099662,6.68099662,1.024438014,1.024438014,1.361896534,1.361896534,0.0320289424,70.853775,70.853775,0.000237648026,0.000237648026,0.000718782316,0.000718782316,0.699263597,603.95447,49.194782,0.00166760848,3.4003163e-05,0.0,1465.4144,609.788449,0.0320289424,-38.4208098,5.1562236e-05
1619.5,-2.151944214,1471.89726,0.9028690753,0.9028690753,0.13913240157,0.13913240157,0.2492162297,0.2492162297,0.0329456675,70.853775,70.853775,0.000244449928,0.000244449928,0.000739352788,0.000739352788,0.699257235,603.95447,49.194782,0.00171533837,-9.7672794e-05,0.0,1471.89726,612.486562,0.0329456675,-43.4317094,5.9952386e-05
1620.0,11.46396034,1472.10188,-4.76957523,-4.76957523,-0.735269451,-0.735269451,-0.526273269,-0.526273269,0.0338512718,70.853775,70.853775,0.00025116933,0.00025116933,0.00075967359,0.00075967359,0.699258541,603.95447,49.194782,0.00176248928,0.000113778837,0.0,1472.10188,612.572225,0.0338512718,-48.3818203,6.8619205e-05
1620.5,25.0798649,1472.1042,-10.4354826,-10.4354826,-1.60871725,-1.60871725,-1.326904443,-1.326904443,0.0347611322,70.853775,70.853775,0.000257920305,0.000257920305,0.000780089788,0.000780089788,0.699265436,603.95447,49.194782,0.00180986181,7.1412397e-05,0.0,1472.1042,612.573731,0.0347611322,-53.3552008,7.7704498e-05
1621.0,38.695769,1472.10408,-16.1017595,-16.1017595,-2.48222096,-2.48222096,-2.14445527,-2.14445527,0.0356712553,70.853775,70.853775,0.000264673221,0.000264673221,0.000800511708,0.000800511708,0.699278459,603.95447,49.194782,0.00185724797,0.000367741794,0.0,1472.10408,612.57421,0.0356712553,-58.3300099,8.7172219e-05
1621.5,50.4579594,1467.71007,-21.15312,-21.15312,-3.25083538,-3.25083538,-2.84998427,-2.84998427,0.0368287215,74.04485,74.04485,0.000285754097,0.000285754097,0.000864267464,0.000864267464,0.699297314,603.95447,49.194782,0.00191751224,-4.8046389e-05,0.0,1467.71007,610.746498,0.0368287215,-64.6568214,9.9805405e-05
1622.0,52.00822,1450.97413,-21.6946693,-21.6946693,-3.29641887,-3.29641887,-2.88917687,-2.88917687,0.0388002884,90.4199568,90.4199568,0.000367701261,0.000367701261,0.00111210866,0.00111210866,0.699318875,603.95447,49.194782,0.00202016316,4.4493191e-05,0.0,1450.97413,603.783697,0.0388002884,-75.4335755,0.000122676467
1622.5,52.00822,1449.46444,-21.6421645,-21.6421645,-3.28501144,-3.28501144,-2.87857497,-2.87857497,0.0408246996,108.2293095,108.2293095,0.000463011925,0.000463011925,0.0014003689,0.0014003689,0.699340254,603.95447,49.194782,0.0021255655,4.9102053e-05,0.0,1449.46444,603.156684,0.0408246996,-86.499186,0.000147998136
1623.0,52.00822,1449.43123,-21.6410418,-21.6410418,-3.28476575,-3.28476575,-2.87834659,-2.87834659,0.0428701849,126.0388171,126.0388171,0.000566148284,0.000566148284,0.00171229944,0.00171229944,0.699361605,603.95447,49.194782,0.00223206507,0.000212147462,0.0,1449.43123,603.144065,0.0428701849,-97.6799875,0.000175487439
1623.5,52.00822,1449.42784,-21.6410214,-21.6410214,-3.28475486,-3.28475486,-2.87833627,-2.87833627,0.0449000609,143.845856,143.845856,0.000676665695,0.000676665695,0.00204655642,0.00204655642,0.699382975,603.95447,49.194782,0.00233775193,-0.000108793025,0.0,1449.42784,603.14386,0.0449000609,-108.7754665,0.000204660062
1624.0,52.00822,1449.425,-21.6410204,-21.6410204,-3.28474825,-3.28474825,-2.87832983,-2.87832983,0.0469327587,161.657258,161.657258,0.000794823277,0.000794823277,0.00240392446,0.00240392446,0.699404331,603.95447,49.194782,0.00244358572,3.3244956e-05,0.0,1449.425,603.14386,0.0469327587,-119.8863685,0.000235764173
1624.5,52.00822,1449.42358,-21.6410039,-21.6410039,-3.28474248,-3.28474248,-2.87832442,-2.87832442,0.0479030296,170.10971,170.10971,0.000853337229,0.000853337229,0.00258090129,0.00258090129,0.699425684,603.95447,49.194782,0.00249410352,4.120838e-05,0.0,1449.42358,603.143812,0.0479030296,-125.189952,0.00025120084
1625.0,51.6611672,1448.67806,-21.551407,-21.551407,-3.26948924,-3.26948924,-2.86432908,-2.86432908,0.0478834402,170.10971,170.10971,0.000852988266,0.000852988266,0.00257984598,0.00257984598,0.699447035,603.95447,49.194782,0.00249308356,0.000234022997,0.0,1448.67806,602.833607,0.0478834402,-125.0828741,0.000250883608
1625.5,45.9902731,1438.84031,-19.1979241,-19.1979241,-2.89280913,-2.89280913,-2.52142112,-2.52142112,0.0475096132,170.10971,170.10971,0.000846328979,0.000846328979,0.0025597079,0.0025597079,0.699467265,603.95447,49.194782,0.00247362005,5.813472e-06,0.0,1438.84031,598.739823,0.0475096132,-123.0395062,0.000244863259
1626.0,38.5116533,1437.01775,-16.026068,-16.026068,-2.41167252,-2.41167252,-2.07737951,-2.07737951,0.0470038119,170.10971,170.10971,0.000837318705,0.000837318705,0.00253246021,0.00253246021,0.699484413,603.95447,49.194782,0.00244728512,-1.9583617e-05,0.0,1437.01775,597.981153,0.0470038119,-120.274748,0.000236812538
1626.5,31.033031,1436.97838,-12.9135024,-12.9135024,-1.94322425,-1.94322425,-1.64209105,-1.64209105,0.0465035194,170.10971,170.10971,0.000828406586,0.000828406586,0.00250550925,0.00250550925,0.699498324,603.95447,49.194782,0.00242123712,9.4488012e-05,0.0,1436.97838,597.96447,0.0465035194,-117.540109,0.000228965299
1627.0,23.5544105,1436.97837,-9.8009807,-9.8009807,-1.47485189,-1.47485189,-1.202646945,-1.202646945,0.0460054546,170.10971,170.10971,0.000819534136,0.000819534136,0.00247867816,0.00247867816,0.699509028,603.95447,49.194782,0.002395305,4.29832e-06,0.0,1436.97837,597.964173,0.0460054546,-114.8176419,0.000221266505
1627.5,16.07578905,1436.97999,-6.68927099,-6.68927099,-1.006602839,-1.006602839,-0.749800188,-0.749800188,0.0455083687,170.10971,170.10971,0.000810679134,0.000810679134,0.00245189985,0.00245189985,0.699516368,603.95447,49.194782,0.00236942392,-0.000124729417,0.0,1436.97999,597.964543,0.0455083687,-112.100531,0.000213696523
1628.0,8.59716816,1436.97973,-3.57713932,-3.57713932,-0.538288508,-0.538288508,-0.365418647,-0.365418647,0.0450041356,170.10971,170.10971,0.000801696777,0.000801696777,0.00242473627,0.00242473627,0.69952053,603.95447,49.194782,0.00234317057,-3.4325778e-05,0.0,1436.97973,597.964158,0.0450041356,-109.3443437,0.000206132915
1628.5,1.11854716695,1436.98079,-0.465565507705,-0.465565507705,-0.07005842865,-0.07005842865,-0.023040022673,-0.023040022673,0.0445104597,170.10971,170.10971,0.000792902528,0.000792902528,0.00239814147,0.00239814147,0.699522054,603.95447,49.194782,0.00231746708,-0.000129783179,0.0,1436.98079,597.964297,0.0445104597,-106.6458726,0.000198840868
1629.0,-6.36007386,1436.98111,2.64657887,2.64657887,0.398258084,0.398258084,0.595827883,0.595827883,0.0440132107,170.10971,170.10971,0.000784044603,0.000784044603,0.00237135408,0.00237135408,0.699520009,603.95447,49.194782,0.0022915775,0.000178888351,0.0,1436.98111,597.964159,0.0440132107,-103.9278666,0.000191608606
1629.5,-13.838695,1436.98248,5.75862096,5.75862096,0.866559944,0.866559944,1.199351114,1.199351114,0.0435099083,170.10971,170.10971,0.000775078843,0.000775078843,0.00234424043,0.00234424043,0.699512965,603.95447,49.194782,0.00226537266,6.9771388e-05,0.0,1436.98248,597.96445,0.0435099083,-101.1767635,0.000184403234
1630.0,-19.3524656,1441.45819,8.15425488,8.15425488,1.23094291,1.23094291,1.58306063,1.58306063,0.0431334153,170.10971,170.10971,0.00076837208,0.00076837208,0.00232395822,0.00232395822,0.699501914,603.95447,49.194782,0.0022457704,-0.000144591649,0.0,1441.45819,599.826605,0.0431334153,-99.1188283,0.000179085054
1630.5,-19.63218,1449.04011,8.1831096,8.1831096,1.24173005,1.24173005,1.59453261,1.59453261,0.0431195978,170.10971,170.10971,0.000768125925,0.000768125925,0.00232321383,0.00232321383,0.699489496,603.95447,49.194782,0.00224505094,-5.0065168e-05,0.0,1449.04011,602.981479,0.0431195978,-99.0433005,0.000178890992
1631.0,-19.63218,1449.42272,8.1693752,8.1693752,1.23997388,1.23997388,1.59287681,1.59287681,0.0431260937,170.10971,170.10971,0.000768241616,0.000768241616,0.00232356375,0.00232356375,0.699477114,603.95447,49.194782,0.00224538913,-4.023559e-05,0.0,1449.42272,603.140681,0.0431260937,-99.0788028,0.000178982067
1631.5,-19.63218,1449.43017,8.16909985,8.16909985,1.23993841,1.23993841,1.59284328,1.59284328,0.0431217992,170.10971,170.10971,0.000768165142,0.000768165142,0.00232333246,0.00232333246,0.699464745,603.95447,49.194782,0.00224516557,-0.000149140968,0.0,1449.43017,603.143764,0.0431217992,-99.0553329,0.000178921855
1632.0,-19.63218,1449.4303,8.1690948,8.1690948,1.23993781,1.23993781,1.59284275,1.59284275,0.0431247078,170.10971,170.10971,0.000768216948,0.000768216948,0.00232348907,0.00232348907,0.699452372,603.95447,49.194782,0.00224531701,0.000177779475,0.0,1449.4303,603.143854,0.0431247078,-99.071231,0.000178962641
1632.5,-19.63218,1449.4303,8.1690946,8.1690946,1.23993779,1.23993779,1.59284272,1.59284272,0.0431214311,170.10971,170.10971,0.000768158584,0.000768158584,0.00232331265,0.00232331265,0.699439985,603.95447,49.194782,0.00224514636,-1.9902552e-05,0.0,1449.4303,603.143848,0.0431214311,-99.0533231,0.000178916697
1633.0,-19.63218,1449.4303,8.1690946,8.1690946,1.23993776,1.23993776,1.59284273,1.59284273,0.0431257591,170.10971,170.10971,0.000768235659,0.000768235659,0.00232354574,0.00232354574,0.699427619,603.95447,49.194782,0.00224537168,5.720711e-06,0.0,1449.4303,603.143842,0.0431257591,-99.0769754,0.000178977387
1633.5,-19.63218,1449.43093,8.1691189,8.1691189,1.23994198,1.23994198,1.59284681,1.59284681,0.0425442028,165.035798,165.035798,0.000736230183,0.000736230183,0.00222674379,0.00222674379,0.699415231,603.95447,49.194782,0.00221509258,-0.000191821205,0.0,1449.43093,603.14376,0.0425442028,-95.8981351,0.000171137398
1634.0,-19.63218,1449.44335,8.16919325,8.16919325,1.2399639,1.2399639,1.59286912,1.59286912,0.0336731004,87.3104177,87.3104177,0.00031802965,0.00031802965,0.000961894804,0.000961894804,0.69940286,603.95447,49.194782,0.0017532127,-0.000278624681,0.0,1449.44335,603.143748,0.0336731004,-47.407923,6.9407263e-05
1634.5,-19.63218,1449.5074,8.1696754,8.1696754,1.24009187,1.24009187,1.59299834,1.59299834,-0.0129036527,-14.02553759,-14.02553759,8.4801161e-05,8.4801161e-05,0.000257422513,0.000257422513,0.699390516,603.95447,49.194782,-0.00067183735,-0.000402263439,0.0,1449.5074,603.143205,-0.0129036527,15.85665274,2.4979358e-05
1635.0,-19.3857419,1450.11848,8.0951558,8.0951558,1.22928652,1.22928652,1.58254486,1.58254486,-0.0394643773,-115.394164,-115.394164,0.000486981776,0.000486981776,0.001472877024,0.001472877024,0.69937817,603.95447,49.194782,-0.00205473938,-0.000531457542,0.0,1450.11848,603.381961,-0.0394643773,79.0635416,0.000133207146
1635.5,-16.9559114,1453.95601,7.07261989,7.07261989,1.07684495,1.07684495,1.42980816,1.42980816,-0.0508869526,-216.75548,-216.75548,0.001165033655,0.001165033655,0.00352368254,0.00352368254,0.699366367,603.95447,49.194782,-0.00264946349,-0.000493759395,0.0,1453.95601,604.972115,-0.0508869526,141.5003389,0.000304064165
1636.0,-14.0128067,1454.4605,5.83120085,5.83120085,0.888154195,0.888154195,1.22714877,1.22714877,-0.0580524999,-281.083161,-281.083161,0.00170886421,0.00170886421,0.00516860008,0.00516860008,0.699356045,603.95447,49.194782,-0.00302254253,-8.6488649e-05,0.0,1454.4605,605.177855,-0.0580524999,180.667839,0.000439351314
1636.5,-11.0697021,1454.47042,4.6061317,4.6061317,0.701568116,0.701568116,1.009771964,1.009771964,-0.0579645418,-282.03693,-282.03693,0.00171197329,0.00171197329,0.005178007,0.005178007,0.699347344,603.95447,49.194782,-0.00301796294,3.450884e-06,0.0,1454.47042,605.182018,-0.0579645418,180.187052,0.000437497347
1637.0,-8.82240525,1452.86994,3.6313851,3.6313851,0.552506086,0.552506086,0.823407952,0.823407952,-0.0578130681,-282.03693,-282.03693,0.00170749958,0.00170749958,0.00516447719,0.00516447719,0.699340358,603.95447,49.194782,-0.00301007639,5.7548147e-05,0.0,1452.86994,604.516153,-0.0578130681,179.359086,0.000434348266
1637.5,-8.679143,1449.74903,3.60510718,3.60510718,0.547317753,0.547317753,0.816993124,0.816993124,-0.0578066119,-282.03693,-282.03693,0.00170730886,0.00170730886,0.0051639006,0.0051639006,0.699334053,603.95447,49.194782,-0.00300974019,2.0324359e-05,0.0,1449.74903,603.21752,-0.0578066119,179.323796,0.000434214232
1638.0,-8.679143,1449.57506,3.61132741,3.61132741,0.548196417,0.548196417,0.818148593,0.818148593,-0.0578020116,-282.03693,-282.03693,0.00170717303,0.00170717303,0.00516348974,0.00516348974,0.699327709,603.95447,49.194782,-0.0030095007,0.000164748758,0.0,1449.57506,603.145137,-0.0578020116,179.298652,0.000434118816
1638.5,-8.43903944,1559.10968,8.72532068,8.72532068,1.5132867,1.5132867,1.84132804,1.84132804,-0.0581103184,-282.03693,-282.03693,0.00171627878,0.00171627878,0.00519102808,0.00519102808,0.69931989,663.219315,49.194782,-0.00302555288,1.5442637e-05,0.0,1559.10968,648.723125,-0.0581103184,180.983883,0.000440564042
1639.0,-4.61021894,2682.24992,12.89379335,12.89379335,3.50187241,3.50187241,3.92210578,3.92210578,-0.0582104479,-282.03693,-282.03693,0.00171923609,0.00171923609,0.00519997167,0.00519997167,0.699293216,1115.124018,49.194782,-0.00303076619,-1.6880567e-05,0.0,2682.24992,1116.06999,-0.0582104479,181.531198,0.000442651309
1639.5,0.418363952,3135.78305,-0.971570331,-0.971570331,-0.3184494235,-0.3184494235,-0.2430601244,-0.2430601244,-0.0571502844,-282.03693,-282.03693,0.00168792434,0.00168792434,0.00510527647,0.00510527647,0.699279372,1288.9115,49.194782,-0.00297556802,5.5021393e-05,0.0,3135.78305,1304.78913,-0.0571502844,175.736249,0.000420697432
1640.0,5.44694685,3102.77541,-2.30086298,-2.30086298,-0.747550057,-0.747550057,-0.570027767,-0.570027767,-0.0568568141,-282.03693,-282.03693,0.00167925675,0.00167925675,0.00507906333,0.00507906333,0.699282226,1288.9115,49.194782,-0.00296028832,9.47586e-07,0.0,3102.77541,1291.05455,-0.0568568141,174.132118,0.000414717092
1640.5,10.4755298,3101.85453,-4.35972665,-4.35972665,-1.41614913,-1.41614913,-1.105416143,-1.105416143,-0.0565286658,-282.03693,-282.03693,0.00166956496,0.00166956496,0.00504975266,0.00504975266,0.699288438,1288.9115,49.194782,-0.00294320304,8.6995373e-05,0.0,3101.85453,1290.67159,-0.0565286658,172.338432,0.000408076643
1641.0,15.50411285,3101.83663,-6.45119827,-6.45119827,-2.09550118,-2.09550118,-1.7165567,-1.7165567,-0.0567063414,-286.562203,-286.562203,0.00170179979,0.00170179979,0.0051472604,0.0051472604,0.699298991,1288.9115,49.194782,-0.00295245388,-6.684782e-06,0.0,3101.83663,1290.66398,-0.0567063414,173.309623,0.000411685724
1641.5,20.5326954,3101.83856,-8.5437298,-8.5437298,-2.77520664,-2.77520664,-2.38141285,-2.38141285,-0.0578859889,-299.786965,-299.786965,0.00181738983,0.00181738983,0.0054968994,0.0054968994,0.699314247,1288.9115,49.194782,-0.00301387302,-0.000159983246,0.0,3101.83856,1290.66417,-0.0578859889,179.757679,0.000435889703
1642.0,25.5612784,3101.84019,-10.63609855,-10.63609855,-3.45485964,-3.45485964,-3.07989612,-3.07989612,-0.0590859833,-313.222571,-313.222571,0.00193819422,0.00193819422,0.00586231413,0.00586231413,0.699334515,1288.9115,49.194782,-0.00307635155,-5.5925895e-05,0.0,3101.84019,1290.66415,-0.0590859833,186.316951,0.000461159287
1642.5,29.9419888,3100.30998,-12.5165173,-12.5165173,-4.06360937,-4.06360937,-3.66257951,-3.66257951,-0.060321599,-326.659864,-326.659864,0.00206362253,0.00206362253,0.00624171813,0.00624171813,0.699359557,1288.9115,49.194782,-0.0031406847,-0.000157266595,0.0,3100.30998,1290.02663,-0.060321599,193.070937,0.000487875737
1643.0,30.551262,3094.07403,-12.7334645,-12.7334645,-4.12577964,-4.12577964,-3.721626,-3.721626,-0.0618216523,-340.096061,-340.096061,0.00220194319,0.00220194319,0.00666011909,0.00666011909,0.699386945,1288.9115,49.194782,-0.00321878599,5.183747e-06,0.0,3094.07403,1287.43096,-0.0618216523,201.270353,0.000521250402
1643.5,30.551262,3093.48824,-12.71304565,-12.71304565,-4.11838278,-4.11838278,-3.71457728,-3.71457728,-0.063211302,-352.244997,-352.244997,0.00233174894,0.00233174894,0.00705276554,0.00705276554,0.699414292,1288.9115,49.194782,-0.00329113901,-8.2747936e-05,0.0,3093.48824,1287.18638,-0.063211302,208.866298,0.000553052094
1644.0,30.551262,2421.95769,-30.9532559,-30.9532559,-7.29105486,-7.29105486,-6.63415563,-6.63415563,-0.0623294141,-354.3449,-354.3449,0.00231285214,0.00231285214,0.00699562354,0.00699562354,0.699450355,973.863062,49.194782,-0.00324522293,1.4485645e-05,0.0,2421.95769,1007.758065,-0.0623294141,204.045822,0.000532897952
1644.5,30.551262,1232.78205,-11.36811005,-11.36811005,-1.46782268,-1.46782268,-1.20037143,-1.20037143,-0.0635318795,-354.3449,-354.3449,0.00235747195,0.00235747195,0.00713057355,0.00713057355,0.699479144,546.9377,49.194782,-0.00330783014,-0.000209240035,0.0,1232.78205,512.93262,-0.0635318795,210.618607,0.00056050345
1645.0,30.551262,1310.17034,-12.6189797,-12.6189797,-1.73135843,-1.73135843,-1.44383275,-1.44383275,-0.0634581649,-354.3449,-354.3449,0.00235473661,0.00235473661,0.00712230059,0.00712230059,0.699489192,546.9377,49.194782,-0.00330399205,-4.9105268e-05,0.0,1310.17034,545.13448,-0.0634581649,210.215669,0.000558780459
1645.5,30.551262,1312.69026,-12.7107881,-12.7107881,-1.74728343,-1.74728343,-1.45830023,-1.45830023,-0.0634515294,-354.3449,-354.3449,0.00235449046,0.00235449046,0.00712155608,0.00712155608,0.699500086,546.9377,49.194782,-0.00330364668,-5.0744087e-05,0.0,1312.69026,546.183066,-0.0634515294,210.179406,0.00055862566
1646.0,30.8376259,1313.32659,-12.781443,-12.781443,-1.75786861,-1.75786861,-1.46791627,-1.46791627,-0.0634382573,-354.3449,-354.3449,0.00235399798,0.00235399798,0.00712006662,0.00712006662,0.699511004,546.9377,49.194782,-0.00330295565,-0.000153935461,0.0,1313.32659,546.447853,-0.0634382573,210.106863,0.000558316352
1646.5,36.8712977,1324.12226,-15.267194,-15.267194,-2.11720111,-2.11720111,-1.79916606,-1.79916606,-0.0630336579,-354.3449,-354.3449,0.00233898445,0.00233898445,0.00707465922,0.00707465922,0.699522964,546.9377,49.194782,-0.00328188985,6.4493012e-05,0.0,1324.12226,550.940231,-0.0630336579,207.89528,0.000548922015
1647.0,45.1258989,1326.42495,-18.7750608,-18.7750608,-2.60791515,-2.60791515,-2.25213271,-2.25213271,-0.0624789468,-354.3449,-354.3449,0.00231840092,0.00231840092,0.00701240547,0.00701240547,0.69953808,546.9377,49.194782,-0.0032530085,-0.00011298241,0.0,1326.42495,551.898722,-0.0624789468,204.86318,0.000536155404
1647.5,53.3804993,1326.47525,-22.2121045,-22.2121045,-3.08544254,-3.08544254,-2.68276543,-2.68276543,-0.0619291048,-354.3449,-354.3449,0.00229799798,0.00229799798,0.00695069788,0.00695069788,0.699556428,546.9377,49.194782,-0.00322438056,0.000238748299,0.0,1326.47525,551.919968,-0.0619291048,201.857702,0.000523641056
1648.0,61.6351,1326.47552,-25.6468085,-25.6468085,-3.56255174,-3.56255174,-3.11201097,-3.11201097,-0.0613807091,-354.3449,-354.3449,0.0022776487,0.0022776487,0.00688915252,0.00688915252,0.69957789,546.9377,49.194782,-0.00319582797,-0.000114225938,0.0,1326.47552,551.920429,-0.0613807091,198.860123,0.000511296953
1648.5,69.8897008,1326.47479,-29.0817258,-29.0817258,-4.03968772,-4.03968772,-3.53380604,-3.53380604,-0.0608238157,-354.3449,-354.3449,0.00225698404,0.00225698404,0.00682665331,0.00682665331,0.699602403,546.9377,49.194782,-0.00316683298,8.0874193e-05,0.0,1326.47479,551.920444,-0.0608238157,195.81609,0.000498902638
1649.0,77.8047953,1325.76225,-32.4315347,-32.4315347,-4.50250539,-4.50250539,-3.94045834,-3.94045834,-0.0602920808,-354.3449,-354.3449,0.00223725304,0.00223725304,0.00676697771,0.00676697771,0.699629927,546.9377,49.194782,-0.00313914784,-2.6947216e-05,0.0,1325.76225,551.624254,-0.0602920808,192.909588,0.000487199265
1649.5,79.901726,1314.92141,-33.3185238,-33.3185238,-4.58791538,-4.58791538,-4.01103417,-4.01103417,-0.0601424403,-354.200859,-354.200859,0.00223079419,0.00223079419,0.00674744268,0.00674744268,0.69965934,546.9377,49.194782,-0.0031313567,0.000127797712,0.0,1314.92141,547.113385,-0.0601424403,192.091636,0.000483925331
1650.0,79.901726,1312.7816,-33.2494606,-33.2494606,-4.57094199,-4.57094199,-3.99565755,-3.99565755,-0.0596781051,-350.126183,-350.126183,0.00218813935,0.00218813935,0.00661841673,0.00661841673,0.69968868,546.9377,49.194782,-0.00310718075,0.000103649218,0.0,1312.7816,546.223274,-0.0596781051,189.553539,0.000473852742
1650.5,79.901726,1312.73395,-33.2477373,-33.2477373,-4.57053918,-4.57053918,-3.9952938,-3.9952938,-0.0590139769,-344.294368,-344.294368,0.00212774875,0.00212774875,0.00643574288,0.00643574288,0.699718007,546.9377,49.194782,-0.0030726025,-1.764793e-06,0.0,1312.73395,546.20383,-0.0590139769,185.923361,0.00045960585
1651.0,79.901726,1312.73211,-33.2477052,-33.2477052,-4.57052842,-4.57052842,-3.99528385,-3.99528385,-0.0583431683,-338.46307,-338.46307,0.00206793598,0.00206793598,0.00625481724,0.00625481724,0.699747327,546.9377,49.194782,-0.00303767638,0.000167914878,0.0,1312.73211,546.20347,-0.0583431683,182.256665,0.000445420832
1651.5,79.901726,1312.73118,-33.2477046,-33.2477046,-4.57052489,-4.57052489,-3.99528065,-3.99528065,-0.0576791879,-332.631382,-332.631382,0.00200917734,0.00200917734,0.00607708066,0.00607708066,0.69977665,546.9377,49.194782,-0.00300310583,3.3100891e-05,0.0,1312.73118,546.2034,-0.0576791879,178.627287,0.000431582739
1652.0,79.901726,1312.73025,-33.2477049,-33.2477049,-4.57052188,-4.57052188,-3.99527756,-3.99527756,-0.0570114434,-326.800326,-326.800326,0.00195110519,0.00195110519,0.00590142185,0.00590142185,0.699805965,546.9377,49.194782,-0.0029683392,-3.3170382e-05,0.0,1312.73025,546.20343,-0.0570114434,174.977334,0.0004178702
1652.5,79.901726,1312.7293,-33.2477046,-33.2477046,-4.57051849,-4.57051849,-3.99527445,-3.99527445,-0.0563425512,-320.968308,-320.968308,0.00189380359,0.00189380359,0.00572809444,0.00572809444,0.69983529,546.9377,49.194782,-0.00293351289,6.9835727e-05,0.0,1312.7293,546.20344,-0.0563425512,171.32111,0.000404338361
1653.0,79.901726,1312.72846,-33.2477034,-33.2477034,-4.57051515,-4.57051515,-3.99527135,-3.99527135,-0.055738303,-315.648973,-315.648973,0.00184242715,0.00184242715,0.00557268961,0.00557268961,0.69986462,546.9377,49.194782,-0.0029020523,0.000162291652,0.0,1312.72846,546.20341,-0.055738303,168.01824,0.000392286272
1653.5,79.901726,1312.7283,-33.2477,-33.2477,-4.570514,-4.570514,-3.99527038,-3.99527038,-0.0556195248,-314.66653,-314.66653,0.00183276364,0.00183276364,0.00554345937,0.00554345937,0.699893936,546.9377,49.194782,-0.00289586802,0.000127809567,0.0,1312.7283,546.20344,-0.0556195248,167.368989,0.000389933797
1654.0,79.901726,1312.7283,-33.2477,-33.2477,-4.570514,-4.570514,-3.99527044,-3.99527044,-0.0556238008,-314.66653,-314.66653,0.00183290454,0.00183290454,0.00554388552,0.00554388552,0.699923261,546.9377,49.194782,-0.00289609069,-1.7898392e-05,0.0,1312.7283,546.20344,-0.0556238008,167.392358,0.000390018244
1654.5,79.901726,1312.7283,-33.2477,-33.2477,-4.570514,-4.570514,-3.99527044,-3.99527044,-0.0556278296,-314.66653,-314.66653,0.00183303727,0.00183303727,0.00554428693,0.00554428693,0.699952593,546.9377,49.194782,-0.00289630034,8.818998e-05,0.0,1312.7283,546.20343,-0.0556278296,167.414378,0.000390097787
1655.0,79.901726,1312.7283,-33.2477,-33.2477,-4.570514,-4.570514,-3.9952704,-3.9952704,-0.0556211548,-314.66653,-314.66653,0.00183281738,0.00183281738,0.00554362189,0.00554362189,0.69998192,546.9377,49.194782,-0.00289595292,6.977391e-05,0.0,1312.7283,546.20346,-0.0556211548,167.377896,0.000389966
1655.5,79.901726,1312.7283,-33.2477,-33.2477,-4.570514,-4.570514,-3.99527044,-3.99527044,-0.0556238992,-314.66653,-314.66653,0.00183290786,0.00183290786,0.00554389539,0.00554389539,0.700011236,546.9377,49.194782,-0.00289609587,0.000167518013,0.0,1312.7283,546.20344,-0.0556238992,167.392904,0.0003900202
1656.0,79.901726,1312.7283,-33.2477,-33.2477,-4.570514,-4.570514,-3.99527046,-3.99527046,-0.0556202204,-314.66653,-314.66653,0.00183278657,0.00183278657,0.00554352872,0.00554352872,0.700040565,546.9377,49.194782,-0.00289590425,-6.8329745e-05,0.0,1312.7283,546.20346,-0.0556202204,167.372791,0.000389947531
1656.5,79.901726,1312.7283,-33.2477,-33.2477,-4.570514,-4.570514,-3.99527048,-3.99527048,-0.0556192554,-314.66653,-314.66653,0.00183275478,0.00183275478,0.00554343247,0.00554343247,0.700069894,546.9377,49.194782,-0.00289585398,-6.0748837e-05,0.0,1312.7283,546.20346,-0.0556192554,167.367517,0.000389928502
1657.0,79.901726,1312.7283,-33.2477,-33.2477,-4.570514,-4.570514,-3.9952704,-3.9952704,-0.0556242832,-314.66653,-314.66653,0.00183292048,0.00183292048,0.00554393355,0.00554393355,0.700099206,546.9377,49.194782,-0.00289611578,-1.378154e-06,0.0,1312.7283,546.20344,-0.0556242832,167.394997,0.000390027774
1657.5,80.0398234,1312.87753,-33.2628745,-33.2628745,-4.573122,-4.573122,-3.99757413,-3.99757413,-0.0556158773,-314.66653,-314.66653,0.00183264347,0.00183264347,0.00554309588,0.00554309588,0.700128525,546.9377,49.194782,-0.00289567811,5.9561849e-05,0.0,1312.87753,546.265546,-0.0556158773,167.349049,0.000389861851
1658.0,91.9289032,1335.318,-38.171664,-38.171664,-5.33877952,-5.33877952,-4.6654578,-4.6654578,-0.0548294549,-314.66653,-314.66653,0.00180672944,0.00180672944,0.00546472178,0.00546472178,0.700159691,546.9377,49.194782,-0.00285473249,0.000116074352,0.0,1335.318,555.603676,-0.0548294549,163.050398,0.000374499698
1658.5,95.623314,1316.7974,-39.6049542,-39.6049542,-5.46123416,-5.46123416,-4.76274326,-4.76274326,-0.0545897157,-314.66653,-314.66653,0.00179882961,0.00179882961,0.0054408295,0.0054408295,0.700194774,548.4371,49.194782,-0.00284225037,-0.000128917402,0.0,1316.7974,547.897221,-0.0545897157,161.739961,0.000369843224
1659.0,97.4122163,1781.58889,-32.1884378,-32.1884378,-6.02430062,-6.02430062,-5.43005627,-5.43005627,-0.054967688,-314.66653,-314.66653,0.00181128445,0.00181128445,0.00547849794,0.00547849794,0.700229651,751.961498,49.194782,-0.0028619297,3.2864265e-05,0.0,1781.58889,741.300195,-0.054967688,163.80599,0.000377166572
1659.5,113.6933709,2662.34348,-39.4398018,-39.4398018,-11.0576438,-11.0576438,-10.250067,-10.250067,-0.0538511394,-314.66653,-314.66653,0.00177449215,0.00177449215,0.00536722339,0.00536722339,0.700283968,1097.47021,49.194782,-0.0028037959,4.940045e-05,0.0,2662.34348,1107.789365,-0.0538511394,157.702835,0.00035576521
1660.0,133.118804,3495.21064,-47.8448901,-47.8448901,-17.5772249,-17.5772249,-16.4990465,-16.4990465,-0.0525394566,-314.66653,-314.66653,0.00173126986,0.00173126986,0.00523650135,0.00523650135,0.700374019,1442.07578,49.194782,-0.00273550221,9.139491e-06,0.0,3495.21064,1454.35226,-0.0525394566,150.533066,0.000331323454
1660.5,152.544236,3875.232,-63.8515285,-63.8515285,-25.9070998,-25.9070998,-24.3108598,-24.3108598,-0.0507544038,-314.66653,-314.66653,0.00167244917,0.00167244917,0.00505860267,0.00505860267,0.700508368,1589.4264,49.194782,-0.00264256228,8.660804e-05,0.0,3875.232,1612.48304,-0.0507544038,140.775817,0.000299323211
1661.0,171.969673,3847.9974,-71.5925615,-71.5925615,-28.848822,-28.848822,-26.9785547,-26.9785547,-0.0494819891,-314.66653,-314.66653,0.00163052075,0.00163052075,0.00493179289,0.00493179289,0.700669858,1589.4264,49.194782,-0.00257631313,6.527965e-06,0.0,3847.9974,1601.15122,-0.0494819891,133.820676,0.000277401535
1661.5,191.395103,3847.04114,-79.641289,-79.641289,-32.0843813,-32.0843813,-29.8990012,-29.8990012,-0.0481831266,-314.66653,-314.66653,0.00158772089,0.00158772089,0.00480234683,0.00480234683,0.700846142,1589.4264,49.194782,-0.00250868694,0.000195509038,0.0,3847.04114,1600.75409,-0.0481831266,126.7209836,0.000255791976
1662.0,210.820538,3847.02116,-87.7241906,-87.7241906,-35.3404895,-35.3404895,-32.8112798,-32.8112798,-0.0468891367,-314.66653,-314.66653,0.00154508165,0.00154508165,0.00467338596,0.00467338596,0.701037523,1589.4264,49.194782,-0.00244131454,6.0856003e-05,0.0,3847.02116,1600.74654,-0.0468891367,119.647928,0.00023503222
1662.5,230.245972,3847.01994,-95.8056246,-95.8056246,-38.5961564,-38.5961564,-35.6965912,-35.6965912,-0.0455873172,-314.66653,-314.66653,0.00150218431,0.00150218431,0.00454364419,0.00454364419,0.701243465,1589.4264,49.194782,-0.00237353442,0.000196746214,0.0,3847.01994,1600.74678,-0.0455873172,112.5320685,0.000214918174
1663.0,249.671401,3847.01754,-103.889897,-103.889897,-41.8529522,-41.8529522,-38.5573278,-38.5573278,-0.0438939304,-311.118274,-311.118274,0.00143042299,0.00143042299,0.00432659391,0.00432659391,0.701463479,1589.4264,49.194782,-0.00228536705,-8.8157773e-05,0.0,3847.01754,1600.74677,-0.0438939304,103.275864,0.000190041109
1663.5,269.09684,3847.01105,-111.9731066,-111.9731066,-45.1092672,-45.1092672,-41.3944748,-41.3944748,-0.0403169426,-291.186971,-291.186971,0.00123010836,0.00123010836,0.00372069822,0.00372069822,0.701697149,1589.4264,49.194782,-0.00209912877,1.4264505e-05,0.0,3847.01105,1600.74615,-0.0403169426,83.7237405,0.000141666215
1664.0,285.506372,3839.86114,-119.0311686,-119.0311686,-47.8628258,-47.8628258,-43.8503611,-43.8503611,-0.0366942359,-269.227286,-269.227286,0.001035120034,0.001035120034,0.00313091538,0.00313091538,0.701943905,1589.4264,49.194782,-0.00191051013,0.000219882536,0.0,3839.86114,1597.77312,-0.0366942359,63.9217127,9.843169e-05
1664.5,287.38086,3816.58441,-119.6485224,-119.6485224,-47.8201507,-47.8201507,-43.7898744,-43.7898744,-0.0340705355,-247.268239,-247.268239,0.000882693487,0.000882693487,0.00266986729,0.00266986729,0.702196045,1589.4264,49.194782,-0.00177390536,7.396878e-05,0.0,3816.58441,1588.08906,-0.0340705355,49.5803344,7.0877019e-05
1665.0,287.38086,3814.70633,-119.5827216,-119.5827216,-47.7703204,-47.7703204,-43.7425155,-43.7425155,-0.0321827896,-230.745586,-230.745586,0.00077769055,0.00077769055,0.00235226398,0.00235226398,0.702447409,1589.4264,49.194782,-0.00167561863,-0.000189879345,0.0,3814.70633,1587.30869,-0.0321827896,39.2617546,5.2937139e-05
1665.5,287.38086,3814.66878,-119.5813258,-119.5813258,-47.7692934,-47.7692934,-43.7415404,-43.7415404,-0.0320706463,-229.78188,-229.78188,0.000771706374,0.000771706374,0.0023341636,0.0023341636,0.702698703,1589.4264,49.194782,-0.00166977983,7.7531265e-05,0.0,3814.66878,1587.29311,-0.0320706463,38.6487693,5.1919689e-05
1666.0,287.38086,3814.6682,-119.5813,-119.5813,-47.769276,-47.769276,-43.741524,-43.741524,-0.0320741014,-229.78188,-229.78188,0.000771789532,0.000771789532,0.00233441509,0.00233441509,0.70294998,1589.4264,49.194782,-0.00166995972,7.237552e-06,0.0,3814.6682,1587.2928,-0.0320741014,38.6676546,5.1950661e-05
1666.5,287.38086,3814.6682,-119.5813,-119.5813,-47.769276,-47.769276,-43.741524,-43.741524,-0.0320766387,-229.78188,-229.78188,0.000771850584,0.000771850584,0.00233459976,0.00233459976,0.703201244,1589.4264,49.194782,-0.00167009184,-3.6884165e-05,0.0,3814.6682,1587.2928,-0.0320766387,38.6815244,5.197341e-05
1667.0,287.38086,3814.66573,-119.581328,-119.581328,-47.7692567,-47.7692567,-43.7415027,-43.7415027,-0.0303041713,-214.257714,-214.257714,0.00068094998,0.00068094998,0.00205965366,0.00205965366,0.703452532,1589.4264,49.194782,-0.00157780707,0.000114828522,0.0,3814.66573,1587.29286,-0.0303041713,28.9930592,3.7055854e-05
1667.5,287.38086,3814.66051,-119.58133,-119.58133,-47.7691911,-47.7691911,-43.7414389,-43.7414389,-0.0266302271,-182.133753,-182.133753,0.000508946763,0.000508946763,0.00153940002,0.00153940002,0.703703805,1589.4264,49.194782,-0.00138652071,0.000348889593,0.0,3814.66051,1587.2928,-0.0266302271,8.9479882,1.0238412e-05
1668.0,287.38086,3814.58969,-119.5817236,-119.5817236,-47.7684617,-47.7684617,-43.7407074,-43.7407074,0.02399725096,-150.010708,-150.010708,-0.000371384138,-0.000371384138,-0.000100399504,-0.000100399504,0.703955077,1589.4264,49.194782,0.001249433056,0.001267250294,0.0,3814.58969,1587.29297,0.02399725096,-10.82088186,1.2511978e-05
1668.5,287.38086,3814.58006,-119.5813102,-119.5813102,-47.7681767,-47.7681767,-43.7404357,-43.7404357,0.0305306476,-119.305807,-119.305807,-0.000380770537,-0.000380770537,-0.00012589156,-0.00012589156,0.704206346,1589.4264,49.194782,0.00158959876,-5.6599001e-05,0.0,3814.58006,1587.29273,0.0305306476,-30.231002,3.8829061e-05
1669.0,287.38086,3814.579,-119.581298,-119.581298,-47.7681586,-47.7681586,-43.7404185,-43.7404185,0.0314398553,-111.38374,-111.38374,-0.00036671695,-0.00036671695,-0.000121245721,-0.000121245721,0.704457589,1589.4264,49.194782,0.0016369373,0.000219151486,0.0,3814.579,1587.29284,0.0314398553,-35.2008109,4.6357721e-05
1669.5,287.026928,3813.95224,-119.5115154,-119.5115154,-47.7324697,-47.7324697,-43.7071656,-43.7071656,0.031419155,-111.38374,-111.38374,-0.000366475492,-0.000366475492,-0.000121165881,-0.000121165881,0.704708837,1589.4264,49.194782,0.00163585948,2.2467555e-05,0.0,3813.95224,1587.03216,0.031419155,-35.0876597,4.6178807e-05
1670.0,275.336825,3792.1097,-114.7554597,-114.7554597,-45.5715899,-45.5715899,-41.7306494,-41.7306494,0.0306480441,-111.38374,-111.38374,-0.000357481191,-0.000357481191,-0.000118191831,-0.000118191831,0.704956425,1589.4264,49.194782,0.00159571104,3.9082184e-05,0.0,3792.1097,1577.94275,0.0306480441,-30.8727015,3.9659824e-05
1670.5,258.212863,3786.21631,-107.4488799,-107.4488799,-42.602609,-42.602609,-39.1322578,-39.1322578,0.0294972557,-111.38374,-111.38374,-0.000344058305,-0.000344058305,-0.000113753454,-0.000113753454,0.705192039,1589.4264,49.194782,0.0015357945,3.3700184e-05,0.0,3786.21631,1575.48977,0.0294972557,-24.5823907,3.0398134e-05
1671.0,241.088901,3786.08479,-100.3191365,-100.3191365,-39.7743186,-39.7743186,-36.6636519,-36.6636519,0.0284547622,-110.478372,-110.478372,-0.000329191847,-0.000329191847,-0.000108837888,-0.000108837888,0.705415745,1589.4264,49.194782,0.00148151637,1.18426e-05,0.0,3786.08479,1575.43442,0.0284547622,-18.8840316,2.2523476e-05
1671.5,223.96494,3786.07879,-93.1934186,-93.1934186,-36.9490697,-36.9490697,-34.1785285,-34.1785285,0.0313182682,-75.3765161,-75.3765161,-0.000245004487,-0.000245004487,-8.1004488e-05,-8.1004488e-05,0.705627426,1589.4264,49.194782,0.00163060674,0.000100588607,0.0,3786.07879,1575.43363,0.0313182682,-34.5362045,4.5753342e-05
1672.0,206.840976,3786.071,-86.0689491,-86.0689491,-34.12431,-34.12431,-31.6737571,-31.6737571,0.0361644249,-22.93883988,-22.93883988,-8.4675278e-05,-8.4675278e-05,-2.7271993e-05,-2.7271993e-05,0.705826661,1589.4264,49.194782,0.00188292517,0.000134256461,0.0,3786.071,1575.4332,0.0361644249,-61.025718,9.2888572e-05
1672.5,189.717012,3786.0633,-78.9426042,-78.9426042,-31.2988183,-31.2988183,-29.1475787,-29.1475787,0.0410163999,29.5109548,29.5109548,0.000128957861,0.000128957861,0.000390046901,0.000390046901,0.706013169,1589.4264,49.194782,0.00213554648,-2.121104e-06,0.0,3786.0633,1575.43283,0.0410163999,-87.5470331,0.000150859721
1673.0,173.448614,3787.92956,-72.0435821,-72.0435821,-28.5772139,-28.5772139,-26.6955196,-26.6955196,0.0439550981,64.7106026,64.7106026,0.000297876023,0.000297876023,0.000900909912,0.000900909912,0.706186527,1589.4264,49.194782,0.00228855184,-0.000267566993,0.0,3787.92956,1576.21115,0.0439550981,-103.6102191,0.000190774978
1673.5,169.45154,3810.46778,-70.375643,-70.375643,-28.0821288,-28.0821288,-26.2610362,-26.2610362,0.0437945711,65.6435,65.6435,0.000301051378,0.000301051378,0.000910513531,0.000910513531,0.706351424,1589.4264,49.194782,0.00228019387,-8.15613e-06,0.0,3810.46778,1585.58933,0.0437945711,-102.7327636,0.000188459472
1674.0,169.45154,3814.47399,-70.5067905,-70.5067905,-28.1639926,-28.1639926,-26.3377341,-26.3377341,0.0438046332,65.6435,65.6435,0.000301120541,0.000301120541,0.000910722683,0.000910722683,0.706516503,1589.4264,49.194782,0.00228071774,-0.000113249261,0.0,3814.47399,1587.25637,0.0438046332,-102.787761,0.000188603651
1674.5,169.45154,3814.56022,-70.5099735,-70.5099735,-28.1659007,-28.1659007,-26.3395177,-26.3395177,0.0438013155,65.6435,65.6435,0.000301097732,0.000301097732,0.000910653724,0.000910653724,0.706681687,1589.4264,49.194782,0.00228054499,-8.0903483e-05,0.0,3814.56022,1587.29223,0.0438013155,-102.769627,0.000188556108
1675.0,169.45154,3814.5618,-70.5100295,-70.5100295,-28.1659364,-28.1659364,-26.3395512,-26.3395512,0.0438031303,65.6435,65.6435,0.000301110208,0.000301110208,0.000910691448,0.000910691448,0.706846877,1589.4264,49.194782,0.00228063951,0.000115363824,0.0,3814.5618,1587.29296,0.0438031303,-102.7795451,0.000188582116
1675.5,169.45154,3814.5618,-70.51003,-70.51003,-28.165937,-28.165937,-26.339552,-26.339552,0.0438008824,65.6435,65.6435,0.000301094751,0.000301094751,0.000910644709,0.000910644709,0.707012063,1589.4264,49.194782,0.00228052241,-3.5869753e-05,0.0,3814.5618,1587.293,0.0438008824,-102.7672586,0.000188549891
1676.0,169.45154,3814.5618,-70.51003,-70.51003,-28.165937,-28.165937,-26.339552,-26.339552,0.0438013993,65.6435,65.6435,0.00030109831,0.00030109831,0.000910655483,0.000910655483,0.707177219,1589.4264,49.194782,0.00228054939,0.00013739937,0.0,3814.5618,1587.293,0.0438013993,-102.770085,0.000188557301
1676.5,169.45154,3814.5618,-70.51003,-70.51003,-28.165937,-28.165937,-26.339552,-26.339552,0.0438030935,65.6435,65.6435,0.000301109957,0.000301109957,0.0009106907,0.0009106907,0.707342408,1589.4264,49.194782,0.00228063763,-0.000120391262,0.0,3814.5618,1587.293,0.0438030935,-102.7793475,0.000188581592
1677.0,169.45154,3814.5618,-70.51003,-70.51003,-28.165937,-28.165937,-26.339552,-26.339552,0.0437959378,65.6435,65.6435,0.000301060768,0.000301060768,0.000910541947,0.000910541947,0.707507572,1589.4264,49.194782,0.00228026509,-1.336328e-05,0.0,3814.5618,1587.293,0.0437959378,-102.7402345,0.000188479025
1677.5,165.73435,3805.79465,-69.31591,-69.31591,-27.627547,-27.627547,-25.8451227,-25.8451227,0.0435784927,65.6435,65.6435,0.000299566013,0.000299566013,0.000906021811,0.000906021811,0.707672379,1589.4264,49.194782,0.00226894361,-5.7980261e-05,0.0,3805.79465,1583.64472,0.0435784927,-101.5516602,0.000185395333
1678.0,138.175077,3765.79674,-57.6395393,-57.6395393,-22.7318728,-22.7318728,-21.3452051,-21.3452051,0.0417273276,65.6435,65.6435,0.000286840789,0.000286840789,0.000867540555,0.000867540555,0.707823954,1589.4264,49.194782,0.00217256144,-0.000132497662,0.0,3765.79674,1567.00016,0.0417273276,-91.4330276,0.000159901562
1678.5,106.3856296,3761.74239,-44.270287,-44.270287,-17.4393684,-17.4393684,-16.4300105,-16.4300105,0.039609627,65.754595,65.754595,0.000272734237,0.000272734237,0.000824881766,0.000824881766,0.707947655,1589.4264,49.194782,0.00206230193,-3.0733557e-05,0.0,3761.74239,1565.3119,0.039609627,-79.8574931,0.000132575837
1679.0,74.5961825,3761.65951,-31.0400623,-31.0400623,-12.22730345,-12.22730345,-11.5094184,-11.5094184,0.0381569789,71.624132,71.624132,0.000286111293,0.000286111293,0.000865344219,0.000865344219,0.708042317,1589.4264,49.194782,0.0019866688,0.000211102224,0.0,3761.65951,1565.27656,0.0381569789,-71.9171899,0.000114968068
1679.5,42.8067359,3761.6589,-17.8117293,-17.8117293,-7.01639551,-7.01639551,-6.50657665,-6.50657665,0.0370666456,80.6662786,80.6662786,0.000313030497,0.000313030497,0.000946763839,0.000946763839,0.708105564,1589.4264,49.194782,0.00192989988,-0.000127631838,0.0,3761.6589,1565.27567,0.0370666456,-65.9573341,0.0001024304
1680.0,11.127344297,3761.73907,-4.5919587843,-4.5919587843,-1.808856762,-1.808856762,-1.512918294,-1.512918294,0.0359888892,89.7082247,89.7082247,0.000338004709,0.000338004709,0.00102230165,0.00102230165,0.708134547,1589.4264,49.194782,0.0018737858,-0.000201017283,0.0,3761.73907,1565.30842,0.0359888892,-60.0662269,9.0571136e-05
1680.5,-2.1874073,3798.32685,1.354546755,1.354546755,0.538357908,0.538357908,0.693368064,0.693368064,0.0361087216,98.7498447,98.7498447,0.000373487975,0.000373487975,0.00112962235,0.00112962235,0.708134254,1589.4264,49.194782,0.00188002496,8.2845422e-05,0.0,3798.32685,1580.53296,0.0361087216,-60.7212421,9.1864686e-05
1681.0,-2.1874073,3814.163,0.925171562,0.925171562,0.36952972,0.36952972,0.475744186,0.475744186,0.0371672886,107.7924319,107.7924319,0.000419625958,0.000419625958,0.001269165,0.001269165,0.708130079,1589.4264,49.194782,0.00193513994,4.808766e-05,0.0,3814.163,1587.12309,0.0371672886,-66.5074605,0.000103563475
1681.5,-2.1874073,3814.56198,0.910474534,0.910474534,0.363698157,0.363698157,0.468232514,0.468232514,0.0381944812,116.7919014,116.7919014,0.000467210053,0.000467210053,0.00141308148,0.00141308148,0.708126488,1589.4264,49.194782,0.00198862141,9.167685e-06,0.0,3814.56198,1587.28974,0.0381944812,-72.1221845,0.000115405909
1682.0,-2.1874073,3814.5689,0.910202485,0.910202485,0.363590151,0.363590151,0.468093399,0.468093399,0.0386116618,120.47973,120.47973,0.000487148171,0.000487148171,0.00147338407,0.00147338407,0.70812291,1589.4264,49.194782,0.00201034216,0.000174232574,0.0,3814.5689,1587.29284,0.0386116618,-74.4025274,0.000120335792
1682.5,-2.1874073,3814.569,0.910196406,0.910196406,0.363587741,0.363587741,0.468090287,0.468090287,0.0386185021,120.47973,120.47973,0.000487234472,0.000487234472,0.00147364507,0.00147364507,0.708119286,1589.4264,49.194782,0.00201069828,8.6664598e-05,0.0,3814.569,1587.293,0.0386185021,-74.4399139,0.000120417591
1683.0,-2.1874073,3915.49463,7.457530337,7.457530337,3.241078586,3.241078586,3.507306861,3.507306861,0.0382186144,120.47973,120.47973,0.000482189237,0.000482189237,0.00145838766,0.00145838766,0.708112094,1651.06753,49.194782,0.0019898779,1.7860703e-05,0.0,3915.49463,1629.2886,0.0382186144,-72.2540939,0.00011576142
1683.5,-2.1874073,5856.831899999999,24.9707221,24.9707221,15.2435798,15.2435798,16.0654706,16.0654706,0.0371300704,120.47973,120.47973,0.000468455529,0.000468455529,0.00141685512,0.00141685512,0.70801537,2457.62938,49.194782,0.00193320218,-0.00016412623,0.0,5856.831899999999,2437.09266,0.0371300704,-66.3040259,0.000103123498
1684.0,-2.1874073,8344.73743,23.8701465,23.6384396,20.8677136,20.6396903,22.0837723,21.840185,0.0370904755,120.47973,119.3754756,0.000467955974,0.000463748451,0.00141534398,0.00140261822,0.707820316,3477.77244,49.194782,0.00193114065,3.1312034e-05,0.0,8344.73743,3472.32846,0.0370904755,-66.0875974,0.000102695312
1684.5,-2.1874073,10276.87075,11.607492783,8.547698683,12.168689362,8.951545762,13.606677074,10.137902874,0.0367150549,120.47973,107.9851954,0.000463219434,0.000419373823,0.00140101716,0.001268404048,0.707585049,4250.6181,49.194782,0.00191159409,0.000194554813,0.0,10276.87075,4276.3031,0.0367150549,-64.0355084,9.9888087e-05
1685.0,-1.554885771,10277.877799999998,-3.6154613339,-3.6154613339,-3.8275165918,-3.8275165918,-3.2216768924,-3.2216768924,0.038922661,120.5159565,120.5159565,0.000491222979,0.000491222979,0.00148570681,0.00148570681,0.707562975,4263.2733,49.194782,0.00202653458,0.000165425304,0.0,10277.877799999998,4276.72357,0.038922661,-76.1024765,0.000124116649
1685.5,11.07466397,9138.6185,-18.8608753,-18.8608753,-17.9762548,-17.9762548,-16.689933,-16.689933,0.0420723067,135.341169,135.341169,0.000597212316,0.000597212316,0.00180626239,0.00180626239,0.707636703,3786.98094,49.194782,0.002190523,0.000112537773,0.0,9138.6185,3802.67114,0.0420723067,-93.318713,0.000164769599
1686.0,28.2341508,7655.35793,-25.4020455,-25.4020455,-20.2744416,-20.2744416,-19.2835865,-19.2835865,0.0461961421,161.711186,161.711186,0.000783245453,0.000783245453,0.00236891309,0.00236891309,0.707755719,3177.64519,49.194782,0.00240523327,0.000200628542,0.0,7655.35793,3185.4779,0.0461961421,-115.8599555,0.000224520014
1686.5,45.3936379,6885.34301,-18.7881635,-18.7881635,-13.5518593,-13.5518593,-12.7677619,-12.7677619,0.0490221173,183.815211,183.815211,0.000943837182,0.000943837182,0.00285462677,0.00285462677,0.707862402,2878.996,49.194782,0.0025523696,6.5205163e-05,0.0,6885.34301,2865.07065,0.0490221173,-131.3069806,0.000269714835
1687.0,62.5531248,6935.86526,-25.9483929,-25.9483929,-18.8473432,-18.8473432,-17.9497455,-17.9497455,0.0504486002,186.24847,186.24847,0.000983944236,0.000983944236,0.00297592196,0.00297592196,0.707963757,2878.996,49.194782,0.00262664034,5.2059946e-05,0.0,6935.86526,2886.09418,0.0504486002,-139.104262,0.000293978181
1687.5,79.712614,6938.03577,-33.1675633,-33.1675633,-24.0978824,-24.0978824,-23.0636234,-23.0636234,0.0515915417,186.24847,186.24847,0.00100623603,0.00100623603,0.00304333352,0.00304333352,0.708096813,2878.996,49.194782,0.00268614836,-9.1603956e-05,0.0,6938.03577,2886.99805,0.0515915417,-145.35168,0.000314139123
1688.0,95.875901,6935.81897,-40.030416,-40.030416,-29.0743434,-29.0743434,-27.886968,-27.886968,0.0526804548,186.24847,186.24847,0.00102747409,0.00102747409,0.00310755814,0.00310755814,0.708257651,2878.996,49.194782,0.00274284344,-7.3839355e-05,0.0,6935.81897,2886.07621,0.0526804548,-151.303777,0.000333893145
1688.5,99.55726,6913.24479,-41.5502922,-41.5502922,-30.0805123,-30.0805123,-28.8565626,-28.8565626,0.0529257391,186.24847,186.24847,0.00103225807,0.00103225807,0.0031220251,0.0031220251,0.708435378,2878.996,49.194782,0.00275561428,-0.000188026099,0.0,6913.24479,2876.68309,0.0529257391,-152.644521,0.00033840502
1689.0,99.55726,6909.595389999999,-41.4294337,-41.4294337,-29.977143,-29.977143,-28.7563306,-28.7563306,0.0529217575,186.24847,186.24847,0.00103218045,0.00103218045,0.00312179024,0.00312179024,0.708613382,2878.996,49.194782,0.00275540702,-1.4510651e-05,0.0,6909.595389999999,2875.16454,0.0529217575,-152.622759,0.000338331311
1689.5,99.55726,6909.51771,-41.4265652,-41.4265652,-29.9747301,-29.9747301,-28.7539919,-28.7539919,0.0529234208,186.24847,186.24847,0.00103221286,0.00103221286,0.00312188836,0.00312188836,0.708791241,2878.996,49.194782,0.0027554936,-3.4801703e-05,0.0,6909.51771,2875.13223,0.0529234208,-152.631851,0.000338362089
1690.0,99.55726,6909.516000000001,-41.4265108,-41.4265108,-29.9746846,-29.9746846,-28.7539474,-28.7539474,0.0529252433,186.24847,186.24847,0.00103224842,0.00103224842,0.00312199581,0.00312199581,0.708969092,2878.996,49.194782,0.00275558847,1.2251428e-05,0.0,6909.516000000001,2875.1316,0.0529252433,-152.641811,0.000338395845
1690.5,99.55726,6909.516000000001,-41.42651,-41.42651,-29.9746834,-29.9746834,-28.7539464,-28.7539464,0.052922322,186.24847,186.24847,0.00103219141,0.00103219141,0.00312182352,0.00312182352,0.709146942,2878.996,49.194782,0.00275543638,4.4838987e-05,0.0,6909.516000000001,2875.1316,0.052922322,-152.625838,0.000338341746
1691.0,99.55726,6909.516000000001,-41.42651,-41.42651,-29.9746838,-29.9746838,-28.7539464,-28.7539464,0.0529224285,186.24847,186.24847,0.00103219351,0.00103219351,0.00312182981,0.00312182981,0.709324775,2878.996,49.194782,0.00275544194,5.426232e-05,0.0,6909.516000000001,2875.1316,0.0529224285,-152.626426,0.000338343728
1691.5,99.55726,6909.516000000001,-41.42651,-41.42651,-29.974684,-29.974684,-28.7539468,-28.7539468,0.052923222,186.24847,186.24847,0.00103220896,0.00103220896,0.00312187655,0.00312187655,0.709502614,2878.996,49.194782,0.00275548317,-0.000184849383,0.0,6909.516000000001,2875.1316,0.052923222,-152.630762,0.000338358405
1692.0,99.55726,6909.516000000001,-41.42651,-41.42651,-29.974684,-29.974684,-28.753946,-28.753946,0.0529276651,186.24847,186.24847,0.00103229564,0.00103229564,0.0031221386,0.0031221386,0.709680452,2878.996,49.194782,0.00275571447,0.000139893745,0.0,6909.516000000001,2875.1316,0.0529276651,-152.655043,0.000338440637
1692.5,99.55726,6909.516000000001,-41.42651,-41.42651,-29.9746838,-29.9746838,-28.7539466,-28.7539466,0.0529178586,186.24847,186.24847,0.00103210441,0.00103210441,0.00312156033,0.00312156033,0.709858274,2878.996,49.194782,0.002755204,-4.1601432e-05,0.0,6909.516000000001,2875.1316,0.0529178586,-152.601448,0.000338259145
1693.0,99.55726,6909.51632,-41.4265009,-41.4265009,-29.9746785,-29.9746785,-28.7539416,-28.7539416,0.0526774744,184.121616,184.121616,0.00101581542,0.00101581542,0.0030722936,0.0030722936,0.71003611,2878.996,49.194782,0.00274268822,1.7821761e-05,0.0,6909.51632,2875.1316,0.0526774744,-151.287486,0.000333856201
1693.5,99.55726,6909.52026,-41.4264818,-41.4264818,-29.9746808,-29.9746808,-28.7539442,-28.7539442,0.0499850288,160.507661,160.507661,0.000841000534,0.000841000534,0.00254356213,0.00254356213,0.710213931,2878.996,49.194782,0.00260250421,3.9730019e-05,0.0,6909.52026,2875.1316,0.0499850288,-136.570343,0.000286154405
1694.0,99.55726,6909.52519,-41.426483,-41.426483,-29.974702,-29.974702,-28.7539657,-28.7539657,0.0466469497,131.3313246,131.3313246,0.000642378181,0.000642378181,0.00194283429,0.00194283429,0.710391748,2878.996,49.194782,0.00242870489,-5.2770228e-05,0.0,6909.52519,2875.1316,0.0466469497,-118.3241081,0.000231410079
1694.5,99.55726,6909.52968,-41.426483,-41.426483,-29.9747227,-29.9747227,-28.7539862,-28.7539862,0.0433140712,102.1546945,102.1546945,0.000464201773,0.000464201773,0.00140395366,0.00140395366,0.710569573,2878.996,49.194782,0.00225517628,-0.000172053772,0.0,6909.52968,2875.1316,0.0433140712,-100.1063085,0.000181838342
1695.0,99.55726,6909.53433,-41.426483,-41.426483,-29.9747428,-29.9747428,-28.7540061,-28.7540061,0.0399787086,72.9765538,72.9765538,0.000306361407,0.000306361407,0.000926584385,0.000926584385,0.71074739,2878.996,49.194782,0.00208151843,-9.1640188e-05,0.0,6909.53433,2875.1316,0.0399787086,-81.874922,0.000137319901
1695.5,88.9540429,6888.158530000001,-37.3117194,-37.3117194,-26.9164401,-26.9164401,-25.7931716,-25.7931716,0.035952301,43.7958836,43.7958836,0.000166073854,0.000166073854,0.00050230433,0.00050230433,0.710920213,2878.996,49.194782,0.00187188082,-0.000149350211,0.0,6888.158530000001,2866.23463,0.035952301,-59.8662327,9.057473e-05
1696.0,68.9337999,6876.543520000001,-28.6964009,-28.6964009,-20.6646366,-20.6646366,-19.7213673,-19.7213673,0.0312644108,14.62308762,14.62308762,4.9056088e-05,4.9056088e-05,0.000148385845,0.000148385845,0.711065503,2878.996,49.194782,0.00162780262,-0.000277783204,0.0,6876.543520000001,2861.39874,0.0312644108,-34.2418138,4.5257127e-05
1696.5,48.9135551,6876.23325,-20.354545,-20.354545,-14.65685115,-14.65685115,-13.852336,-13.852336,0.0239056626,-14.55057177,-14.55057177,-3.1565616e-05,-3.1565616e-05,-8.701014e-06,-8.701014e-06,0.711176934,2878.996,49.194782,0.001244664401,-0.001773898931,0.0,6876.23325,2861.26533,0.0239056626,-9.00745877,1.0419587e-05
1697.0,28.8933113,6876.315700000001,-12.0221452,-12.0221452,-8.65697875,-8.65697875,-7.93847006,-7.93847006,-0.0280535452,-43.735609,-43.735609,0.000129662754,0.000129662754,0.000392184853,0.000392184853,0.711252269,2878.996,49.194782,-0.00146062673,-6.7782178e-05,0.0,6876.315700000001,2861.26937,-0.0280535452,16.69094423,2.0026089e-05
1697.5,8.873066975,6876.313929999999,-3.6923370283,-3.6923370283,-2.6587995486,-2.6587995486,-2.1925981236,-2.1925981236,-0.0327273917,-72.9120702,-72.9120702,0.000251062874,0.000251062874,0.000759353913,0.000759353913,0.711288306,2878.996,49.194782,-0.00170397372,-0.000274421799,0.0,6876.313929999999,2861.26589,-0.0327273917,42.238598,5.8317151e-05
1698.0,-9.52602182,6880.065039999999,4.156065815,4.156065815,2.995064176,2.995064176,3.65521125,3.65521125,-0.0365823645,-95.802479,-95.802479,0.000367181637,0.000367181637,0.00111054627,0.00111054627,0.711282251,2878.996,49.194782,-0.00190468539,-0.000155949505,0.0,6880.065039999999,2862.82446,-0.0365823645,63.3102082,9.7092224e-05
1698.5,-13.100362,6906.12295,5.57036076,5.57036076,4.02848777,4.02848777,4.87030324,4.87030324,-0.0370119765,-97.48392,-97.48392,0.000377836467,0.000377836467,0.00114277063,0.00114277063,0.711244496,2878.996,49.194782,-0.00192705346,6.1967194e-05,0.0,6906.12295,2873.66707,-0.0370119765,65.6585068,0.000101793963
1699.0,-13.100362,7043.348730000001,10.74268968,10.74268968,8.00968421,8.00968421,8.8396745,8.8396745,-0.0373312727,-97.48392,-97.48392,0.000381096,0.000381096,0.00115262781,0.00115262781,0.711197233,2947.68865,49.194782,-0.00194367783,-0.000148249029,0.0,7043.348730000001,2930.76757,-0.0373312727,67.403806,0.000105426824
1699.5,-13.100362,8069.722320000001,16.2224219,16.2224219,13.6993544,13.6993544,14.72186805,14.72186805,-0.0376679395,-97.48392,-97.48392,0.000384532861,0.000384532861,0.00116302127,0.00116302127,0.71108127,3366.44914,49.194782,-0.00196120662,9.070804e-05,0.0,8069.722320000001,3357.84907,-0.0376679395,69.2440564,0.000109255508
1700.0,-13.100362,9199.5405,15.9029013,15.9029013,15.3201985,15.3201985,16.7204502,16.7204502,-0.0376441524,-97.48392,-97.48392,0.000384290034,0.000384290034,0.00116228697,0.00116228697,0.710933881,3833.20628,49.194782,-0.00195996817,1.3770746e-05,0.0,9199.5405,3827.97474,-0.0376441524,69.1140394,0.000108981409
1700.5,-13.100362,10106.16935,9.14919342,9.14919342,9.62622835,9.62622835,11.39917306,11.39917306,-0.0372378381,-97.48392,-97.48392,0.000380142185,0.000380142185,0.00114974339,0.00114974339,0.710782849,4196.14474,49.194782,-0.00193881316,0.000123084697,0.0,10106.16935,4205.22997,-0.0372378381,66.893091,0.000104364596
1701.0,-13.100362,10138.2991,5.23506195,5.23506195,5.5578319,5.5578319,7.46644485,7.46644485,-0.0369940076,-97.48392,-97.48392,0.000377653041,0.000377653041,0.00114221594,0.00114221594,0.710715059,4221.6646,49.194782,-0.00192611794,-0.00012056057,0.0,10138.2991,4218.59943,-0.0369940076,65.5602899,0.000101592362
1701.5,-13.100362,10132.17365,5.44645296,5.44645296,5.77889755,5.77889755,7.71101808,7.71101808,-0.0370093716,-97.48392,-97.48392,0.000377809884,0.000377809884,0.00114269019,0.00114269019,0.710651607,4221.6646,49.194782,-0.00192691789,7.2335955e-05,0.0,10132.17365,4216.05066,-0.0370093716,65.6442695,0.000101764716
1702.0,-13.100362,10132.049,5.45106875,5.45106875,5.78372398,5.78372398,7.71628595,7.71628595,-0.0370075552,-97.48392,-97.48392,0.000377791327,0.000377791327,0.00114263416,0.00114263416,0.710587591,4221.6646,49.194782,-0.00192682327,-7.6992686e-05,0.0,10132.049,4215.998699999999,-0.0370075552,65.6343392,0.000101744321
1702.5,-13.100362,10132.047,5.45115562,5.45115562,5.78381477,5.78381477,7.71638507,7.71638507,-0.0370046395,-97.48392,-97.48392,0.000377761573,0.000377761573,0.00114254413,0.00114254413,0.710523537,4221.6646,49.194782,-0.0019266715,0.000132367752,0.0,10132.047,4215.99768,-0.0370046395,65.6184026,0.000101711606
1703.0,-13.100362,10132.047,5.4511565,5.4511565,5.78381589,5.78381589,7.71638617,7.71638617,-0.0370022504,-97.48392,-97.48392,0.000377737185,0.000377737185,0.0011424704,0.0011424704,0.7104595,4221.6646,49.194782,-0.00192654712,-8.891806e-05,0.0,10132.047,4215.9976,-0.0370022504,65.6053466,0.000101684805
1703.5,-13.100362,10132.047,5.45115706,5.45115706,5.7838164,5.7838164,7.71638664,7.71638664,-0.0370023956,-97.48392,-97.48392,0.000377738655,0.000377738655,0.00114247482,0.00114247482,0.710395463,4221.6646,49.194782,-0.00192655461,0.000152018525,0.0,10132.047,4215.9976,-0.0370023956,65.6061315,0.000101686419
1704.0,-13.100362,10132.0485,5.45118836,5.45118836,5.78385054,5.78385054,7.7164243,7.7164243,-0.0383722652,-109.4988685,-109.4988685,0.000441609233,0.000441609233,0.00133564892,0.00133564892,0.710331406,4221.6646,49.194782,-0.0019978779,-4.6560382e-05,0.0,10132.0485,4215.9976,-0.0383722652,73.0939662,0.000117886191
1704.5,-13.100362,10132.0566,5.45120509,5.45120509,5.7838727,5.7838727,7.7164496,7.7164496,-0.0439219766,-158.010156,-158.010156,0.000729337187,0.000729337187,0.00220588083,0.00220588083,0.710267366,4221.6646,49.194782,-0.00228682735,-0.000130857585,0.0,10132.0566,4215.9976,-0.0439219766,103.429176,0.000190931331
1705.0,-13.100362,10132.06425,5.45120419,5.45120419,5.78387639,5.78387639,7.71645474,7.71645474,-0.0497517173,-209.02139,-209.02139,0.001091573223,0.001091573223,0.0033014902,0.0033014902,0.710203294,4221.6646,49.194782,-0.00259035672,-0.000146320887,0.0,10132.06425,4215.9976,-0.0497517173,135.295038,0.000282598724
1705.5,-13.100362,10132.0723,5.45120422,5.45120422,5.78388108,5.78388108,7.71646111,7.71646111,-0.0555785852,-260.033727,-260.033727,0.00151601382,0.00151601382,0.0045852816,0.0045852816,0.710139211,4221.6646,49.194782,-0.0028937365,5.0550604e-05,0.0,10132.0723,4215.9976,-0.0555785852,167.145208,0.000389769064
1706.0,-13.100362,10132.0807,5.45120372,5.45120372,5.78388528,5.78388528,7.71646683,7.71646683,-0.0614083124,-311.043,-311.043,0.0020027808,0.0020027808,0.00605763837,0.00605763837,0.710075136,4221.6646,49.194782,-0.00319726516,-0.000272086109,0.0,10132.0807,4215.9976,-0.0614083124,199.011005,0.000512550933
1706.5,-13.100362,10132.089,5.45120415,5.45120415,5.78389029,5.78389029,7.71647336,7.71647336,-0.0672408586,-362.059353,-362.059353,0.00255198949,0.00255198949,0.00771892384,0.00771892384,0.710011026,4221.6646,49.194782,-0.0035009407,-9.815493e-05,0.0,10132.089,4215.9976,-0.0672408586,230.892216,0.000650967362
1707.0,-13.100362,10132.097,5.45119054,5.45119054,5.78388031,5.78388031,7.71646343,7.71646343,-0.0727190834,-410.01848,-410.01848,0.00312381173,0.00312381173,0.0094486695,0.0094486695,0.709946906,4221.6646,49.194782,-0.00378616819,-7.7024454e-05,0.0,10132.097,4215.99772,-0.0727190834,260.83668,0.000794890407
1707.5,-9.9645505,10139.4571,4.36747377,4.36747377,4.63623118,4.63623118,6.30160871,6.30160871,-0.0737608946,-420.75662,-420.75662,0.00325001784,0.00325001784,0.0098304497,0.0098304497,0.709884874,4221.6646,49.194782,-0.00384041072,9.6967838e-05,0.0,10139.4571,4219.059729999999,-0.0737608946,266.531303,0.000823509825
1708.0,6.0889584998,10159.6725,-2.482029268,-2.482029268,-2.640974629,-2.640974629,-1.839621362,-1.839621362,-0.072677486,-420.75662,-420.75662,0.00320228126,0.00320228126,0.00968606685,0.00968606685,0.709865814,4221.6646,49.194782,-0.00378400238,2.6137881e-05,0.0,10159.6725,4227.47241,-0.072677486,260.609294,0.000793400912
1708.5,23.54266825,10161.1167,-9.7951178,-9.7951178,-10.4226933,-10.4226933,-8.89594371,-8.89594371,-0.0715136854,-420.75662,-420.75662,0.00315100236,0.00315100236,0.00953096975,0.00953096975,0.709903226,4221.6646,49.194782,-0.00372340824,-8.3377649e-05,0.0,10161.1167,4228.07384,-0.0715136854,254.247854,0.000761639818
1709.0,40.9963779,10072.8892,-20.7826242,-20.7826242,-21.856338,-21.856338,-20.22672225,-20.22672225,-0.070121814,-420.75662,-420.75662,0.00308967444,0.00308967444,0.0093454781,0.0093454781,0.709994498,4175.45494,49.194782,-0.00365093955,-3.5096961e-05,0.0,10072.8892,4191.36253,-0.070121814,246.639765,0.000724516291
1709.5,58.4500877,9333.5755,-32.2059244,-32.2059244,-31.4309988,-31.4309988,-29.8379341,-29.8379341,-0.0687041881,-420.75662,-420.75662,0.00302721149,0.00302721149,0.0091565535,0.0091565535,0.710158982,3873.60338,49.194782,-0.00357712977,-4.8727901e-05,0.0,9333.5755,3883.72958,-0.0687041881,238.890888,0.000687521408
1710.0,75.9037971,8667.4889,-34.2223504,-34.2223504,-31.0764129,-31.0764129,-29.6580506,-29.6580506,-0.0678555076,-420.75662,-420.75662,0.00298981744,0.00298981744,0.0090434515,0.0090434515,0.710345641,3610.11446,49.194782,-0.00353294273,-0.000124509779,0.0,8667.4889,3606.56657,-0.0678555076,234.251929,0.000665825475
1710.5,93.3575079,8645.824100000002,-38.6929577,-38.6929577,-35.0330977,-35.0330977,-33.5101693,-33.5101693,-0.0603722281,-363.862077,-363.862077,0.00231351225,0.00231351225,0.00699768071,0.00699768071,0.710532782,3592.1433,49.194782,-0.00314332075,0.000437808449,0.0,8645.824100000002,3597.55609,-0.0603722281,193.347673,0.000492537475
1711.0,110.8112175,8650.168300000001,-46.1054422,-46.1054422,-41.7643313,-41.7643313,-40.0256847,-40.0256847,-0.046605132,-253.705099,-253.705099,0.001251302874,0.001251302874,0.00378471,0.00378471,0.710750919,3592.1433,49.194782,-0.00242652758,0.00051166996,0.0,8650.168300000001,3599.37165,-0.046605132,118.0955303,0.000234125954
1711.5,126.944674,8373.24736,-63.6796815,-63.6796815,-55.43561,-55.43561,-53.1764675,-53.1764675,-0.0322668364,-143.523678,-143.523678,0.000499726499,0.000499726499,0.00151146988,0.00151146988,0.711007352,3451.99538,49.194782,-0.0016799946,0.000540616901,0.0,8373.24736,3484.15127,-0.0322668364,39.72116146,5.8252876e-05
1712.0,102.7148616,6242.98012,-64.9246048,-64.9246048,-42.9144376,-42.9144376,-41.0315686,-41.0315686,0.0243033467,-33.3702937,-33.3702937,-5.0152648e-05,-5.0152648e-05,5.3750219e-05,5.3750219e-05,0.711293616,2614.69738,49.194782,0.00126537014,0.002681763486,0.0,6242.98012,2597.76434,0.0243033467,-23.212152,3.0303186e-05
1712.5,56.5758131,3967.8438,-44.3852195,-44.3852195,-18.8154666,-18.8154666,-17.7791916,-17.7791916,0.0343596738,37.7508447,37.7508447,0.000135800847,0.000135800847,0.000410746084,0.000410746084,0.711467423,1684.86485,49.194782,0.0017889596,8.4426528e-05,0.0,3967.8438,1651.06912,0.0343596738,-51.1607944,7.3760132e-05
1713.0,10.43676482,1811.53176,-19.58916364,-19.58916364,-4.377581862,-4.377581862,-3.9237781,-3.9237781,0.0310873712,39.004665,39.004665,0.000126978198,0.000126978198,0.000384063168,0.000384063168,0.71153791,804.024621,49.194782,0.00161858495,6.7940131e-05,0.0,1811.53176,753.809898,0.0310873712,-33.2741018,4.375476e-05
1713.5,-34.3882692,1307.84378,15.74283125,15.74283125,2.17283886,2.17283886,2.55616717,2.55616717,0.0270734534,39.004665,39.004665,0.00011058311,0.00011058311,0.000334477763,0.000334477763,0.711536912,592.89874,49.194782,0.00140959758,-3.5236142e-05,0.0,1307.84378,544.219266,0.0270734534,-11.33367458,1.2975489e-05
1714.0,-47.58783,1407.6802,20.2883287,20.2883287,2.99012861,2.99012861,3.43161566,3.43161566,0.026243014,39.004665,39.004665,0.000107191136,0.000107191136,0.000324218915,0.000324218915,0.711511735,592.89874,49.194782,0.00136636024,-5.9366188e-05,0.0,1407.6802,585.761445,0.026243014,-6.79442478,7.468976e-06
1714.5,-47.58783,1422.58394,19.8140422,19.8140422,2.95174977,2.95174977,3.38693054,3.38693054,0.0262756066,39.004665,39.004665,0.00010732426,0.00010732426,0.000324621549,0.000324621549,0.711484938,592.89874,49.194782,0.00136805715,-0.000178887794,0.0,1422.58394,591.963022,0.0262756066,-6.97257451,7.674236e-06
1715.0,-47.58783,1422.9139,19.8018811,19.8018811,2.95062273,2.95062273,3.38563373,3.38563373,0.0262755357,39.004665,39.004665,0.00010732397,0.00010732397,0.000324620678,0.000324620678,0.711458255,592.89874,49.194782,0.00136805347,-0.000100581687,0.0,1422.9139,592.100334,0.0262755357,-6.97218944,7.673794e-06
1715.5,-47.58783,1422.92009,19.8016508,19.8016508,2.95060129,2.95060129,3.3856091,3.3856091,0.0262744431,39.004665,39.004665,0.000107319508,0.000107319508,0.000324607178,0.000324607178,0.711431581,592.89874,49.194782,0.00136799659,-3.7021306e-05,0.0,1422.92009,592.102906,0.0262744431,-6.96621793,7.666916e-06
1716.0,-47.58783,1422.9202,19.8016458,19.8016458,2.95060094,2.95060094,3.38560861,3.38560861,0.0262766803,39.004665,39.004665,0.000107328646,0.000107328646,0.000324634817,0.000324634817,0.711404895,592.89874,49.194782,0.00136811307,0.000193037236,0.0,1422.9202,592.10297,0.0262766803,-6.97844651,7.681029e-06
1716.5,-47.58783,1422.9202,19.801646,19.801646,2.95060093,2.95060093,3.38560861,3.38560861,0.0262753405,39.004665,39.004665,0.000107323172,0.000107323172,0.000324618263,0.000324618263,0.711378214,592.89874,49.194782,0.00136804332,2.2677244e-05,0.0,1422.9202,592.10297,0.0262753405,-6.97112249,7.672568e-06
1717.0,-47.58783,1422.9202,19.8016462,19.8016462,2.95060087,2.95060087,3.38560864,3.38560864,0.0262764593,39.004665,39.004665,0.000107327742,0.000107327742,0.000324632089,0.000324632089,0.711351532,592.89874,49.194782,0.00136810156,9.3365707e-05,0.0,1422.9202,592.10297,0.0262764593,-6.9772384,7.679628e-06
1717.5,-47.58783,1422.92021,19.8016462,19.8016462,2.95060094,2.95060094,3.38560864,3.38560864,0.0262716569,39.004665,39.004665,0.000107308127,0.000107308127,0.000324572758,0.000324572758,0.711324856,592.89874,49.194782,0.00136785153,-6.6710849e-05,0.0,1422.92021,592.10297,0.0262716569,-6.95098675,7.649327e-06
1718.0,-45.6655808,1427.44489,19.2062977,19.2062977,2.87030291,2.87030291,3.29648407,3.29648407,0.0263879749,39.004665,39.004665,0.000107783235,0.000107783235,0.000326009704,0.000326009704,0.711298256,592.89874,49.194782,0.00137390766,-1.4875046e-05,0.0,1427.44489,593.985782,0.0263879749,-7.58679128,8.392665e-06
1718.5,-28.4387892,1453.82016,11.9421433,11.9421433,1.81735241,1.81735241,2.17239746,2.17239746,0.0275424309,39.004665,39.004665,0.000112498676,0.000112498676,0.000340271294,0.000340271294,0.711276175,592.89874,49.194782,0.00143401523,-2.4510927e-05,0.0,1453.82016,604.96138,0.0275424309,-13.897147,1.606975e-05
1719.0,-7.94819369,1456.95595,3.310422344,3.310422344,0.5050621055,0.5050621055,0.7181862015,0.7181862015,0.0289151504,39.004665,39.004665,0.000118105634,0.000118105634,0.000357229101,0.000357229101,0.711264753,592.89874,49.194782,0.00150548681,2.1058074e-05,0.0,1456.95595,606.267012,0.0289151504,-21.4005524,2.5954584e-05
1719.5,12.54240168,1457.01763,-5.21870202,-5.21870202,-0.796261779,-0.796261779,-0.588832294,-0.588832294,0.0302818873,39.004665,39.004665,0.00012368815,0.00012368815,0.000374112863,0.000374112863,0.711264639,592.89874,49.194782,0.00157664688,-4.8114313e-05,0.0,1457.01763,606.293456,0.0302818873,-28.8712544,3.6656825e-05
1720.0,33.0329973,1457.01787,-13.74574755,-13.74574755,-2.09730628,-2.09730628,-1.78693381,-1.78693381,0.031656332,39.004665,39.004665,0.000129302149,0.000129302149,0.000391091721,0.000391091721,0.711273456,592.89874,49.194782,0.00164820825,0.000235745024,0.0,1457.01787,606.294379,0.031656332,-36.3840883,4.8280713e-05
1720.5,53.5235923,1457.01652,-22.2713952,-22.2713952,-3.39813412,-3.39813412,-2.98305505,-2.98305505,0.0330212771,39.004665,39.004665,0.000134877351,0.000134877351,0.000407953093,0.000407953093,0.711291182,592.89874,49.194782,0.00171927507,-4.704621e-06,0.0,1457.01652,606.294625,0.0330212771,-43.8450007,6.0681613e-05
1721.0,64.36056,1437.05385,-27.0844305,-27.0844305,-4.07599986,-4.07599986,-3.59105845,-3.59105845,0.0337620597,39.004665,39.004665,0.000137903115,0.000137903115,0.000417104047,0.000417104047,0.711316209,592.89874,49.194782,0.00175784438,-2.7206018e-05,0.0,1437.05385,597.988424,0.0337620597,-47.8941799,6.7733037e-05
1721.5,64.36056,1423.32167,-26.7958953,-26.7958953,-3.993926,-3.993926,-3.5148498,-3.5148498,0.0328809901,31.4477384,31.4477384,0.000109040555,0.000109040555,0.000329812351,0.000329812351,0.71134227,592.89874,49.194782,0.00171197093,-6.97496e-06,0.0,1423.32167,592.273841,0.0328809901,-43.078179,5.9521101e-05
1722.0,64.36056,1422.92441,-26.7811583,-26.7811583,-3.99061479,-3.99061479,-3.51181487,-3.51181487,0.0288368343,-3.97920206,-3.97920206,-1.0589524e-05,-1.0589524e-05,2.1967382e-05,2.1967382e-05,0.711368126,592.89874,49.194782,0.00150140923,-9.1740997e-05,0.0,1422.92441,592.106198,0.0288368343,-20.972474,2.5689995e-05
1722.5,64.36056,1422.95743,-26.7804067,-26.7804067,-3.9905953,-3.9905953,-3.51180489,-3.51180489,-0.0014240439,-41.9616017,-41.9616017,3.2345989e-05,3.2345989e-05,0.000204044802,0.000204044802,0.711393969,592.89874,49.194782,-7.414378e-05,-0.001080112327,0.0,1422.95743,592.102249,-0.0014240439,2.56640588,6.731357e-06
1723.0,64.36056,1423.00024,-26.780913,-26.780913,-3.99079094,-3.99079094,-3.51198849,-3.51198849,-0.0298256068,-79.9507514,-79.9507514,0.000251140274,0.000251140274,0.00075959514,0.00075959514,0.711419824,592.89874,49.194782,-0.0015528903,-0.000109260438,0.0,1423.00024,592.103509,-0.0298256068,26.3771862,3.3311278e-05
1723.5,64.36056,1423.00485,-26.7808702,-26.7808702,-3.99079761,-3.99079761,-3.51199551,-3.51199551,-0.0341704618,-117.9358354,-117.9358354,0.000423441291,0.000423441291,0.00128072068,0.00128072068,0.711445667,592.89874,49.194782,-0.00177910813,-4.0926315e-05,0.0,1423.00485,592.10287,-0.0341704618,50.1265453,7.2105668e-05
1724.0,64.36056,1423.01093,-26.7808696,-26.7808696,-3.99081436,-3.99081436,-3.51201175,-3.51201175,-0.0385125846,-155.920794,-155.920794,0.000630258665,0.000630258665,0.00190624709,0.00190624709,0.711471517,592.89874,49.194782,-0.00200518373,-0.000191615996,0.0,1423.01093,592.10284,-0.0385125846,73.860965,0.000119509882
1724.5,30.59812608,1351.32516,-13.93699747,-13.93699747,-2.017973314,-2.017973314,-1.709587762,-1.709587762,-0.045023924,-193.906478,-193.906478,0.000917443941,0.000917443941,0.00277484437,0.00277484437,0.711493637,592.89874,49.194782,-0.00234420094,-0.000266333638,0.0,1351.32516,562.27008,-0.045023924,109.4525136,0.000208216131
1725.0,-29.968342,1336.73004,13.51024584,13.51024584,1.898961527,1.898961527,2.2637898,2.2637898,-0.0535511505,-231.892588,-231.892588,0.00130222275,0.00130222275,0.00393861451,0.00393861451,0.711489221,592.89874,49.194782,-0.00278817677,-5.3483305e-05,0.0,1336.73004,556.191969,-0.0535511505,156.063076,0.000350663598
1725.5,-33.259712,1418.65063,13.9970382,13.9970382,2.0793396,2.0793396,2.44877814,2.44877814,-0.0580635224,-269.880202,-269.880202,0.00164239454,0.00164239454,0.00496752871,0.00496752871,0.711469849,592.89874,49.194782,-0.00302311643,-0.000106935135,0.0,1418.65063,590.277093,-0.0580635224,180.72809,0.000439910952
1726.0,-33.259712,1422.95898,13.8428111,13.8428111,2.06274375,2.06274375,2.43071488,2.43071488,-0.0623978727,-307.866319,-307.866319,0.00201311272,0.00201311272,0.00608886755,0.00608886755,0.711450827,592.89874,49.194782,-0.00324878725,-4.0978205e-05,0.0,1422.95898,592.06731,-0.0623978727,204.420021,0.000534651985
1726.5,-33.259712,1423.04751,13.8396824,13.8396824,2.06240592,2.06240592,2.43034619,2.43034619,-0.0656957634,-336.705477,-336.705477,0.00231653645,0.00231653645,0.00700667518,0.00700667518,0.71143182,592.89874,49.194782,-0.00342049417,0.000107062799,0.0,1423.04751,592.102213,-0.0656957634,222.446579,0.000612171986
1727.0,-33.259712,1423.04923,13.8396118,13.8396118,2.06239788,2.06239788,2.43033758,2.43033758,-0.0658961349,-338.48175,-338.48175,0.00233573634,0.00233573634,0.00706475241,0.00706475241,0.7114128,592.89874,49.194782,-0.00343092675,-0.000111751747,0.0,1423.04923,592.102836,-0.0658961349,223.541835,0.000617031587
1727.5,-33.259712,1423.04923,13.8396119,13.8396119,2.06239793,2.06239793,2.43033758,2.43033758,-0.0658957814,-338.48175,-338.48175,0.00233572378,0.00233572378,0.00706471463,0.00706471463,0.711393785,592.89874,49.194782,-0.00343090836,0.000303187119,0.0,1423.04923,592.10284,-0.0658957814,223.539903,0.000617022928
1728.0,-33.259712,1423.04593,13.8395649,13.8395649,2.06238609,2.06238609,2.43032499,2.43032499,-0.063365643,-316.296076,-316.296076,0.00210203118,0.00210203118,0.00635783147,0.00635783147,0.711374777,592.89874,49.194782,-0.00329917485,0.000187633981,0.0,1423.04593,592.102907,-0.063365643,209.709936,0.000557423995
1728.5,-33.259712,1423.03628,13.8395563,13.8395563,2.06237077,2.06237077,2.43030908,2.43030908,-0.0566130777,-257.177565,-257.177565,0.00152819288,0.00152819288,0.00462210208,0.00462210208,0.711355769,592.89874,49.194782,-0.00294759805,-2.0422336e-05,0.0,1423.03628,592.10284,-0.0566130777,172.799833,0.000410656511
1729.0,-33.259712,1423.0267,13.8395575,13.8395575,2.06235703,2.06235703,2.43029483,2.43029483,-0.0497893942,-197.547278,-197.547278,0.001033511479,0.001033511479,0.00312586326,0.00312586326,0.711336797,592.89874,49.194782,-0.00259231832,0.00026837255,0.0,1423.0267,592.10284,-0.0497893942,135.500987,0.000283475657
1729.5,-33.259712,1423.01716,13.8395572,13.8395572,2.0623432,2.0623432,2.43028041,2.43028041,-0.0429751639,-137.9116904,-137.9116904,0.00062416483,0.00062416483,0.00188777747,0.00188777747,0.711317823,592.89874,49.194782,-0.0022375309,0.000387196044,0.0,1423.01716,592.10284,-0.0429751639,98.2538119,0.000177749398
1730.0,-33.259712,1423.00762,13.8395571,13.8395571,2.06232937,2.06232937,2.43026602,2.43026602,-0.0361611294,-78.2820413,-78.2820413,0.000299947155,0.000299947155,0.000907195983,0.000907195983,0.71129885,592.89874,49.194782,-0.00188275359,0.000245713543,0.0,1423.00762,592.10284,-0.0361611294,61.0077056,9.3286147e-05
1730.5,-33.259712,1422.9981,13.839557,13.839557,2.06231556,2.06231556,2.43025171,2.43025171,-0.0293534397,-18.6476532,-18.6476532,6.0830189e-05,6.0830189e-05,0.00019175749,0.00019175749,0.711279899,592.89874,49.194782,-0.00152830663,-5.4528627e-05,0.0,1422.9981,592.102846,-0.0293534397,23.79628092,3.0135404e-05
1731.0,-33.259712,1422.93464,13.83912335,13.83912335,2.062159,2.062159,2.43008671,2.43008671,0.0165376758,40.9737469,40.9737469,0.000100846422,0.000100846422,0.000329103484,0.000329103484,0.711260947,592.89874,49.194782,0.00086104525,0.002464082679,0.0,1422.93464,592.103268,0.0165376758,-12.94771531,1.6473801e-05
1731.5,-33.259712,1422.9084,13.83957715,13.83957715,2.06218866,2.06218866,2.43011999,2.43011999,0.0342656781,100.619767,100.619767,0.00036457317,0.00036457317,0.001102666923,0.001102666923,0.711241977,592.89874,49.194782,0.00178406565,-5.369501e-06,0.0,1422.9084,592.102711,0.0342656781,-50.6470061,7.3575962e-05
1732.0,-33.259712,1422.89963,13.8395657,13.8395657,2.06217416,2.06217416,2.43010493,2.43010493,0.0409239309,158.876555,158.876555,0.000683668972,0.000683668972,0.00206777679,0.00206777679,0.711223023,592.89874,49.194782,0.00213073201,0.000234507469,0.0,1422.89963,592.10294,0.0409239309,-87.041594,0.000149907264
1732.5,-33.259712,1422.89661,13.8396154,13.8396154,2.06217725,2.06217725,2.43010836,2.43010836,0.0430305625,177.23222,177.23222,0.000798635,0.000798635,0.00241549734,0.00241549734,0.711204043,592.89874,49.194782,0.00224041533,0.00021817001,0.0,1422.89661,592.102913,0.0430305625,-98.5566286,0.000177644398
1733.0,-33.259712,1422.8967,13.8396119,13.8396119,2.06217694,2.06217694,2.43010798,2.43010798,0.0430250848,177.23222,177.23222,0.000798533305,0.000798533305,0.0024151898,0.0024151898,0.711185058,592.89874,49.194782,0.00224013001,-2.9292318e-05,0.0,1422.8967,592.10297,0.0430250848,-98.526677,0.000177567793
1733.5,-34.0695766,1421.18226,14.1482298,14.1482298,2.10559699,2.10559699,2.47680573,2.47680573,0.042974751,177.23222,177.23222,0.000797599141,0.000797599141,0.00241236477,0.00241236477,0.711165995,592.89874,49.194782,0.00223750939,-8.0409547e-05,0.0,1421.18226,591.389521,0.042974751,-98.2515535,0.000176865157
1734.0,-35.9937032,1419.73154,14.97551315,14.97551315,2.22646747,2.22646747,2.60585412,2.60585412,0.0428457165,177.23222,177.23222,0.000795204284,0.000795204284,0.0024051223,0.0024051223,0.711146132,592.89874,49.194782,0.00223079109,9.0065441e-05,0.0,1419.73154,590.7858,0.0428457165,-97.5462376,0.00017506824
1734.5,-37.924379,1419.68462,15.7806132,15.7806132,2.3460884,2.3460884,2.73222259,2.73222259,0.0427139353,177.23222,177.23222,0.000792758475,0.000792758475,0.0023977258,0.0023977258,0.711125232,592.89874,49.194782,0.00222392983,5.6400247e-05,0.0,1419.68462,590.766187,0.0427139353,-96.825914,0.000173240968
1735.0,-39.8550547,1419.68385,16.5840151,16.5840151,2.46552803,2.46552803,2.8571506,2.8571506,0.0425869627,177.23222,177.23222,0.000790401883,0.000790401883,0.00239059905,0.00239059905,0.711103323,592.89874,49.194782,0.00221731888,-5.57309e-07,0.0,1419.68385,590.765786,0.0425869627,-96.1318664,0.00017148794
1735.5,-41.7857305,1419.68819,17.3873389,17.3873389,2.58496525,2.58496525,2.98195371,2.98195371,0.0394378898,150.7661024,150.7661024,0.000625503062,0.000625503062,0.00189185487,0.00189185487,0.711080425,592.89874,49.194782,0.00205336025,-0.000182613145,0.0,1419.68819,590.76575,0.0394378898,-78.9187586,0.000131100777
1736.0,-43.7164065,1419.69706,18.1908208,18.1908208,2.70443533,2.70443533,3.11348911,3.11348911,0.0332421196,97.6482974,97.6482974,0.000342769781,0.000342769781,0.001036724774,0.001036724774,0.7110565,592.89874,49.194782,0.00173077337,-0.000143272176,0.0,1419.69706,590.765831,0.0332421196,-45.0521432,6.3459324e-05
1736.5,-45.6470819,1419.70859,18.9942823,18.9942823,2.82390932,2.82390932,3.24601568,3.24601568,0.0225438604,44.5572949,44.5572949,0.000119202453,0.000119202453,0.000371924124,0.000371924124,0.711031491,592.89874,49.194782,0.00117376131,-0.002674375849,0.0,1419.70859,590.764407,0.0225438604,-11.63999178,1.3856631e-05
1737.0,-47.5777572,1419.78701,19.7977049,19.7977049,2.94351777,2.94351777,3.3782717,3.3782717,-0.0291423705,-8.567840936,-8.567840936,2.8983645e-05,2.8983645e-05,0.000110365057,0.000110365057,0.711005412,592.89874,49.194782,-0.00151731715,-0.000240050159,0.0,1419.78701,590.766835,-0.0291423705,22.6425559,2.8361943e-05
1737.5,-48.53671,1421.77355,20.2255307,20.2255307,3.01133299,3.01133299,3.45278246,3.45278246,-0.0352793984,-61.6703714,-61.6703714,0.00023061898,0.00023061898,0.000697516528,0.000697516528,0.710978382,592.89874,49.194782,-0.00183684566,-0.000197231765,0.0,1421.77355,591.589866,-0.0352793984,56.1880863,8.3727844e-05
1738.0,-48.53671,1422.98077,20.1977798,20.1977798,3.00975594,3.00975594,3.45085097,3.45085097,-0.0413474589,-114.787307,-114.787307,0.000499806425,0.000499806425,0.00151165345,0.00151165345,0.710951155,592.89874,49.194782,-0.00215278328,-0.000337198929,0.0,1422.98077,592.08866,-0.0413474589,89.356633,0.000155459954
1738.5,-48.53671,1423.02182,20.1965329,20.1965329,3.00965692,3.00965692,3.45073514,3.45073514,-0.0466420571,-161.150902,-161.150902,0.000787968085,0.000787968085,0.00238319292,0.00238319292,0.710923925,592.89874,49.194782,-0.00242845013,4.4942115e-05,0.0,1423.02182,592.10263,-0.0466420571,118.2973676,0.000231335679
1739.0,-48.53671,1423.02335,20.1964816,20.1964816,3.00965261,3.00965261,3.45073007,3.45073007,-0.0473955197,-167.6826,-167.6826,0.000832250209,0.000832250209,0.00251712477,0.00251712477,0.710896684,592.89874,49.194782,-0.00246767967,-5.6555976e-05,0.0,1423.02335,592.102858,-0.0473955197,122.4158576,0.000243032081
1739.5,-44.2965566,1432.40877,18.6204876,18.6204876,2.79201633,2.79201633,3.21050039,3.21050039,-0.0471281549,-167.6826,-167.6826,0.000827555367,0.000827555367,0.0025029273,0.0025029273,0.710869918,592.89874,49.194782,-0.00245375913,5.5576561e-05,0.0,1432.40877,596.008352,-0.0471281549,120.95442,0.000238788207
1740.0,-31.4172742,1444.37333,13.09138,13.09138,1.9800524,1.9800524,2.33743851,2.33743851,-0.0462540808,-167.6826,-167.6826,0.00081220691,0.00081220691,0.00245651244,0.00245651244,0.710848067,592.89874,49.194782,-0.0024082499,0.000230569527,0.0,1444.37333,600.987397,-0.0462540808,116.1766544,0.000225105193
1740.5,-18.28478,1444.86894,7.60846768,7.60846768,1.151207806,1.151207806,1.49382754,1.49382754,-0.0453727415,-167.6826,-167.6826,0.000796730888,0.000796730888,0.00240971158,0.00240971158,0.710833202,592.89874,49.194782,-0.00236236233,0.00018260456,0.0,1444.86894,601.194142,-0.0453727415,111.359179,0.000211660257
1741.0,-5.45667058,1843.10649,11.38128425,11.38128425,2.23319082,2.23319082,2.60147981,2.60147981,-0.0450812088,-167.6826,-167.6826,0.00079161165,0.00079161165,0.00239423052,0.00239423052,0.710819249,775.460802,49.194782,-0.00234718351,-0.000132119191,0.0,1843.10649,766.903873,-0.0450812088,109.7656301,0.000207282647
1741.5,-1.4212097,2975.47257,10.9935165,10.9935165,3.42614479,3.42614479,3.83661841,3.83661841,-0.0448843178,-167.6826,-167.6826,0.000788154306,0.000788154306,0.00238377522,0.00238377522,0.710793387,1239.05277,49.194782,-0.00233693226,8.0685083e-05,0.0,2975.47257,1238.08987,-0.0448843178,108.6894125,0.00020434806
1742.0,-1.4212097,4093.77045,11.0311098,11.0311098,4.72907418,4.72907418,5.2177448,5.2177448,-0.0448933831,-167.6826,-167.6826,0.000788313483,0.000788313483,0.00238425655,0.00238425655,0.710757219,1705.69201,49.194782,-0.00233740419,-5.2909554e-05,0.0,4093.77045,1703.42189,-0.0448933831,108.7389584,0.000204482498
1742.5,-1.4212097,5213.65885,11.03278785,11.03278785,6.02360614,6.02360614,6.60325847,6.60325847,-0.0448943387,-167.6826,-167.6826,0.000788330275,0.000788330275,0.00238430734,0.00238430734,0.710709232,2172.33127,49.194782,-0.00233745403,-0.000121282716,0.0,5213.65885,2169.41568,-0.0448943387,108.7441853,0.000204496677
1743.0,-1.4212097,5893.8184,1.4503645097,1.4503645097,0.8887221984,0.8887221984,1.071011108,1.071011108,-0.0443021991,-167.6826,-167.6826,0.000777932508,0.000777932508,0.00235286336,0.00235286336,0.71067286,2439.32526,49.194782,-0.00230662388,-0.000126189279,0.0,5893.8184,2452.43545,-0.0443021991,105.507504,0.000195803709
1743.5,-1.35151051,5859.71297,0.486785606,0.486785606,0.298689096,0.298689096,0.377784489,0.377784489,-0.0442443199,-167.6826,-167.6826,0.000776916154,0.000776916154,0.00234978984,0.00234978984,0.710670979,2440.4744,49.194782,-0.00230361038,-8.2594075e-05,0.0,5859.71297,2438.244,-0.0442443199,105.1911299,0.000194950925
1744.0,-0.5173218653,5858.77283,0.2205362954,0.2205362954,0.135303551,0.135303551,0.1711332441,0.1711332441,-0.0441917865,-167.6826,-167.6826,0.000775993677,0.000775993677,0.00234700012,0.00234700012,0.710668552,2440.4744,49.194782,-0.0023008751,7.2948109e-05,0.0,5858.77283,2437.85276,-0.0441917865,104.9039721,0.00019418801
1744.5,0.525020796,5858.93181,-0.2183886649,-0.2183886649,-0.1339915142,-0.1339915142,-0.1059381202,-0.1059381202,-0.044116515,-167.6826,-167.6826,0.000774671953,0.000774671953,0.00234300309,0.00234300309,0.710668367,2440.4744,49.194782,-0.00229695612,-9.86127e-06,0.0,5858.93181,2437.91903,-0.044116515,104.4925382,0.000193096912
1745.0,1.56736346,5858.93505,-0.652178126,-0.652178126,-0.400141441,-0.400141441,-0.316365049,-0.316365049,-0.0440497337,-167.6826,-167.6826,0.000773499266,0.000773499266,0.00233945673,0.00233945673,0.710669959,2440.4744,49.194782,-0.00229347904,-3.7214537e-05,0.0,5858.93505,2437.92043,-0.0440497337,104.1274989,0.000192131045
1745.5,2.20145888,5858.0602,-0.931298072,-0.931298072,-0.571308969,-0.571308969,-0.451695207,-0.451695207,-0.0440094929,-167.6826,-167.6826,0.000772792663,0.000772792663,0.00233731987,0.00233731987,0.71067297,2440.4744,49.194782,-0.00229138386,3.287618e-05,0.0,5858.0602,2437.55641,-0.0440094929,103.9075404,0.000191549962
1746.0,2.2082152,5857.22942,-0.919918751,-0.919918751,-0.564248384,-0.564248384,-0.446112376,-0.446112376,-0.0440114676,-167.6826,-167.6826,0.000772827352,0.000772827352,0.00233742481,0.00233742481,0.71067636,2440.4744,49.194782,-0.00229148681,-0.000155949519,0.0,5857.22942,2437.21071,-0.0440114676,103.9183405,0.00019157847
1746.5,2.2082152,5857.20061,-0.918875248,-0.918875248,-0.563605568,-0.563605568,-0.445604118,-0.445604118,-0.0440064641,-167.6826,-167.6826,0.000772739498,0.000772739498,0.0023371591,0.0023371591,0.710679721,2440.4744,49.194782,-0.00229122628,0.000149893794,0.0,5857.20061,2437.19875,-0.0440064641,103.8909904,0.000191506276
1747.0,2.2082152,5857.19997,-0.918857691,-0.918857691,-0.563594738,-0.563594738,-0.445595563,-0.445595563,-0.0439620832,-167.279408,-167.279408,0.000770120158,0.000770120158,0.00232923677,0.00232923677,0.710683074,2440.4744,49.194782,-0.0022889155,5.583558e-05,0.0,5857.19997,2437.19852,-0.0439620832,103.6483964,0.000190870296
1747.5,2.2082152,5857.19635,-0.918892982,-0.918892982,-0.563616017,-0.563616017,-0.445612381,-0.445612381,-0.0411185385,-142.395849,-142.395849,0.00061463286,0.00061463286,0.00185896166,0.00185896166,0.710686436,2440.4744,49.194782,-0.00214086444,5.0953156e-05,0.0,5857.19635,2437.19856,-0.0411185385,88.1053345,0.000152122151
1748.0,2.2082152,5857.18998,-0.918890533,-0.918890533,-0.563613916,-0.563613916,-0.445610715,-0.445610715,-0.0366889733,-103.6078486,-103.6078486,0.000399552822,0.000399552822,0.00120845454,0.00120845454,0.710689805,2440.4744,49.194782,-0.00191023612,2.5282627e-05,0.0,5857.18998,2437.1985,-0.0366889733,63.8929426,9.8563237e-05
1748.5,2.2082152,5857.18369,-0.918890559,-0.918890559,-0.563613331,-0.563613331,-0.445610239,-0.445610239,-0.0322515483,-64.8262704,-64.8262704,0.00022043046,0.00022043046,0.000666707274,0.000666707274,0.710693174,2440.4744,49.194782,-0.00167919858,0.000257403367,0.0,5857.18369,2437.1985,-0.0322515483,39.6375925,5.3920928e-05
1749.0,4.92935314,5863.229829999999,-1.9268991,-1.9268991,-1.183578557,-1.183578557,-0.936023082,-0.936023082,-0.0276506267,-26.0428024,-26.0428024,7.7064864e-05,7.7064864e-05,0.000233100658,0.000233100658,0.710697423,2440.4744,49.194782,-0.0014396485,0.000159416303,0.0,5863.229829999999,2439.71709,-0.0276506267,14.48855617,1.7242746e-05
1749.5,13.46383065,5871.28045,-5.58963828,-5.58963828,-3.43676091,-3.43676091,-2.85500193,-2.85500193,0.0209593883,12.739703757,12.739703757,4.0730865e-05,4.0730865e-05,0.000123463376,0.000123463376,0.710711189,2440.4744,49.194782,0.001091264704,0.002050403189,0.0,5871.28045,2443.09539,0.0209593883,-12.4436227,1.4758695e-05
1750.0,22.1907121,5871.61308,-9.23366735,-9.23366735,-5.67754175,-5.67754175,-5.06377935,-5.06377935,0.0305150168,35.3847451,35.3847451,0.000113078959,0.000113078959,0.000342027107,0.000342027107,0.710740022,2440.4744,49.194782,0.00158878491,-1.162375e-05,0.0,5871.61308,2443.23942,0.0305150168,-30.14556,3.8541206e-05
1750.5,30.9175922,5871.62069,-12.8649082,-12.8649082,-7.91030631,-7.91030631,-7.2878721,-7.2878721,0.0311182471,35.529564,35.529564,0.000115780022,0.000115780022,0.000350196259,0.000350196259,0.710784483,2440.4744,49.194782,0.00162019251,-0.000136588247,0.0,5871.62069,2443.24296,0.0311182471,-33.4428713,4.3598251e-05
1751.0,39.6444739,5871.61974,-16.4960245,-16.4960245,-10.1429866,-10.1429866,-9.4827348,-9.4827348,0.031869583,35.529564,35.529564,0.000118575476,0.000118575476,0.000358650917,0.000358650917,0.710843654,2440.4744,48.0869862,0.00165931131,9.0995446e-05,0.0,5871.61974,2443.24296,0.031869583,-36.5929634,4.8865428e-05
1751.5,48.3713562,5871.62618,-20.1273964,-20.1273964,-12.37583775,-12.37583775,-11.6653552,-11.6653552,0.0352640515,35.529564,35.529564,0.000131205098,0.000131205098,0.000396847918,0.000396847918,0.710917083,2440.4744,34.9228009,0.00183604659,8.491003e-05,0.0,5871.62618,2443.24758,0.0352640515,-39.7653457,5.8757147e-05
1752.0,57.0982363,5871.61356,-23.7587811,-23.7587811,-14.60865475,-14.60865475,-13.8467344,-13.8467344,0.0362475171,35.529564,35.529564,0.000134864227,0.000134864227,0.00040791447,0.00040791447,0.711004222,2440.4744,34.371563,0.00188725144,3.207902e-06,0.0,5871.61356,2443.24286,0.0362475171,-42.9549751,6.5229115e-05
1752.5,65.825116,5871.61239,-27.3904162,-27.3904162,-16.8416493,-16.8416493,-16.015235,-16.015235,0.0370825188,35.529564,35.529564,0.000137970972,0.000137970972,0.000417310353,0.000417310353,0.711104689,2440.4744,34.371563,0.00193072631,4.4363164e-05,0.0,5871.61239,2443.24293,0.0370825188,-46.1438951,7.168489e-05
1753.0,71.522233,5864.949439999999,-29.8845361,-29.8845361,-18.3543321,-18.3543321,-17.4837115,-17.4837115,0.0376383045,35.529564,35.529564,0.000140038853,0.000140038853,0.000423564339,0.000423564339,0.711217048,2440.4744,34.371563,0.00195966367,-8.4127e-07,0.0,5864.949439999999,2440.47065,0.0376383045,-48.2664746,7.6096602e-05
1753.5,71.63748,5857.37874,-29.8195855,-29.8195855,-18.2908352,-18.2908352,-17.4220237,-17.4220237,0.038178546,38.8245563,38.8245563,0.000155298507,0.000155298507,0.000469713511,0.000469713511,0.711332614,2440.4744,34.371563,0.00198779168,1.6841195e-05,0.0,5857.37874,2437.32083,0.038178546,-50.3296893,8.0507121e-05
1754.0,71.63748,5857.08903,-29.8091022,-29.8091022,-18.2834999,-18.2834999,-17.414893,-17.414893,0.0393815676,46.1904608,46.1904608,0.00019056713,0.00019056713,0.000576379075,0.000576379075,0.711447902,2440.4744,34.371563,0.00205042784,2.979347e-05,0.0,5857.08903,2437.20099,0.0393815676,-54.9241045,9.0622425e-05
1754.5,71.63748,5857.08185,-29.808899,-29.808899,-18.2833531,-18.2833531,-17.4147504,-17.4147504,0.0405853002,53.5569197,53.5569197,0.000227697758,0.000227697758,0.000688674606,0.000688674606,0.711563157,2440.4744,34.371563,0.002113101,2.5060955e-05,0.0,5857.08185,2437.1987,0.0405853002,-59.5212373,0.000101207095
1755.0,71.63748,5857.08,-29.808895,-29.808895,-18.283345,-18.283345,-17.4147428,-17.4147428,0.0417913245,60.924635,60.924635,0.00026670581,0.00026670581,0.000806645478,0.000806645478,0.711678438,2440.4744,34.371563,0.00217589347,1.4831031e-05,0.0,5857.08,2437.1987,0.0417913245,-64.1271194,0.000112276908
1755.5,71.63748,5857.078299999999,-29.808895,-29.808895,-18.2833398,-18.2833398,-17.4147378,-17.4147378,0.0429956013,68.2926604,68.2926604,0.000307563693,0.000307563693,0.000930211813,0.000930211813,0.711793715,2440.4744,34.371563,0.00223859496,9.045845e-06,0.0,5857.078299999999,2437.1987,0.0429956013,-68.726327,0.000123795001
1756.0,71.63748,5857.07664,-29.808895,-29.808895,-18.2833348,-18.2833348,-17.4147324,-17.4147324,0.0441997666,75.6588492,75.6588492,0.000350270634,0.000350270634,0.00105937126,0.00105937126,0.711908969,2440.4744,34.371563,0.00230129056,1.9647955e-05,0.0,5857.07664,2437.1987,0.0441997666,-73.3251065,0.000135775993
1756.5,71.63748,5857.07485,-29.808895,-29.808895,-18.2833291,-18.2833291,-17.4147274,-17.4147274,0.0454083785,83.0275787,83.0275787,0.000394885588,0.000394885588,0.00119429988,0.00119429988,0.712024228,2440.4744,34.371563,0.0023642178,2.6382337e-05,0.0,5857.07485,2437.1987,0.0454083785,-77.940873,0.000148267517
1757.0,71.63748,5857.073249999999,-29.808895,-29.808895,-18.2833238,-18.2833238,-17.4147218,-17.4147218,0.0466095947,90.3934671,90.3934671,0.000441282354,0.000441282354,0.00133461675,0.00133461675,0.712139491,2440.4744,34.371563,0.00242675995,3.1897776e-05,0.0,5857.073249999999,2437.1987,0.0466095947,-82.5283929,0.000161145838
1757.5,71.63748,5857.071809999999,-29.8088933,-29.8088933,-18.2833183,-18.2833183,-17.4147163,-17.4147163,0.0477776882,97.5251413,97.5251413,0.000488000534,0.000488000534,0.00147590741,0.00147590741,0.712254746,2440.4744,34.371563,0.00248757752,3.5503623e-05,0.0,5857.071809999999,2437.1987,0.0477776882,-86.989416,0.000174106536
1758.0,71.63748,5703.68003,-37.0432148,-37.0432148,-21.9509327,-21.9509327,-20.9299844,-20.9299844,0.0487443094,99.552986,99.552986,0.000508167441,0.000508167441,0.00153689566,0.00153689566,0.712374146,2357.19314,34.371563,0.00253790528,6.2894285e-05,0.0,5703.68003,2373.37184,0.0487443094,-90.6810041,0.000185237073
1758.5,71.63748,4142.34216,-47.0445702,-47.0445702,-20.4365846,-20.4365846,-19.3257383,-19.3257383,0.0496269393,99.552986,99.552986,0.000517369006,0.000517369006,0.00156472001,0.00156472001,0.712514911,1717.76421,34.371563,0.00258386003,4.917273e-06,0.0,4142.34216,1723.68812,0.0496269393,-94.0518235,0.000195512353
1759.0,70.094555,2982.17811,-31.1609674,-31.1609674,-9.7600063,-9.7600063,-9.09028661,-9.09028661,0.0481414203,99.552986,99.552986,0.000501882227,0.000501882227,0.00151788995,0.00151788995,0.712608226,1270.03271,34.371563,0.00250651552,-3.4703645e-05,0.0,2982.17811,1240.93442,0.0481414203,-88.3785316,0.000178280984
1759.5,65.1059857,3024.86504,-26.9474127,-26.9474127,-8.5357737,-8.5357737,-7.94671828,-7.94671828,0.0474742653,99.552986,99.552986,0.000494927022,0.000494927022,0.00149685822,0.00149685822,0.712665647,1265.6005,34.371563,0.00247177962,-1.942497e-06,0.0,3024.86504,1258.69642,0.0474742653,-85.830627,0.000170685278
1760.0,59.9917259,3028.78638,-24.9602892,-24.9602892,-7.91674445,-7.91674445,-7.36280684,-7.36280684,0.0469984503,99.552986,99.552986,0.000489966588,0.000489966588,0.00148185826,0.00148185826,0.712720121,1265.6005,34.371563,0.00244700598,1.8913466e-05,0.0,3028.78638,1260.32781,0.0469984503,-84.0134583,0.000165397613
1760.5,54.8774651,3028.86238,-22.8349755,-22.8349755,-7.24283683,-7.24283683,-6.71862597,-6.71862597,0.0465090941,99.552986,99.552986,0.000484864965,0.000484864965,0.00146643141,0.00146643141,0.712770405,1265.6005,34.371563,0.00242152734,-3.0022594e-05,0.0,3028.86238,1260.35915,0.0465090941,-82.1445774,0.000160034509
1761.0,49.7632034,3028.86446,-20.7067566,-20.7067566,-6.56780942,-6.56780942,-6.07267659,-6.07267659,0.0460217723,99.552986,99.552986,0.000479784561,0.000479784561,0.00145106866,0.00145106866,0.712816315,1265.6005,34.371563,0.00239615462,1.9262753e-05,0.0,3028.86446,1260.35973,0.0460217723,-80.283467,0.000154770048
1761.5,44.6489414,3028.86537,-18.5785964,-18.5785964,-5.89279701,-5.89279701,-5.43080974,-5.43080974,0.045534052,99.552986,99.552986,0.000474699985,0.000474699985,0.00143569321,0.00143569321,0.712857828,1265.6005,34.371563,0.00237076107,-1.0980892e-05,0.0,3028.86537,1260.35983,0.045534052,-78.4208279,0.000149577295
1762.0,40.0381855,3030.06479,-16.6088661,-16.6088661,-5.27007031,-5.27007031,-4.83125869,-4.83125869,0.0450904023,99.552986,99.552986,0.000470074868,0.000470074868,0.00142170712,0.00142170712,0.712894921,1265.6005,34.371563,0.00234766216,-6.5399e-07,0.0,3030.06479,1260.85866,0.0450904023,-76.7265036,0.000144918006
1762.5,39.259163,3036.62066,-16.3099271,-16.3099271,-5.18646372,-5.18646372,-4.74861832,-4.74861832,0.0450159448,99.552986,99.552986,0.00046929863,0.00046929863,0.00141935981,0.00141935981,0.71292949,1265.6005,34.371563,0.00234378546,1.1559347e-05,0.0,3036.62066,1263.58656,0.0450159448,-76.4421445,0.000144141102
1763.0,39.259163,3198.17926,-10.22142177,-10.22142177,-3.31633648,-3.31633648,-2.93772945,-2.93772945,0.044482005,99.552986,99.552986,0.000463732229,0.000463732229,0.0014025272,0.0014025272,0.712960892,1347.42306,34.371563,0.00231598558,-1.4604826e-05,0.0,3198.17926,1330.81198,0.044482005,-74.402999,0.000138674629
1763.5,39.259163,4329.7068,-4.64898814,-4.64898814,-2.11838379,-2.11838379,-1.70365631,-1.70365631,0.0439914469,99.552986,99.552986,0.000458618079,0.000458618079,0.00138706223,0.00138706223,0.712974166,1808.10745,34.371563,0.00229044433,7.560085e-06,0.0,4329.7068,1801.64863,0.0439914469,-72.529526,0.000133650949
1764.0,39.259163,5557.604679999999,-4.96907726,-4.96907726,-2.89220828,-2.89220828,-2.35914329,-2.35914329,0.0440201061,99.552986,99.552986,0.000458916851,0.000458916851,0.0013879657,0.0013879657,0.712989503,2315.77749,34.371563,0.00229193647,-2.661064e-06,0.0,5557.604679999999,2312.5861,0.0440201061,-72.6389758,0.000133939725
1764.5,39.259163,6775.795459999999,-5.2642565,-5.2642565,-3.75172735,-3.75172735,-3.09370553,-3.09370553,0.0440431974,99.552986,99.552986,0.000459157583,0.000459157583,0.00138869365,0.00138869365,0.71300898,2822.03279,34.371563,0.00229313871,5.229638e-06,0.0,6775.795459999999,2819.48421,0.0440431974,-72.7271631,0.000134173508
1765.0,39.259163,7331.893429999999,-16.9035629,-16.9035629,-12.9780698,-12.9780698,-12.18350985,-12.18350985,0.0450691113,99.552986,99.552986,0.000469852896,0.000469852896,0.00142103588,0.00142103588,0.713062812,3037.752,34.371563,0.00234655368,9.56367e-06,0.0,7331.893429999999,3050.88137,0.0450691113,-76.645189,0.000144695682
1765.5,39.259163,7291.937390000001,-16.3868115,-16.3868115,-12.5131387,-12.5131387,-11.72180335,-11.72180335,0.0417989316,79.7773883,79.7773883,0.000354514487,0.000354514487,0.001072213745,0.001072213745,0.713145192,3037.752,34.371563,0.00217628959,-0.000218775273,0.0,7291.937390000001,3034.25336,0.0417989316,-64.1561738,0.000113655923
1766.0,39.259163,7290.58806,-16.336906,-16.336906,-12.4727146,-12.4727146,-11.6814341,-11.6814341,0.0304840958,10.5851734906,10.5851734906,4.0998093e-05,4.0998093e-05,0.000155836692,0.000155836692,0.713225689,3037.752,34.371563,0.001587175,-0.000336139965,0.0,7290.58806,3033.68539,0.0304840958,-20.944105976,2.8544622e-05
1766.5,39.259163,7290.64528,-16.3355544,-16.3355544,-12.4717803,-12.4717803,-11.6804905,-11.6804905,-0.0287874971,-60.8305021,-60.8305021,0.000198608887,0.000198608887,0.00060070612,0.00060070612,0.71330616,3037.752,34.371563,-0.001498840442,-0.002178664359,0.0,7290.64528,3033.67451,-0.0287874971,23.21438995,3.2187116e-05
1767.0,39.259163,7290.66492,-16.3359443,-16.3359443,-12.4721121,-12.4721121,-11.6808201,-11.6808201,-0.0428562702,-132.270847,-132.270847,0.000600825556,0.000600825556,0.00181718453,0.00181718453,0.713386607,3037.752,34.371563,-0.00223134063,-0.000339588079,0.0,7290.66492,3033.67447,-0.0428562702,68.1942153,0.000124220204
1767.5,39.259163,7290.67714,-16.3359991,-16.3359991,-12.4721746,-12.4721746,-11.6808816,-11.6808816,-0.0515919133,-185.626131,-185.626131,0.00100341183,0.00100341183,0.00303479114,0.00303479114,0.713467028,3037.752,34.371563,-0.0026861678,-0.00010472965,0.0,7290.67714,3033.67448,-0.0515919133,101.556185,0.000219604119
1768.0,39.259163,7290.6777,-16.3360289,-16.3360289,-12.4721982,-12.4721982,-11.6809045,-11.6809045,-0.0520863451,-188.59915,-188.59915,0.0010287083,0.0010287083,0.00311129994,0.00311129994,0.713547456,3037.752,34.371563,-0.00271191066,2.2777865e-05,0.0,7290.6777,3033.6743,-0.0520863451,103.4444475,0.000225693825
1768.5,39.259163,7290.6777,-16.336027,-16.336027,-12.4721971,-12.4721971,-11.6809032,-11.6809032,-0.052083893,-188.59915,-188.59915,0.00102865988,0.00102865988,0.00311115352,0.00311115352,0.713627892,3037.752,34.371563,-0.00271178303,-1.0376786e-05,0.0,7290.6777,3033.6743,-0.052083893,103.4350836,0.000225662771
1769.0,39.259163,7290.6777,-16.336027,-16.336027,-12.472197,-12.472197,-11.6809031,-11.6809031,-0.0520855977,-188.59915,-188.59915,0.00102869355,0.00102869355,0.00311125533,0.00311125533,0.713708312,3037.752,34.371563,-0.00271187173,2.413524e-06,0.0,7290.6777,3033.6743,-0.0520855977,103.4415945,0.000225684367
1769.5,39.259163,7290.6777,-16.336027,-16.336027,-12.4721971,-12.4721971,-11.6809031,-11.6809031,-0.0520833846,-188.59915,-188.59915,0.00102864982,0.00102864982,0.00311112315,0.00311112315,0.713788729,3037.752,34.371563,-0.00271175649,2.2424098e-05,0.0,7290.6777,3033.6743,-0.0520833846,103.4331424,0.000225656332
1770.0,39.259163,7290.6777,-16.336027,-16.336027,-12.472197,-12.472197,-11.680903,-11.680903,-0.0520840675,-188.59915,-188.59915,0.0010286633,0.0010286633,0.00311116392,0.00311116392,0.71386916,3037.752,34.371563,-0.00271179208,5.543579e-06,0.0,7290.6777,3033.6743,-0.0520840675,103.4357475,0.000225664977
1770.5,39.259163,7290.6777,-16.336027,-16.336027,-12.472197,-12.472197,-11.6809031,-11.6809031,-0.052084117,-188.59915,-188.59915,0.00102866431,0.00102866431,0.0031111669,0.0031111669,0.713949582,3037.752,34.371563,-0.00271179469,1.7830798e-05,0.0,7290.6777,3033.6743,-0.052084117,103.4359395,0.000225665607
1771.0,39.259163,7290.6777,-16.336027,-16.336027,-12.4721971,-12.4721971,-11.6809031,-11.6809031,-0.0520838341,-188.59915,-188.59915,0.0010286587,0.0010286587,0.00311115001,0.00311115001,0.714029996,3037.752,34.371563,-0.00271177991,8.595561e-06,0.0,7290.6777,3033.6743,-0.0520838341,103.4348569,0.000225662021
1771.5,39.259163,7290.6777,-16.336027,-16.336027,-12.4721972,-12.4721972,-11.6809032,-11.6809032,-0.052083086,-188.59915,-188.59915,0.00102864395,0.00102864395,0.00311110534,0.00311110534,0.714110415,3037.752,34.371563,-0.00271174098,1.2430898e-05,0.0,7290.6777,3033.6743,-0.052083086,103.4320005,0.000225652548
1772.0,36.5014016,7285.01434,-15.27282855,-15.27282855,-11.6516191,-11.6516191,-10.8640832,-10.8640832,-0.0523395054,-188.59915,-188.59915,0.00103370825,0.00103370825,0.00312642002,0.00312642002,0.714189255,3037.752,34.371563,-0.00272509163,1.162175e-05,0.0,7285.01434,3031.31771,-0.0523395054,104.4112856,0.000228914344
1772.5,30.8914839,7281.44295,-12.8579726,-12.8579726,-9.80435115,-9.80435115,-9.046356,-9.046356,-0.0528833304,-188.59915,-188.59915,0.00104444881,0.00104444881,0.00315889983,0.00315889983,0.714258599,3037.752,34.371563,-0.0027534063,1.4307152e-05,0.0,7281.44295,3029.83131,-0.0528833304,106.4881869,0.00023589348
1773.0,25.2815662,7281.34413,-10.519855,-10.519855,-8.02139552,-8.02139552,-7.29923559,-7.29923559,-0.0534175311,-188.59915,-188.59915,0.0010549993,0.0010549993,0.00319080471,0.00319080471,0.714316421,3037.752,34.371563,-0.0027812197,-1.6800932e-05,0.0,7281.34413,3029.7898,-0.0534175311,108.5283275,0.000242841137
1773.5,19.6716491,7281.34286,-8.18550322,-8.18550322,-6.24144971,-6.24144971,-5.44840895,-5.44840895,-0.0539548949,-188.59915,-188.59915,0.00106561223,0.00106561223,0.00322289846,0.00322289846,0.714362139,3037.752,34.371563,-0.0028091979,-2.2237003e-05,0.0,7281.34286,3029.78898,-0.0539548949,110.5805542,0.0002499222
1774.0,14.06173135,7281.343610000001,-5.8513746,-5.8513746,-4.46167605,-4.46167605,-3.70836402,-3.70836402,-0.0544892997,-188.59915,-188.59915,0.00107616678,0.00107616678,0.00325481551,0.00325481551,0.71439538,3037.752,34.371563,-0.0028370221,2.493626e-06,0.0,7281.343610000001,3029.78893,-0.0544892997,112.6214811,0.000257055902
1774.5,8.45181358,7281.344169999999,-3.51697631,-3.51697631,-2.68169654,-2.68169654,-2.12861762,-2.12861762,-0.0550467899,-188.725394,-188.725394,0.00108791058,0.00108791058,0.00329032925,0.00329032925,0.714416837,3037.752,34.371563,-0.00286604822,-1.7297201e-05,0.0,7281.344169999999,3029.78896,-0.0550467899,114.7505725,0.000264597238
1775.0,2.84189596,7281.3481,-1.182388343,-1.182388343,-0.901572185,-0.901572185,-0.7095105624,-0.7095105624,-0.0578409219,-202.573274,-202.573274,0.00122786393,0.00122786393,0.00371361329,0.00371361329,0.714427407,3037.752,34.371563,-0.00301152652,-0.000129126857,0.0,7281.3481,3029.78895,-0.0578409219,125.4215359,0.000304120519
1775.5,-1.575565618,7284.145,0.7272630176,0.7272630176,0.554801143,0.554801143,0.7050206676,0.7050206676,-0.0620480556,-225.677414,-225.677414,0.00146716035,0.00146716035,0.00443736936,0.00443736936,0.714426969,3037.752,34.371563,-0.00323057385,-0.000114880467,0.0,7284.145,3030.95033,-0.0620480556,141.488843,0.000367943149
1776.0,-1.9060007,7290.31719,0.806718652,0.806718652,0.615880963,0.615880963,0.782704522,0.782704522,-0.0658557891,-248.784392,-248.784392,0.00171647112,0.00171647112,0.00519143096,0.00519143096,0.714420739,3037.752,34.371563,-0.00342882609,-0.00011960823,0.0,7290.31719,3033.51638,-0.0658557891,156.030816,0.000430608726
1776.5,-1.9060007,7290.69482,0.793403877,0.793403877,0.605747812,0.605747812,0.769831126,0.769831126,-0.0696344079,-271.893443,-271.893443,0.00198342807,0.00198342807,0.00599887943,0.00599887943,0.714414786,3037.752,34.371563,-0.00362556229,-0.00013591867,0.0,7290.69482,3033.67123,-0.0696344079,170.461593,0.000497397505
1777.0,-1.9060007,7290.70726,0.793136387,0.793136387,0.605544628,0.605544628,0.769573044,0.769573044,-0.07341337,-294.998368,-294.998368,0.00226865167,0.00226865167,0.00686159396,0.00686159396,0.714408803,3037.752,34.371563,-0.0038223166,-0.000103722416,0.0,7290.70726,3033.67424,-0.07341337,184.893693,0.000568760991
1777.5,-1.9060007,7290.712700000001,0.793131349,0.793131349,0.605541239,0.605541239,0.769568816,0.769568816,-0.0771912285,-318.098786,-318.098786,0.00257208337,0.00257208337,0.00777939977,0.00777939977,0.714402857,3037.752,34.371563,-0.00401901325,-0.000109826721,0.0,7290.712700000001,3033.6743,-0.0771912285,199.321571,0.000644669133
1778.0,-1.9060007,7290.715270000001,0.793099734,0.793099734,0.605517284,0.605517284,0.769538404,0.769538404,-0.0788795189,-328.38486,-328.38486,0.00271253907,0.00271253907,0.0082042479,0.0082042479,0.7143969,3037.752,34.371563,-0.00410691526,-1.260726e-05,0.0,7290.715270000001,3033.6743,-0.0788795189,205.769253,0.000679881679
1778.5,-1.9060007,7290.714999999999,0.793100849,0.793100849,0.605518136,0.605518136,0.769539473,0.769539473,-0.0788805808,-328.38486,-328.38486,0.00271257564,0.00271257564,0.0082043587,0.0082043587,0.714390925,3037.752,34.371563,-0.00410697062,-6.416922e-06,0.0,7290.714999999999,3033.6743,-0.0788805808,205.773315,0.000679904258
1779.0,-1.9060007,7290.714999999999,0.793101058,0.793101058,0.605518304,0.605518304,0.769539687,0.769539687,-0.078880605,-328.38486,-328.38486,0.00271257645,0.00271257645,0.0082043609,0.0082043609,0.714384985,3037.752,34.371563,-0.00410697184,1.875166e-06,0.0,7290.714999999999,3033.6743,-0.078880605,205.7734,0.000679904752
1779.5,-1.9060007,7290.714999999999,0.793100969,0.793100969,0.60551821,0.60551821,0.769539574,0.769539574,-0.0788790047,-328.38486,-328.38486,0.0027125214,0.0027125214,0.00820419465,0.00820419465,0.714379003,3037.752,34.371563,-0.00410688859,-3.006276e-06,0.0,7290.714999999999,3033.6743,-0.0788790047,205.767297,0.000679870792
1780.0,-1.9060007,7290.714999999999,0.79310106,0.79310106,0.605518286,0.605518286,0.769539678,0.769539678,-0.0788805508,-328.38486,-328.38486,0.00271257462,0.00271257462,0.0082043554,0.0082043554,0.714373052,3037.752,34.371563,-0.00410696903,-2.4131761e-05,0.0,7290.714999999999,3033.6743,-0.0788805508,205.773197,0.000679903617
1780.5,-1.9060007,7290.714999999999,0.793100838,0.793100838,0.605518118,0.605518118,0.769539463,0.769539463,-0.0788786891,-328.38486,-328.38486,0.00271251053,0.00271251053,0.0082041617,0.0082041617,0.7143671,3037.752,34.371563,-0.00410687213,-3.0484055e-05,0.0,7290.714999999999,3033.6743,-0.0788786891,205.766088,0.000679864054
1781.0,-1.9060007,7290.714999999999,0.793100979,0.793100979,0.605518236,0.605518236,0.769539617,0.769539617,-0.0788790924,-328.38486,-328.38486,0.00271252441,0.00271252441,0.0082042037,0.0082042037,0.714361121,3037.752,34.371563,-0.00410689303,-6.646695e-06,0.0,7290.714999999999,3033.6743,-0.0788790924,205.767625,0.000679872638
1781.5,-1.9060007,7290.714999999999,0.793101187,0.793101187,0.605518392,0.605518392,0.769539821,0.769539821,-0.0788811409,-328.38486,-328.38486,0.00271259479,0.00271259479,0.0082044165,0.0082044165,0.714355203,3037.752,34.371563,-0.00410699971,3.1698901e-05,0.0,7290.714999999999,3033.6743,-0.0788811409,205.775447,0.000679916147
1782.0,-1.9060007,7290.714999999999,0.793101064,0.793101064,0.605518302,0.605518302,0.769539684,0.769539684,-0.0788799122,-328.38486,-328.38486,0.00271255254,0.00271255254,0.0082042891,0.0082042891,0.71434928,3037.752,34.371563,-0.00410693577,2.4107146e-05,0.0,7290.714999999999,3033.6743,-0.0788799122,205.770755,0.000679890024
1782.5,-1.9060007,7290.714999999999,0.79310095,0.79310095,0.605518216,0.605518216,0.769539585,0.769539585,-0.0788801825,-328.38486,-328.38486,0.00271256188,0.00271256188,0.00820431725,0.00820431725,0.7143433,3037.752,34.371563,-0.00410694969,-2.9741106e-05,0.0,7290.714999999999,3033.6743,-0.0788801825,205.771786,0.000679895763
1783.0,-1.9060007,7290.714999999999,0.793100973,0.793100973,0.60551823,0.60551823,0.769539613,0.769539613,-0.078879426,-328.38486,-328.38486,0.00271253595,0.00271253595,0.00820423865,0.00820423865,0.714337349,3037.752,34.371563,-0.00410691061,7.620251e-06,0.0,7290.714999999999,3033.6743,-0.078879426,205.76891,0.000679879768
1783.5,-1.9060007,7290.714999999999,0.793101046,0.793101046,0.605518276,0.605518276,0.769539684,0.769539684,-0.0788818861,-328.38486,-328.38486,0.00271262048,0.00271262048,0.008204494,0.008204494,0.7143314,3037.752,34.371563,-0.00410703855,-2.5147986e-05,0.0,7290.714999999999,3033.6743,-0.0788818861,205.778296,0.00067993195
1784.0,-1.9060007,7290.714999999999,0.79310093,0.79310093,0.605518204,0.605518204,0.769539547,0.769539547,-0.0788798911,-328.38486,-328.38486,0.00271255193,0.00271255193,0.0082042871,0.0082042871,0.714325419,3037.752,34.371563,-0.00410693477,-2.3934324e-05,0.0,7290.714999999999,3033.6743,-0.0788798911,205.77068,0.000679889633
1784.5,-1.9060007,7290.714999999999,0.79310093,0.79310093,0.605518208,0.605518208,0.769539574,0.769539574,-0.0788789545,-328.38486,-328.38486,0.00271251971,0.00271251971,0.0082041893,0.0082041893,0.714319476,3037.752,34.371563,-0.00410688599,5.181656e-06,0.0,7290.714999999999,3033.6743,-0.0788789545,205.767102,0.000679869732
1785.0,-1.9060007,7290.714999999999,0.793100959,0.793100959,0.605518222,0.605518222,0.769539593,0.769539593,-0.0788799042,-328.38486,-328.38486,0.00271255233,0.00271255233,0.0082042881,0.0082042881,0.7143135,3037.752,34.371563,-0.00410693533,-2.3469032e-05,0.0,7290.714999999999,3033.6743,-0.0788799042,205.770721,0.000679889859
1785.5,-1.92161212,7290.6803,0.798891258,0.798891258,0.60993608,0.60993608,0.775153739,0.775153739,-0.0788809374,-328.38486,-328.38486,0.0027125878,0.0027125878,0.00820439545,0.00820439545,0.714307531,3037.752,34.371563,-0.00410698911,-2.3984303e-05,0.0,7290.6803,3033.65985,-0.0788809374,205.774669,0.000679911791
1786.0,-1.97003761,7290.634759999999,0.819677144,0.819677144,0.625801759,0.625801759,0.795316484,0.795316484,-0.078888583,-328.38486,-328.38486,0.00271285082,0.00271285082,0.0082051906,0.0082051906,0.714301442,3037.752,34.371563,-0.00410738721,1.5915823e-05,0.0,7290.634759999999,3033.64086,-0.078888583,205.803869,0.000680074206
1786.5,-2.01950724,7290.633,0.840330196,0.840330196,0.641569633,0.641569633,0.815355515,0.815355515,-0.0788902557,-328.38486,-328.38486,0.00271290827,0.00271290827,0.0082053646,0.0082053646,0.714295209,3037.752,34.371563,-0.00410747427,-8.348949e-06,0.0,7290.633,3033.6401,-0.0788902557,205.810259,0.000680109726
1787.0,-2.06897674,7290.633,0.860917629,0.860917629,0.657287616,0.657287616,0.835331078,0.835331078,-0.0788946716,-328.38486,-328.38486,0.00271306015,0.00271306015,0.00820582385,0.00820582385,0.714288829,3037.752,34.371563,-0.00410770423,7.73285e-06,0.0,7290.633,3033.6401,-0.0788946716,205.827124,0.000680203543
1787.5,-2.1184464,7281.293110000001,-0.64078114,-0.64078114,-0.47735104,-0.47735104,-0.239851111,-0.239851111,-0.0669109721,-255.696151,-255.696151,0.00182601424,0.00182601424,0.00552278364,0.00552278364,0.714282735,3028.15531,34.371563,-0.00348376475,0.000932856223,0.0,7281.293110000001,3029.76073,-0.0669109721,160.06062,0.00045745764
1788.0,-2.16791595,6139.92343,-17.132126,-17.132126,-11.04376035,-11.04376035,-10.3553664,-10.3553664,-0.0403070103,-101.879889,-101.879889,0.000463226932,0.000463226932,0.001401018884,0.001401018884,0.714325106,2536.62179,34.371563,-0.00209861168,0.000726938111,0.0,6139.92343,2554.84385,-0.0403070103,58.4584295,0.000106945906
1788.5,-2.21738554,4276.66614,-16.031432,-16.031432,-7.18275356,-7.18275356,-6.65667543,-6.65667543,0.0259904956,51.92962514,51.92962514,0.00023201346,0.00023201346,0.000701725076,0.000701725076,0.71438431,1781.37717,34.371563,0.001353212646,0.002623647415,0.0,4276.66614,1779.56751,0.0259904956,-36.7838645,6.3214259e-05
1789.0,-2.26685512,2462.57904,-15.95719685,-15.95719685,-4.11542632,-4.11542632,-3.71689454,-3.71689454,0.0598701185,205.729185,205.729185,0.001323268314,0.001323268314,0.00400216753,0.00400216753,0.714421808,1026.132499,34.371563,0.00311717811,0.000741271822,0.0,2462.57904,1024.7323,0.0598701185,-133.1711686,0.000342322813
1789.5,-2.31632473,724.636125,-11.08827708,-11.08827708,-1.075547808,-1.075547808,-0.8429062887,-0.8429062887,0.0803553486,333.461236,333.461236,0.00281206685,0.00281206685,0.00850529562,0.00850529562,0.714438536,316.594978,34.371563,0.0041837554,0.000249682931,0.0,724.636125,301.5733625,0.0803553486,-211.405542,0.000713015088
1790.0,-2.36579431,349.867682,1.89862664,1.89862664,0.0675544662,0.0675544662,0.1866669384,0.1866669384,0.0814087344,346.83792,346.83792,0.00295682889,0.00295682889,0.0089431941,0.0089431941,0.714439105,158.57045,34.371563,0.0042386007,1.9763857e-05,0.0,349.867682,145.6300575,0.0814087344,-215.4285,0.000734620632
1790.5,-2.3910077,379.718024,1.021691986,1.021691986,0.0406244707,0.0406244707,0.1076078005,0.1076078005,0.0814841619,346.83792,346.83792,0.00295956841,0.00295956841,0.00895147925,0.00895147925,0.714438026,158.57045,34.371563,0.00424252782,7.437022e-06,0.0,379.718024,158.051051,0.0814841619,-215.716553,0.000736283868
1791.0,-2.3910077,380.441038,0.995436043,0.995436043,0.0396578652,0.0396578652,0.104947398,0.104947398,0.0814865314,346.83792,346.83792,0.00295965444,0.00295965444,0.0089517396,0.0089517396,0.714437153,158.57045,34.371563,0.00424265116,-1.7168298e-05,0.0,380.441038,158.351908,0.0814865314,-215.7256,0.000736336141
1791.5,-2.3910077,380.471406,0.99513276,0.99513276,0.0396489482,0.0396489482,0.104919709,0.104919709,0.0690079898,270.288962,270.288962,0.00199304813,0.00199304813,0.00602801484,0.00602801484,0.714436305,158.57045,34.371563,0.00359294747,-0.000787328684,0.0,380.471406,158.357254,0.0690079898,-168.069266,0.000495766187
1792.0,-2.3910077,380.510873,0.995138297,0.995138297,0.039653281,0.039653281,0.1049258565,0.1049258565,0.0415535617,102.4498711,102.4498711,0.000485625405,0.000485625405,0.001468756871,0.001468756871,0.714435476,158.57045,34.371563,0.00216351421,-0.000806171883,0.0,380.510873,158.357646,0.0415535617,-63.2190893,0.00011998919
1792.5,-2.3910077,380.607963,0.995529036,0.995529036,0.0396789717,0.0396789717,0.1049807544,0.1049807544,-0.02798432321,-65.400221,-65.400221,0.000288740389,0.000288740389,0.000873783849,0.000873783849,0.71443466,158.57045,34.371563,-0.001457022638,-0.00339910976,0.0,380.607963,158.357442,-0.02798432321,41.04514523,7.2962835e-05
1793.0,-2.3910077,380.647608,0.994953864,0.994953864,0.0396601779,0.0396601779,0.10492569,0.10492569,-0.0551845359,-183.272456,-183.272456,0.0010606304,0.0010606304,0.0032078115,0.0032078115,0.714433854,158.57045,34.371563,-0.00287322004,-0.000166178577,0.0,380.647608,158.358058,-0.0551845359,115.2766305,0.00026685212
1793.5,-2.3910077,380.647446,0.994912446,0.994912446,0.0396585104,0.0396585104,0.1049212995,0.1049212995,-0.0558912414,-187.55998,-187.55998,0.00109777299,0.00109777299,0.00332014771,0.00332014771,0.714433028,158.57045,34.371563,-0.00291001511,2.0086282e-05,0.0,380.647446,158.357574,-0.0558912414,117.9755848,0.000276200527
1794.0,-2.3910077,380.64734,0.994915805,0.994915805,0.0396586354,0.0396586354,0.10492164,0.10492164,-0.0558911252,-187.55998,-187.55998,0.00109777073,0.00109777073,0.00332014082,0.00332014082,0.71443221,158.57045,34.371563,-0.00291000911,9.10517e-06,0.0,380.64734,158.357534,-0.0558911252,117.9751415,0.000276198916
1794.5,-2.3910077,380.64734,0.994915966,0.994915966,0.039658641,0.039658641,0.1049216592,0.1049216592,-0.0558926868,-187.55998,-187.55998,0.00109780138,0.00109780138,0.0033202336,0.0033202336,0.714431382,158.57045,34.371563,-0.00291009043,7.422274e-06,0.0,380.64734,158.357532,-0.0558926868,117.9811062,0.00027622059
1795.0,-2.3910077,380.64734,0.994915872,0.994915872,0.039658637,0.039658637,0.1049216452,0.1049216452,-0.0558921264,-187.55998,-187.55998,0.00109779038,0.00109779038,0.00332020028,0.00332020028,0.714430563,158.57045,34.371563,-0.00291006121,-1.519304e-05,0.0,380.64734,158.357531,-0.0558921264,117.9789648,0.000276212812
1795.5,-2.3910077,380.64734,0.994915938,0.994915938,0.0396586397,0.0396586397,0.1049216534,0.1049216534,-0.0558928903,-187.55998,-187.55998,0.00109780537,0.00109780537,0.00332024565,0.00332024565,0.714429739,158.57045,34.371563,-0.00291010095,-5.997516e-06,0.0,380.64734,158.357531,-0.0558928903,117.9818825,0.00027622342
1796.0,-2.3910077,380.64734,0.994915956,0.994915956,0.0396586403,0.0396586403,0.1049216566,0.1049216566,-0.055893807,-187.55998,-187.55998,0.00109782338,0.00109782338,0.00332030012,0.00332030012,0.714428904,158.57045,34.371563,-0.00291014869,8.731196e-06,0.0,380.64734,158.357531,-0.055893807,117.9853836,0.000276236147
1796.5,-2.3910077,380.64734,0.994915898,0.994915898,0.0396586383,0.0396586383,0.1049216506,0.1049216506,-0.0558923537,-187.55998,-187.55998,0.00109779486,0.00109779486,0.00332021386,0.00332021386,0.714428089,158.57045,34.371563,-0.0029100731,-1.3518233e-05,0.0,380.64734,158.357532,-0.0558923537,117.9798355,0.000276215987
1797.0,-2.3910077,380.64734,0.994915892,0.994915892,0.0396586376,0.0396586376,0.1049216498,0.1049216498,-0.0558923526,-187.55998,-187.55998,0.00109779481,0.00109779481,0.00332021377,0.00332021377,0.714427266,158.57045,34.371563,-0.00291007298,-2.3823025e-05,0.0,380.64734,158.357532,-0.0558923526,117.9798306,0.000276215959
1797.5,-2.3910077,380.64734,0.994916,0.994916,0.0396586417,0.0396586417,0.1049216598,0.1049216598,-0.0558929113,-187.55998,-187.55998,0.0010978058,0.0010978058,0.00332024693,0.00332024693,0.714426446,158.57045,34.371563,-0.00291010212,-1.7850761e-05,0.0,380.64734,158.357531,-0.0558929113,117.9819625,0.00027622372
1798.0,-2.3910077,380.64734,0.994915924,0.994915924,0.0396586389,0.0396586389,0.1049216506,0.1049216506,-0.0558915125,-187.55998,-187.55998,0.0010977783,0.0010977783,0.00332016376,0.00332016376,0.714425617,158.57045,34.371563,-0.00291002923,9.85986e-06,0.0,380.64734,158.357532,-0.0558915125,117.9766179,0.000276204288
1798.5,4.55140886,396.66314,-1.498440746,-1.498440746,-0.0665615704,-0.0665615704,0.005774366,0.005774366,-0.0552658561,-187.55998,-187.55998,0.00108548964,0.00108548964,0.00328300313,0.00328300313,0.714424972,158.57045,34.371563,-0.00287745404,6.8871483e-05,0.0,396.66314,165.022188,-0.0552658561,115.587199,0.000267643807
1799.0,32.3709783,427.567806,-13.40765154,-13.40765154,-0.600909029,-0.600909029,-0.38407898,-0.38407898,-0.0525828148,-187.55998,-187.55998,0.00103279141,0.00103279141,0.00312364317,0.00312364317,0.714426294,158.57045,34.371563,-0.00273775965,9.3377634e-05,0.0,427.567806,177.883415,-0.0525828148,105.3404966,0.000232125422
1799.5,61.5995043,429.25535,-25.6301145,-25.6301145,-1.152122717,-1.152122717,-0.793930651,-0.793930651,-0.0497856796,-187.55998,-187.55998,0.000977852215,0.000977852215,0.0029575041,0.0029575041,0.714430732,158.57045,34.371563,-0.00259212494,9.4781112e-05,0.0,429.25535,178.587252,-0.0497856796,94.6580638,0.000197504386
1800.0,89.366603222222,429.282282222222,-37.187521,-37.187521,-1.671739044444,-1.671739044444,-1.147640311111,-1.147640311111,-0.047131447556,-187.55998,-187.55998,0.000925719817,0.000925719817,0.0027998506,0.0027998506,0.71443765,158.57045,34.371563,-0.002453930544,7.663296e-05,0.0,429.282282222222,178.600005555556,-0.047131447556,84.521383777778,0.000166948526
