Time_s,Car_Speed_kmph
0.0,0.002532937
0.5,0.00224033712
1.0,0.00285080752
1.5,0.00284871158
2.0,0.00284861963
2.5,0.00284580644
3.0,0.00284876654
3.5,0.00284862392
4.0,0.00284444482
4.5,0.00283130038
5.0,0.00281806112
5.5,0.00273621893
6.0,0.00258510662
6.5,0.00243399663
7.0,0.00228288028
7.5,0.0021311428
8.0,0.00197587733
8.5,0.00183002644
9.0,0.00168947905
9.5,0.00155405544
10.0,0.00145490477
10.5,0.00144871719
11.0,0.0014487168
11.5,0.00144871969
12.0,0.00144872136
12.5,0.00144871681
13.0,0.00144872377
13.5,0.00144871664
14.0,0.00144871753
14.5,0.0014487187
15.0,0.00144871911
15.5,0.00144872216
16.0,0.00144871855
16.5,0.00144871998
17.0,0.00145733738
17.5,0.00147885328
18.0,0.00156766665
18.5,0.00167765711
19.0,0.00178761846
19.5,0.00189297464
20.0,0.0019868549
20.5,0.00205793674
21.0,0.00206232353
21.5,0.00206232347
22.0,0.00206232319
22.5,0.00206232072
23.0,0.00206232039
23.5,0.00206232266
24.0,0.00206232034
24.5,0.00206232166
25.0,0.00206232495
25.5,0.00206231686
26.0,0.00208232959
26.5,0.002152158
27.0,0.00221472147
27.5,0.00222280927
28.0,0.00222254026
28.5,0.00204884395
29.0,0.00154213314
29.5,-0.00160805837
30.0,-0.00187272648
30.5,-0.00191562438
31.0,-0.00191433847
31.5,-0.0018772484
32.0,-0.00180750258
32.5,-0.00150814497
33.0,0.0015832307
33.5,0.00180150894
34.0,0.00180145602
34.5,0.00179688259
35.0,0.00178955488
35.5,0.0017823066
36.0,0.00177506398
36.5,0.00176781628
37.0,0.00176057771
37.5,0.00175333089
38.0,0.00174609165
38.5,0.00174211809
39.0,0.00174220681
39.5,0.00174221605
40.0,0.0017422131
40.5,0.00174221113
41.0,0.00174221694
41.5,0.00174221089
42.0,0.00173902907
42.5,0.00168828465
43.0,0.00162162915
43.5,0.00155498971
44.0,0.00147794592
44.5,0.00139310127
45.0,0.00131020444
45.5,-0.001208832032
46.0,-0.00135463863
46.5,-0.00133829074
47.0,0.00120397902
47.5,0.00153197336
48.0,0.00163448148
48.5,0.00162362579
49.0,0.00158596325
49.5,0.00154763277
50.0,0.00150930587
50.5,0.00147659458
51.0,0.00147263619
51.5,0.00147263236
52.0,0.00147263409
52.5,0.00147163523
53.0,0.001220361836
53.5,-0.00139145315
54.0,-0.00140750195
54.5,-0.00140304471
55.0,-0.00139532191
55.5,-0.00138770544
56.0,-0.00138009512
56.5,-0.00137248554
57.0,-0.00136487679
57.5,-0.00135727013
58.0,-0.0013500255
58.5,-0.0013644205
59.0,-0.00139381292
59.5,-0.00142316066
60.0,-0.00145250344
60.5,-0.00148184611
61.0,-0.00151118683
61.5,-0.00154052658
62.0,-0.00156986791
62.5,-0.00159920955
63.0,-0.00161891821
63.5,-0.00161944222
64.0,-0.00161943908
64.5,-0.00161944385
65.0,-0.00154540303
65.5,-0.001246263675
66.0,0.00141691771
66.5,0.00158205546
67.0,0.00173271303
67.5,0.00187274499
68.0,0.00188028121
68.5,0.00185986445
69.0,0.00183918698
69.5,0.00182684284
70.0,0.00180824352
70.5,0.00178734769
71.0,0.00178512091
71.5,0.00176902767
72.0,0.00178727819
72.5,0.00181251989
73.0,0.00181094508
73.5,0.00177767834
74.0,0.00176776466
74.5,0.00176831911
75.0,0.0017683337
75.5,0.00176833531
76.0,0.00176833593
76.5,0.00176833766
77.0,0.00176833483
77.5,0.00174685975
78.0,0.00154820617
78.5,0.00025836478
79.0,-0.00153743807
79.5,-0.00176363965
80.0,-0.00182564537
80.5,-0.00184331481
81.0,-0.0018567908
81.5,-0.00185735545
82.0,-0.00185732257
82.5,-0.00185732488
83.0,-0.00185732321
83.5,-0.0018573235
84.0,-0.00185732289
84.5,-0.00185732239
85.0,-0.00185732341
85.5,-0.00185732707
86.0,-0.00185732482
86.5,-0.00186409389
87.0,-0.00154880658
87.5,0.00174487278
88.0,0.00248276387
88.5,0.00268383531
89.0,0.00268019138
89.5,0.00268030481
90.0,0.00268030349
90.5,0.0026803077
91.0,0.00268030745
91.5,0.00247635637
92.0,0.00196765393
92.5,0.00138322664
93.0,-0.000203479775
93.5,-0.00179318159
94.0,-0.00221035334
94.5,-0.00262718216
95.0,-0.00289741517
95.5,-0.00284959723
96.0,-0.00276449961
96.5,-0.00268031708
97.0,-0.00259614928
97.5,-0.00251198194
98.0,-0.0024569038
98.5,-0.00245702185
99.0,-0.00245711071
99.5,-0.00245711814
100.0,-0.00245711236
100.5,-0.00245711425
101.0,-0.00248875783
101.5,-0.00256395474
102.0,-0.00263836239
102.5,-0.00271269575
103.0,-0.00274693271
103.5,-0.00269473989
104.0,-0.00249117074
104.5,-0.00227754482
105.0,-0.00206390255
105.5,-0.00182068039
106.0,-0.00160974578
106.5,-0.00142498746
107.0,0.000978424685
107.5,0.00160685689
108.0,0.00170282039
108.5,0.00170281768
109.0,0.00170281706
109.5,0.00170281566
110.0,0.00170282093
110.5,0.0017028193
111.0,0.00170278372
111.5,0.00169306092
112.0,0.00167610704
112.5,0.00167132114
113.0,0.00167146489
113.5,0.00167376165
114.0,0.00170310758
114.5,0.00173954397
115.0,0.00177577822
115.5,0.00181200769
116.0,0.00184823706
116.5,0.00188446643
117.0,0.00194342151
117.5,0.00203070257
118.0,0.0020993507
118.5,0.00214978548
119.0,0.00214981602
119.5,0.00210908225
120.0,0.0020694501
120.5,0.00202309348
121.0,0.00194288086
121.5,0.0019230893
122.0,0.0019026892
122.5,0.00167774208
123.0,0.001236331953
123.5,-0.0014776362
124.0,-0.00176990932
124.5,-0.00204379961
125.0,-0.00210983753
125.5,-0.00208929216
126.0,-0.00208373256
126.5,-0.0020840753
127.0,-0.0020857775
127.5,-0.00208843614
128.0,-0.00209106945
128.5,-0.00209266765
129.0,-0.00194603365
129.5,-0.00169433279
130.0,-0.00144263806
130.5,0.000946616908
131.0,0.00134523032
131.5,0.00134525183
132.0,0.00134525819
132.5,0.00134525277
133.0,0.00138184683
133.5,0.00145462683
134.0,0.00152650099
134.5,0.00159832696
135.0,0.00167015541
135.5,0.00174199241
136.0,0.00181381898
136.5,0.00188564784
137.0,0.00197871631
137.5,0.00211167441
138.0,0.0021997389
138.5,0.00228723501
139.0,0.00227828936
139.5,0.002144532
140.0,0.0020133651
140.5,0.0019685885
141.0,0.00205791846
141.5,0.00211832656
142.0,0.00212024872
142.5,0.00212024982
143.0,0.0021202502
143.5,0.0021202562
144.0,0.00212982242
144.5,0.00216886962
145.0,0.00220929754
145.5,0.00224964255
146.0,0.00227304111
146.5,0.00227260037
147.0,0.00227257177
147.5,0.00227257225
148.0,0.00227262123
148.5,0.00228005957
149.0,0.00229275471
149.5,0.00230544433
150.0,0.00231813102
150.5,0.00233081622
151.0,0.00234350408
151.5,0.00235619533
152.0,0.00236888141
152.5,0.00238156701
153.0,0.00240757052
153.5,0.00247547921
154.0,0.00240431357
154.5,0.00237607679
155.0,0.00225598121
155.5,0.00202919026
156.0,0.00180204474
156.5,0.00158363763
157.0,0.00140901472
157.5,0.00137531052
158.0,0.00137531712
158.5,0.00137531574
159.0,0.00138236925
159.5,0.00138726434
160.0,0.00136469394
160.5,0.00137902942
161.0,0.000688769272
161.5,0.000592230401
162.0,0.00148524514
162.5,0.00149326566
163.0,0.00150884972
163.5,0.00152462202
164.0,0.00153218576
164.5,0.00153198144
165.0,0.00153197468
165.5,0.00153197554
166.0,0.00152846262
166.5,0.00149833198
167.0,0.00146280788
167.5,0.00142727934
168.0,0.00139175366
168.5,0.00135623072
169.0,0.0013217841
169.5,0.00131186228
170.0,0.0013118675
170.5,0.00131186622
171.0,0.00131186381
171.5,0.00131186943
172.0,0.00131186415
172.5,0.00131090596
173.0,-2.1264713e-05
173.5,-0.0013253612
174.0,-0.00134411435
174.5,-0.00135933744
175.0,-0.00136041542
175.5,-0.00136037351
176.0,-0.00136036898
176.5,-0.00136036707
177.0,-0.00136105491
177.5,-0.00136293972
178.0,-0.00136107225
178.5,-0.00136474383
179.0,-0.0013520412
179.5,-0.000975401635
180.0,0.00133697655
180.5,0.00138027283
181.0,0.00142357094
181.5,0.00146669466
182.0,0.00148346192
182.5,0.00148352586
183.0,0.00148352449
183.5,0.00148353229
184.0,0.00148352589
184.5,0.0014835304
185.0,0.00148353043
185.5,0.00148079897
186.0,0.00142229797
186.5,0.0013420767
187.0,-0.000953811846
187.5,-0.00142096966
188.0,-0.00150118952
188.5,-0.00155454983
189.0,-0.0015558595
189.5,-0.00155696586
190.0,-0.00156007683
190.5,-0.00156318138
191.0,-0.00156628757
191.5,-0.00156939063
192.0,-0.00157249826
192.5,-0.00150032289
193.0,-0.00150229567
193.5,-0.00154356562
194.0,-0.00158739228
194.5,-0.00163145339
195.0,-0.00149936897
195.5,-0.00145619934
196.0,-0.00144352743
196.5,-0.00142250646
197.0,-0.000638741907
197.5,7.884423e-05
198.0,0.0002879843
198.5,0.00019625065
199.0,0.000180873788
199.5,0.000221774601
200.0,6.7762861e-05
200.5,0.000133953933
201.0,9.6901285e-05
201.5,0.0002147938
202.0,0.000154234323
202.5,0.000471889862
203.0,0.00160523903
203.5,0.00158961051
204.0,0.00159968862
204.5,0.00163340961
205.0,0.00166791949
205.5,0.00170243215
206.0,0.00173694434
206.5,0.00177145787
207.0,0.00180596863
207.5,0.0018404724
208.0,0.00187499275
208.5,0.00189914976
209.0,0.00190001039
209.5,0.0019000125
210.0,0.00190001264
210.5,0.00190001324
211.0,0.00190021895
211.5,0.00190152
212.0,0.00190296281
212.5,0.00190439359
213.0,0.00190582077
213.5,0.00190722517
214.0,0.00190764716
214.5,0.00190845101
215.0,0.00191306597
215.5,0.00191808297
216.0,0.00192307691
216.5,0.00192807958
217.0,0.00175917675
217.5,0.001329626408
218.0,-0.00143414888
218.5,-0.00144989419
219.0,-0.00144489378
219.5,-0.00144200878
220.0,-0.00144206488
220.5,-0.00144206424
221.0,-0.00144206302
221.5,-0.00144207109
222.0,-0.00144206431
222.5,-0.0014420662
223.0,-0.00144206655
223.5,-0.00144206955
224.0,-0.00144206622
224.5,-0.00142594948
225.0,-0.00139910611
225.5,-0.00139627257
226.0,-0.00137924231
226.5,-0.00138495332
227.0,-0.00140097425
227.5,-0.00141205944
228.0,-0.0015394691
228.5,-0.00169556088
229.0,-0.0018516506
229.5,-0.0019980439
230.0,-0.00203032328
230.5,-0.00203032065
231.0,-0.00203032296
231.5,-0.00203237425
232.0,-0.00205345808
232.5,-0.00202392501
233.0,-0.00192326227
233.5,-0.00182237792
234.0,-0.0017178716
234.5,-0.00159412469
235.0,-0.00146806695
235.5,-0.001208293469
236.0,0.0013244479
236.5,0.00132444791
237.0,0.00132445191
237.5,0.00132445183
238.0,0.00132445135
238.5,0.00130693791
239.0,0.00130623862
239.5,0.00130636353
240.0,0.0013146855
240.5,0.00134931589
241.0,0.00137467211
241.5,0.00139046376
242.0,0.0013782906
242.5,0.00137867028
243.0,0.00134691076
243.5,-0.000848883836
244.0,-0.00134136215
244.5,-0.00138855756
245.0,-0.001427692
245.5,-0.00142983228
246.0,-0.00142983135
246.5,-0.00142983054
247.0,-0.00142983062
247.5,-0.00146505628
248.0,-0.00153190612
248.5,-0.00159876946
249.0,-0.00166562902
249.5,-0.0017324757
250.0,-0.00179336588
250.5,-0.00181333508
251.0,-0.00184811962
251.5,-0.00185305092
252.0,-0.00185984045
252.5,-0.0018621667
253.0,-0.00183952582
253.5,-0.00184163653
254.0,-0.00184169857
254.5,-0.00184170118
255.0,-0.00184170432
255.5,-0.00184170835
256.0,-0.00184170124
256.5,-0.00184170238
257.0,-0.00184170424
257.5,-0.00188856914
258.0,-0.0019918385
258.5,-0.00209509588
259.0,-0.00219836332
259.5,-0.00230176939
260.0,-0.00241085087
260.5,-0.00252284864
261.0,-0.00263476065
261.5,-0.00274409817
262.0,-0.00278260723
262.5,-0.00278345525
263.0,-0.00278342675
263.5,-0.0027834231
264.0,-0.00278342626
264.5,-0.00278342491
265.0,-0.00278342626
265.5,-0.00278342445
266.0,-0.00278342516
266.5,-0.00278342889
267.0,-0.00278342119
267.5,-0.00278342831
268.0,-0.0027834239
268.5,-0.00256033139
269.0,-0.00202095366
269.5,-0.00120076912
270.0,0.00166503673
270.5,0.00207972502
271.0,0.0020943439
271.5,0.00208005959
272.0,0.0020658237
272.5,0.00205158044
273.0,0.00203733961
273.5,0.00202309836
274.0,0.00200885626
274.5,0.00199809142
275.0,0.00195126061
275.5,0.00189035464
276.0,0.00182942802
276.5,0.00176850285
277.0,0.001707584
277.5,0.00164666031
278.0,0.00159160396
278.5,0.00158212751
279.0,0.00158212846
279.5,0.001582132
280.0,0.00158213252
280.5,0.00158211334
281.0,0.00157709864
281.5,0.00156862697
282.0,0.00162259838
282.5,0.00162081453
283.0,0.00158577154
283.5,0.00159111761
284.0,0.00161735793
284.5,0.00163464733
285.0,0.00163480796
285.5,0.00163477736
286.0,0.00163477675
286.5,0.00163477478
287.0,0.00163477649
287.5,0.00163477336
288.0,0.00164222377
288.5,0.00166476492
289.0,0.00168774345
289.5,0.00171072799
290.0,0.00173369885
290.5,0.00175661651
291.0,0.00177922145
291.5,0.00179635549
292.0,0.00179707198
292.5,0.00179666646
293.0,0.00179626187
293.5,0.00179586204
294.0,0.00179547975
294.5,0.00178034574
295.0,0.00166411043
295.5,0.00152920046
296.0,0.00139427517
296.5,-0.000599067506
297.0,-0.00147825124
297.5,-0.00161315913
298.0,-0.00174808445
298.5,-0.00188300627
299.0,-0.00201792697
299.5,-0.00208671811
300.0,-0.0020825209
300.5,-0.00208058946
301.0,-0.00208007731
301.5,-0.0020429494
302.0,-0.00199050172
302.5,-0.00193224833
303.0,-0.00187433184
303.5,-0.0018164407
304.0,-0.00175854637
304.5,-0.00170463148
305.0,-0.00169415081
305.5,-0.00169447301
306.0,-0.00169448165
306.5,-0.00169448522
307.0,-0.00169448361
307.5,-0.00169448132
308.0,-0.00166058802
308.5,-0.00157371053
309.0,-0.00148621833
309.5,-0.00139874631
310.0,-0.000641659519
310.5,0.00137912317
311.0,0.00147151127
311.5,0.00156577381
312.0,0.00165998533
312.5,0.00173704018
313.0,0.00174982374
313.5,0.00175525136
314.0,0.00175561455
314.5,0.00171011657
315.0,0.00156206316
315.5,0.00141249132
316.0,0.00067452256
316.5,0.001028661774
317.0,0.0013126036
317.5,0.00137765165
318.0,0.00145177127
318.5,0.00152451635
319.0,0.00159476063
319.5,0.00166914443
320.0,0.00174326642
320.5,0.00182195846
321.0,0.00189224891
321.5,0.00190822277
322.0,0.0019082223
322.5,0.0019082237
323.0,0.00191280772
323.5,0.0019517429
324.0,0.00199680183
324.5,0.00204166567
325.0,0.00208881212
325.5,0.00215439595
326.0,0.00222342929
326.5,0.00226359964
327.0,0.00228786223
327.5,0.00230919263
328.0,0.00233166017
328.5,0.00234999053
329.0,0.00235519071
329.5,0.00235648937
330.0,0.00235641554
330.5,0.00235735694
331.0,0.00239786694
331.5,0.00240235909
332.0,0.00240220682
332.5,0.00240220244
333.0,0.0023840445
333.5,0.00213190975
334.0,0.00180917268
334.5,0.00148644165
335.0,-0.001072930668
335.5,-0.00172072023
336.0,-0.00176042762
336.5,-0.00176042622
337.0,-0.00176042971
337.5,-0.00176042756
338.0,-0.00176042852
338.5,-0.00176042717
339.0,-0.00176042836
339.5,-0.00176042979
340.0,-0.00176042862
340.5,-0.00176043
341.0,-0.00176481994
341.5,-0.0017771323
342.0,-0.00178941311
342.5,-0.00180168919
343.0,-0.00181395949
343.5,-0.00182622981
344.0,-0.0018368602
344.5,-0.00178166294
345.0,-0.0016847354
345.5,-0.00158786051
346.0,-0.00149098734
346.5,-0.00139447583
347.0,-0.00135417074
347.5,-0.00135417374
348.0,-0.00135417183
348.5,-0.00135417387
349.0,-0.00135417334
349.5,-0.00135417265
350.0,-0.00135417787
350.5,-0.00135417441
351.0,-0.00135417381
351.5,-0.00135417086
352.0,-0.00139848387
352.5,-0.00148253301
353.0,-0.00156472303
353.5,-0.00153705684
354.0,-0.00142314834
354.5,-0.00049585722
355.0,0.00140521076
355.5,0.00151803522
356.0,0.00163084071
356.5,0.00174366306
357.0,0.00185250338
357.5,0.00185085852
358.0,0.00184854294
358.5,0.00167159455
359.0,0.00140800446
359.5,-0.00119097815
360.0,-0.00169844454
360.5,-0.00196645966
361.0,-0.00223567411
361.5,-0.00250185089
362.0,-0.00259723686
362.5,-0.00259723701
363.0,-0.00258012761
363.5,-0.00253027234
364.0,-0.00253157643
364.5,-0.00253163681
365.0,-0.00253163615
365.5,-0.00253176487
366.0,-0.00253570286
366.5,-0.00254128939
367.0,-0.00254682415
367.5,-0.00255235764
368.0,-0.00255783056
368.5,-0.00255975344
369.0,-0.00255969569
369.5,-0.00255969303
370.0,-0.00255969149
370.5,-0.00255969368
371.0,-0.00246250625
371.5,-0.00228387348
372.0,-0.00210524242
372.5,-0.00192659457
373.0,-0.00174796295
373.5,-0.00156836781
374.0,-0.00138627987
374.5,0.00124431512
375.0,0.00149829879
375.5,0.00150181331
376.0,0.00150533206
376.5,0.00150884574
377.0,0.00151222471
377.5,0.00151307539
378.0,0.00150270385
378.5,0.00147964079
379.0,0.00145685855
379.5,0.00143408807
380.0,0.00141234839
380.5,0.00140714018
381.0,0.001324575183
381.5,-0.00142982113
382.0,-0.00164387438
382.5,-0.00185796942
383.0,-0.00207203646
383.5,-0.0022838358
384.0,-0.00236037702
384.5,-0.00236037362
385.0,-0.0023603746
385.5,-0.00236037354
386.0,-0.00236037369
386.5,-0.00221918327
387.0,-0.00186841446
387.5,-0.0014979544
388.0,0.00119412063
388.5,0.00158133858
389.0,0.00160391541
389.5,0.00156857669
390.0,0.00148048887
390.5,0.00139306028
391.0,0.00131769008
391.5,0.00130939241
392.0,0.00130967896
392.5,0.00130968815
393.0,0.00130968627
393.5,0.0013313189
394.0,0.0013813955
394.5,0.00143088722
395.0,0.00149130428
395.5,0.00155316508
396.0,0.00161565443
396.5,0.00167816364
397.0,0.00174068289
397.5,0.00180319435
398.0,0.00186567266
398.5,0.00189351466
399.0,0.0018935107
399.5,0.0019374319
400.0,0.00202730748
400.5,0.00211197209
401.0,0.00213199991
401.5,0.00213139066
402.0,0.00213138149
402.5,0.0021313834
403.0,0.00213138116
403.5,0.0021313783
404.0,0.00213137943
404.5,0.00213138081
405.0,0.0021313814
405.5,0.00213137654
406.0,0.00213137877
406.5,0.00213138079
407.0,0.00213137886
407.5,0.00213137899
408.0,0.00213382302
408.5,0.00213639856
409.0,0.00210754801
409.5,0.00206974836
410.0,0.00203221008
410.5,0.00199467844
411.0,0.00195714391
411.5,0.00191961135
412.0,0.00188207715
412.5,0.00184314639
413.0,0.00180535512
413.5,0.00179995407
414.0,0.00180012543
414.5,0.00180012615
415.0,0.00180012575
415.5,0.00178161378
416.0,0.00178328848
416.5,0.00164867149
417.0,0.000356668186
417.5,-0.00160453624
418.0,-0.00192918529
418.5,-0.00210835852
419.0,-0.00210842349
419.5,-0.00210842399
420.0,-0.00210842472
420.5,-0.00209013191
421.0,-0.00202914065
421.5,-0.00196738975
422.0,-0.00190572408
422.5,-0.00184405524
423.0,-0.00178817216
423.5,-0.00177941008
424.0,-0.00177969144
424.5,-0.00177969609
425.0,-0.00177969157
425.5,-0.00178293439
426.0,-0.00179611258
426.5,-0.00180010833
427.0,-0.00180392912
427.5,-0.00182628526
428.0,-0.00182071744
428.5,-0.00180768538
429.0,-0.00178460664
429.5,-0.00176071768
430.0,-0.00173686365
430.5,-0.00171300751
431.0,-0.00168920861
431.5,-0.00167744245
432.0,-0.00164568389
432.5,-0.00168525984
433.0,-0.00168526292
433.5,-0.00168525923
434.0,-0.00168525444
434.5,-0.00168525293
435.0,-0.00159077541
435.5,-0.00168971531
436.0,-0.00168535764
436.5,-0.00168525529
437.0,-0.00168525383
437.5,-0.0016881476
438.0,-0.00171712511
438.5,-0.00175160985
439.0,-0.00178593308
439.5,-0.00182025343
440.0,-0.00185457271
440.5,-0.00189260313
441.0,-0.00192588468
441.5,-0.00194308277
442.0,-0.00196071261
442.5,-0.00197836437
443.0,-0.00199601496
443.5,-0.00152839249
444.0,-0.00141513965
444.5,-0.00139147497
445.0,-0.00168232087
445.5,-0.00203378036
446.0,-0.00204363358
446.5,-0.0020445251
447.0,-0.00204632564
447.5,-0.00203212201
448.0,-0.0020117644
448.5,-0.00199093069
449.0,-0.00196805094
449.5,-0.00194498683
450.0,-0.00192192664
450.5,-0.00189887027
451.0,-0.00187581124
451.5,-0.00185275247
452.0,-0.00183955666
452.5,-0.00184032078
453.0,-0.00185020609
453.5,-0.00186236576
454.0,-0.0018744557
454.5,-0.00188271788
455.0,-0.00188278635
455.5,-0.00184256169
456.0,-0.00176613216
456.5,-0.00169064053
457.0,-0.00161519082
457.5,-0.00157308967
458.0,-0.000932283954
458.5,0.001564836
459.0,0.00192404818
459.5,0.00228325475
460.0,0.00256603968
460.5,0.00256023145
461.0,0.00248632362
461.5,0.00247601852
462.0,0.00247601917
462.5,0.00248663594
463.0,0.00248973789
463.5,0.00248955822
464.0,0.00248956215
464.5,0.00247692985
465.0,0.00247591787
465.5,0.00247601593
466.0,0.00247601928
466.5,0.00247601356
467.0,0.00247460794
467.5,0.00246141046
468.0,0.00232782336
468.5,0.00185555215
469.0,0.00144164632
469.5,0.00138886233
470.0,0.00143539962
470.5,0.00143266799
471.0,0.00141679619
471.5,0.0013824506
472.0,0.00138479068
472.5,0.00138485602
473.0,8.6659113e-05
473.5,-0.00145682421
474.0,-0.0014532509
474.5,-0.00145315262
475.0,-0.00145314872
475.5,-0.00145315159
476.0,-0.00145212762
476.5,-0.00143741549
477.0,-0.0014184475
477.5,-0.00139947738
478.0,-0.00138051531
478.5,-0.00136154696
479.0,-0.00134391169
479.5,-0.00133523543
480.0,-0.00131294827
480.5,0.000744178748
481.0,0.00133640464
481.5,0.00135958758
482.0,0.00136903992
482.5,0.00136876063
483.0,0.00136875291
483.5,0.00136875153
484.0,0.00136874856
484.5,0.00136874814
485.0,0.00136874925
485.5,0.00136875053
486.0,0.00136874697
486.5,0.00136875133
487.0,0.0013687501
487.5,0.00136875328
488.0,0.00138675505
488.5,0.00150768947
489.0,0.00164493258
489.5,0.00178218343
490.0,0.00188888748
490.5,0.00189638319
491.0,0.00189638418
491.5,0.00190306203
492.0,0.00194313293
492.5,0.00198691784
493.0,0.00203057319
493.5,0.00207423482
494.0,0.00211789332
494.5,0.00215488913
495.0,0.0021584962
495.5,0.00215836297
496.0,0.00215836475
496.5,0.00216099928
497.0,0.00218206587
497.5,0.00220664129
498.0,0.00223121256
498.5,0.00220319643
499.0,0.00215011456
499.5,0.00224066016
500.0,0.00228507649
500.5,0.00229344295
501.0,0.00230361647
501.5,0.00230452508
502.0,0.00229035987
502.5,0.00227599598
503.0,0.00226163395
503.5,0.00225235685
504.0,0.00226761173
504.5,0.00228933008
505.0,0.00231085652
505.5,0.00233236907
506.0,0.00234442731
506.5,0.00234415534
507.0,0.0022464822
507.5,0.00204752635
508.0,0.00184856712
508.5,0.0016496074
509.0,0.00148353083
509.5,0.00146566269
510.0,0.00146566215
510.5,0.00146566145
511.0,0.00146566097
511.5,0.00146566152
512.0,0.00146566304
512.5,0.00143053043
513.0,-3.173144e-05
513.5,-0.00148863326
514.0,-0.00161913679
514.5,-0.00169819441
515.0,-0.00175676068
515.5,-0.00175952733
516.0,-0.00175953
516.5,-0.00175952815
517.0,-0.00175952743
517.5,-0.00175952767
518.0,-0.00175952271
518.5,-0.00175952773
519.0,-0.0017695226
519.5,-0.00181133105
520.0,-0.00185604761
520.5,-0.00190073915
521.0,-0.00194544297
521.5,-0.00199013043
522.0,-0.00203483178
522.5,-0.0020795267
523.0,-0.0021242237
523.5,-0.00215654696
524.0,-0.00215831999
524.5,-0.00215830806
525.0,-0.00215830491
525.5,-0.00215830588
526.0,-0.00215830381
526.5,-0.00215830616
527.0,-0.00215830058
527.5,-0.00215830975
528.0,-0.00215830065
528.5,-0.00215830389
529.0,-0.00215830681
529.5,-0.00210899142
530.0,-0.00222325216
530.5,-0.00224995762
531.0,-0.00214728375
531.5,-0.00176266455
532.0,-0.000667520976
532.5,0.00164575819
533.0,0.00204858303
533.5,0.00235290056
534.0,0.00238706654
534.5,0.00239410575
535.0,0.00239389741
535.5,0.00239389055
536.0,0.00239389163
536.5,0.00239388876
537.0,0.00240505125
537.5,0.00249450553
538.0,0.00259366488
538.5,0.00252914074
539.0,0.00237432312
539.5,0.00230147434
540.0,0.0023014715
540.5,0.00230108827
541.0,0.00229220679
541.5,0.00228004569
542.0,0.00226797085
542.5,0.00225590461
543.0,0.00224384279
543.5,0.00223177707
544.0,0.00221970304
544.5,0.00220763791
545.0,0.00219557259
545.5,0.00218428118
546.0,0.00218200618
546.5,0.0021820741
547.0,0.00218207461
547.5,0.00218207615
548.0,0.00218207616
548.5,0.00218180002
549.0,0.00204051935
549.5,0.00178815118
550.0,0.00153740712
550.5,0.00041210431
551.0,4.1235351e-05
551.5,0.00131250599
552.0,0.00131653271
552.5,0.00131642679
553.0,0.0013164231
553.5,0.00131642257
554.0,0.00131642088
554.5,0.00131641939
555.0,0.00131641863
555.5,0.00131642247
556.0,0.0013164143
556.5,0.00131642076
557.0,0.00131641789
557.5,0.000329114485
558.0,-0.00159963435
558.5,-0.00191038142
559.0,-0.00199182889
559.5,-0.00195860411
560.0,-0.0019900663
560.5,-0.00187486147
561.0,-0.00168757968
561.5,-0.00152435515
562.0,-0.00140365267
562.5,-0.00143302515
563.0,-0.00147482737
563.5,-0.00151661973
564.0,-0.0015582379
564.5,-0.00157526037
565.0,-0.00157475365
565.5,-0.00157474093
566.0,-0.00157473985
566.5,-0.00157474198
567.0,-0.00157473973
567.5,-0.00157473977
568.0,-0.00149208066
568.5,0.00013356348
569.0,0.00154800854
569.5,0.00176759084
570.0,0.00199773932
570.5,0.00227285443
571.0,0.00246193225
571.5,0.00252225078
572.0,0.0025815749
572.5,0.00263616996
573.0,0.00243388674
573.5,0.00208436131
574.0,0.00194084544
574.5,0.00194065301
575.0,0.00192780828
575.5,0.00188987514
576.0,0.00185130463
576.5,0.00181272623
577.0,0.0017876395
577.5,0.00178715564
578.0,0.00178715278
578.5,0.00178788596
579.0,0.00179632729
579.5,0.00180679305
580.0,0.0018172594
580.5,0.00182766049
581.0,0.00183177211
581.5,0.00183176918
582.0,0.00183176941
582.5,0.00183177456
583.0,0.00183176827
583.5,0.00181614727
584.0,0.00178526949
584.5,0.0017555736
585.0,0.0017470288
585.5,0.00174728414
586.0,0.00174729003
586.5,0.00174729591
587.0,0.00164644835
587.5,0.00156175762
588.0,0.00156402741
588.5,0.00156409648
589.0,0.00149733961
589.5,0.00130999097
590.0,0.00135108255
590.5,0.001015418866
591.0,-0.00135562338
591.5,-0.00143031011
592.0,-0.00150183306
592.5,-0.00157301671
593.0,-0.00159974482
593.5,-0.00159065089
594.0,-0.00155444629
594.5,-0.00151711723
595.0,-0.00147984699
595.5,-0.00144258115
596.0,-0.00140531746
596.5,-0.0013680499
597.0,-0.00133643694
597.5,0.00076076124
598.0,-0.001265549644
598.5,-0.00147851943
599.0,-0.00152702398
599.5,-0.00156952225
600.0,-0.00156639392
600.5,-0.0015580925
601.0,-0.00154978551
601.5,-0.00151449877
602.0,-0.0014520792
602.5,-0.00139033332
603.0,-0.00135117758
603.5,-0.00135059858
604.0,-0.00135059615
604.5,-0.00135059732
605.0,-0.00135059881
605.5,-0.00135059732
606.0,-0.00135059589
606.5,-0.00135059745
607.0,-0.001348443
607.5,0.000328086233
608.0,0.00143091604
608.5,0.00154238845
609.0,0.00163546454
609.5,0.00176122952
610.0,0.00183676362
610.5,0.0018347171
611.0,0.00183459478
611.5,0.00184383482
612.0,0.00195014239
612.5,0.00182788584
613.0,0.00183441247
613.5,0.00183458943
614.0,0.00183459125
614.5,0.00183470041
615.0,0.00183743961
615.5,0.00184123849
616.0,0.00184490682
616.5,0.00184595355
617.0,0.0018459233
617.5,0.00184591612
618.0,0.00167091755
618.5,-0.000591272794
619.0,-0.00190220002
619.5,-0.00238703713
620.0,-0.00258048583
620.5,-0.00258048752
621.0,-0.0025516548
621.5,-0.00233070558
622.0,-0.00207457507
622.5,-0.00181843593
623.0,-0.00156230885
623.5,-0.00027160355
624.0,0.00143391739
624.5,0.00143391719
625.0,0.00143422374
625.5,0.00145410785
626.0,0.00148530656
626.5,0.00151618902
627.0,0.00154706427
627.5,0.0015758951
628.0,0.00158162537
628.5,0.00158145165
629.0,0.00158144558
629.5,0.00158145142
630.0,0.00156588147
630.5,0.00155901884
631.0,0.00156867298
631.5,0.00158405955
632.0,0.00162121143
632.5,0.00163711859
633.0,0.00165236735
633.5,0.00166775149
634.0,0.00168314321
634.5,0.00169911898
635.0,0.00171828422
635.5,0.00173638898
636.0,0.00175437654
636.5,0.00177235788
637.0,0.0017903422
637.5,0.00180832834
638.0,0.00181992813
638.5,0.00181987885
639.0,0.00181986078
639.5,0.00181986345
640.0,0.00181986086
640.5,0.00181985973
641.0,0.00181985942
641.5,0.00181986572
642.0,0.00180751608
642.5,0.00176418164
643.0,0.00164016681
643.5,0.00152148609
644.0,0.00141668796
644.5,0.000444650677
645.0,-0.00141454274
645.5,-0.0015118102
646.0,-0.001619243
646.5,-0.00163623736
647.0,-0.00163571538
647.5,-0.00163569535
648.0,-0.00163569113
648.5,-0.00163569231
649.0,-0.00163569401
649.5,-0.00163569428
650.0,-0.00163569423
650.5,-0.00163569299
651.0,-0.00163562817
651.5,-0.00162221608
652.0,-0.00159872849
652.5,-0.00157550115
653.0,-0.00155229209
653.5,-0.0015290823
654.0,-0.00150587194
654.5,-0.00148265912
655.0,-0.00145945551
655.5,-0.00148068923
656.0,-0.00161887426
656.5,-0.00177898679
657.0,-0.00194599056
657.5,-0.00211284581
658.0,-0.0022094351
658.5,-0.00220997536
659.0,-0.00220997008
659.5,-0.00220996962
660.0,-0.00220996954
660.5,-0.00220997
661.0,-0.00220997339
661.5,-0.00220997041
662.0,-0.00220766144
662.5,-0.00220193169
663.0,-0.00219232865
663.5,-0.00216234647
664.0,-0.00212949417
664.5,-0.00209664558
665.0,-0.00206379707
665.5,-0.00203093907
666.0,-0.0019980922
666.5,-0.00197928434
667.0,-0.00197864037
667.5,-0.0019786636
668.0,-0.00197866847
668.5,-0.00194322428
669.0,-0.00163143347
669.5,-0.000626828006
670.0,0.00157098079
670.5,0.00189119792
671.0,0.0021903932
671.5,0.00225533263
672.0,0.00225533153
672.5,0.00225533536
673.0,0.00225533108
673.5,0.00225533341
674.0,0.00225532861
674.5,0.00225488011
675.0,0.00222694007
675.5,0.0021832589
676.0,0.00214001454
676.5,0.00209702634
677.0,0.00205927147
677.5,0.00202359698
678.0,0.00198791903
678.5,0.00195224434
679.0,0.0019224921
679.5,0.00192593959
680.0,0.00193358108
680.5,0.00193651065
681.0,0.00193651327
681.5,0.00193651632
682.0,0.00193981241
682.5,0.00195979209
683.0,0.00198165634
683.5,0.00200345999
684.0,0.00187395883
684.5,0.00199455684
685.0,0.00203721281
685.5,0.00203647888
686.0,0.00203646319
686.5,0.00203646051
687.0,0.0020364659
687.5,0.00203486769
688.0,0.00200139694
688.5,0.0019677013
689.0,0.00196662085
689.5,0.00191920788
690.0,0.00177955218
690.5,0.00163756804
691.0,0.00149889521
691.5,0.00136620121
692.0,-0.001155224174
692.5,-0.0015009263
693.0,-0.00154638755
693.5,-0.00153813636
694.0,-0.00153698545
694.5,-0.00154225864
695.0,-0.00157541023
695.5,-0.00161398607
696.0,-0.0016178505
696.5,-0.00163543178
697.0,-0.00165564337
697.5,-0.00167582981
698.0,-0.0016960127
698.5,-0.00171619536
699.0,-0.00173642547
699.5,-0.00175673482
700.0,-0.00177644328
700.5,-0.00178335428
701.0,-0.00178335035
701.5,-0.00178335468
702.0,-0.0017833513
702.5,-0.00178996344
703.0,-0.00179172037
703.5,-0.00178270954
704.0,-0.00178333227
704.5,-0.00178335149
705.0,-0.00178335262
705.5,-0.00175785386
706.0,-0.00169088109
706.5,-0.00162428571
707.0,-0.00156616834
707.5,-0.00155912505
708.0,-0.00155935786
708.5,-0.00155936268
709.0,-0.00155936241
709.5,-0.0015593648
710.0,-0.00144985164
710.5,0.001006507723
711.0,0.00153342299
711.5,0.00164963083
712.0,0.00189167892
712.5,0.00215708053
713.0,0.00242178443
713.5,0.00270158901
714.0,0.00297394891
714.5,0.0030480451
715.0,0.00309489206
715.5,0.00314174045
716.0,0.00318858331
716.5,0.00323543011
717.0,0.00328227398
717.5,0.00330819335
718.0,0.00330760002
718.5,0.00330756814
719.0,0.00330756329
719.5,0.00330756547
720.0,0.00329806506
720.5,0.00313498577
721.0,0.00291819348
721.5,0.0027014055
722.0,0.00248461434
722.5,0.00226781809
723.0,0.00205103336
723.5,0.00187149359
724.0,0.00188829055
724.5,0.00188684787
725.0,0.00188668975
725.5,0.00186987753
726.0,0.00156653936
726.5,-0.001564140624
727.0,-0.00235490814
727.5,-0.00273941561
728.0,-0.0027385591
728.5,-0.00273852054
729.0,-0.00273852104
729.5,-0.00273852025
730.0,-0.00273852102
730.5,-0.00273851901
731.0,-0.00273852157
731.5,-0.00273852194
732.0,-0.00273852373
732.5,-0.0027385191
733.0,-0.00273852451
733.5,-0.00273852151
734.0,-0.00273852249
734.5,-0.00273851973
735.0,-0.00273851907
735.5,-0.00273851785
736.0,-0.0027385217
736.5,-0.00273925096
737.0,-0.00275704646
737.5,-0.00273361807
738.0,-0.00267020514
738.5,-0.00261787293
739.0,-0.00261153526
739.5,-0.0026066185
740.0,-0.00260170905
740.5,-0.00259949588
741.0,-0.00259956012
741.5,-0.0025995617
742.0,-0.00259956233
742.5,-0.00257853779
743.0,-0.00197213755
743.5,0.000236548278
744.0,0.0020144981
744.5,0.00201183781
745.0,0.00201152033
745.5,0.00201151341
746.0,0.00201151278
746.5,0.0020115103
747.0,0.00201151162
747.5,0.00201151287
748.0,0.00201151393
748.5,0.0020115084
749.0,0.00203030964
749.5,0.00214046358
750.0,0.00226042826
750.5,0.00232558951
751.0,0.00225519368
751.5,0.00216362475
752.0,0.00210410936
752.5,0.00216304136
753.0,0.00230134476
753.5,0.00244892874
754.0,0.00248740439
754.5,0.00250701041
755.0,0.00252661296
755.5,0.00254621555
756.0,0.00256581681
756.5,0.00258528936
757.0,0.00259274516
757.5,0.00259252481
758.0,0.00259251908
758.5,0.00259251777
759.0,0.00250321053
759.5,0.00216732078
760.0,0.00181833386
760.5,0.00149864887
761.0,-0.000648099405
761.5,-0.0016680472
762.0,-0.00193591118
762.5,-0.00200052223
763.0,-0.00200052582
763.5,-0.00200052345
764.0,-0.00199692615
764.5,-0.00175126977
765.0,-0.000646464427
765.5,0.00162686755
766.0,0.00201466095
766.5,0.0024024655
767.0,0.00276821133
767.5,0.00285246361
768.0,0.00285246148
768.5,0.00285517671
769.0,0.00287791215
769.5,0.0028852426
770.0,0.00288502753
770.5,0.00291097593
771.0,0.00293183786
771.5,0.00289309492
772.0,0.00288451173
772.5,0.00287449156
773.0,0.00273288806
773.5,0.00255276495
774.0,0.00237266511
774.5,0.00219746733
775.0,0.00204964467
775.5,0.00190527958
776.0,0.001752103
776.5,0.00157459031
777.0,0.00150749045
777.5,0.00150748795
778.0,0.00150749044
778.5,0.00150748748
779.0,0.00150748963
779.5,0.00150749035
780.0,0.00150748624
780.5,0.00150791746
781.0,0.00151293203
781.5,0.00151906253
782.0,0.00152515953
782.5,0.00153125893
783.0,0.00153721348
783.5,0.00154027291
784.0,0.00157285221
784.5,0.0016186567
785.0,0.00166445942
785.5,0.0017102605
786.0,0.00175607083
786.5,0.00180187249
787.0,0.00184590142
787.5,0.00185778499
788.0,0.00185778554
788.5,0.00185778127
789.0,0.00185778519
789.5,0.0018578142
790.0,0.00186202601
790.5,0.00186922899
791.0,0.00188858668
791.5,0.00198123119
792.0,0.00208606633
792.5,0.00219090671
793.0,0.00229574312
793.5,0.00240057939
794.0,0.00250515923
794.5,0.00260466079
795.0,0.00268937607
795.5,0.00267795488
796.0,0.00262244377
796.5,0.00267239619
797.0,0.00270248991
797.5,0.00270092769
798.0,0.0027060954
798.5,0.00270731637
799.0,0.00270728432
799.5,0.00270728432
800.0,0.00270728442
800.5,0.00270337536
801.0,0.00266773352
801.5,0.00262776083
802.0,0.00261884009
802.5,0.00261884011
803.0,0.0026188412
803.5,0.00261883918
804.0,0.00260179777
804.5,0.00251655689
805.0,0.00244516526
805.5,0.0024412245
806.0,0.00244173559
806.5,0.00246270512
807.0,0.00249566429
807.5,0.00252828166
808.0,0.00256089234
808.5,0.00259350419
809.0,0.00262611426
809.5,0.00216506566
810.0,-0.000218854263
810.5,-0.00217986721
811.0,-0.00224291776
811.5,-0.00224291859
812.0,-0.00224292051
812.5,-0.00224292076
813.0,-0.00224291859
813.5,-0.0022429196
814.0,-0.00224292049
814.5,-0.00224291998
815.0,-0.00224292139
815.5,-0.00224292021
816.0,-0.00221450189
816.5,-0.00198698018
817.0,-0.00172152611
817.5,-0.00145605857
818.0,0.000948831124
818.5,0.00167071382
819.0,0.00193059817
819.5,0.00219048463
820.0,0.00245038446
820.5,0.00265983141
821.0,0.00267371555
821.5,0.00269040106
822.0,0.00269149498
822.5,0.00266060743
823.0,0.00265845926
823.5,0.0026586726
824.0,0.00265867833
824.5,0.00265867786
825.0,0.00265849035
825.5,0.00265413171
826.0,0.00264814497
826.5,0.00264220638
827.0,0.00263904375
827.5,0.00263912447
828.0,0.00263912659
828.5,0.00263912535
829.0,0.00263912768
829.5,0.00263912135
830.0,0.00263912536
830.5,0.00263568852
831.0,0.00262209172
831.5,0.00260783135
832.0,0.00259356937
832.5,0.00258332486
833.0,0.00258290275
833.5,0.00258290165
834.0,0.00258290207
834.5,0.00254651744
835.0,0.00245044397
835.5,0.00235356887
836.0,0.00226396543
836.5,0.00219566196
837.0,0.00213845107
837.5,0.00215385232
838.0,0.0021832381
838.5,0.00220281029
839.0,0.00220285277
839.5,0.00220281731
840.0,0.00220281511
840.5,0.00220281537
841.0,0.00220281572
841.5,0.00220281514
842.0,0.00220281721
842.5,0.00220281624
843.0,0.00220281473
843.5,0.00220281982
844.0,0.00220281741
844.5,0.0022028172
845.0,0.00220281831
845.5,0.00219961155
846.0,0.00215346005
846.5,0.00207505648
847.0,0.0019281057
847.5,0.00177556339
848.0,0.00162302608
848.5,0.00149005431
849.0,0.00145975855
849.5,0.0014598389
850.0,0.00145983461
850.5,0.0014798796
851.0,0.00144006314
851.5,-0.00053122423
852.0,-0.00160575271
852.5,-0.00184678162
853.0,-0.00208783102
853.5,-0.00232887696
854.0,-0.00255729979
854.5,-0.00272066013
855.0,-0.00270344871
855.5,-0.00266320739
856.0,-0.00262303482
856.5,-0.00260532963
857.0,-0.00260583535
857.5,-0.0026058549
858.0,-0.00260585764
858.5,-0.00260585599
859.0,-0.00246376303
859.5,-0.00216612577
860.0,-0.00186847499
860.5,-0.00157082832
861.0,6.6103366e-05
861.5,0.00162738674
862.0,0.00193126997
862.5,0.00203849639
863.0,0.00205934694
863.5,0.00208285576
864.0,0.00212232104
864.5,0.0021497312
865.0,0.00217201222
865.5,0.0021553548
866.0,0.00209428736
866.5,0.00203308899
867.0,0.00197669508
867.5,0.00189145921
868.0,0.0018803361
868.5,0.00188083029
869.0,0.0018808393
869.5,0.00188084098
870.0,0.00188083972
870.5,0.00188083932
871.0,0.00188084108
871.5,0.00188083917
872.0,0.0018808363
872.5,0.00187991901
873.0,0.00167968346
873.5,0.000453118543
874.0,-0.00157909192
874.5,-0.00162466142
875.0,-0.00162466248
875.5,-0.00162466216
876.0,-0.00162466423
876.5,-0.00162466166
877.0,-0.00162466163
877.5,-0.00161815209
878.0,-0.00159143516
878.5,-0.00156376281
879.0,-0.00153613525
879.5,-0.00150850856
880.0,-0.00148088493
880.5,-0.00145325614
881.0,-0.00150997897
881.5,-0.00165404158
882.0,-0.00179959211
882.5,-0.00194507893
883.0,-0.00209015678
883.5,-0.00215196727
884.0,-0.00215197032
884.5,-0.00213426686
885.0,-0.0021017882
885.5,-0.00206923727
886.0,-0.00203556273
886.5,-0.002003153
887.0,-0.0019748348
887.5,-0.0019689661
888.0,-0.00196576735
888.5,-0.00196250376
889.0,-0.00195324667
889.5,-0.00194844452
890.0,-0.00194840948
890.5,-0.00194840765
891.0,-0.00194840886
891.5,-0.00194840771
892.0,-0.00194840742
892.5,-0.00194840889
893.0,-0.00194840773
893.5,-0.00194841074
894.0,-0.0019484073
894.5,-0.0019484088
895.0,-0.00194840485
895.5,-0.00194840596
896.0,-0.00194840549
896.5,-0.00194840695
897.0,-0.00194840919
897.5,-0.00194840672
898.0,-0.00193692514
898.5,-0.00189704587
899.0,-0.00177628272
899.5,-0.0013890753
900.0,0.000466771153
900.5,0.00187235392
901.0,0.00220534385
901.5,0.00255213928
902.0,0.00270430252
902.5,0.00270430389
903.0,0.00270430334
903.5,0.00270430782
904.0,0.00270430458
904.5,0.0027041207
905.0,0.00269080609
905.5,0.00266958067
906.0,0.00264835653
906.5,0.00262713314
907.0,0.00260590764
907.5,0.00258468212
908.0,0.0025347385
908.5,0.00246176153
909.0,0.00239444834
909.5,0.00235181818
910.0,0.00235212382
910.5,0.0023521904
911.0,0.00235218676
911.5,0.00235218989
912.0,0.00235218739
912.5,0.00235219023
913.0,0.0023521901
913.5,0.00235152727
914.0,0.00218815212
914.5,0.00191086609
915.0,0.00163354891
915.5,0.00078722803
916.0,-0.00152358419
916.5,-0.00180089403
917.0,-0.00207819764
917.5,-0.00221568443
918.0,-0.00221205134
918.5,-0.00221213751
919.0,-0.00221223036
919.5,-0.00221422378
920.0,-0.00221694946
920.5,-0.00221893463
921.0,-0.00207030198
921.5,-0.00180954932
922.0,-0.00169126328
922.5,-0.00169397215
923.0,-0.00169667647
923.5,-0.00169937539
924.0,-0.00170058724
924.5,-0.00170055119
925.0,-0.00170054983
925.5,-0.00171094819
926.0,-0.00173852939
926.5,-0.00173863681
927.0,-0.00173863584
927.5,-0.00173863593
928.0,-0.00173863891
928.5,-0.00173863524
929.0,-0.00187133382
929.5,-0.00163537272
930.0,-0.00251662255
930.5,-0.00314875354
931.0,-0.0031668023
931.5,-0.00317768509
932.0,-0.0031884793
932.5,-0.00319927705
933.0,-0.00321007498
933.5,-0.00321956686
934.0,-0.00322077039
934.5,-0.00322072742
935.0,-0.00322072733
935.5,-0.00322072877
936.0,-0.00322072835
936.5,-0.00322072624
937.0,-0.00322073204
937.5,-0.00322072831
938.0,-0.00322072729
938.5,-0.00322073085
939.0,-0.00322073242
939.5,-0.00322072754
940.0,-0.00320969014
940.5,-0.00241937582
941.0,0.00038450508
941.5,0.00230120223
942.0,0.00233073601
942.5,0.00233502732
943.0,0.00233543962
943.5,0.00233542797
944.0,0.00233542072
944.5,0.00233542469
945.0,0.0023354236
945.5,0.00233542559
946.0,0.00233542546
946.5,0.00237378988
947.0,0.00247993996
947.5,0.00250837864
948.0,0.00230708417
948.5,0.00209215482
949.0,0.00187736648
949.5,0.00166258579
950.0,0.00144780323
950.5,-0.000648084705
951.0,-0.00157031395
951.5,-0.00176113238
952.0,-0.00183172888
952.5,-0.00187196247
953.0,-0.00188819633
953.5,-0.00188698881
954.0,-0.0018869385
954.5,-0.00188693721
955.0,-0.00188693553
955.5,-0.00188693269
956.0,-0.00188694105
956.5,-0.00188693849
957.0,-0.00188693678
957.5,-0.00189813838
958.0,-0.00196346912
958.5,-0.00203580551
959.0,-0.00210819518
959.5,-0.00218464056
960.0,-0.00226345294
960.5,-0.00234218717
961.0,-0.00242093671
961.5,-0.00249369156
962.0,-0.00251282461
962.5,-0.00251906529
963.0,-0.00252085888
963.5,-0.00252080438
964.0,-0.00252080116
964.5,-0.00252079806
965.0,-0.00252080221
965.5,-0.00252080137
966.0,-0.00252079997
966.5,-0.00234255658
967.0,-0.00189070575
967.5,-0.00109846336
968.0,0.00162133061
968.5,0.00207611901
969.0,0.0025309293
969.5,0.00297745486
970.0,0.00312627646
970.5,0.00312627169
971.0,0.00312968054
971.5,0.00314103857
972.0,0.003144815
972.5,0.00289353619
973.0,0.00251860172
973.5,0.00214319466
974.0,0.00175952959
974.5,0.000759045511
975.0,-0.00161585452
975.5,-0.00200227849
976.0,-0.00237107623
976.5,-0.00246516459
977.0,-0.00246516562
977.5,-0.00246516823
978.0,-0.00246516647
978.5,-0.00241980306
979.0,-0.002250202
979.5,-0.00221153031
980.0,-0.00221268724
980.5,-0.00221271542
981.0,-0.00221271725
981.5,-0.00221852144
982.0,-0.00221993291
982.5,-0.00221985376
983.0,-0.0022198512
983.5,-0.00221453593
984.0,-0.00219504356
984.5,-0.00188999736
985.0,-0.00153379155
985.5,0.00084039695
986.0,0.00178110868
986.5,0.00213732451
987.0,0.00249355609
987.5,0.0028400122
988.0,0.00294205266
988.5,0.0029425285
989.0,0.00294254667
989.5,0.00294254631
990.0,0.00294254598
990.5,0.00294254636
991.0,0.00294254725
991.5,0.00294254977
992.0,0.00294254545
992.5,0.00294254652
993.0,0.00294254575
993.5,0.00293989236
994.0,0.00262088066
994.5,0.00214230227
995.0,0.00166047766
995.5,-0.000769720624
996.0,-0.00192276301
996.5,-0.00239979954
997.0,-0.00287552077
997.5,-0.00307613156
998.0,-0.00309385968
998.5,-0.00327460458
999.0,-0.00352275952
999.5,-0.0036082315
1000.0,-0.0035833328
1000.5,-0.00355842855
1001.0,-0.00353352827
1001.5,-0.00350862449
1002.0,-0.00348372185
1002.5,-0.00346132899
1003.0,-0.00345799384
1003.5,-0.00347232205
1004.0,-0.00351771645
1004.5,-0.00356348724
1005.0,-0.00351620653
1005.5,-0.00315402053
1006.0,-0.00276671573
1006.5,-0.00237943415
1007.0,-0.00199211443
1007.5,-0.00159143535
1008.0,0.000650257364
1008.5,0.00132992785
1009.0,0.00133083022
1009.5,0.00134701411
1010.0,0.00139111586
1010.5,0.00145749971
1011.0,0.00152387386
1011.5,0.00159025316
1012.0,0.00164941995
1012.5,0.00169465038
1013.0,0.00173986276
1013.5,0.00178510009
1014.0,0.00180998745
1014.5,0.00180999265
1015.0,0.00180999464
1015.5,0.0018099926
1016.0,0.00180999134
1016.5,0.00180999336
1017.0,0.00180999171
1017.5,0.00178288025
1018.0,0.00174431258
1018.5,0.00174674091
1019.0,0.00174679943
1019.5,0.00188470646
1020.0,0.00220328202
1020.5,0.00223305321
1021.0,0.00225186609
1021.5,0.00227209908
1022.0,0.00235388723
1022.5,0.00246295495
1023.0,0.00250187203
1023.5,0.00250072305
1024.0,0.00250068993
1024.5,0.00250068783
1025.0,0.0025006864
1025.5,0.00250068948
1026.0,0.00250069011
1026.5,0.00250068829
1027.0,0.00243703902
1027.5,0.00218309261
1028.0,0.00193808757
1028.5,0.00189063365
1029.0,0.00189063503
1029.5,0.00189063342
1030.0,0.00189063457
1030.5,0.00189063355
1031.0,0.00189063283
1031.5,0.00189063522
1032.0,0.00189063379
1032.5,0.00187607671
1033.0,0.00180445552
1033.5,0.00172921071
1034.0,0.00166845132
1034.5,0.00161323813
1035.0,0.0015580228
1035.5,0.00150181689
1036.0,0.00143092245
1036.5,0.00138393427
1037.0,0.00138440818
1037.5,0.00138447528
1038.0,0.00138447764
1038.5,0.00138447951
1039.0,0.00138447898
1039.5,0.00138447742
1040.0,0.00142122585
1040.5,0.00146645274
1041.0,0.00146365181
1041.5,0.00146358545
1042.0,0.00140769947
1042.5,0.00138312701
1043.0,-0.00089786371
1043.5,0.000253194286
1044.0,0.00150359592
1044.5,0.00157042417
1045.0,0.00164068888
1045.5,0.00170742275
1046.0,0.00176499702
1046.5,0.00180004943
1047.0,0.00180044133
1047.5,0.00180044157
1048.0,0.00180043974
1048.5,0.00180043994
1049.0,0.0018004418
1049.5,0.001800439
1050.0,0.00180958955
1050.5,0.00180982184
1051.0,0.00180976061
1051.5,0.00180913463
1052.0,0.00179983914
1052.5,0.0017972626
1053.0,0.00201179559
1053.5,0.00244439448
1054.0,0.00287703331
1054.5,0.0033096581
1055.0,0.00373777421
1055.5,0.00388534891
1056.0,0.00387745528
1056.5,0.00387752312
1057.0,0.00387753488
1057.5,0.00381942892
1058.0,0.00310649743
1058.5,0.00223081838
1059.0,0.00194638555
1059.5,0.00194638571
1060.0,0.00194638505
1060.5,0.00194638533
1061.0,0.00194638793
1061.5,0.00194638532
1062.0,0.00194638707
1062.5,0.00194638512
1063.0,0.00194638469
1063.5,0.00194638908
1064.0,0.00194638726
1064.5,0.00194875167
1065.0,0.00195979126
1065.5,0.00197140812
1066.0,0.0019830003
1066.5,0.00199458894
1067.0,0.001965939
1067.5,0.00168919467
1068.0,0.00080756895
1068.5,-0.00156009222
1069.0,-0.00188359656
1069.5,-0.00220708158
1070.0,-0.00253055069
1070.5,-0.00273208237
1071.0,-0.00273470672
1071.5,-0.00273470558
1072.0,-0.0027347041
1072.5,-0.00275437796
1073.0,-0.00279077207
1073.5,-0.00280932157
1074.0,-0.00286102668
1074.5,-0.00290012467
1075.0,-0.00293633298
1075.5,-0.00297271401
1076.0,-0.00300648054
1076.5,-0.00301346018
1077.0,-0.00301345989
1077.5,-0.00302232048
1078.0,-0.00303981911
1078.5,-0.00305712781
1079.0,-0.00307441389
1079.5,-0.00309170036
1080.0,-0.00310898494
1080.5,-0.00312627179
1081.0,-0.00314355767
1081.5,-0.00315957251
1082.0,-0.00277795894
1082.5,-0.0020887716
1083.0,-0.00063635212
1083.5,0.00189292195
1084.0,0.00229940819
1084.5,0.00234411255
1085.0,0.00238848987
1085.5,0.00243285593
1086.0,0.00247722864
1086.5,0.00252160083
1087.0,0.0025659738
1087.5,0.00252157947
1088.0,0.0025652716
1088.5,0.00268065134
1089.0,0.00270903278
1089.5,0.00277351589
1090.0,0.00284658622
1090.5,0.00291967303
1091.0,0.00299276914
1091.5,0.00306586374
1092.0,0.00313895395
1092.5,0.00321204548
1093.0,0.00328513514
1093.5,0.0033582368
1094.0,0.00340821468
1094.5,0.00340974476
1095.0,0.00340974602
1095.5,0.00340974632
1096.0,0.00341004655
1096.5,0.00343876496
1097.0,0.00348581032
1097.5,0.00353234615
1098.0,0.00356038631
1098.5,0.00355999827
1099.0,0.00355995913
1099.5,0.00356277996
1100.0,0.00361736261
1100.5,0.00361432423
1101.0,0.00357635872
1101.5,0.00355899655
1102.0,0.00355993676
1102.5,0.00355811801
1103.0,0.00344791904
1103.5,0.00332980904
1104.0,0.00318291575
1104.5,0.00298338754
1105.0,0.00278452835
1105.5,0.00258573726
1106.0,0.00238695862
1106.5,0.0021910295
1107.0,0.0021229429
1107.5,0.00212294205
1108.0,0.00212294036
1108.5,0.00212294261
1109.0,0.00212294378
1109.5,0.00212294312
1110.0,0.00213698104
1110.5,0.00220333353
1111.0,0.00227327326
1111.5,0.00234306165
1112.0,0.00241284496
1112.5,0.00248262863
1113.0,0.0025524164
1113.5,0.00262219536
1114.0,0.00266452028
1114.5,0.00266397024
1115.0,0.00265328544
1115.5,0.00252918807
1116.0,0.00181845097
1116.5,-0.00114857135
1117.0,-0.00190525775
1117.5,-0.00194825837
1118.0,-0.00194857552
1118.5,-0.00194850144
1119.0,-0.00194850127
1119.5,-0.00194850165
1120.0,-0.00198075591
1120.5,-0.0020882107
1121.0,-0.00219698454
1121.5,-0.00230561967
1122.0,-0.00241077347
1122.5,-0.00243937473
1123.0,-0.0024385122
1123.5,-0.00243849002
1124.0,-0.00242270824
1124.5,-0.0023273185
1125.0,-0.00222117047
1125.5,-0.00211502133
1126.0,-0.00200886937
1126.5,-0.00190272761
1127.0,-0.00179656809
1127.5,-0.00169041879
1128.0,-0.00158426137
1128.5,-0.00147988882
1129.0,-0.00144454117
1129.5,-0.00145027319
1130.0,-0.00153431807
1130.5,-0.00149726675
1131.0,-0.00146414449
1131.5,-0.00147548258
1132.0,-0.00148446856
1132.5,-0.0014934047
1133.0,-0.00150233795
1133.5,-0.001507882
1134.0,-0.0014764009
1134.5,-0.00140834489
1135.0,-0.00134029827
1135.5,0.000630349483
1136.0,0.00139794208
1136.5,0.00146599288
1137.0,0.00153403149
1137.5,0.00160208519
1138.0,0.00164579357
1138.5,0.00164651664
1139.0,0.00164927111
1139.5,0.00168997908
1140.0,0.00170160043
1140.5,0.00173836261
1141.0,0.0017799298
1141.5,0.00185229955
1142.0,0.0019040414
1142.5,0.00194270806
1143.0,0.00198175357
1143.5,0.00202080114
1144.0,0.00204536081
1144.5,0.00204570323
1145.0,0.00204570257
1145.5,0.00204570272
1146.0,0.00205722905
1146.5,0.00206525417
1147.0,0.00206480796
1147.5,0.00205527381
1148.0,0.00204116182
1148.5,0.00189827442
1149.0,0.00168530398
1149.5,0.00147230848
1150.0,-0.000348379517
1150.5,-0.00172237221
1151.0,-0.0019970193
1151.5,-0.00209808221
1152.0,-0.0020980323
1152.5,-0.00209803106
1153.0,-0.00209803135
1153.5,-0.00209803069
1154.0,-0.00209803455
1154.5,-0.00209803077
1155.0,-0.00209803161
1155.5,-0.00209803161
1156.0,-0.00209803176
1156.5,-0.00209803101
1157.0,-0.00209803341
1157.5,-0.00209802993
1158.0,-0.00209803057
1158.5,-0.00209803284
1159.0,-0.0020980319
1159.5,-0.00209803069
1160.0,-0.00209803404
1160.5,-0.00209817695
1161.0,-0.00210389235
1161.5,-0.00213042738
1162.0,-0.00217173767
1162.5,-0.00221304018
1163.0,-0.00225434711
1163.5,-0.00227817194
1164.0,-0.0022820798
1164.5,-0.0022819697
1165.0,-0.0022819645
1165.5,-0.00228196796
1166.0,-0.00227679989
1166.5,-0.00215047899
1167.0,-0.00197434802
1167.5,-0.00179821872
1168.0,-0.00162207917
1168.5,-0.00144595221
1169.0,0.00024204449
1169.5,0.0015322209
1170.0,0.0017361646
1170.5,0.00193994406
1171.0,0.00213091808
1171.5,0.00218716025
1172.0,0.00226056355
1172.5,0.00219146545
1173.0,0.00214722952
1173.5,0.00209564725
1174.0,0.00204466499
1174.5,0.00202769618
1175.0,0.00202820431
1175.5,0.00202821906
1176.0,0.00202821867
1176.5,0.00202821712
1177.0,0.00202822031
1177.5,0.00202821734
1178.0,0.00199297239
1178.5,0.00192801182
1179.0,0.00184311826
1179.5,0.00174452641
1180.0,0.00164631514
1180.5,0.00156111137
1181.0,0.00152341209
1181.5,0.00149067543
1182.0,0.00148339099
1182.5,0.00153645429
1183.0,0.00160699828
1183.5,0.00167752821
1184.0,0.0017480671
1184.5,0.00183380399
1185.0,0.0019434004
1185.5,0.00205530907
1186.0,0.00215776937
1186.5,0.00225839842
1187.0,0.00235046687
1187.5,0.00239056744
1188.0,0.00242616333
1188.5,0.00246176232
1189.0,0.00249735903
1189.5,0.00251455325
1190.0,0.00251408623
1190.5,0.00251214532
1191.0,0.0024824112
1191.5,0.00244433316
1192.0,0.00240649479
1192.5,0.00236866405
1193.0,0.00233083537
1193.5,0.00206160807
1194.0,0.00025546193
1194.5,-0.00203447849
1195.0,-0.00254157318
1195.5,-0.00249171181
1196.0,-0.00242115783
1196.5,-0.00240844668
1197.0,-0.00240883601
1197.5,-0.00240884585
1198.0,-0.0024088465
1198.5,-0.00240884582
1199.0,-0.00240884432
1199.5,-0.00240884766
1200.0,-0.0024088462
1200.5,-0.0023316572
1201.0,-0.00206484215
1201.5,-0.00178984505
1202.0,-0.00153751725
1202.5,-0.00139556924
1203.0,-0.00143188827
1203.5,-0.00147276766
1204.0,-0.00151364908
1204.5,-0.00155452598
1205.0,-0.00159540555
1205.5,-0.00163628506
1206.0,-0.0016771658
1206.5,-0.00170961843
1207.0,-0.00170982744
1207.5,-0.00169628509
1208.0,-0.00168061186
1208.5,-0.00166493891
1209.0,-0.0016492684
1209.5,-0.00163359738
1210.0,-0.00162305154
1210.5,-0.00149655558
1211.0,-0.0014622136
1211.5,-0.0014524786
1212.0,-0.00144851988
1212.5,-0.00146134201
1213.0,-0.00155957278
1213.5,-0.00157954482
1214.0,-0.00158069534
1214.5,-0.00155368729
1215.0,-0.00152535213
1215.5,-0.00152609255
1216.0,-0.00152611415
1216.5,-0.00152611342
1217.0,-0.0015261149
1217.5,-0.00152611542
1218.0,-0.00152611346
1218.5,-0.00152656762
1219.0,-0.00154867277
1219.5,-0.00158249769
1220.0,-0.00161632364
1220.5,-0.00165014903
1221.0,-0.00168397235
1221.5,-0.00171779635
1222.0,-0.00175162079
1222.5,-0.00178544927
1223.0,-0.00181927134
1223.5,-0.00184779004
1224.0,-0.00184894799
1224.5,-0.00184331726
1225.0,-0.00183770827
1225.5,-0.00183210591
1226.0,-0.00200425852
1226.5,-0.00240171088
1227.0,-0.00269334876
1227.5,-0.00270270483
1228.0,-0.00269748683
1228.5,-0.00269647986
1229.0,-0.00269651059
1229.5,-0.00269651089
1230.0,-0.0026965112
1230.5,-0.00269651341
1231.0,-0.00269651013
1231.5,-0.00269651098
1232.0,-0.00269651216
1232.5,-0.00269651099
1233.0,-0.00269651069
1233.5,-0.00269651112
1234.0,-0.00267923003
1234.5,-0.00247594687
1235.0,-0.00222257915
1235.5,-0.00196919942
1236.0,-0.00171582306
1236.5,-0.0014623606
1237.0,0.0009019148
1237.5,0.00168064738
1238.0,0.00178173786
1238.5,0.00218854818
1239.0,0.0022235519
1239.5,0.00224657064
1240.0,0.00226968701
1240.5,0.00225005351
1241.0,0.00217226508
1241.5,0.00207849359
1242.0,0.00197289458
1242.5,0.00183827128
1243.0,0.00170294716
1243.5,0.00156768343
1244.0,0.00143242254
1244.5,0.000664783434
1245.0,-0.0013401826
1245.5,-0.00136108529
1246.0,-0.00136053888
1246.5,-0.00136051329
1247.0,-0.0013605118
1247.5,-0.00136051409
1248.0,-0.00136051376
1248.5,-0.00136051313
1249.0,-0.00136051316
1249.5,-0.00136051416
1250.0,-0.00136051555
1250.5,-0.00136051451
1251.0,-0.00136051315
1251.5,-0.00136051362
1252.0,-0.00136051532
1252.5,-0.000446368229
1253.0,0.00145908899
1253.5,0.00191149291
1254.0,0.00215390713
1254.5,0.00230247326
1255.0,0.00245345186
1255.5,0.00260454904
1256.0,0.00275733017
1256.5,0.00280875743
1257.0,0.00283212419
1257.5,0.00285548324
1258.0,0.00287884295
1258.5,0.00290220257
1259.0,0.00292555826
1259.5,0.00294891978
1260.0,0.00297211857
1260.5,0.00298098275
1261.0,0.00298071863
1261.5,0.00298070949
1262.0,0.00298071077
1262.5,0.00298071041
1263.0,0.0029807089
1263.5,0.00298034633
1264.0,0.0029066601
1264.5,0.00269572775
1265.0,0.00248547525
1265.5,0.00231255494
1266.0,0.00209310293
1266.5,0.00184966811
1267.0,0.00161230114
1267.5,0.00139607217
1268.0,-0.001330291855
1268.5,-0.00159751674
1269.0,-0.001615987
1269.5,-0.00161591512
1270.0,-0.00161591461
1270.5,-0.00161591437
1271.0,-0.00161591455
1271.5,-0.0016159138
1272.0,-0.00161591424
1272.5,-0.00156797333
1273.0,-0.00142347407
1273.5,8.447192e-05
1274.0,0.00154301653
1274.5,0.00166292154
1275.0,0.00168542841
1275.5,0.0017065503
1276.0,0.00172767491
1276.5,0.00174879873
1277.0,0.00176992247
1277.5,0.00179104638
1278.0,0.00181211084
1278.5,0.0018210683
1279.0,0.00182080654
1279.5,0.00182079708
1280.0,0.00182079474
1280.5,0.00182079615
1281.0,0.00182079831
1281.5,0.00182079668
1282.0,0.00182079757
1282.5,0.00182079787
1283.0,0.00182079499
1283.5,0.00185622038
1284.0,0.00197166833
1284.5,0.00209009358
1285.0,0.00220852083
1285.5,0.00232695326
1286.0,0.00244537918
1286.5,0.00253330419
1287.0,0.002546959
1287.5,0.00255502417
1288.0,0.00253391412
1288.5,0.00249874772
1289.0,0.0024714151
1289.5,0.00240003568
1290.0,0.00233846094
1290.5,0.00229002181
1291.0,0.00227437368
1291.5,0.00222156229
1292.0,0.00218443334
1292.5,0.00218273891
1293.0,0.00217265328
1293.5,0.00207938777
1294.0,0.00196868194
1294.5,0.00179951514
1295.0,0.00162903908
1295.5,0.00153566888
1296.0,0.0014443367
1296.5,0.00135181928
1297.0,-0.00094394531
1297.5,-0.00144548749
1298.0,-0.00154308888
1298.5,-0.00164057216
1299.0,-0.00168682223
1299.5,-0.00169291816
1300.0,-0.0016976934
1300.5,-0.00169794718
1301.0,-0.00169793854
1301.5,-0.00169793561
1302.0,-0.00169793498
1302.5,-0.00169793498
1303.0,-0.00169793551
1303.5,-0.00169793405
1304.0,-0.00169793351
1304.5,-0.00168189461
1305.0,-0.00147358054
1305.5,0.000774363977
1306.0,0.00165543022
1306.5,0.00177365097
1307.0,0.00176720369
1307.5,0.00176083236
1308.0,0.00175446031
1308.5,0.00174809166
1309.0,0.00174171998
1309.5,0.00158395925
1310.0,-0.000130507953
1310.5,-0.00165098718
1311.0,-0.0017620946
1311.5,-0.00176209303
1312.0,-0.00176209185
1312.5,-0.0017620934
1313.0,-0.00176209218
1313.5,-0.00176209141
1314.0,-0.00176282978
1314.5,-0.00176817998
1315.0,-0.00176780852
1315.5,-0.00176779364
1316.0,-0.00176447224
1316.5,-0.00176194737
1317.0,-0.00176208662
1317.5,-0.00176159774
1318.0,-0.00174817544
1318.5,-0.00172938932
1319.0,-0.00171075515
1319.5,-0.00167877677
1320.0,-0.00163807038
1320.5,-0.00162058372
1321.0,-0.00160556881
1321.5,-0.00160403135
1322.0,-0.00158946209
1322.5,-0.00157990331
1323.0,-0.00157576685
1323.5,-0.001576948
1324.0,-0.00157810259
1324.5,-0.00158535496
1325.0,-0.00159600239
1325.5,-0.0016066482
1326.0,-0.00161729552
1326.5,-0.00162794054
1327.0,-0.00163858912
1327.5,-0.00164884913
1328.0,-0.001651531
1328.5,-0.00165144769
1329.0,-0.00165144748
1329.5,-0.00165144507
1330.0,-0.00165144417
1330.5,-0.00165144365
1331.0,-0.00163931405
1331.5,-0.00159587631
1332.0,-0.00086245331
1332.5,0.00153441506
1333.0,0.00184124051
1333.5,0.00215311819
1334.0,0.00243997965
1334.5,0.0025683132
1335.0,0.00256721347
1335.5,0.00250662767
1336.0,0.00241860394
1336.5,0.0023438199
1337.0,0.00232644675
1337.5,0.00234775326
1338.0,0.00237299421
1338.5,0.00239822002
1339.0,0.00242344429
1339.5,0.00243875162
1340.0,0.00243891086
1340.5,0.00243891147
1341.0,0.00231659238
1341.5,0.00171647926
1342.0,-0.00101721302
1342.5,-0.00216941099
1343.0,-0.00268148805
1343.5,-0.00270474153
1344.0,-0.00264791573
1344.5,-0.00263500995
1345.0,-0.00263540017
1345.5,-0.00263540919
1346.0,-0.00263540766
1346.5,-0.00263540698
1347.0,-0.00263540882
1347.5,-0.00263540764
1348.0,-0.00263540805
1348.5,-0.00263540937
1349.0,-0.00263540679
1349.5,-0.00263540929
1350.0,-0.00263540876
1350.5,-0.00263540711
1351.0,-0.0026354063
1351.5,-0.00263067958
1352.0,-0.00261917914
1352.5,-0.00260778691
1353.0,-0.00240547916
1353.5,-0.00181138828
1354.0,0.00028191707
1354.5,0.00199684859
1355.0,0.00222200156
1355.5,0.00223338454
1356.0,0.00224476665
1356.5,0.00225111821
1357.0,0.00225097439
1357.5,0.00218696759
1358.0,0.00091131359
1358.5,-0.00237123195
1359.0,-0.00339591427
1359.5,-0.00339591133
1360.0,-0.00339591388
1360.5,-0.00339591292
1361.0,-0.00339591353
1361.5,-0.00339591301
1362.0,-0.0033959107
1362.5,-0.00339591156
1363.0,-0.00339591243
1363.5,-0.00339591293
1364.0,-0.00339591051
1364.5,-0.00339591132
1365.0,-0.00339591175
1365.5,-0.00346171754
1366.0,-0.00335882299
1366.5,-0.00323758052
1367.0,-0.0031404879
1367.5,-0.0030422159
1368.0,-0.00294393624
1368.5,-0.00284563591
1369.0,-0.00274435951
1369.5,-0.00259480853
1370.0,-0.00254896111
1370.5,-0.00250742155
1371.0,-0.00245345709
1371.5,-0.00239984853
1372.0,-0.00234624603
1372.5,-0.00229264503
1373.0,-0.00223970897
1373.5,-0.00222130399
1374.0,-0.00222185364
1374.5,-0.0022218686
1375.0,-0.00222187068
1375.5,-0.00222187079
1376.0,-0.00221002255
1376.5,-0.00211905511
1377.0,-0.00178196075
1377.5,-0.00150044503
1378.0,8.8445986e-05
1378.5,0.0015678105
1379.0,0.00180240807
1379.5,0.00202543668
1380.0,0.00208798041
1380.5,0.00208797451
1381.0,0.0020879737
1381.5,0.00208797345
1382.0,0.00208797245
1382.5,0.00208797401
1383.0,0.00208797628
1383.5,0.00208797346
1384.0,0.00208873025
1384.5,0.00211160298
1385.0,0.00214414781
1385.5,0.00217641844
1386.0,0.00220868102
1386.5,0.00224094043
1387.0,0.00219883186
1387.5,0.00176454111
1388.0,6.5492258e-05
1388.5,-0.00182135554
1389.0,-0.00233292633
1389.5,-0.00285607781
1390.0,-0.00337451123
1390.5,-0.00371856736
1391.0,-0.00380241535
1391.5,-0.00412988408
1392.0,-0.00446054863
1392.5,-0.00455129144
1393.0,-0.00454856286
1393.5,-0.00454849544
1394.0,-0.00454849226
1394.5,-0.0045484953
1395.0,-0.00454849374
1395.5,-0.00454849271
1396.0,-0.00454849389
1396.5,-0.00454173656
1397.0,-0.0041088103
1397.5,-0.00343191899
1398.0,-0.00275496377
1398.5,-0.00207810689
1399.0,-0.000664661065
1399.5,0.00187816467
1400.0,0.0025850726
1400.5,0.00330661828
1401.0,0.004027825
1401.5,0.00437655534
1402.0,0.0044208762
1402.5,0.00446519595
1403.0,0.00449614002
1403.5,0.00449655799
1404.0,0.00449650077
1404.5,0.0044964996
1405.0,0.00449650055
1405.5,0.0044367193
1406.0,0.00382193592
1406.5,0.00307192779
1407.0,0.00232182784
1407.5,0.00179515202
1408.0,0.00186360792
1408.5,0.0019701898
1409.0,0.00207671717
1409.5,0.00218323091
1410.0,0.00228975404
1410.5,0.00239627504
1411.0,0.00250279526
1411.5,0.0026033259
1412.0,0.00262490474
1412.5,0.00262425299
1413.0,0.00262041036
1413.5,0.00255871528
1414.0,0.00247756117
1414.5,0.00239640514
1415.0,0.00243028062
1415.5,0.00253202571
1416.0,0.00215332081
1416.5,0.00207177818
1417.0,0.00199062943
1417.5,0.0019094674
1418.0,0.001841872
1418.5,0.00183468875
1419.0,0.001189123748
1419.5,-0.00202980695
1420.0,-0.00206747257
1420.5,-0.00206510373
1421.0,-0.00206505631
1421.5,-0.00206505687
1422.0,-0.00206505474
1422.5,-0.00206505514
1423.0,-0.00206505365
1423.5,-0.00206505587
1424.0,-0.00206505621
1424.5,-0.0019777292
1425.0,-0.00149174674
1425.5,0.00164959395
1426.0,0.00229305055
1426.5,0.0029357899
1427.0,0.00357641395
1427.5,0.00392130231
1428.0,0.00405480833
1428.5,0.00418830887
1429.0,0.00432181681
1429.5,0.00445469846
1430.0,0.00450848966
1430.5,0.00445637804
1431.0,0.00407923088
1431.5,0.00364954623
1432.0,0.00323328955
1432.5,0.00312895387
1433.0,0.00312900265
1433.5,0.00312900635
1434.0,0.0032741613
1434.5,0.00369468811
1435.0,0.0041214513
1435.5,0.00454830494
1436.0,0.00497493322
1436.5,0.00540161894
1437.0,0.00581533684
1437.5,0.00593364187
1438.0,0.00590229124
1438.5,0.00578333391
1439.0,0.00566131616
1439.5,0.00553948904
1440.0,0.00541766385
1440.5,0.00529583728
1441.0,0.00517401497
1441.5,0.00505219017
1442.0,0.00494529259
1442.5,0.00493189957
1443.0,0.00493233996
1443.5,0.00493234944
1444.0,0.00493234918
1444.5,0.00493234979
1445.0,0.00493234998
1445.5,0.00493234897
1446.0,0.00493234937
1446.5,0.00494729741
1447.0,0.00457432434
1447.5,0.00381556298
1448.0,0.00305647158
1448.5,0.00229735816
1449.0,0.00124512789
1449.5,-0.00184108068
1450.0,-0.00243439196
1450.5,-0.00247146506
1451.0,-0.00250465892
1451.5,-0.00250238914
1452.0,-0.00249087449
1452.5,-0.00245407752
1453.0,-0.0024566959
1453.5,-0.00245677679
1454.0,-0.00245677981
1454.5,-0.00245761884
1455.0,-0.00250758106
1455.5,-0.00258539931
1456.0,-0.00266243186
1456.5,-0.00256733128
1457.0,-0.00225027177
1457.5,-0.00189923859
1458.0,-0.00150363933
1458.5,0.00130407678
1459.0,0.00185855484
1459.5,0.00194113104
1460.0,0.00194136643
1460.5,0.00194137049
1461.0,0.00193853888
1461.5,0.00189986909
1462.0,0.00185136217
1462.5,0.00180313565
1463.0,0.00171891901
1463.5,0.000916473925
1464.0,-0.00159772006
1464.5,-0.00197879102
1465.0,-0.00235332749
1465.5,-0.00269076181
1466.0,-0.00302349731
1466.5,-0.00335637623
1467.0,-0.00367112756
1467.5,-0.00373333879
1468.0,-0.00370384049
1468.5,-0.00367460675
1469.0,-0.00364539682
1469.5,-0.00361618201
1470.0,-0.003586975
1470.5,-0.00355776178
1471.0,-0.00352855046
1471.5,-0.0035091232
1472.0,-0.00349541972
1472.5,-0.00337269114
1473.0,-0.00322660465
1473.5,-0.00308051201
1474.0,-0.00293443227
1474.5,-0.00278834278
1475.0,-0.00264225387
1475.5,-0.00253457899
1476.0,-0.00252912592
1476.5,-0.00252912647
1477.0,-0.00252912702
1477.5,-0.0025291269
1478.0,-0.0025062813
1478.5,-0.00242250592
1479.0,-0.00233694805
1479.5,-0.00225151683
1480.0,-0.00238616101
1480.5,-0.00227885856
1481.0,-0.00197733783
1481.5,-0.00190924168
1482.0,-0.00182437507
1482.5,-0.00103508798
1483.0,0.00245912421
1483.5,0.00404606576
1484.0,0.00503140828
1484.5,0.00504391786
1485.0,0.00500426306
1485.5,0.00473103494
1486.0,0.00441953098
1486.5,0.00410469681
1487.0,0.00370451612
1487.5,0.00326982352
1488.0,0.00299677472
1488.5,0.00287451611
1489.0,0.00281297519
1489.5,0.00276428322
1490.0,0.00264194292
1490.5,0.00252101533
1491.0,0.00248012777
1491.5,0.0024824042
1492.0,0.00248245307
1492.5,0.00248245373
1493.0,0.00248245375
1493.5,0.00239267733
1494.0,0.00205818392
1494.5,0.00170986485
1495.0,-0.00032052051
1495.5,-0.00173377085
1496.0,-0.00208125625
1496.5,-0.00242950145
1497.0,-0.00275331
1497.5,-0.00282100368
1498.0,-0.00282100143
1498.5,-0.00244904984
1499.0,-0.00174238086
1499.5,0.00103282377
1500.0,0.00172185829
1500.5,0.00203145979
1501.0,0.00259403653
1501.5,0.00274491424
1502.0,0.00274038667
1502.5,0.002740275
1503.0,0.00274027258
1503.5,0.00274027436
1504.0,0.00274027358
1504.5,0.00274027457
1505.0,0.00274027208
1505.5,0.00274027452
1506.0,0.00274027378
1506.5,0.00274027431
1507.0,0.00274027444
1507.5,0.00274027327
1508.0,0.00274223757
1508.5,0.00275509693
1509.0,0.00237338648
1509.5,0.00256316435
1510.0,0.00280566467
1510.5,0.00308729589
1511.0,0.00341854955
1511.5,0.00374817887
1512.0,0.00394109765
1512.5,0.00403066706
1513.0,0.00411617767
1513.5,0.0041365583
1514.0,0.00413594378
1514.5,0.004135929
1515.0,0.00413592927
1515.5,0.00413593176
1516.0,0.00414024658
1516.5,0.00418164534
1517.0,0.00423047941
1517.5,0.00427909142
1518.0,0.00422288274
1518.5,0.00426804272
1519.0,0.00433796602
1519.5,0.00448043925
1520.0,0.00452237526
1520.5,0.00456366098
1521.0,0.00453214046
1521.5,0.00428148285
1522.0,0.00399518037
1522.5,0.00370887626
1523.0,0.00342258925
1523.5,0.0031363123
1524.0,0.00284998881
1524.5,0.00256369315
1525.0,0.00228562785
1525.5,0.00220410288
1526.0,0.00220410204
1526.5,0.00220410293
1527.0,0.00220410064
1527.5,0.00220410159
1528.0,0.00226764744
1528.5,0.00238417063
1529.0,0.00235003924
1529.5,0.00219257183
1530.0,0.00213472937
1530.5,0.00178053613
1531.0,0.001299777277
1531.5,-0.001067227614
1532.0,-0.00098022331
1532.5,-0.000535280594
1533.0,-0.000222530714
1533.5,-9.475136e-06
1534.0,0.000135543727
1534.5,0.000717303891
1535.0,0.00179978105
1535.5,0.00259857807
1536.0,0.00319062868
1536.5,0.00378045768
1537.0,0.0043707863
1537.5,0.00496109479
1538.0,0.00543152816
1538.5,0.00546969826
1539.0,0.00546411322
1539.5,0.00498040692
1540.0,0.00419232426
1540.5,0.00340393204
1541.0,0.00261342283
1541.5,0.00182287075
1542.0,-0.00074715357
1542.5,-0.0013616612
1543.0,-0.00136385547
1543.5,-0.00136408159
1544.0,-0.00136407472
1544.5,-0.00136407343
1545.0,-0.00136407254
1545.5,-0.00136529377
1546.0,-0.00156607036
1546.5,-0.0019110991
1547.0,-0.00225623268
1547.5,-0.00260129057
1548.0,-0.00295919177
1548.5,-0.00337294709
1549.0,-0.003791753
1549.5,-0.00421036062
1550.0,-0.00462905102
1550.5,-0.00500419368
1551.0,-0.00512052399
1551.5,-0.00519406885
1552.0,-0.00526760921
1552.5,-0.0053199995
1553.0,-0.00532098082
1553.5,-0.00532087869
1554.0,-0.00532087485
1554.5,-0.00532087653
1555.0,-0.00532087312
1555.5,-0.00525923644
1556.0,-0.00419671174
1556.5,-0.00208962515
1557.0,-0.000827030357
1557.5,0.002059637298
1558.0,0.00317166566
1558.5,0.00314558526
1559.0,0.00314499936
1559.5,0.0031450345
1560.0,0.00362011436
1560.5,0.003205348
1561.0,0.00322851085
1561.5,0.00326376332
1562.0,0.0032970756
1562.5,0.00333034894
1563.0,0.00336362278
1563.5,0.00339689559
1564.0,0.00340341332
1564.5,0.00339526255
1565.0,0.00330861783
1565.5,0.00322367823
1566.0,0.00316222001
1566.5,0.00316204593
1567.0,0.00316204761
1567.5,0.00316204466
1568.0,0.00316204539
1568.5,0.00316204641
1569.0,0.00316204771
1569.5,0.0031609088
1570.0,0.00298717849
1570.5,0.00269010515
1571.0,0.00238482939
1571.5,0.00203469822
1572.0,0.00169279047
1572.5,0.00156235468
1573.0,0.0015040325
1573.5,0.00144795941
1574.0,0.00143365655
1574.5,0.0014340882
1575.0,0.00143409766
1575.5,0.00075906096
1576.0,-0.00159720404
1576.5,-0.00194248285
1577.0,-0.00201488389
1577.5,-0.00202396772
1578.0,-0.00204348396
1578.5,-0.00204215467
1579.0,-0.00204211697
1579.5,-0.0020421154
1580.0,-0.00204211535
1580.5,-0.0020421175
1581.0,-0.00202961382
1581.5,-0.00199544563
1582.0,-0.00196140582
1582.5,-0.00192739187
1583.0,-0.00189338624
1583.5,-0.00185937954
1584.0,-0.00182536835
1584.5,-0.00180502534
1585.0,-0.00185355921
1585.5,-0.00205004985
1586.0,-0.00225684984
1586.5,-0.00246368554
1587.0,-0.0025929499
1587.5,-0.00259468041
1588.0,-0.00259467907
1588.5,-0.00259467873
1589.0,-0.0025946788
1589.5,-0.00259468109
1590.0,-0.00259468001
1590.5,-0.00259468025
1591.0,-0.00259468013
1591.5,-0.00259467948
1592.0,-0.00259467951
1592.5,-0.00263522281
1593.0,-0.00275495193
1593.5,-0.0028748474
1594.0,-0.00299462249
1594.5,-0.00308062785
1595.0,-0.00308242356
1595.5,-0.00308225328
1596.0,-0.00308225052
1596.5,-0.00308079425
1597.0,-0.00286382679
1597.5,-0.00249319445
1598.0,-0.00212258519
1598.5,-0.00175194169
1599.0,-0.0014411569
1599.5,-0.0014069386
1600.0,-0.00140645041
1600.5,-0.00140306167
1601.0,-0.00139927181
1601.5,-0.00139549157
1602.0,-0.00139171165
1602.5,-0.00138793223
1603.0,-0.00138415753
1603.5,-0.00144253957
1604.0,-0.00159467344
1604.5,-0.00149654691
1605.0,-0.000503807062
1605.5,-0.001228509493
1606.0,-0.00138215723
1606.5,-0.00138252061
1607.0,-0.00138252725
1607.5,-0.00138252966
1608.0,-0.00138252972
1608.5,-0.001167522548
1609.0,0.00146202456
1609.5,0.00170728192
1610.0,0.00207278362
1610.5,0.00233679262
1611.0,0.0024941729
1611.5,0.00265153285
1612.0,0.00272644822
1612.5,0.00272438518
1613.0,0.00272430286
1613.5,0.00272430372
1614.0,0.00272430531
1614.5,0.00272430334
1615.0,0.00272430448
1615.5,0.00272430257
1616.0,0.002724305
1616.5,0.00272430332
1617.0,0.00272430527
1617.5,0.0027243021
1618.0,0.00272430307
1618.5,0.00272430458
1619.0,0.00272430218
1619.5,0.00272033974
1620.0,0.00257830897
1620.5,0.00236614193
1621.0,0.00215463434
1621.5,0.00194315941
1622.0,0.00173167106
1622.5,0.00152019219
1623.0,0.00147395273
1623.5,-0.001007030036
1624.0,-0.00171098347
1624.5,-0.00178004972
1625.0,-0.00177975443
1625.5,-0.00177975086
1626.0,-0.00177152613
1626.5,-0.00175204938
1627.0,-0.00051129404
1627.5,0.00198776526
1628.0,0.00275413847
1628.5,0.00352176186
1629.0,0.00435490449
1629.5,0.00470120559
1630.0,0.00471954825
1630.5,0.00470985228
1631.0,0.0046439371
1631.5,0.0046485962
1632.0,0.00464877281
1632.5,0.00473031145
1633.0,0.00490971553
1633.5,0.00507642171
1634.0,0.00510575848
1634.5,0.00501425435
1635.0,0.00489740936
1635.5,0.00478134625
1636.0,0.00466530636
1636.5,0.00454926398
1637.0,0.00443321851
1637.5,0.00431717643
1638.0,0.00420141056
1638.5,0.00415153686
1639.0,0.00406391206
1639.5,0.00345843357
1640.0,0.00280061313
1640.5,0.00263112111
1641.0,0.00263165898
1641.5,0.0026621903
1642.0,0.00270954213
1642.5,0.00274701298
1643.0,0.00250809402
1643.5,0.002141424
1644.0,0.00177473225
1644.5,0.001002380804
1645.0,-0.00156096759
1645.5,-0.00161185538
1646.0,-0.00161185766
1646.5,-0.00161185914
1647.0,-0.00161185982
1647.5,-0.00161185999
1648.0,-0.0016118599
1648.5,-0.00161185645
1649.0,-0.0016118587
1649.5,-0.00161185843
1650.0,-0.00161185777
1650.5,-0.00162249369
1651.0,-0.00167750137
1651.5,-0.00167361274
1652.0,-0.00167347224
1652.5,-0.00162872298
1653.0,-0.00161091548
1653.5,-0.00161175317
1654.0,-0.00159356235
1654.5,-0.00156146792
1655.0,-0.00030110893
1655.5,0.00190494219
1656.0,0.00253286051
1656.5,0.00316073851
1657.0,0.00378867336
1657.5,0.00416904334
1658.0,0.00419237332
1658.5,0.0041923915
1659.0,0.00419235994
1659.5,0.00419235619
1660.0,0.00419235867
1660.5,0.00419235803
1661.0,0.00419235781
1661.5,0.00419235625
1662.0,0.00419235672
1662.5,0.00419235743
1663.0,0.0041923577
1663.5,0.00419235561
1664.0,0.00419235696
1664.5,0.00419235821
1665.0,0.00436346825
1665.5,0.00421008659
1666.0,0.00416093272
1666.5,0.00374304021
1667.0,0.00324817181
1667.5,0.00275213676
1668.0,0.0022400914
1668.5,0.0017232902
1669.0,-0.00037042248
1669.5,-0.00191144122
1670.0,-0.00231255702
1670.5,-0.00234052231
1671.0,-0.00234052345
1671.5,-0.00234052213
1672.0,-0.00234052037
1672.5,-0.00234052261
1673.0,-0.00234052325
1673.5,-0.00234052163
1674.0,-0.0023405225
1674.5,-0.00234052257
1675.0,-0.00234343391
1675.5,-0.00253460936
1676.0,-0.00283529981
1676.5,-0.00301244166
1677.0,-0.00300970674
1677.5,-0.00301366172
1678.0,-0.00319664145
1678.5,-0.00347369461
1679.0,-0.00375072008
1679.5,-0.00402774325
1680.0,-0.00430479165
1680.5,-0.00458180734
1681.0,-0.00485883372
1681.5,-0.00513586971
1682.0,-0.00541290437
1682.5,-0.0056287138
1683.0,-0.0056440233
1683.5,-0.00564402511
1684.0,-0.00564402523
1684.5,-0.00564402562
1685.0,-0.00564402467
1685.5,-0.00564402369
1686.0,-0.00564402443
1686.5,-0.00485546537
1687.0,-0.0043183801
1687.5,-0.00386505726
1688.0,-0.00226046485
1688.5,0.00170635355
1689.0,0.00309485571
1689.5,0.00312144636
1690.0,0.0030969862
1690.5,0.00308671934
1691.0,0.00303163163
1691.5,0.00305227035
1692.0,0.0030886291
1692.5,0.00308704666
1693.0,0.00308701299
1693.5,0.00308701165
1694.0,0.00308701198
1694.5,0.00311271823
1695.0,0.00341200829
1695.5,0.00378439511
1696.0,0.00414253621
1696.5,0.0042395289
1697.0,0.00423952915
1697.5,0.00423953057
1698.0,0.00423953026
1698.5,0.00423953071
1699.0,0.00420951953
1699.5,0.00412602669
1700.0,0.00404277157
1700.5,0.00395959267
1701.0,0.00387641252
1701.5,0.00379323971
1702.0,0.00371006208
1702.5,0.00362688552
1703.0,0.00354371089
1703.5,0.00346260064
1704.0,0.0034389105
1704.5,0.00343962781
1705.0,0.00343964435
1705.5,0.00337922066
1706.0,0.00306151608
1706.5,0.00271485826
1707.0,0.00236813438
1707.5,0.00202141123
1708.0,0.00167473316
1708.5,0.000492809943
1709.0,-0.00147645342
1709.5,-0.00147781078
1710.0,-0.00147781253
1710.5,-0.00147781281
1711.0,-0.0014758933
1711.5,-0.00146773024
1712.0,-0.00144711864
1712.5,-0.00142527972
1713.0,-0.00140343779
1713.5,-0.00138159702
1714.0,-0.00141331423
1714.5,-0.00146374365
1715.0,-0.00135437277
1715.5,-0.00124978901
1716.0,0.00152486052
1716.5,0.00187267176
1717.0,0.00222056975
1717.5,0.00256846037
1718.0,0.00291643081
1718.5,0.00329780453
1719.0,0.00351403836
1719.5,0.00351910761
1720.0,0.00351399236
1720.5,0.00336799363
1721.0,0.00316113646
1721.5,0.00296706434
1722.0,0.0029246284
1722.5,0.00307179979
1723.0,0.00291901293
1723.5,0.0029257823
1724.0,0.00292594055
1724.5,0.00292594326
1725.0,0.00292594162
1725.5,0.00292594273
1726.0,0.00292594281
1726.5,0.00292594218
1727.0,0.00273902096
1727.5,0.00188550245
1728.0,-0.00110978998
1728.5,-0.00246583098
1729.0,-0.0026305339
1729.5,-0.00263053388
1730.0,-0.00263052553
1730.5,-0.00260854713
1731.0,-0.00256726483
1731.5,-0.00252649179
1732.0,-0.00248573505
1732.5,-0.00244498162
1733.0,-0.00240422547
1733.5,-0.00236346996
1734.0,-0.00232271535
1734.5,-0.00228195909
1735.0,-0.00224697206
1735.5,-0.00224326337
1736.0,-0.00224693612
1736.5,-0.00225483908
1737.0,-0.00225429879
1737.5,-0.00225218216
1738.0,-0.00224250454
1738.5,-0.00222349401
1739.0,-0.0021908638
1739.5,-0.0021582158
1740.0,-0.00212556529
1740.5,-0.00209296775
1741.0,-0.00206062307
1741.5,-0.00202830458
1742.0,-0.00199598255
1742.5,-0.00196993273
1743.0,-0.00196767043
1743.5,-0.00194631277
1744.0,-0.00164789102
1744.5,2.755709e-05
1745.0,0.00171872116
1745.5,0.00208316164
1746.0,0.00242391039
1746.5,0.00276519812
1747.0,0.00310539371
1747.5,0.00320696659
1748.0,0.00312368381
1748.5,0.00309980568
1749.0,0.00309997878
1749.5,0.00313670113
1750.0,0.00315947961
1750.5,0.00315826451
1751.0,0.00308043324
1751.5,0.002814926
1752.0,0.00254153841
1752.5,0.00226818674
1753.0,0.00199478361
1753.5,0.00172139707
1754.0,0.00144805674
1754.5,-0.000987480143
1755.0,-0.00159752066
1755.5,-0.00168143387
1756.0,-0.00160296599
1756.5,-0.00152298643
1757.0,-0.00144300866
1757.5,-0.00136302768
1758.0,2.8876885e-05
1758.5,0.00139693622
1759.0,0.00142159401
1759.5,0.0014208525
1760.0,0.00142083428
1760.5,0.00142083324
1761.0,0.00142083474
1761.5,0.00142083141
1762.0,0.00142083284
1762.5,0.00166110577
1763.0,0.00214370541
1763.5,0.00259057985
1764.0,0.00268174181
1764.5,0.0026817407
1765.0,0.0026817404
1765.5,0.00268173948
1766.0,0.00257499159
1766.5,0.00225944362
1767.0,0.00226597687
1767.5,0.0022663889
1768.0,0.0022663985
1768.5,0.00229516598
1769.0,-0.0005341083
1769.5,-0.00343255921
1770.0,-0.00477817289
1770.5,-0.00485101734
1771.0,-0.0048497532
1771.5,-0.00484973163
1772.0,-0.00484973347
1772.5,-0.00484973218
1773.0,-0.00484973023
1773.5,-0.00483883434
1774.0,-0.00468847357
1774.5,-0.00469021358
1775.0,-0.0046904894
1775.5,-0.00469049516
1776.0,-0.00453293735
1776.5,-0.00422010601
1777.0,-0.00390735447
1777.5,-0.00359457825
1778.0,-0.00328178158
1778.5,-0.00296897535
1779.0,-0.0026561646
1779.5,-0.002343423
1780.0,-0.00202763076
1780.5,-0.00166493917
1781.0,-0.00147526902
1781.5,-0.00140670503
1782.0,-0.00133803441
1782.5,0.000631588685
1783.0,0.00140112543
1783.5,0.00146966517
1784.0,0.00153821354
1784.5,0.00158701573
1785.0,0.00158792189
1785.5,0.00158782775
1786.0,0.00158699755
1786.5,0.00152225308
1787.0,0.000983019482
1787.5,0.000110798253
1788.0,-0.00139084447
1788.5,-0.00149586561
1789.0,-0.00160003794
1789.5,-0.00170416743
1790.0,-0.00180832248
1790.5,-0.00191245656
1791.0,-0.00201487404
1791.5,-0.00204961963
1792.0,-0.00204962088
1792.5,-0.00204962199
1793.0,-0.0020543648
1793.5,-0.00228020673
1794.0,-0.00262350417
1794.5,-0.00296348279
1795.0,-0.00325028709
1795.5,-0.00327742671
1796.0,-0.00327644925
1796.5,-0.00327642917
1797.0,-0.00327642987
1797.5,-0.0032764268
1798.0,-0.00327643054
1798.5,-0.00327642861
1799.0,-0.00327642832
1799.5,-0.00327642901
1800.0,-0.003296756578
